1521664493379;-334.52344;-161.20703;-121.86914
1521664493388;-127.958984;13.859876;2.5899663
1521664493396;-3.289978;-0.20999908;0.9799957
1521664493409;-2.4499512;-0.34999847;1.0499879
1521664493416;-1.2599792;0.069999695;0.069999695
1521664493428;-0.27999878;0.69999695;0.41999817
1521664493436;0.48999786;0.83999634;0.27999878
1521664493449;0.69999695;0.83999634;-0.27999878
1521664493457;0.13999939;0.20999908;-0.20999908
1521664493469;-0.769989;-0.69999695;-0.13999939
1521664493478;-0.9099884;-0.83999634;-0.48999786
1521664493490;-0.9099884;-0.6299896;-1.1199951
1521664493502;-1.539978;-0.069999695;-0.769989
1521664493511;-1.1899719;0.41999817;-0.9099884
1521664493519;-1.3299866;0.13999939;-1.0499878
1521664493530;-1.9599915;0.13999939;-1.3299866
1521664493539;-1.6099854;0.83999634;-1.2599792
1521664493552;-0.9799957;0.69999695;-1.1199951
1521664493558;-0.069999695;0.27999878;-1.6799927
1521664493571;0.6299896;-0.13999939;-1.75
1521664493579;-0.34999847;-0.55999756;-1.1199951
1521664493594;-0.769989;-0.6299896;-1.4699707
1521664493603;-0.13999939;-0.48999786;-1.6799927
1521664493613;-1.0499878;-0.48999786;-1.1199951
1521664493620;-1.2599792;0.13999939;-1.539978
1521664493632;-1.8899841;0.34999847;-1.2599792
1521664493640;-1.1899719;0.27999878;-1.0499878
1521664493652;-0.69999695;0.6299896;-0.9799957
1521664493661;-1.0499878;0.55999756;-0.9099884
1521664493672;-1.8899841;0.20999908;-0.769989
1521664493680;-1.75;0.069999695;-0.41999817
1521664493701;-1.539978;0.41999817;-0.48999786
1521664493712;-2.3099976;0.48999786;-0.13999939
1521664493719;-2.0999756;-0.34999847;-0.48999786
1521664493731;-3.6399536;-1.0499878;-0.48999786
1521664493739;-5.3199463;-1.0499878;-0.55999756
1521664493751;-4.9699707;-0.20999908;-0.27999878
1521664493759;-6.789917;-0.20999908;0.34999847
1521664493771;-8.119873;0.20999908;-0.20999908
1521664493779;-10.429932;0.6299896;0.48999786
1521664493794;-13.649902;1.1199952;1.3299867
1521664493802;-17.28955;0.9799957;0.9799957
1521664493812;-20.509766;1.1199952;1.399994
1521664493819;-24.989746;1.1199952;1.6099855
1521664493831;-30.659668;0.769989;1.2599794
1521664493841;-34.929688;0.9799957;1.3299867
1521664493852;-39.899414;2.6599736;2.6599736
1521664493860;-48.649414;3.9199836;3.2899787
1521664493870;-53.40918;4.6899433;1.8899843
1521664493878;-54.529297;6.4399443;2.2399907
1521664493890;-57.609375;7.2799106;3.0799568
1521664493898;-57.609375;6.9299345;2.7999883
1521664493910;-58.379883;6.369998;2.939942
1521664493918;-58.729492;5.599978;4.199953
1521664493929;-59.70996;5.1099877;4.9699726
1521664493938;-59.0791;5.2500024;5.4599633
1521664493950;-57.469727;6.369998;6.4399443
1521664493958;-55.719727;6.0199003;5.7399926
1521664493970;-52.5;4.829958;5.4599633
1521664493982;-51.65918;3.989991;6.2999296
1521664493999;-52.149414;3.5000007;8.539803
1521664494012;-54.38965;3.0099494;10.50001
1521664494019;-51.09961;3.0799568;11.829844
1521664494031;-45.569336;2.5899663;13.649915
1521664494039;-38.429688;1.8899843;15.889907
1521664494051;-33.879883;0.9099884;18.619663
1521664494059;-30.239746;0.27999878;24.35991
1521664494072;-29.049805;1.399994;29.119684
1521664494079;-27.929688;3.2199714;35.48939
1521664494094;-25.899902;4.2698994;39.969875
1521664494099;-23.869629;5.179934;43.25993
1521664494112;-24.5;6.5098906;49.63007
1521664494119;-31.5;9.93995;58.86936
1521664494131;-37.09961;11.759776;63.4895
1521664494139;-39.759766;12.250011;66.988785
1521664494153;-39.549805;10.009775;71.11968
1521664494161;-37.799805;7.55994;74.82869
1521664494173;-48.229492;6.9299345;80.92053
1521664494181;-53.8291;8.819832;86.17058
1521664494201;-70.69922;11.689952;102.27031
1521664494212;-66.708984;10.50001;106.39925
1521664494219;-62.789062;10.849863;114.30946
1521664494231;-64.81836;11.549815;124.11032
1521664494239;-68.31836;11.899913;132.50983
1521664494252;-63.34961;11.689952;140.00214
1521664494259;-56.55957;11.129893;148.61163
1521664494272;-56.20996;11.899913;158.13132
1521664494279;-58.939453;11.689952;166.81113
1521664494294;-59.009766;6.9299345;178.85037
1521664494302;-58.799805;4.3399677;188.581
1521664494312;-60.26953;4.3399677;196.35065
1521664494320;-56.76953;4.5499287;200.9718
1521664494331;-45.569336;3.8499763;205.1711
1521664494339;-38.219727;5.2500024;210.5618
1521664494352;-45.0791;7.55994;219.7299
1521664494359;-57.819336;6.5098906;230.09335
1521664494372;-64.88867;4.2698994;236.67157
1521664494379;-67.54883;4.5499287;240.45288
1521664494394;-76.1582;5.599978;248.57019
1521664494400;-77.9082;0.83999634;255.29295
1521664494413;-65.6582;-1.1199951;254.38278
1521664494420;-51.65918;-0.13999939;255.5703
1521664494433;-49.69922;0.9099884;262.84393
1521664494440;-56.629883;-4.6899414;270.6176
1521664494453;-48.5791;-12.25;270.82855
1521664494461;-37.729492;-12.879883;272.78955
1521664494473;-29.259766;-13.789795;276.28967
1521664494480;-13.019775;-16.939941;276.63342
1521664494500;3.0099494;-22.189941;279.78976
1521664494512;23.730024;-25.199707;282.30548
1521664494520;38.21987;-25.269531;282.3758
1521664494532;36.819473;-20.22998;285.8759
1521664494540;17.569857;-17.429688;290.63385
1521664494552;15.399917;-20.159668;287.00095
1521664494560;19.809607;-20.929688;286.2978
1521664494573;22.189983;-21.069824;286.15717
1521664494580;27.15972;-23.239746;281.3992
1521664494600;25.059618;-20.159668;275.02402
1521664494612;5.879885;-19.179688;278.18036
1521664494620;-8.889893;-20.859863;277.4069
1521664494632;-6.369995;-22.819824;276.00842
1521664494640;8.609871;-26.739746;272.5786
1521664494652;21.98002;-29.75;268.09412
1521664494660;28.980034;-27.719727;265.5081
1521664494672;24.639694;-26.319824;262.84393
1521664494680;30.099667;-21.34961;258.22662
1521664494701;41.85953;-6.5098877;253.54292
1521664494712;44.72966;-2.7999878;251.02336
1521664494720;49.76972;-2.0299683;247.45299
1521664494732;56.699432;-4.829956;241.43336
1521664494740;63.840084;-5.73999;232.05042
1521664494752;74.76033;-0.83999634;224.06982
1521664494760;81.40882;5.809939;216.93298
1521664494774;80.010376;12.599865;210.77274
1521664494781;79.238884;17.149935;203.49138
1521664494807;80.92053;18.96976;196.00299
1521664494827;80.77991;16.86966;187.95207
1521664494846;78.26036;15.539809;173.31905
1521664494864;76.229095;22.88969;113.889534
1521664494871;78.119736;21.069864;100.72928
1521664494879;79.44982;21.139688;86.37956
1521664494893;74.76033;19.739782;71.11968
1521664494899;63.840084;17.709993;53.19942
1521664494911;53.479694;18.409702;39.339993
1521664494919;47.529476;16.519562;24.919968
1521664494931;41.85953;13.859876;13.859876
1521664494939;31.71002;10.149912;0.13999939
1521664494951;21.419962;7.6999545;-11.199951
1521664494961;4.3399677;4.2698994;-28.629883
1521664494973;-5.3898926;-0.34999847;-39.899414
1521664494980;-9.869873;-1.8899841;-50.399414
1521664494993;-9.169922;-4.9699707;-59.70996
1521664495002;-7.9799805;-8.819824;-67.89844
1521664495013;-8.119873;-12.319824;-75.80859
1521664495021;-8.679932;-15.469971;-84.69922
1521664495033;-9.379883;-18.47998;-92.958984
1521664495041;-9.939941;-21.279785;-99.958984
1521664495054;-11.689941;-24.429688;-106.11914
1521664495060;-13.929932;-28.0;-113.53906
1521664495073;-13.159912;-29.95996;-121.09961
1521664495080;-8.75;-34.36914;-130.89844
1521664495104;-4.6899414;-38.569336;-142.58984
1521664495113;-5.529907;-41.299805;-148.11719
1521664495120;-7.9799805;-43.819336;-153.71875
1521664495133;-12.179932;-45.429688;-158.54688
1521664495140;-14.279785;-47.319336;-164.98828
1521664495153;-12.809814;-49.76953;-172.40625
1521664495164;-12.459961;-51.51953;-176.25781
1521664495173;-17.639648;-54.039062;-180.25
1521664495181;-24.219727;-53.129883;-185.21875
1521664495193;-32.759766;-52.149414;-192.07812
1521664495202;-39.40918;-53.40918;-197.11719
1521664495214;-41.15918;-51.729492;-201.73828
1521664495221;-43.049805;-51.379883;-206.21875
1521664495234;-45.779297;-52.149414;-209.08984
1521664495240;-46.899414;-52.359375;-211.95703
1521664495253;-50.819336;-54.319336;-216.92969
1521664495261;-54.59961;-53.40918;-223.4375
1521664495273;-57.11914;-48.719727;-227.35938
1521664495280;-69.78906;-44.86914;-228.33984
1521664495303;-92.18945;-35.90918;-235.26953
1521664495314;-85.18945;-34.439453;-236.94922
1521664495320;-80.98828;-34.649414;-236.17969
1521664495334;-54.25;-30.029785;-237.01953
1521664495341;-27.929688;-26.739746;-237.29688
1521664495353;-27.859863;-30.239746;-234.14844
1521664495362;-30.029785;-36.75;-233.51953
1521664495373;-29.259766;-42.41992;-234.63672
1521664495381;-33.179688;-44.379883;-232.53906
1521664495403;-13.019775;-30.72998;-229.38672
1521664495413;12.250011;-20.78955;-233.16797
1521664495420;34.36927;-21.20996;-232.53906
1521664495434;55.859585;-31.70996;-234.14844
1521664495441;56.210175;-47.039062;-232.04688
1521664495454;47.25018;-58.939453;-227.5
1521664495462;39.899563;-65.09961;-224.0
1521664495474;40.3898;-62.929688;-222.73828
1521664495482;40.250153;-55.229492;-220.14844
1521664495501;44.239426;-44.44922;-220.14844
1521664495513;50.049995;-44.30957;-221.75781
1521664495521;48.649597;-49.20996;-218.8164
1521664495534;48.85956;-59.70996;-214.61719
1521664495542;39.199368;-63.55957;-207.47656
1521664495554;27.299856;-64.328125;-200.75781
1521664495562;24.989792;-59.779297;-197.8164
1521664495574;21.210001;-51.16992;-195.22656
1521664495581;19.739782;-44.09961;-194.38672
1521664495602;26.669971;-39.129883;-193.47656
1521664495613;26.0396;-42.0;-189.0664
1521664495621;24.500046;-46.40918;-186.82812
1521664495633;24.989792;-46.899414;-185.5
1521664495641;17.919954;-40.179688;-179.33984
1521664495654;11.339854;-36.609375;-175.69922
1521664495661;6.859988;-34.439453;-174.01953
1521664495673;0.83999634;-33.319336;-170.23828
1521664495681;-5.1099854;-33.179688;-166.3164
1521664495702;-10.219971;-34.36914;-161.0664
1521664495713;-12.039795;-33.109375;-157.21875
1521664495721;-14.069824;-29.189941;-151.82812
1521664495733;-20.719727;-24.84961;-141.88672
1521664495741;-27.719727;-22.889648;-131.03906
1521664495754;-31.429688;-22.469727;-123.05859
1521664495762;-33.25;-17.639648;-116.33984
1521664495774;-30.869629;-11.409912;-111.859375
1521664495781;-31.359863;-7.629883;-103.38867
1521664495802;-35.279297;-10.779785;-90.29883
1521664495813;-36.189453;-9.72998;-81.26953
1521664495821;-37.729492;-6.2999268;-70.48828
1521664495833;-38.429688;-3.4299927;-61.529297
1521664495841;-37.589844;-1.4699707;-53.969727
1521664495854;-37.239258;0.69999695;-45.569336
1521664495861;-35.41992;2.3799443;-37.939453
1521664495873;-29.119629;3.0799568;-30.519531
1521664495881;-24.359863;2.3799443;-25.05957
1521664495903;-19.25;2.7999883;-12.949951
1521664495914;-16.029785;4.409914;-7.209961
1521664495923;-15.889893;4.8999043;-1.75
1521664495933;-16.029785;4.7598896;3.2899787
1521664495942;-14.069824;3.9199836;7.629886
1521664495953;-10.569824;3.359986;12.459972
1521664495961;-8.75;3.8499763;18.199741
1521664495973;-6.8599854;4.6899433;23.099653
1521664495982;-4.4799805;6.0199003;28.69976
1521664495997;-2.7299805;6.2299833;34.22962
1521664496014;4.6899433;4.0599384;45.149586
1521664496021;8.819832;3.6399543;52.779495
1521664496033;7.6999545;3.149964;61.73949
1521664496042;5.3199487;1.8899843;69.71928
1521664496053;1.8899843;1.7500001;78.39903
1521664496061;-3.2199707;2.519959;88.19989
1521664496074;-7.279907;3.0799568;96.809326
1521664496082;-12.669922;2.5899663;104.44025
1521664496097;-17.70996;1.1199952;112.55945
1521664496114;-23.449707;1.189972;136.00989
1521664496121;-29.53955;4.409914;145.7405
1521664496134;-30.589844;3.8499763;153.58046
1521664496142;-28.699707;3.2899787;161.00246
1521664496153;-32.899414;6.2999296;171.92058
1521664496161;-33.039062;9.519784;180.45978
1521664496174;-28.0;9.44996;182.63168
1521664496182;-30.169922;11.129893;191.94041
1521664496197;-38.289062;12.459972;201.88197
1521664496214;-39.549805;9.869882;213.92122
1521664496221;-36.679688;9.379891;218.40176
1521664496233;-32.759766;8.819832;221.97212
1521664496242;-32.759766;10.639902;228.76129
1521664496253;-35.90918;12.809826;236.67157
1521664496261;-35.76953;12.599865;242.20291
1521664496274;-31.07959;10.99;244.02325
1521664496282;-23.239746;11.899913;246.40219
1521664496304;-10.709961;12.599865;251.09367
1521664496315;-4.829956;10.50001;253.4023
1521664496332;-0.9099884;11.409923;259.90634
1521664496343;-1.3299866;11.409923;262.98456
1521664496349;1.399994;13.649915;262.98456
1521664496362;-6.2999268;18.549839;264.45337
1521664496374;-7.0;17.919954;263.40646
1521664496382;-7.5599365;13.1599245;263.82834
1521664496397;4.5499287;7.139896;262.50018
1521664496414;12.459972;9.099862;264.31274
1521664496422;14.490004;11.899913;264.94556
1521664496434;17.779818;14.839857;262.84393
1521664496442;17.42972;19.669958;266.41437
1521664496454;5.809939;17.42972;268.65662
1521664496462;27.719778;14.839857;260.25793
1521664496474;46.269707;16.09964;256.26562
1521664496482;41.22965;17.779818;260.6798
1521664496504;21.909708;12.039806;255.15233
1521664496523;4.2698994;3.7099617;249.83192
1521664496534;10.639902;1.2599794;244.79279
1521664496542;20.369667;1.9599916;241.15211
1521664496554;27.929739;3.569947;237.86299
1521664496562;38.710106;6.2999296;234.22232
1521664496574;46.969902;9.589852;230.65195
1521664496582;41.22965;8.819832;227.85112
1521664496603;27.230032;8.189949;216.22986
1521664496614;36.39955;8.049812;208.67114
1521664496622;48.92987;7.139896;201.25307
1521664496634;49.069523;8.259773;195.44048
1521664496642;43.39958;10.70997;189.97945
1521664496654;38.56948;10.21998;180.95197
1521664496662;38.77944;7.6999545;167.79161
1521664496674;37.519672;4.7598896;159.45946
1521664496682;36.259903;3.779969;149.17024
1521664496703;37.86928;10.429941;131.38872
1521664496714;36.889786;10.639902;121.239204
1521664496722;41.369297;10.0798435;109.61997
1521664496734;48.579285;9.589852;97.71949
1521664496742;56.48947;9.869882;87.01043
1521664496754;61.94945;9.799813;76.71933
1521664496762;65.52003;9.729989;66.639175
1521664496774;65.93995;9.44996;50.75019
1521664496782;61.109608;7.4899936;39.47964
1521664496797;55.859585;7.419925;27.509817
1521664496806;51.729687;7.629886;16.029816
1521664496844;44.239426;5.809939;6.0899687
1521664496854;25.480028;3.8499763;-16.30957
1521664496863;7.839969;1.6799928;-37.029297
1521664496873;-0.48999786;-1.1199951;-56.489258
1521664496880;-2.3799438;-2.869995;-64.81836
1521664496893;-3.709961;-6.369995;-75.458984
1521664496901;-4.199951;-9.0998535;-83.36914
1521664496913;-3.079956;-10.289795;-90.43945
1521664496921;-1.8899841;-12.529785;-98.13867
1521664496933;-3.1499634;-14.699951;-105.55859
1521664496940;-4.8999023;-16.449707;-112.41992
1521664496962;-4.8999023;-20.159668;-127.04883
1521664496974;-6.159912;-22.889648;-134.11719
1521664496983;-8.75;-23.939941;-140.48828
1521664497004;-10.079834;-26.669922;-157.14844
1521664497023;-8.189941;-29.32959;-168.0664
1521664497043;-11.339844;-33.38965;-177.58984
1521664497063;-31.429688;-33.039062;-187.94922
1521664497083;-70.62891;-28.34961;-198.02734
1521664497103;-90.509766;-18.689941;-201.59766
1521664497124;-129.70703;-30.09961;-212.51953
1521664497143;-138.8086;-29.119629;-217.48828
1521664497163;-135.16797;-20.439941;-219.3789
1521664497183;-114.0293;-0.6299896;-214.26953
1521664497198;-114.79883;7.2799106;-213.00781
1521664497206;-110.25;9.93995;-211.32812
1521664497222;-67.61914;-1.6799927;-207.6875
1521664497234;-17.989746;-2.3799438;-203.41797
1521664497243;11.829844;3.8499763;-200.54688
1521664497254;33.1095;13.719983;-200.1289
1521664497264;47.529476;24.219772;-200.26953
1521664497282;15.399917;11.269786;-189.41797
1521664497297;28.769585;0.20999908;-190.8164
1521664497306;56.979706;-3.289978;-192.91797
1521664497322;107.03011;-3.3599854;-193.47656
1521664497342;49.489445;-9.029785;-185.91797
1521664497354;22.960003;-13.719971;-183.67969
1521664497363;5.4599633;-15.889893;-180.66797
1521664497383;19.87992;-13.509766;-184.72656
1521664497397;43.750164;-12.179932;-191.3789
1521664497406;59.14964;-10.569824;-192.91797
1521664497423;32.059692;-18.05957;-179.96875
1521664497434;14.839857;-26.879883;-174.64844
1521664497443;3.989991;-31.639648;-169.8164
1521664497464;30.449764;-13.929932;-172.19922
1521664497483;57.819553;-8.679932;-174.78906
1521664497504;44.30974;-18.269531;-165.61719
1521664497524;39.40933;-26.879883;-159.45703
1521664497543;42.489418;-22.119629;-154.41797
1521664497554;42.76969;-19.80957;-155.67969
1521664497563;40.599762;-18.549805;-156.16797
1521664497583;30.309628;-22.95996;-152.59766
1521664497597;23.939985;-25.619629;-149.44922
1521664497605;17.219759;-28.699707;-146.29688
1521664497623;21.00004;-28.20996;-146.4375
1521664497643;19.949743;-20.439941;-138.25
1521664497663;8.750008;-17.219727;-125.78906
1521664497684;3.0799568;-18.199707;-113.11914
1521664497697;7.139896;-16.869629;-110.17969
1521664497706;9.099862;-15.959961;-106.259766
1521664497724;12.879894;-14.629883;-95.19922
1521664497744;9.799813;-16.72998;-83.01953
1521664497763;14.419935;-17.569824;-71.958984
1521664497784;15.399917;-15.959961;-60.759766
1521664497804;9.379891;-12.949951;-41.789062
1521664497824;8.539803;-10.569824;-30.659668
1521664497843;10.919931;-10.919922;-22.119629
1521664497863;13.089856;-3.289978;-14.559814
1521664497883;11.969981;3.569947;0.55999756
1521664497903;10.359873;-1.3299866;13.719983
1521664497923;2.0299687;-0.34999847;30.099667
1521664497943;-4.0599365;4.9699726;44.93962
1521664497964;-8.259766;11.689952;59.849834
1521664497984;-15.959961;15.049819;73.63923
1521664497998;-22.189941;15.959975;81.47913
1521664498005;-29.679688;17.079622;89.9499
1521664498024;-43.189453;21.210001;107.30941
1521664498044;-48.15918;24.079636;121.65913
1521664498064;-59.359375;23.939985;140.27948
1521664498084;-63.20996;20.859901;158.13132
1521664498098;-62.36914;18.549839;166.88144
1521664498107;-57.11914;17.219759;174.02219
1521664498124;-49.90918;21.069864;190.26071
1521664498143;-47.94922;21.839884;210.63211
1521664498163;-49.90918;14.699965;224.21045
1521664498183;-46.549805;11.269786;237.44112
1521664498198;-43.259766;12.250011;242.40994
1521664498205;-36.88965;12.599865;247.38268
1521664498223;-26.03955;9.099862;256.26562
1521664498244;-18.899902;10.429941;266.76593
1521664498263;-15.679932;8.679939;268.23474
1521664498283;-35.20996;7.2099643;276.5006
1521664498298;-47.94922;-2.5899658;278.5241
1521664498307;-50.88965;-18.409668;276.36
1521664498324;-20.159668;-39.129883;266.0628
1521664498344;8.539803;-34.01953;261.44547
1521664498364;8.8899;-30.029785;262.28925
1521664498384;17.219759;-25.899902;256.0547
1521664498404;-0.48999786;-29.679688;255.78123
1521664498424;27.649954;-41.5791;238.14035
1521664498444;20.509804;-39.549805;234.92154
1521664498464;37.939594;-28.34961;216.22986
1521664498484;38.00991;-12.319824;214.83139
1521664498498;38.56948;-7.699951;213.29231
1521664498505;48.71991;-5.529907;207.69066
1521664498524;74.69002;-5.669922;201.04213
1521664498544;92.7507;-4.129883;194.74124
1521664498564;104.369934;5.0399194;185.08095
1521664498584;102.69023;15.609878;169.8893
1521664498599;102.96953;21.069864;161.56105
1521664498607;107.100426;22.539593;154.06876
1521664498624;121.72944;23.939985;137.68959
1521664498644;116.969635;24.989792;119.629814
1521664498664;105.559395;24.919968;102.2
1521664498684;84.77017;22.399944;82.45961
1521664498699;72.94;21.699747;73.56892
1521664498705;55.509975;19.459997;58.6594
1521664498724;36.5392;13.789807;38.710106
1521664498740;24.079636;9.309823;30.869686
1521664498745;11.059825;4.4799824;20.369667
1521664498757;0.069999695;2.6599736;10.779795
1521664498765;-14.909912;2.6599736;2.8699956
1521664498777;-35.629883;-1.75;-6.2999268
1521664498785;-55.719727;-2.2399902;-17.779785
1521664498799;-68.17969;-2.3099976;-30.239746
1521664498805;-73.14844;-2.9399414;-41.5791
1521664498818;-74.478516;-4.4799805;-52.84961
1521664498825;-73.5;-5.73999;-60.479492
1521664498837;-68.80859;-6.7199707;-70.41992
1521664498845;-62.649414;-7.0699463;-77.69922
1521664498857;-59.5;-8.819824;-82.94922
1521664498865;-57.11914;-10.5;-89.458984
1521664498878;-54.25;-10.98999;-96.17969
1521664498885;-50.539062;-11.199951;-102.96875
1521664498899;-44.09961;-11.47998;-110.5293
1521664498905;-35.20996;-11.269775;-116.828125
1521664498924;-20.299805;-13.579834;-132.71875
1521664498936;-17.149902;-14.139893;-139.15625
1521664498945;-15.609863;-13.719971;-145.25
1521664498956;-15.889893;-14.909912;-152.45703
1521664498965;-20.159668;-16.239746;-159.3164
1521664498984;-32.8291;-17.779785;-169.8164
1521664498998;-44.09961;-18.269531;-174.36719
1521664499007;-54.179688;-20.369629;-182.69922
1521664499024;-55.15918;-20.439941;-193.1289
1521664499044;-67.61914;-24.84961;-207.61719
1521664499064;-81.12891;-19.529785;-217.20703
1521664499077;-84.34961;-14.909912;-222.03906
1521664499085;-69.1582;-6.9299316;-225.32812
1521664499098;-53.26953;-1.3299866;-226.86719
1521664499105;-36.3291;-1.2599792;-229.59766
1521664499124;-20.439941;-12.669922;-234.5
1521664499136;-29.469727;-18.82959;-234.70703
1521664499154;-36.539062;-22.889648;-233.58984
1521664499160;-30.239746;-20.439941;-231.76953
1521664499168;-10.779785;-14.3498535;-232.88672
1521664499178;11.759776;-6.8599854;-234.42969
1521664499185;25.68999;-2.3099976;-235.33984
1521664499200;27.649954;-2.5199585;-235.96875
1521664499206;30.730038;-6.789917;-237.85938
1521664499218;24.639694;-16.09961;-239.11719
1521664499226;2.2399907;-31.989746;-236.52734
1521664499237;2.099976;-45.149414;-234.35938
1521664499245;17.63968;-45.359375;-233.02734
1521664499258;18.689976;-34.859375;-230.36719
1521664499265;34.36927;-16.519531;-234.98828
1521664499284;17.149935;-11.269775;-230.01953
1521664499300;10.99;-21.34961;-226.72656
1521664499305;7.6999545;-34.15918;-223.22656
1521664499324;38.639793;-31.989746;-228.96875
1521664499344;34.859505;-21.279785;-227.42969
1521664499357;16.730011;-25.129883;-221.47656
1521664499367;-4.339966;-33.109375;-214.61719
1521664499378;-15.75;-41.649414;-208.17969
1521664499385;-6.579956;-45.91992;-206.77734
1521664499411;25.89995;-25.269531;-219.72656
1521664499419;27.929739;-12.389893;-217.6289
1521664499425;17.500032;-7.419922;-207.75781
1521664499441;-0.9799957;-12.949951;-196.48828
1521664499445;-17.639648;-21.279785;-188.4375
1521664499458;-26.03955;-23.519531;-184.02734
1521664499465;-12.039795;-20.159668;-184.86719
1521664499478;3.2199714;-16.09961;-181.71875
1521664499485;9.519784;-12.179932;-175.48828
1521664499499;14.629896;-9.0998535;-167.50781
1521664499508;12.389904;-9.589844;-157.5
1521664499519;5.179934;-12.529785;-143.35938
1521664499525;-2.2399902;-18.339844;-130.47656
1521664499538;-0.6299896;-22.75;-121.6582
1521664499545;6.0899687;-23.449707;-114.79883
1521664499558;14.629896;-22.679688;-109.61914
1521664499565;22.819866;-22.95996;-104.29883
1521664499579;25.12993;-23.799805;-95.759766
1521664499585;20.859901;-24.429688;-85.39844
1521664499599;13.019788;-24.429688;-75.458984
1521664499606;4.5499287;-21.769531;-64.04883
1521664499618;7.979984;-17.989746;-60.40918
1521664499625;12.879894;-13.789795;-57.469727
1521664499637;19.389685;-10.709961;-55.719727
1521664499645;19.31986;-8.399902;-51.589844
1521664499657;11.129893;-5.949951;-44.939453
1521664499665;-0.41999817;-4.619995;-38.63965
1521664499678;-13.22998;-4.2698975;-31.989746
1521664499685;-25.47998;-3.6399536;-25.969727
1521664499699;-33.879883;-2.2399902;-20.929688
1521664499708;-35.629883;-0.769989;-16.799805
1521664499719;-33.38965;1.3299867;-10.5
1521664499725;-22.819824;3.4299934;-6.9299316
1521664499737;-21.34961;2.4499516;-2.2399902
1521664499745;-20.859863;-0.13999939;3.0799568
1521664499757;-23.799805;-2.0299683;8.39991
1521664499765;-26.179688;-1.2599792;14.209974
1521664499778;-27.929688;1.1199952;20.43998
1521664499785;-29.819824;3.359986;27.649954
1521664499800;-30.589844;5.6699243;35.27943
1521664499807;-27.509766;7.139896;41.509922
1521664499818;-20.439941;6.859988;45.77947
1521664499825;-14.699951;7.839969;49.279484
1521664499837;-9.309814;13.019788;56.420135
1521664499845;-10.919922;14.909925;64.260254
1521664499858;-17.07959;15.750014;72.94
1521664499865;-20.299805;15.819839;80.010376
1521664499878;-19.109863;17.500032;87.70965
1521664499885;-26.529785;23.44975;100.170685
1521664499900;-33.879883;29.04986;109.20005
1521664499907;-28.55957;31.779844;110.45982
1521664499918;-26.59961;35.979626;113.539925
1521664499927;-30.939941;40.670074;119.77044
1521664499938;-40.94922;40.670074;129.0801
1521664499946;-68.25;32.899536;147.49052
1521664499958;-76.43945;26.529835;154.9086
1521664499966;-75.458984;21.210001;159.52977
1521664499979;-65.0293;18.549839;164.85016
1521664499986;-62.509766;17.42972;176.95972
1521664500000;-59.5;14.559828;190.04977
1521664500008;-59.289062;13.719983;200.69055
1521664500019;-55.089844;15.329848;207.69066
1521664500026;-49.0;15.609878;214.13217
1521664500038;-38.569336;11.689952;219.80022
1521664500046;-25.129883;5.179934;223.86278
1521664500058;-18.199707;2.2399907;234.15201
1521664500066;-14.069824;-0.83999634;241.43336
1521664500079;-10.779785;-2.2399902;249.48036
1521664500086;-5.529907;-2.3099976;253.54292
1521664500100;0.83999634;-0.6299896;254.94138
1521664500108;1.7500001;-0.6299896;257.6641
1521664500119;5.5299096;-0.55999756;259.0001
1521664500126;10.639902;-1.6799927;260.6798
1521664500138;13.089856;-2.3099976;261.7267
1521664500147;23.379927;-2.3799438;259.6954
1521664500158;26.529835;-2.5199585;261.0939
1521664500166;27.230032;-2.4499512;264.0393
1521664500178;8.539803;-5.529907;272.15674
1521664500185;9.309823;-8.75;271.45358
1521664500200;18.899937;-7.9799805;268.0238
1521664500208;32.130005;-3.3599854;264.94556
1521664500219;39.47964;-0.83999634;263.26584
1521664500226;42.34977;-1.0499878;263.19553
1521664500238;44.029465;-1.3999939;261.86734
1521664500247;56.559784;-0.769989;259.48447
1521664500258;57.469944;0.9099884;261.0236
1521664500266;68.18021;5.599978;258.7188
1521664500278;70.62944;12.389904;258.5782
1521664500286;64.04932;15.539809;257.7344
1521664500301;61.039295;12.809826;253.26167
1521664500306;61.039295;12.319836;247.66002
1521664500319;68.60013;15.329848;242.83182
1521664500326;61.73949;17.989779;242.6912
1521664500339;57.469944;20.509804;240.5232
1521664500347;60.550034;23.799849;235.62077
1521664500359;56.979706;27.019583;234.64029
1521664500366;55.15939;28.980034;231.84337
1521664500378;57.32932;29.679743;225.75343
1521664500386;62.09008;31.009825;218.75333
1521664500401;63.13989;34.15931;213.222
1521664500407;55.090054;34.439583;209.09303
1521664500418;52.639847;32.479614;200.69055
1521664500425;49.210148;28.559624;191.94041
1521664500438;45.149586;26.669971;185.01064
1521664500446;43.119305;26.949757;178.56912
1521664500458;41.78922;25.480028;170.79947
1521664500465;41.579258;22.539593;160.7915
1521664500478;42.55973;20.719765;151.90074
1521664500486;39.82925;19.31986;142.93967
1521664500501;35.630016;18.409702;132.15826
1521664500506;33.809696;19.1099;123.40914
1521664500519;33.179813;17.149935;109.7606
1521664500526;31.71002;15.189956;99.53982
1521664500538;28.349663;15.119887;88.89911
1521664500546;25.829638;15.819839;78.60997
1521664500558;22.399944;15.679946;68.10989
1521664500566;18.059605;14.000013;56.840057
1521664500578;16.3096;11.899913;44.59001
1521664500586;17.42972;8.8899;32.4093
1521664500601;17.079622;5.4599633;22.049847
1521664500607;15.819839;3.569947;12.599865
1521664500619;13.579846;1.4699708;3.0099494
1521664500626;5.1099877;-0.769989;-14.209961
1521664500640;-0.41999817;-0.9799957;-25.05957
1521664500646;-3.709961;-2.9399414;-35.20996
1521664500658;-6.6499023;-5.879883;-44.939453
1521664500666;-8.539795;-7.1398926;-54.80957
1521664500678;-9.029785;-7.699951;-63.489258
1521664500686;-9.379883;-10.219971;-71.39844
1521664500702;-8.819824;-13.439941;-79.86914
1521664500708;-5.3199463;-14.769775;-87.708984
1521664500719;-1.9599915;-16.379883;-94.56836
1521664500727;-1.2599792;-19.319824;-101.21875
1521664500738;0.769989;-23.239746;-112.13867
1521664500747;1.8199769;-27.509766;-120.39844
1521664500759;2.3799443;-30.09961;-126.48828
1521664500767;3.0099494;-32.19922;-131.8789
1521664500779;2.1699834;-34.929688;-138.10938
1521664500786;-2.7999878;-36.399414;-142.65625
1521664500801;-8.679932;-39.8291;-150.42969
1521664500808;-15.889893;-43.399414;-159.59766
1521664500820;-20.22998;-45.009766;-167.50781
1521664500826;-24.919922;-46.479492;-174.64844
1521664500841;-31.70996;-47.109375;-181.15625
1521664500862;-40.38965;-46.26953;-186.96875
1521664500871;-65.6582;-45.429688;-194.8789
1521664500880;-79.37891;-41.859375;-200.26953
1521664500894;-102.759766;-36.189453;-211.53906
1521664500912;-111.92969;-33.25;-215.52734
1521664500921;-120.88867;-31.84961;-220.14844
1521664500929;-140.13672;-32.969727;-226.79688
1521664500938;-138.59766;-29.259766;-227.00781
1521664500946;-115.708984;-19.669922;-227.5664
1521664500958;-89.80859;-8.539795;-228.75781
1521664500984;-37.65918;-17.919922;-233.16797
1521664501004;-44.30957;-33.039062;-234.07812
1521664501024;-26.25;-21.629883;-229.59766
1521664501044;-0.34999847;-4.0599365;-230.64844
1521664501064;-21.629883;-3.709961;-224.83984
1521664501084;15.399917;-5.3898926;-233.86719
1521664501104;9.44996;-20.929688;-226.3789
1521664501124;-8.889893;-23.449707;-221.96875
1521664501144;-19.25;-8.189941;-213.98828
1521664501164;-21.909668;2.519959;-209.15625
1521664501184;-13.579834;1.8899843;-208.03906
1521664501204;0.55999756;-6.789917;-203.27734
1521664501224;10.359873;-16.379883;-193.47656
1521664501236;22.049847;-9.72998;-190.75
1521664501246;23.659712;-3.1499634;-185.21875
1521664501264;24.289597;-6.2999268;-173.59766
1521664501278;23.730024;-9.379883;-165.96875
1521664501285;29.189997;-9.72998;-161.34766
1521664501304;40.17984;-6.6499023;-155.95703
1521664501317;42.34977;-6.9299316;-154.83984
1521664501325;36.18959;-6.579956;-149.9375
1521664501344;13.019788;-14.209961;-135.58984
1521664501364;-8.959961;-16.659668;-124.59961
1521664501384;-9.869873;-10.779785;-120.04883
1521664501404;-6.6499023;-6.159912;-115.21875
1521664501423;-11.689941;-6.5098877;-106.609375
1521664501428;-15.679932;-7.699951;-99.75
1521664501444;-20.859863;-12.669922;-86.30859
1521664501464;-17.07959;-10.009766;-77.62891
1521664501484;-11.129883;-7.3499756;-67.478516
1521664501504;-5.669922;-4.2698975;-56.979492
1521664501519;-5.459961;-2.3099976;-49.41992
1521664501525;-9.589844;-1.4699707;-36.75
1521664501538;-13.649902;-2.5199585;-27.859863
1521664501545;-18.409668;-2.0299683;-19.529785
1521664501557;-20.719727;-0.48999786;-12.5998535
1521664501565;-24.639648;0.6299896;-4.9699707
1521664501580;-28.20996;2.099976;2.8699956
1521664501587;-29.679688;3.0799568;9.16993
1521664501604;-28.699707;3.2199714;14.2797985
1521664501609;-29.679688;2.729981;20.64994
1521664501619;-30.449707;3.359986;27.439993
1521664501628;-33.80957;2.6599736;35.000134
1521664501639;-37.729492;0.769989;42.69938
1521664501647;-43.609375;-1.6099854;55.57931
1521664501659;-41.089844;-2.4499512;61.039295
1521664501667;-34.859375;-2.6599731;66.56886
1521664501680;-26.739746;-3.079956;73.07868
1521664501687;-18.269531;-2.6599731;80.21936
1521664501702;-13.929932;-2.6599731;88.690125
1521664501709;-9.379883;-2.6599731;96.389404
1521664501720;-6.4399414;-1.8199768;105.209785
1521664501727;-2.5199585;-0.9099884;115.01064
1521664501740;-0.6299896;-1.1899719;123.54977
1521664501748;1.2599794;-1.8199768;129.56837
1521664501760;4.829958;-4.339966;141.81856
1521664501767;5.879885;-6.369995;151.83043
1521664501779;7.2099643;-5.3199463;161.00246
1521664501788;6.159915;-2.3799438;170.02994
1521664501802;4.0599384;0.69999695;176.95972
1521664501809;-0.13999939;2.729981;184.72937
1521664501820;-3.079956;2.309998;193.69044
1521664501828;-2.3799438;2.6599736;201.53041
1521664501840;-3.9899902;3.8499763;208.9524
1521664501848;-5.5999756;4.8999043;216.37048
1521664501860;-5.879883;5.809939;223.58153
1521664501868;-3.919983;5.6699243;233.5934
1521664501879;-2.7999878;3.0099494;240.87085
1521664501889;-0.9799957;0.9799957;246.82016
1521664501902;1.9599916;2.5899663;251.72258
1521664501909;0.34999847;6.369998;258.85944
1521664501921;0.69999695;7.2799106;266.48468
1521664501928;8.679939;4.829958;269.70352
1521664501940;20.719765;7.0699496;271.25046
1521664501948;24.149948;12.039806;275.37558
1521664501960;22.399944;14.2797985;280.4851
1521664501969;20.369667;12.529797;284.68835
1521664501980;26.599659;9.729989;286.50873
1521664501989;36.819473;12.599865;287.76657
1521664502002;47.109554;17.919954;286.57904
1521664502008;45.569508;23.519575;288.46973
1521664502020;40.17984;27.299856;290.9854
1521664502028;29.04986;26.599659;293.71988
1521664502040;29.04986;21.489786;292.2511
1521664502047;37.729633;16.939972;287.62595
1521664502060;43.889812;16.939972;285.03995
1521664502067;39.549953;19.529821;284.61804
1521664502080;34.22962;20.230019;281.88358
1521664502088;32.899536;18.96976;276.21936
1521664502102;39.13003;16.799835;269.70352
1521664502109;38.639793;20.159706;269.84415
1521664502120;33.88001;24.289597;267.75034
1521664502128;41.509922;27.230032;260.1173
1521664502140;48.019714;27.509817;252.3515
1521664502148;54.03927;25.12993;247.10143
1521664502159;62.019768;21.00004;242.83182
1521664502169;62.510002;19.599646;239.4724
1521664502180;62.7893;21.279825;234.92154
1521664502189;62.579338;23.379927;228.69098
1521664502204;59.079327;24.009811;222.25339
1521664502210;54.460167;23.730024;211.81963
1521664502221;45.63982;23.099653;205.45235
1521664502228;39.759914;22.819866;198.10068
1521664502240;40.73941;22.609905;189.20992
1521664502248;42.630043;21.839884;180.6004
1521664502260;46.199394;20.509804;172.83075
1521664502268;51.869335;18.899937;165.13142
1521664502280;55.15939;17.500032;156.65863
1521664502289;54.250206;16.239777;147.9788
1521664502302;53.19942;14.069838;137.06068
1521664502309;55.929897;13.649915;126.35057
1521664502321;58.590065;15.819839;117.8798
1521664502328;54.179893;18.129917;106.46956
1521664502339;46.89959;16.239777;94.01048
1521664502348;36.819473;15.25978;81.61976
1521664502360;27.929739;14.839857;70.62944
1521664502368;23.869673;14.419935;59.989483
1521664502380;21.629923;13.579846;49.63007
1521664502389;20.64994;13.1599245;39.47964
1521664502402;17.849642;10.99;28.909721
1521664502410;11.199962;7.139896;18.7598
1521664502422;4.1298847;3.2899787;8.259773
1521664502429;0.13999939;-0.48999786;-3.079956
1521664502440;-7.629883;-3.1499634;-17.5
1521664502448;-9.799805;-4.8999023;-27.019531
1521664502460;-11.339844;-7.279907;-35.76953
1521664502468;-13.299805;-9.939941;-44.44922
1521664502480;-12.669922;-11.829834;-54.109375
1521664502488;-11.129883;-13.579834;-62.929688
1521664502502;-10.639893;-15.259766;-70.2793
1521664502510;-9.659912;-16.379883;-77.55859
1521664502520;-7.279907;-16.799805;-85.75
1521664502528;-4.9699707;-17.779785;-92.958984
1521664502539;-3.4299927;-19.59961;-98.69922
1521664502548;-2.3099976;-24.84961;-107.16992
1521664502560;-3.0099487;-28.419922;-114.79883
1521664502569;-5.529907;-30.589844;-121.30859
1521664502581;-9.659912;-32.899414;-127.958984
1521664502589;-11.619873;-33.59961;-135.3789
1521664502602;-12.179932;-33.739258;-143.42969
1521664502610;-12.949951;-35.20996;-150.00781
1521664502620;-17.989746;-39.129883;-156.16797
1521664502629;-30.659668;-42.279297;-161.48828
1521664502640;-43.11914;-41.299805;-165.26953
1521664502649;-48.929688;-39.61914;-171.42969
1521664502661;-52.009766;-40.739258;-178.98828
1521664502668;-65.93945;-45.63965;-186.96875
1521664502681;-70.9082;-48.01953;-192.35938
1521664502688;-69.01953;-46.689453;-197.1875
1521664502703;-62.439453;-42.489258;-198.9375
1521664502708;-60.61914;-40.319336;-200.1289
1521664502720;-69.509766;-40.319336;-203.83984
1521664502728;-73.5;-41.229492;-209.64844
1521664502740;-82.38867;-42.76953;-213.42969
1521664502749;-85.53906;-41.929688;-215.8789
1521664502760;-60.129883;-36.469727;-220.14844
1521664502768;-34.229492;-31.07959;-221.6875
1521664502780;-33.109375;-28.699707;-218.53906
1521664502788;-44.30957;-30.939941;-220.14844
1521664502803;-53.339844;-35.839844;-223.29688
1521664502809;-64.88867;-42.279297;-223.4375
1521664502822;-55.439453;-44.379883;-222.66797
1521664502829;-28.55957;-39.19922;-223.64844
1521664502841;-1.3299866;-29.679688;-227.42969
1521664502849;18.619663;-21.069824;-232.60938
1521664502861;23.309614;-17.779785;-233.79688
1521664502869;7.9099154;-22.399902;-229.03906
1521664502881;-22.119629;-33.739258;-222.03906
1521664502888;-45.779297;-47.179688;-216.22656
1521664502903;-31.009766;-44.029297;-219.3789
1521664502910;-3.3599854;-34.439453;-224.69922
1521664502923;21.419962;-24.569824;-229.10938
1521664502928;33.179813;-16.519531;-229.25
1521664502942;11.059825;-16.169922;-221.6875
1521664502948;-16.239746;-27.22998;-217.48828
1521664502960;-30.379883;-38.429688;-215.17969
1521664502968;-37.379883;-37.44922;-209.36719
1521664502981;-28.139648;-28.279785;-207.82812
1521664502989;-14.48999;-18.759766;-210.6289
1521664503002;-7.209961;-12.73999;-212.3789
1521664503011;-4.829956;-10.5;-208.66797
1521664503021;-12.039795;-14.48999;-200.82812
1521664503028;-15.609863;-19.739746;-195.01953
1521664503040;-3.289978;-20.369629;-195.71875
1521664503049;12.809826;-15.469971;-197.75
1521664503061;25.68999;-10.639893;-197.46875
1521664503069;33.739384;-10.98999;-194.52734
1521664503081;29.329645;-15.189941;-186.82812
1521664503089;21.699747;-19.389648;-179.6875
1521664503104;14.629896;-21.629883;-173.94922
1521664503112;7.139896;-22.679688;-169.25781
1521664503121;14.490004;-21.069824;-168.5586
1521664503129;20.230019;-19.80957;-167.36719
1521664503141;22.960003;-21.34961;-164.98828
1521664503149;21.279825;-22.889648;-161.5586
1521664503161;15.049819;-23.869629;-155.75
1521664503169;7.629886;-24.219727;-148.46875
1521664503199;1.0499879;-23.379883;-140.6289
1521664503213;0.9099884;-18.899902;-129.14844
1521664503234;10.70997;-14.769775;-119.9082
1521664503241;13.019788;-12.109863;-109.759766
1521664503252;-1.1899719;-13.719971;-93.728516
1521664503261;-5.5999756;-11.619873;-88.12891
1521664503270;-8.609863;-7.699951;-82.109375
1521664503281;-10.359863;-5.1799316;-76.578125
1521664503290;-11.269775;-5.3898926;-71.609375
1521664503303;-11.759766;-5.8099365;-66.28906
1521664503312;-11.899902;-5.949951;-59.569336
1521664503321;-11.969971;-5.949951;-52.63965
1521664503330;-10.639893;-5.039917;-47.179688
1521664503340;-10.98999;-2.3799438;-38.149414
1521664503349;-14.279785;0.9099884;-31.5
1521664503361;-17.28955;2.5899663;-25.689941
1521664503369;-20.089844;2.7999883;-20.439941
1521664503381;-19.879883;2.3799443;-15.329834
1521664503389;-19.59961;1.8899843;-9.0998535
1521664503403;-18.969727;1.1199952;-4.129883
1521664503410;-16.449707;0.9099884;-1.0499878
1521664503422;-14.699951;2.8699956;2.939942
1521664503430;-16.09961;5.879885;9.029794
1521664503443;-18.689941;8.119881;15.679946
1521664503450;-20.719727;7.9099154;21.98002
1521664503461;-21.839844;5.389895;29.81988
1521664503470;-17.28955;5.809939;34.859505
1521664503482;-15.469971;6.78992;40.670074
1521664503489;-14.769775;7.0000033;46.969902
1521664503504;-17.219727;6.78992;54.389854
1521664503512;-20.509766;7.349979;61.73949
1521664503521;-23.379883;7.6999545;68.94974
1521664503529;-24.70996;7.139896;76.02011
1521664503541;-25.129883;6.7199736;83.22915
1521664503549;-27.299805;6.9299345;91.420616
1521664503561;-30.799805;6.859988;99.95974
1521664503569;-33.179688;6.859988;110.45982
1521664503581;-33.879883;6.0199003;118.37004
1521664503589;-36.679688;4.4799824;127.95995
1521664503604;-45.569336;3.6399543;138.11148
1521664503613;-50.259766;3.2899787;145.88112
1521664503622;-49.55957;2.729981;153.2289
1521664503629;-44.30957;1.6799928;162.26028
1521664503641;-38.63965;2.1699834;171.36198
1521664503650;-34.229492;3.8499763;178.78006
1521664503662;-38.359375;4.1298847;188.15912
1521664503670;-42.279297;3.569947;196.90924
1521664503682;-43.11914;2.939942;211.26103
1521664503689;-37.729492;0.34999847;218.54239
1521664503704;-28.0;-3.3599854;224.70264
1521664503710;-21.909668;-6.579956;233.6598
1521664503723;-16.30957;-8.75;241.15211
1521664503730;-9.589844;-9.169922;247.73033
1521664503741;-9.869873;-9.379883;256.6875
1521664503750;-5.949951;-10.8498535;263.26584
1521664503762;-1.1199951;-12.039795;267.4691
1521664503770;10.99;-12.809814;268.79724
1521664503783;27.509817;-12.459961;270.0551
1521664503790;36.889786;-10.5;271.5239
1521664503803;42.13981;-2.4499512;274.60992
1521664503811;41.019688;2.3799443;278.11005
1521664503822;24.149948;4.1298847;285.66495
1521664503829;14.629896;-0.20999908;287.9775
1521664503842;22.750042;-4.829956;283.84457
1521664503850;21.419962;-6.369995;284.54773
1521664503863;21.34965;-4.199951;284.05554
1521664503869;23.519575;-1.4699707;281.4695
1521664503882;22.189983;-2.6599731;279.78976
1521664503889;27.230032;-5.529907;276.91467
1521664503910;45.710133;-4.0599365;272.15674
1521664503923;50.329292;-3.0099487;269.5629
1521664503931;47.80975;-1.0499878;266.41437
1521664503941;38.500145;1.1199952;264.25024
1521664503950;31.779844;2.729981;260.6095
1521664503963;29.750055;1.189972;253.68355
1521664503970;32.689575;-1.0499878;246.68344
1521664503982;31.989805;-1.1199951;243.95293
1521664503990;31.569883;-2.4499512;240.65991
1521664504003;36.119278;-6.0198975;232.96057
1521664504011;41.29996;-6.789917;224.35107
1521664504022;49.84003;1.399994;213.01106
1521664504029;48.71991;10.0798435;209.511
1521664504041;45.569508;18.829624;208.31958
1521664504049;46.75994;23.589888;203.90935
1521664504063;38.35952;24.009811;197.96004
1521664504070;27.579641;21.769571;192.22168
1521664504082;28.559624;19.389685;183.95982
1521664504089;39.82925;17.779818;173.81123
1521664504104;52.639847;17.919954;165.5494
1521664504111;63.069576;20.43998;157.85005
1521664504123;64.60986;24.429733;148.75226
1521664504130;55.509975;28.980034;140.84198
1521664504142;40.250153;29.399958;127.75097
1521664504149;30.37994;27.439993;117.25089
1521664504162;18.269566;24.849655;108.01059
1521664504169;9.729989;22.11967;98.35036
1521664504182;9.519784;20.789589;87.07879
1521664504189;13.019788;23.379927;78.469345
1521664504204;20.719765;25.339891;68.80911
1521664504211;22.189983;23.589888;60.759995
1521664504223;18.7598;17.849642;52.009964
1521664504229;15.049819;14.139906;41.719883
1521664504244;15.750014;14.769789;31.71002
1521664504250;22.750042;15.399917;18.96976
1521664504262;26.739796;13.929944;10.70997
1521664504270;25.269579;8.469978;0.769989
1521664504282;23.309614;2.5899663;-10.98999
1521664504290;22.539593;0.41999817;-20.929688
1521664504304;22.189983;0.55999756;-29.469727
1521664504310;20.230019;0.27999878;-37.799805
1521664504323;18.199741;-1.75;-46.899414
1521664504329;14.699965;-4.129883;-53.759766
1521664504342;11.759776;-7.279907;-61.38965
1521664504350;11.689952;-9.869873;-70.06836
1521664504362;14.769789;-11.829834;-80.009766
1521664504370;16.589874;-13.719971;-85.11914
1521664504382;18.129917;-17.009766;-92.04883
1521664504390;19.459997;-19.109863;-97.92969
1521664504403;20.369667;-22.259766;-104.64844
1521664504412;19.669958;-26.879883;-112.55859
1521664504423;18.480015;-29.53955;-119.62891
1521664504430;15.539809;-31.569824;-124.94922
1521664504442;10.009775;-34.15918;-130.33984
1521664504450;4.829958;-36.259766;-136.84766
1521664504462;1.0499879;-38.569336;-143.77734
1521664504470;-2.7299805;-41.859375;-155.1875
1521664504491;-10.219971;-46.549805;-167.29688
1521664504504;-18.899902;-47.529297;-171.98828
1521664504511;-27.78955;-49.279297;-179.26953
1521664504523;-36.95996;-51.86914;-189.27734
1521664504530;-48.649414;-57.679688;-200.54688
1521664504542;-66.84961;-63.629883;-209.71875
1521664504552;-89.109375;-67.54883;-217.27734
1521664504562;-105.208984;-67.828125;-225.1875
1521664504570;-115.7793;-60.40918;-227.5664
1521664504582;-120.39844;-48.089844;-224.48828
1521664504590;-111.1582;-32.479492;-225.25781
1521664504604;-94.42969;-26.80957;-229.17969
1521664504612;-78.75;-23.72998;-231.41797
1521664504624;-65.58984;-24.009766;-232.25781
1521664504630;-59.0791;-27.78955;-234.07812
1521664504642;-59.149414;-30.939941;-235.40625
1521664504650;-58.09961;-26.59961;-235.19922
1521664504662;-55.5791;-14.839844;-232.67969
1521664504670;-57.399414;-0.6299896;-230.50781
1521664504682;-51.729492;11.549815;-232.04688
1521664504691;-45.84961;14.559828;-234.63672
1521664504711;-26.879883;1.0499879;-236.03906
1521664504723;-9.72998;-3.709961;-237.92969
1521664504731;1.399994;-7.209961;-236.73828
1521664504744;10.919931;-7.3499756;-236.25
1521664504750;20.369667;-7.1398926;-237.36719
1521664504762;18.339878;-8.679932;-235.19922
1521664504770;-1.6099854;-12.809814;-229.8086
1521664504783;-9.309814;-17.569824;-227.98828
1521664504790;-17.07959;-22.119629;-224.0664
1521664504812;40.599762;-15.539795;-237.01953
1521664504823;57.32932;-15.189941;-236.8086
1521664504830;61.880116;-23.519531;-234.91797
1521664504842;52.569534;-36.11914;-231.6289
1521664504850;28.839897;-45.779297;-219.72656
1521664504862;0.27999878;-45.84961;-200.19922
1521664504870;-6.0198975;-39.40918;-194.52734
1521664504883;7.2099643;-26.03955;-203.0664
1521664504890;25.68999;-9.659912;-210.0664
1521664504904;39.26968;1.0499879;-209.92969
1521664504912;37.2394;-1.0499878;-208.59766
1521664504923;25.829638;-12.179932;-204.11719
1521664504930;0.9099884;-29.189941;-183.75
1521664504942;-4.199951;-32.549805;-173.8789
1521664504950;-2.4499512;-28.699707;-166.3164
1521664504963;-0.13999939;-21.0;-163.65625
1521664504971;8.959969;-12.669922;-166.73828
1521664504983;8.750008;-9.0998535;-161.5586
1521664504990;1.189972;-13.439941;-152.10938
1521664505004;-5.25;-21.489746;-145.03906
1521664505013;-10.919922;-26.179688;-139.08984
1521664505023;-10.98999;-25.269531;-134.88672
1521664505030;-5.669922;-20.649902;-130.61719
1521664505043;-2.7299805;-15.819824;-118.578125
1521664505050;-5.669922;-15.469971;-110.5293
1521664505062;-6.0198975;-13.369873;-104.578125
1521664505070;-5.8099365;-10.919922;-97.29883
1521664505083;-4.7598877;-9.23999;-90.01953
1521664505090;-1.6799927;-8.469971;-83.78906
1521664505104;-2.169983;-8.959961;-76.92969
1521664505113;-6.4399414;-8.329834;-69.43945
1521664505123;-12.389893;-6.2299805;-61.45996
1521664505130;-17.989746;-4.4799805;-52.569336
1521664505143;-22.399902;-2.9399414;-43.11914
1521664505150;-24.429688;-1.8199768;-31.5
1521664505163;-20.369629;-0.27999878;-26.879883
1521664505170;-16.239746;0.9799957;-21.419922
1521664505183;-13.719971;1.4699708;-14.209961
1521664505190;-16.589844;1.8899843;-5.8099365
1521664505204;-20.369629;3.0799568;2.0299687
1521664505211;-23.939941;3.4299934;9.519784
1521664505224;-21.769531;3.149964;15.329848
1521664505231;-19.739746;3.7099617;20.579628
1521664505243;-20.929688;4.5499287;27.36968
1521664505252;-20.57959;4.1298847;33.670048
1521664505263;-21.419922;4.7598896;39.969875
1521664505272;-21.699707;7.0000033;49.349796
1521664505283;-21.769531;6.369998;56.349823
1521664505291;-23.869629;4.409914;63.34985
1521664505313;-30.239746;2.6599736;78.750595
1521664505324;-31.219727;4.2698994;85.53971
1521664505331;-31.149902;7.9099154;92.190155
1521664505343;-33.80957;11.549815;100.520294
1521664505351;-36.609375;12.389904;109.89927
1521664505363;-40.25;10.849863;120.53998
1521664505371;-47.529297;7.9099154;130.61917
1521664505383;-58.09961;3.4299934;144.54907
1521664505391;-61.59961;2.2399907;152.04138
1521664505414;-61.59961;-0.20999908;165.83064
1521664505424;-61.039062;2.3799443;174.29953
1521664505431;-67.26953;4.6899433;185.9911
1521664505443;-72.86914;3.0799568;194.81155
1521664505451;-74.89844;-0.55999756;202.86246
1521664505464;-77.2793;-4.339966;212.59308
1521664505472;-73.359375;-8.889893;219.38225
1521664505484;-66.7793;-12.73999;224.63232
1521664505491;-56.979492;-15.329834;234.36295
1521664505512;-49.279297;-20.57959;249.76161
1521664505524;-43.189453;-25.549805;254.38278
1521664505532;-30.799805;-30.869629;257.87503
1521664505544;-19.109863;-35.839844;262.50018
1521664505551;-2.6599731;-39.339844;265.29715
1521664505564;9.16993;-41.719727;269.5004
1521664505571;9.239999;-40.529297;275.23495
1521664505583;16.169952;-36.469727;275.86777
1521664505591;34.649544;-34.439453;276.14905
1521664505613;56.349823;-47.739258;283.9852
1521664505624;67.96926;-45.989258;285.18057
1521664505632;72.10016;-42.0;289.58694
1521664505643;77.77012;-38.5;291.61826
1521664505651;84.69986;-35.979492;293.64957
1521664505663;90.57881;-34.719727;294.55585
1521664505671;108.219574;-30.029785;292.04016
1521664505683;110.530136;-26.03955;293.01675
1521664505691;116.40909;-24.639648;291.12607
1521664505713;151.13121;-9.379883;279.08664
1521664505724;134.81845;6.159915;281.4695
1521664505732;117.670815;12.879894;276.84436
1521664505744;105.70002;18.829624;268.09412
1521664505752;98.13942;24.079636;262.14862
1521664505764;83.369774;26.669971;262.77362
1521664505772;79.10021;24.429733;262.50018
1521664505784;92.7507;19.039587;254.94138
1521664505792;98.06911;14.000013;247.03111
1521664505813;82.3893;10.21998;236.67157
1521664505824;74.05916;10.359873;229.04256
1521664505831;60.969955;15.889907;214.2728
1521664505843;58.30979;22.189983;205.59297
1521664505851;49.139835;27.230032;199.43272
1521664505864;34.719856;28.629936;191.45213
1521664505872;25.269579;27.649954;180.95197
1521664505884;17.569857;26.25005;172.34247
1521664505892;14.209974;23.029829;162.26028
1521664505914;22.88969;22.189983;141.25996
1521664505924;24.219772;23.379927;131.8106
1521664505931;22.88969;26.25005;123.40914
1521664505944;24.919968;24.639694;111.09069
1521664505952;24.849655;23.099653;95.47924
1521664505964;23.099653;21.699747;86.02995
1521664505972;22.329632;19.529821;74.34041
1521664505984;22.399944;19.039587;61.38988
1521664505992;26.80962;19.739782;49.069523
1521664506013;37.029438;13.649915;26.46001
1521664506032;40.670074;3.989991;3.8499763
1521664506052;27.789602;-0.069999695;-17.07959
1521664506064;18.339878;-1.2599792;-32.549805
1521664506072;13.299817;-2.0999756;-43.11914
1521664506084;9.589852;-5.3898926;-52.70996
1521664506092;8.750008;-9.23999;-61.529297
1521664506113;9.029794;-16.589844;-78.958984
1521664506134;10.569834;-21.34961;-94.91992
1521664506152;5.7399926;-27.159668;-108.56836
1521664506164;1.189972;-30.799805;-114.16992
1521664506172;-1.1199951;-37.09961;-126.208984
1521664506184;-1.9599915;-39.339844;-131.73828
1521664506191;-3.289978;-42.0;-135.58984
1521664506214;-11.689941;-49.20996;-144.82812
1521664506224;-17.639648;-54.039062;-150.77734
1521664506233;-22.469727;-56.55957;-156.9375
1521664506243;-23.869629;-57.95996;-162.46875
1521664506252;-25.689941;-60.759766;-167.29688
1521664506264;-33.039062;-63.41992;-171.63672
1521664506272;-35.69922;-62.5791;-176.8164
1521664506284;-33.25;-60.899414;-183.53906
1521664506292;-39.05957;-64.04883;-186.19922
1521664506314;-52.149414;-71.328125;-196.76953
1521664506324;-63.0;-72.6582;-199.5664
1521664506332;-65.44922;-71.18945;-202.64844
1521664506344;-58.09961;-68.94922;-205.02734
1521664506352;-50.469727;-68.17969;-205.79688
1521664506364;-49.0;-67.478516;-205.72656
1521664506373;-57.259766;-63.839844;-205.72656
1521664506384;-55.089844;-57.469727;-209.22656
1521664506392;-55.789062;-55.859375;-210.97656
1521664506410;-71.75;-58.51953;-212.3086
1521664506415;-49.76953;-56.20996;-218.1875
1521664506433;-54.38965;-47.59961;-212.72656
1521664506444;-61.66992;-42.069336;-213.63672
1521664506452;-63.279297;-34.299805;-217.97656
1521664506464;-61.319336;-28.20996;-221.0586
1521664506472;-58.65918;-28.139648;-220.77734
1521664506484;-61.529297;-35.34961;-217.69922
1521664506493;-77.2793;-42.90918;-214.40625
1521664506514;-65.16992;-24.639648;-224.13672
1521664506532;-53.969727;-4.7598877;-228.40625
1521664506552;-64.958984;-23.169922;-223.64844
1521664506564;-71.46875;-37.51953;-218.11719
1521664506572;-70.2793;-39.479492;-216.85938
1521664506593;-16.869629;-9.0998535;-228.19922
1521664506614;1.9599916;7.0000033;-222.25
1521664506624;-9.23999;-1.75;-215.10938
1521664506632;-24.009766;-18.409668;-206.5
1521664506644;-19.669922;-22.32959;-207.96875
1521664506652;-0.20999908;-18.269531;-216.01953
1521664506664;12.669933;-11.199951;-216.78906
1521664506673;23.309614;-7.3499756;-214.96875
1521664506684;17.989779;-8.609863;-208.17969
1521664506693;3.149964;-11.619873;-202.78906
1521664506714;-6.7199707;-12.319824;-193.89844
1521664506733;-0.13999939;-19.179688;-182.76953
1521664506753;30.730038;-20.929688;-174.71875
1521664506773;29.679743;-17.149902;-159.52734
1521664506793;28.000053;-21.279785;-138.3164
1521664506808;18.7598;-24.70996;-127.39844
1521664506817;25.619677;-23.09961;-126.208984
1521664506832;42.279457;-21.629883;-119.41992
1521664506844;42.90934;-22.819824;-111.92969
1521664506852;33.03919;-22.679688;-100.37891
1521664506864;22.539593;-20.719727;-87.5
1521664506873;12.250011;-19.389648;-76.78906
1521664506884;8.609871;-18.689941;-70.34961
1521664506892;6.579959;-17.429688;-65.0293
1521664506913;3.2199714;-12.389893;-52.429688
1521664506933;-14.559814;-7.699951;-35.839844
1521664506944;-23.799805;-6.089966;-27.78955
1521664506952;-29.049805;-4.2698975;-21.419922
1521664506972;-29.399902;-2.3099976;-7.629883
1521664506984;-26.45996;0.48999786;-0.41999817
1521664506992;-24.5;1.4699708;5.179934
1521664507013;-21.139648;2.7999883;14.559828
1521664507032;-20.369629;2.0299687;29.399958
1521664507044;-21.769531;0.13999939;36.889786
1521664507052;-22.259766;-1.6799927;43.329266
1521664507073;-21.34961;1.5399781;54.88009
1521664507092;-25.05957;5.599978;77.00059
1521664507114;-30.09961;5.7399926;92.7507
1521664507133;-10.919922;12.109875;109.47935
1521664507149;-12.669922;12.179943;121.59077
1521664507155;-16.589844;10.50001;128.93945
1521664507173;-30.029785;13.719983;150.92026
1521664507193;-34.01953;12.109875;170.65884
1521664507214;-32.549805;7.979984;181.36995
1521664507233;-58.65918;5.879885;207.83128
1521664507244;-69.43945;3.2899787;221.20259
1521664507253;-70.9082;0.83999634;230.65195
1521664507273;-44.65918;-3.2199707;239.26146
1521664507293;-18.82959;-3.9899902;250.53116
1521664507308;-8.329834;-5.73999;266.83624
1521664507315;-0.9099884;-6.089966;275.65683
1521664507333;30.37994;-1.1199951;277.89908
1521664507344;39.899563;2.519959;280.83667
1521664507353;42.90934;3.8499763;284.61804
1521664507373;61.109608;4.5499287;285.3837
1521664507393;47.25018;0.9099884;294.13397
1521664507407;59.14964;3.0099494;291.47763
1521664507415;64.398926;7.769901;293.01675
1521664507433;78.39903;19.250036;285.73526
1521664507454;67.408714;28.69976;285.3134
1521664507473;51.449413;24.149948;284.61804
1521664507494;54.88009;7.6999545;278.94598
1521664507507;67.059105;6.4399443;273.06302
1521664507515;94.149155;11.479991;263.40646
1521664507533;90.15889;30.37994;259.97665
1521664507544;84.840485;38.989403;256.33594
1521664507553;86.65886;47.529476;251.44133
1521664507573;96.18042;50.67988;246.05063
1521664507593;104.86017;45.63982;231.4918
1521664507608;105.97932;43.60954;221.69087
1521664507616;94.780014;41.78922;214.83139
1521664507633;78.32872;45.2199;199.8507
1521664507654;49.699406;46.619316;180.04181
1521664507674;26.46001;42.90934;159.31883
1521664507693;23.939985;40.670074;132.72076
1521664507709;22.960003;30.519588;108.07895
1521664507717;22.11967;42.55973;108.219574
1521664507733;8.959969;40.599762;100.44998
1521664507753;-3.5699463;30.659725;71.26031
1521664507774;-4.5499268;31.50006;49.139835
1521664507793;3.4299934;27.089895;24.56987
1521664507807;5.2500024;20.64994;10.779795
1521664507816;3.2899787;14.909925;-3.0099487
1521664507829;-0.34999847;10.569834;-15.819824
1521664507835;-4.199951;5.4599633;-27.859863
1521664507853;-7.279907;1.3299867;-50.189453
1521664507873;-5.949951;-6.0198975;-75.5293
1521664507893;-1.4699707;-9.449951;-93.37891
1521664507913;-0.13999939;-10.289795;-109.05859
1521664507933;-1.4699707;-13.019775;-123.61914
1521664507953;-10.429932;-17.779785;-135.3789
1521664507973;-27.57959;-22.889648;-146.92969
1521664507994;-53.61914;-25.969727;-163.58984
1521664508014;-78.328125;-25.129883;-176.53906
1521664508033;-84.2793;-19.389648;-190.67969
1521664508054;-88.19922;-10.359863;-197.25781
1521664508073;-84.978516;-0.13999939;-202.57812
1521664508093;-59.429688;2.1699834;-205.9375
1521664508108;-54.38965;-7.279907;-207.6875
1521664508115;-51.029297;-16.379883;-209.22656
1521664508134;-37.589844;-30.239746;-208.59766
1521664508153;-38.429688;-23.029785;-206.35938
1521664508173;-26.109863;-4.409912;-218.46875
1521664508194;-7.629883;-4.409912;-223.22656
1521664508208;3.5000007;-10.8498535;-223.29688
1521664508215;6.0899687;-25.339844;-221.96875
1521664508234;16.449738;-33.319336;-226.58984
1521664508254;-15.189941;-29.189941;-223.15625
1521664508274;-18.409668;-25.409668;-223.78906
1521664508294;20.789589;-23.09961;-227.14844
1521664508307;44.5197;-22.95996;-229.94922
1521664508315;43.25993;-25.619629;-226.16797
1521664508334;35.48939;-32.26953;-227.5
1521664508354;45.710133;-33.879883;-223.57812
1521664508374;50.049995;-30.029785;-216.85938
1521664508394;34.089973;-33.319336;-217.13672
1521664508409;33.739384;-38.0791;-216.01953
1521664508417;32.96985;-43.819336;-211.60938
1521664508434;57.750217;-44.30957;-217.0
1521664508454;54.03927;-38.009766;-214.40625
1521664508465;41.64957;-37.09961;-208.52734
1521664508475;31.219786;-40.25;-202.64844
1521664508494;33.460087;-50.679688;-187.25
1521664508508;37.519672;-55.5791;-183.53906
1521664508515;49.76972;-56.0;-185.91797
1521664508534;67.89895;-45.359375;-178.98828
1521664508554;61.599842;-49.489258;-152.59766
1521664508574;57.819553;-44.44922;-137.1289
1521664508594;43.960125;-44.029297;-120.88867
1521664508608;36.609512;-40.80957;-114.37891
1521664508615;30.029842;-37.029297;-109.12891
1521664508634;19.529821;-32.899414;-100.79883
1521664508654;2.6599736;-29.259766;-88.68945
1521664508674;-25.05957;-21.419922;-72.6582
1521664508694;-44.30957;-14.839844;-62.15918
1521664508714;-56.41992;-9.309814;-49.629883
1521664508734;-63.069336;-3.7799683;-39.899414
1521664508745;-61.739258;-0.6299896;-35.13965
1521664508755;-59.779297;3.0099494;-30.239746
1521664508774;-55.719727;5.179934;-15.189941
1521664508794;-58.939453;5.9499536;0.69999695
1521664508809;-60.05957;8.049812;8.329842
1521664508817;-57.11914;9.44996;13.929944
1521664508834;-47.529297;10.0798435;25.969774
1521664508845;-47.529297;8.39991;31.989805
1521664508855;-46.8291;6.0199003;38.429832
1521664508866;-45.63965;3.9199836;46.68963
1521664508875;-46.05957;3.0099494;56.630096
1521664508887;-45.429688;4.3399677;64.81885
1521664508895;-45.149414;5.599978;75.94979
1521664508907;-45.569336;4.7598896;84.42056
1521664508917;-46.19922;5.4599633;94.430405
1521664508927;-54.039062;6.5098906;106.75081
1521664508935;-62.719727;6.369998;118.44035
1521664508946;-63.489258;4.9699726;126.909164
1521664508955;-63.34961;3.989991;136.77942
1521664508967;-61.45996;1.9599916;145.38893
1521664508975;-57.539062;-0.83999634;153.58046
1521664508987;-59.429688;-3.709961;164.77985
1521664508995;-65.58984;-5.3199463;176.47144
1521664509009;-75.80859;-6.369995;194.45999
1521664509015;-76.01953;-8.469971;204.88983
1521664509027;-69.71875;-11.759766;212.38214
1521664509035;-60.26953;-14.769775;218.0502
1521664509046;-56.489258;-16.72998;227.01128
1521664509055;-56.0;-20.089844;238.77316
1521664509068;-54.109375;-23.379883;250.32022
1521664509076;-46.899414;-24.219727;260.53918
1521664509087;-35.489258;-24.07959;269.5004
1521664509095;-16.169922;-27.019531;275.16464
1521664509109;5.7399926;-30.939941;278.4538
1521664509116;33.460087;-29.819824;281.81326
1521664509128;37.939594;-24.989746;289.02444
1521664509135;40.109528;-22.75;295.46994
1521664509147;45.42986;-21.839844;299.45444
1521664509155;54.529503;-20.299805;300.50916
1521664509167;68.529816;-15.259766;298.40753
1521664509175;72.729065;-8.819824;299.38412
1521664509187;73.92048;-6.159912;302.6811
1521664509195;66.01027;-5.459961;307.36874
1521664509209;52.849808;-4.6899414;311.36105
1521664509219;50.259956;-2.4499512;310.7282
1521664509234;55.300014;2.0299687;307.93124
1521664509246;56.349823;-1.6099854;305.54837
1521664509255;61.809803;-2.869995;300.93103
1521664509267;51.729687;0.48999786;300.57947
1521664509275;43.960125;6.859988;298.40753
1521664509287;46.829277;11.759776;292.2511
1521664509295;45.50017;13.019788;288.3994
1521664509309;37.939594;14.349867;287.27438
1521664509315;34.01966;16.169952;284.12585
1521664509327;38.56948;16.589874;276.91467
1521664509335;41.29996;15.329848;271.03952
1521664509346;40.3898;11.059825;265.22684
1521664509355;56.699432;9.16993;256.47656
1521664509366;67.89895;10.289804;250.11319
1521664509375;63.420162;15.750014;251.16008
1521664509394;60.689682;17.63968;243.8123
1521664509409;60.82933;13.229993;233.73012
1521664509416;70.20952;11.549815;222.3901
1521664509427;84.559235;15.25978;212.52277
1521664509435;93.379616;21.699747;204.81952
1521664509446;95.82885;27.649954;197.6827
1521664509457;93.79954;33.31946;188.581
1521664509466;81.549446;31.429747;182.63168
1521664509475;68.25052;26.80962;172.40887
1521664509487;65.17042;23.309614;159.7407
1521664509495;66.21925;23.099653;150.22104
1521664509509;67.340355;24.429733;143.0803
1521664509515;71.04937;26.25005;135.5919
1521664509531;69.36967;28.279839;128.79883
1521664509535;63.55981;28.559624;121.30952
1521664509546;59.779522;27.509817;113.539925
1521664509555;57.119358;22.88969;103.67071
1521664509566;54.809776;18.339878;86.799484
1521664509575;51.729687;17.009798;78.19005
1521664509587;48.229675;17.289583;71.04937
1521664509597;40.3898;16.379913;63.840084
1521664509608;35.979626;14.839857;52.92012
1521664509616;34.089973;12.669933;42.00016
1521664509629;31.009825;10.0798435;31.919981
1521664509635;26.389698;5.1099877;21.839884
1521664509647;18.96976;-2.0299683;12.389904
1521664509655;12.250011;-7.7698975;1.6799928
1521664509668;11.059825;-9.589844;-9.659912
1521664509675;11.899913;-11.129883;-17.5
1521664509688;6.0899687;-16.169922;-28.909668
1521664509695;0.34999847;-17.28955;-36.539062
1521664509709;-2.7299805;-16.589844;-44.86914
1521664509715;-1.6799927;-16.589844;-52.779297
1521664509727;-1.6799927;-17.009766;-59.359375
1521664509735;2.8699956;-17.28955;-66.359375
1521664509747;6.7199736;-18.549805;-73.708984
1521664509755;8.259773;-20.859863;-80.42969
1521664509767;9.099862;-23.09961;-87.28906
1521664509775;8.469978;-24.989746;-93.728516
1521664509788;4.5499287;-27.159668;-98.978516
1521664509795;-4.8999023;-32.26953;-109.478516
1521664509811;-11.759766;-34.789062;-116.68945
1521664509816;-20.159668;-38.569336;-123.89844
1521664509828;-28.699707;-41.509766;-130.54688
1521664509835;-36.469727;-42.13965;-137.1289
1521664509847;-46.19922;-42.76953;-144.1289
1521664509855;-53.26953;-45.149414;-152.25
1521664509867;-59.0791;-46.549805;-159.38672
1521664509875;-64.67969;-47.109375;-165.1289
1521664509887;-66.98828;-46.899414;-172.75781
1521664509895;-69.228516;-48.929688;-181.15625
1521664509909;-76.43945;-52.70996;-194.10938
1521664509918;-79.6582;-50.95996;-200.47656
1521664509928;-77.48828;-48.15918;-207.61719
1521664509935;-74.828125;-46.899414;-215.17969
1521664509947;-73.84961;-47.529297;-218.8164
1521664509955;-73.7793;-49.279297;-218.88672
1521664509967;-72.16992;-52.009766;-220.5
1521664509975;-61.039062;-53.899414;-225.11719
1521664509987;-45.63965;-59.219727;-231.34766
1521664509995;-39.899414;-70.06836;-238.27734
1521664510009;-42.979492;-77.55859;-241.35938
1521664510016;-37.729492;-74.26953;-240.51953
1521664510029;-17.84961;-59.70996;-241.63672
1521664510037;-10.919922;-51.44922;-243.66797
1521664510048;5.0399194;-43.3291;-246.75
1521664510056;24.009811;-37.589844;-248.77734
1521664510068;35.769665;-38.359375;-247.9375
1521664510076;47.25018;-45.5;-247.65625
1521664510088;53.059772;-58.51953;-247.79688
1521664510097;46.13006;-73.359375;-247.3789
1521664510110;38.920067;-84.69922;-246.11719
1521664510115;31.71002;-90.228516;-243.8789
1521664510129;12.809826;-89.87891;-238.13672
1521664510136;-26.879883;-74.12891;-232.25781
1521664510148;-39.479492;-52.569336;-235.26953
1521664510156;-52.989258;-34.439453;-238.13672
1521664510170;-62.859375;-26.45996;-238.48828
1521664510175;-72.6582;-27.57959;-234.00781
1521664510187;-84.69922;-35.979492;-226.16797
1521664510195;-88.05859;-46.759766;-219.3789
1521664510210;-89.59961;-53.40918;-214.40625
1521664510216;-78.259766;-50.049805;-217.76953
1521664510228;-61.529297;-33.66992;-221.96875
1521664510235;-58.379883;-15.049805;-219.02734
1521664510247;-43.88965;-3.6399536;-216.15625
1521664510255;-49.90918;-8.609863;-205.23828
1521664510268;-56.20996;-18.339844;-194.59766
1521664510275;-37.86914;-23.72998;-195.92969
1521664510288;-19.59961;-19.25;-196.13672
1521664510296;-1.1899719;-13.369873;-195.78906
1521664510310;27.789602;-8.539795;-203.13672
1521664510318;42.76969;-5.25;-202.71875
1521664510328;39.05972;-7.5599365;-193.89844
1521664510335;30.099667;-15.75;-186.47656
1521664510347;28.279839;-25.82959;-184.79688
1521664510355;38.639793;-30.659668;-185.42969
1521664510368;41.22965;-32.479492;-179.6875
1521664510376;32.829224;-36.3291;-175.48828
1521664510387;29.329645;-40.529297;-173.94922
1521664510395;28.909721;-42.20996;-169.53906
1521664510410;23.23979;-40.80957;-160.29688
1521664510417;14.839857;-38.359375;-152.94922
1521664510428;9.309823;-37.09961;-149.23828
1521664510436;9.44996;-35.69922;-147.48828
1521664510447;14.839857;-33.109375;-144.0586
1521664510456;15.049819;-31.359863;-134.75
1521664510467;8.750008;-32.8291;-124.17969
1521664510476;-1.6099854;-34.299805;-109.96875
1521664510488;-6.089966;-30.30957;-100.93945
1521664510496;-9.309814;-24.149902;-92.88867
1521664510512;-8.539795;-20.649902;-88.05859
1521664510516;-6.2999268;-18.549805;-82.59961
1521664510528;-6.089966;-17.07959;-75.5293
1521664510536;-6.5098877;-16.30957;-68.87891
1521664510547;-8.189941;-15.819824;-62.15918
1521664510556;-11.969971;-14.559814;-54.039062
1521664510567;-16.72998;-12.529785;-46.479492
1521664510576;-21.069824;-9.939941;-39.689453
1521664510588;-30.09961;-7.209961;-28.34961
1521664510596;-33.45996;-6.579956;-22.469727
1521664510612;-35.20996;-5.669922;-17.5
1521664510617;-33.38965;-4.6899414;-12.809814
1521664510628;-31.779785;-4.0599365;-8.75
1521664510636;-30.589844;-3.6399536;-4.2698975
1521664510648;-29.32959;-2.4499512;1.4699708
1521664510657;-30.30957;-0.6299896;9.519784
1521664510668;-32.19922;0.69999695;16.029816
1521664510676;-31.84961;1.6099855;21.139688
1521664510688;-29.259766;1.8899843;26.949757
1521664510696;-23.169922;1.2599794;32.339966
1521664510711;-17.919922;0.69999695;40.94937
1521664510717;-17.639648;0.83999634;45.569508
1521664510728;-13.789795;1.6799928;51.309765
1521664510736;-12.529785;1.4699708;60.47972
1521664510747;-9.449951;0.34999847;69.02006
1521664510757;-3.919983;0.9099884;78.19005
1521664510768;3.359986;1.6799928;86.100266
1521664510777;14.909925;1.0499879;92.81906
1521664510789;22.819866;0.6299896;100.520294
1521664510796;26.80962;3.2899787;108.989105
1521664510810;22.399944;7.4899936;117.95011
1521664510817;11.969981;9.729989;133.27937
1521664510829;4.7598896;8.959969;143.84984
1521664510837;1.3299867;9.16993;151.97105
1521664510848;-0.48999786;10.779795;158.90085
1521664510858;-6.0198975;12.740002;166.81113
1521664510868;-13.719971;15.469985;175.97923
1521664510877;-19.179688;16.09964;183.61217
1521664510888;-22.259766;15.539809;191.2412
1521664510896;-27.859863;15.889907;201.31947
1521664510910;-33.25;14.979994;209.86256
1521664510917;-34.859375;12.809826;216.15955
1521664510929;-26.529785;12.740002;223.15965
1521664510937;-23.09961;14.2797985;229.60115
1521664510948;-23.379883;14.490004;236.46063
1521664510957;-28.0;12.949963;243.88261
1521664510968;-26.949707;11.059825;248.99207
1521664510976;-19.529785;11.549815;252.84369
1521664510989;-21.489746;14.209974;260.81262
1521664510997;-20.089844;13.649915;265.0159
1521664511010;-9.799805;11.129893;264.45337
1521664511017;-0.48999786;11.479991;267.39877
1521664511029;7.839969;14.2797985;270.6176
1521664511037;13.929944;15.819839;278.25067
1521664511048;3.569947;11.549815;285.3134
1521664511057;7.769901;7.139896;288.04785
1521664511069;16.730011;6.5098906;288.61035
1521664511077;29.609919;10.149912;287.9072
1521664511089;38.849754;16.86966;287.62595
1521664511096;35.769665;23.519575;292.11047
1521664511111;31.779844;22.750042;295.8137
1521664511117;45.98943;17.42972;291.05576
1521664511129;65.449715;18.129917;287.06345
1521664511138;61.52953;25.480028;292.9464
1521664511148;53.340046;30.029842;296.37622
1521664511157;50.539253;27.579641;290.00885
1521664511168;67.19973;26.0396;283.3602
1521664511177;78.39903;27.36968;280.9773
1521664511188;84.908844;28.69976;279.3679
1521664511198;92.95969;29.889704;273.27396
1521664511211;96.11011;30.589901;265.0159
1521664511221;101.56913;32.479614;256.47656
1521664511231;98.629654;36.750137;251.72258
1521664511237;84.69986;41.22965;251.02336
1521664511250;73.63923;42.90934;250.32022
1521664511258;63.069576;40.109528;247.59361
1521664511269;55.090054;30.659725;236.8825
1521664511278;71.8189;27.36968;224.4917
1521664511289;86.8698;27.719778;215.60094
1521664511297;89.31904;31.219786;212.1712
1521664511312;81.69007;35.769665;207.343
1521664511319;67.19973;38.079247;198.65927
1521664511329;51.170116;38.35952;187.74113
1521664511337;41.159336;38.14956;178.29178
1521664511348;35.769665;37.44936;169.95961
1521664511357;37.029438;35.27943;160.93213
1521664511369;40.809723;31.849669;150.639
1521664511377;41.159336;30.519588;135.86925
1521664511389;38.500145;32.759888;126.909164
1521664511397;34.929817;32.619263;118.229416
1521664511411;28.629936;31.71002;110.38951
1521664511419;26.389698;30.589901;100.170685
1521664511429;30.869686;30.239803;88.96942
1521664511437;37.09975;30.16998;79.37951
1521664511449;39.82925;27.509817;69.22904
1521664511457;42.00016;24.849655;58.590065
1521664511470;44.099777;22.259808;47.80975
1521664511478;47.25018;20.01957;37.86928
1521664511489;52.569534;16.3096;29.04986
1521664511497;58.519753;7.0000033;15.329848
1521664511518;57.050022;-3.7799683;-4.339966
1521664511529;52.359573;-6.159912;-12.669922
1521664511537;46.68963;-6.789917;-21.419922
1521664511548;39.6896;-8.819824;-30.169922
1521664511557;33.250126;-11.549805;-38.91992
1521664511569;28.69976;-15.119873;-48.089844
1521664511578;24.009811;-18.199707;-56.13965
1521664511589;18.480015;-20.019531;-63.629883
1521664511597;14.349867;-21.769531;-71.328125
1521664511613;9.799813;-26.179688;-81.61914
1521664511618;6.2999296;-28.489746;-88.12891
1521664511629;1.8199769;-31.919922;-94.5
1521664511637;-2.6599731;-35.41992;-101.14844
1521664511649;-9.939941;-38.359375;-107.0293
1521664511658;-17.28955;-41.719727;-113.53906
1521664511669;-24.359863;-44.30957;-120.18945
1521664511677;-29.889648;-45.779297;-125.92969
1521664511689;-34.229492;-47.66992;-130.1289
1521664511697;-40.38965;-50.95996;-133.48828
1521664511712;-47.319336;-55.299805;-138.8789
1521664511719;-53.689453;-59.0791;-153.22656
1521664511729;-58.239258;-59.779297;-161.48828
1521664511737;-66.21875;-60.969727;-166.94922
1521664511749;-73.98828;-61.38965;-172.89844
1521664511758;-78.958984;-60.129883;-179.19922
1521664511770;-83.01953;-59.989258;-185.14844
1521664511777;-91.76953;-61.879883;-190.60938
1521664511789;-99.958984;-63.489258;-197.8164
1521664511797;-106.39844;-63.76953;-205.51953
1521664511812;-111.78906;-62.15918;-211.25781
1521664511818;-117.80859;-59.569336;-215.3164
1521664511830;-124.38867;-57.469727;-219.3086
1521664511838;-130.89844;-55.719727;-227.5
1521664511849;-131.66797;-55.789062;-233.3789
1521664511857;-129.63672;-56.41992;-237.92969
1521664511870;-128.23828;-57.259766;-239.46875
1521664511879;-138.94922;-57.95996;-236.73828
1521664511890;-148.95703;-58.589844;-235.54688
1521664511898;-145.3164;-56.13965;-237.78906
1521664511912;-141.95703;-48.649414;-238.27734
1521664511921;-126.48828;-34.719727;-239.04688
1521664511929;-96.59961;-17.5;-243.94922
1521664511937;-68.38867;-3.0099487;-247.86719
1521664511949;-46.549805;4.9699726;-247.09766
1521664511957;-45.009766;1.3299867;-243.94922
1521664511969;-47.59961;-4.199951;-240.58984
1521664511978;-45.149414;-7.279907;-238.0
1521664511990;-45.289062;-7.699951;-234.91797
1521664511997;-36.679688;-6.579956;-233.44922
1521664512012;-19.59961;-3.5699463;-233.79688
1521664512018;-4.9699707;0.20999908;-231.97656
1521664512032;8.469978;2.5899663;-230.36719
1521664512037;13.929944;2.729981;-227.84766
1521664512049;7.419925;0.83999634;-224.0
1521664512057;22.189983;2.4499516;-227.98828
1521664512069;36.049942;5.7399926;-229.25
1521664512077;32.339966;3.8499763;-224.34766
1521664512089;28.69976;-3.2199707;-221.82812
1521664512097;22.469769;-9.0998535;-219.86719
1521664512112;11.059825;-14.3498535;-215.8789
1521664512118;11.549815;-17.639648;-213.84766
1521664512130;12.740002;-17.28955;-212.02734
1521664512138;15.189956;-12.529785;-211.67969
1521664512151;18.269566;-5.8099365;-211.60938
1521664512158;15.959975;-1.2599792;-208.38672
1521664512170;5.6699243;-2.3099976;-202.08984
1521664512178;-4.7598877;-6.789917;-198.3789
1521664512189;-17.009766;-7.48999;-196.41797
1521664512198;-36.3291;-11.339844;-190.39844
1521664512212;-55.089844;-17.70996;-182.90625
1521664512219;-67.33984;-20.299805;-175.6289
1521664512230;-77.0;-18.47998;-167.29688
1521664512238;-79.79883;-13.22998;-160.22656
1521664512249;-77.55859;-5.879883;-157.28906
1521664512258;-75.59961;7.0000033;-156.23828
1521664512270;-76.71875;15.049819;-147.0664
1521664512278;-71.53906;13.579846;-139.08984
1521664512289;-57.88965;10.919931;-131.52734
1521664512298;-51.51953;12.459972;-123.478516
1521664512313;-45.5;13.229993;-116.89844
1521664512319;-39.479492;14.209974;-112.48828
1521664512330;-34.01953;14.490004;-107.16992
1521664512338;-30.379883;14.839857;-101.5
1521664512349;-25.129883;15.609878;-97.29883
1521664512358;-18.899902;15.889907;-94.078125
1521664512370;-12.389893;14.699965;-90.1582
1521664512378;-5.879883;12.250011;-86.09961
1521664512389;1.7500001;10.639902;-83.1582
1521664512399;13.859876;9.659921;-78.609375
1521664512412;21.279825;8.609871;-75.458984
1521664512419;27.36968;8.189949;-71.39844
1521664512430;29.25982;8.259773;-67.828125
1521664512438;28.839897;8.8899;-64.958984
1521664512450;27.230032;9.16993;-61.039062
1521664512458;26.25005;7.9099154;-56.55957
1521664512470;22.189983;5.7399926;-49.979492
1521664512478;19.809607;4.1298847;-44.939453
1521664512490;21.629923;4.6899433;-42.489258
1521664512499;22.67973;6.859988;-39.759766
1521664512512;21.769571;9.029794;-31.70996
1521664512519;14.559828;8.609871;-26.109863
1521664512530;8.959969;6.7199736;-20.439941
1521664512539;2.6599736;4.409914;-14.559814
1521664512550;-2.5199585;1.7500001;-7.699951
1521664512558;-5.949951;-0.069999695;-1.3299866
1521664512570;-3.9899902;-0.20999908;2.729981
1521664512578;-2.7299805;2.2399907;7.769901
1521664512590;-4.619995;2.939942;15.049819
1521664512598;-9.659912;0.769989;23.730024
1521664512613;-10.009766;-2.2399902;31.779844
1521664512618;-9.169922;-4.339966;40.460114
1521664512630;-15.75;-5.5999756;52.989456
1521664512638;-14.139893;-6.2999268;59.14964
1521664512650;-12.459961;-7.3499756;66.01027
1521664512658;-11.409912;-9.379883;72.17047
1521664512669;-6.2999268;-12.039795;77.84043
1521664512678;-1.75;-13.159912;85.32877
1521664512690;-3.3599854;-12.109863;95.969475
1521664512698;-6.579956;-13.509766;105.840645
1521664512712;-7.629883;-17.5;114.5204
1521664512720;-6.0198975;-21.139648;123.27047
1521664512730;1.5399781;-21.839844;130.2012
1521664512738;2.7999883;-19.179688;143.36156
1521664512750;-4.409912;-19.669922;153.43983
1521664512759;-9.23999;-22.95996;162.61185
1521664512770;-12.879883;-24.779785;173.18233
1521664512778;-14.839844;-24.07959;183.33092
1521664512790;-14.97998;-22.889648;191.03026
1521664512798;-17.219727;-21.839844;198.65927
1521664512813;-20.159668;-21.909668;206.71017
1521664512820;-21.489746;-22.32959;215.67125
1521664512830;-25.82959;-22.53955;225.81984
1521664512839;-24.84961;-24.359863;233.31215
1521664512850;-11.759766;-26.879883;245.00374
1521664512859;-1.3299866;-30.379883;253.19136
1521664512870;9.729989;-29.75;259.90634
1521664512879;17.219759;-27.57959;265.92996
1521664512891;24.219772;-27.369629;272.85986
1521664512899;25.829638;-28.0;280.69604
1521664512912;28.980034;-28.34961;286.57904
1521664512918;39.6896;-26.739746;288.9541
1521664512930;50.67988;-23.239746;292.8761
1521664512939;58.939674;-20.929688;296.72778
1521664512949;76.09042;-18.199707;296.65747
1521664512959;89.6706;-13.789795;298.2669
1521664512970;82.03969;-7.909912;307.22812
1521664512978;77.3502;-3.1499634;310.1657
1521664512990;79.10021;1.3299867;311.36105
1521664512999;89.879585;3.989991;308.97815
1521664513013;114.5204;7.419925;304.00928
1521664513019;121.239204;10.289804;304.1499
1521664513032;120.04974;13.019788;304.2202
1521664513039;121.87006;18.7598;300.01697
1521664513050;109.89927;26.80962;300.36853
1521664513059;82.949844;32.829224;304.98584
1521664513070;76.44003;34.649544;303.02487
1521664513078;98.84059;32.899536;290.50104
1521664513090;120.469666;33.88001;282.65704
1521664513099;122.6396;36.889786;279.57883
1521664513113;108.70981;39.26968;275.72714
1521664513121;95.76049;40.250153;267.4691
1521664513130;85.4694;42.630043;258.7188
1521664513139;73.85017;49.63007;255.22264
1521664513150;60.199448;58.939674;257.31253
1521664513159;47.739437;62.43969;255.99217
1521664513171;48.369324;57.96018;245.28108
1521664513179;59.56956;50.819527;231.63243
1521664513191;76.36972;46.13006;218.89005
1521664513199;69.930214;46.54998;215.60094
1521664513213;52.009964;47.109554;212.03058
1521664513219;38.21987;46.89959;203.0031
1521664513232;27.649954;45.98943;191.52245
1521664513241;20.089882;47.03924;182.84262
1521664513252;19.459997;47.179867;176.19019
1521664513259;19.949743;46.34002;169.8893
1521664513270;18.619663;44.029465;164.36188
1521664513280;15.959975;39.549953;156.10004
1521664513291;15.679946;35.420055;146.09207
1521664513299;13.369885;33.1095;138.1818
1521664513314;5.1099877;28.980034;126.77049
1521664513319;-0.769989;26.879932;117.95011
1521664513331;-2.5199585;26.389698;112.28015
1521664513339;-3.919983;25.12993;103.53008
1521664513350;-1.8199768;25.199755;93.3093
1521664513359;-0.34999847;25.480028;84.069
1521664513370;3.8499763;23.730024;74.40877
1521664513380;12.740002;20.159706;63.279537
1521664513390;23.379927;15.25978;53.059772
1521664513399;30.309628;9.16993;42.76969
1521664513423;20.230019;-4.0599365;5.3199487
1521664513431;13.439954;-4.7598877;-4.8999023
1521664513439;5.2500024;-6.4399414;-12.949951
1521664513450;1.3299867;-8.889893;-22.399902
1521664513459;-1.0499878;-11.969971;-33.94922
1521664513471;-7.7698975;-13.369873;-43.539062
1521664513479;-12.73999;-15.049805;-54.039062
1521664513491;-17.009766;-15.469971;-64.259766
1521664513499;-18.899902;-13.789795;-73.56836
1521664513513;-15.609863;-11.899902;-82.66992
1521664513520;-12.25;-11.829834;-89.66992
1521664513531;-8.819824;-15.329834;-101.708984
1521664513539;-7.699951;-19.179688;-109.96875
1521664513550;-8.819824;-23.09961;-117.03906
1521664513559;-9.23999;-25.759766;-123.12891
1521664513570;-9.799805;-29.399902;-130.33984
1521664513579;-13.439941;-33.529297;-137.6875
1521664513593;-17.70996;-35.76953;-143.70703
1521664513599;-18.969727;-37.09961;-149.9375
1521664513613;-21.20996;-39.40918;-156.9375
1521664513620;-27.299805;-40.319336;-161.20703
1521664513631;-31.989746;-40.80957;-167.22656
1521664513639;-37.51953;-40.319336;-174.57812
1521664513650;-47.039062;-39.339844;-183.39844
1521664513660;-48.929688;-39.05957;-190.11719
1521664513670;-47.739258;-39.26953;-196.41797
1521664513679;-51.86914;-39.339844;-200.0586
1521664513691;-56.279297;-39.26953;-205.02734
1521664513699;-54.879883;-40.59961;-212.23828
1521664513714;-56.41992;-42.0;-218.39844
1521664513719;-64.67969;-43.3291;-222.03906
1521664513731;-68.66992;-40.529297;-223.29688
1521664513739;-64.75;-36.95996;-225.60938
1521664513750;-64.328125;-36.819336;-228.82812
1521664513759;-78.958984;-40.319336;-232.1875
1521664513770;-80.42969;-38.5;-231.90625
1521664513780;-80.98828;-32.969727;-230.71875
1521664513791;-77.69922;-26.529785;-230.92969
1521664513800;-64.18945;-20.929688;-231.83984
1521664513813;-54.039062;-18.47998;-231.0
1521664513820;-42.69922;-17.779785;-230.71875
1521664513831;-23.799805;-15.959961;-232.8164
1521664513840;-9.659912;-12.25;-233.58984
1521664513850;-7.1398926;-10.149902;-232.88672
1521664513859;-12.5998535;-13.509766;-231.6289
1521664513872;-26.739746;-23.869629;-226.58984
1521664513879;-39.61914;-26.109863;-219.86719
1521664513891;-50.3291;-23.589844;-216.85938
1521664513899;-36.399414;-16.239746;-221.19922
1521664513923;-9.029785;1.0499879;-223.08984
1521664513931;-6.159912;2.8699956;-219.79688
1521664513939;-6.7199707;-1.8899841;-217.83984
1521664513950;-13.089844;-11.129883;-214.6875
1521664513959;-15.539795;-18.759766;-210.5586
1521664513971;-17.219727;-18.05957;-204.8164
1521664513979;-13.859863;-12.5998535;-203.0664
1521664513991;6.9299345;-3.1499634;-207.26953
1521664514000;8.750008;1.4699708;-205.51953
1521664514012;7.629886;0.55999756;-204.1875
1521664514020;2.309998;-7.0699463;-202.50781
1521664514031;-9.519775;-16.799805;-197.88672
1521664514039;-16.659668;-21.279785;-194.3164
1521664514051;-9.519775;-19.739746;-195.85938
1521664514060;2.519959;-15.889893;-198.44922
1521664514071;4.409914;-13.089844;-195.78906
1521664514080;-1.539978;-11.619873;-191.23828
1521664514093;-1.2599792;-10.8498535;-192.21875
1521664514099;-1.1899719;-9.449951;-192.98828
1521664514114;-11.339844;-10.219971;-186.1289
1521664514120;-16.379883;-13.019775;-181.36719
1521664514132;-11.269775;-16.169922;-182.13672
1521664514140;-0.769989;-17.219727;-184.58984
1521664514152;12.179943;-16.239746;-185.21875
1521664514160;14.000013;-14.97998;-181.01953
1521664514172;9.659921;-14.3498535;-175.90625
1521664514180;4.6899433;-14.629883;-169.95703
1521664514192;-5.949951;-15.679932;-161.0664
1521664514200;-12.109863;-13.789795;-157.35938
1521664514213;-3.7799683;-9.659912;-158.0586
1521664514221;4.409914;-5.3898926;-156.3086
1521664514232;-0.6299896;-0.27999878;-147.97656
1521664514239;-9.659912;-2.0299683;-136.91797
1521664514251;-10.5;-4.7598877;-130.40625
1521664514259;-11.619873;-2.4499512;-121.6582
1521664514271;-16.519531;0.9799957;-109.4082
1521664514279;-20.439941;1.5399781;-100.23828
1521664514292;-19.529785;1.4699708;-95.478516
1521664514299;-19.879883;1.8899843;-88.54883
1521664514314;-22.889648;1.7500001;-79.16992
1521664514323;-29.469727;0.41999817;-67.61914
1521664514332;-35.839844;-3.2199707;-61.94922
1521664514339;-36.539062;-3.079956;-56.069336
1521664514351;-36.11914;-2.2399902;-50.88965
1521664514360;-34.01953;-3.1499634;-46.759766
1521664514371;-32.899414;-4.6899414;-41.789062
1521664514380;-31.919922;-6.0198975;-36.95996
1521664514392;-30.379883;-6.579956;-32.899414
1521664514400;-28.909668;-6.579956;-27.859863
1521664514413;-26.739746;-6.159912;-22.75
1521664514422;-21.769531;-6.5098877;-18.619629
1521664514432;-16.30957;-6.8599854;-14.279785
1521664514439;-7.699951;-4.339966;-7.209961
1521664514451;0.55999756;-3.4299927;-3.4299927
1521664514460;6.369998;-2.9399414;0.9799957
1521664514472;11.199962;-2.3099976;6.369998
1521664514480;14.909925;-3.0099487;11.339854
1521664514492;17.079622;-3.919983;17.009798
1521664514501;18.899937;-3.8499756;22.469769
1521664514522;24.289597;-4.7598877;34.089973
1521664514532;23.589888;-4.619995;40.17984
1521664514540;22.11967;-4.0599365;45.50017
1521664514552;15.959975;-2.5899658;59.920147
1521664514560;8.049812;-3.5699463;68.879425
1521664514574;4.5499287;-4.0599365;74.69002
1521664514579;3.779969;-3.709961;80.63928
1521664514592;2.7999883;-2.0299683;87.50066
1521664514600;-0.069999695;-0.769989;94.21947
1521664514622;-11.47998;1.189972;112.20984
1521664514633;-18.689941;0.83999634;121.87006
1521664514642;-22.609863;-0.41999817;130.13089
1521664514652;-25.269531;-1.1199951;139.15837
1521664514660;-27.719727;-0.9799957;153.2289
1521664514672;-24.919922;-0.83999634;161.42043
1521664514681;-25.05957;-0.41999817;171.56902
1521664514692;-25.619629;-1.3999939;180.88165
1521664514700;-23.799805;-3.3599854;189.20992
1521664514721;-20.719727;-8.469971;208.67114
1521664514732;-11.689941;-7.0699463;214.62045
1521664514740;-11.689941;-5.459961;220.50336
1521664514752;8.609871;-6.6499023;228.69098
1521664514760;15.469985;-10.359863;237.15987
1521664514772;22.399944;-12.039795;244.15997
1521664514780;34.089973;-9.799805;254.80075
1521664514792;33.250126;-8.399902;264.594
1521664514800;34.57923;-9.449951;270.82855
1521664514821;48.090027;-10.8498535;280.4851
1521664514832;54.670128;-4.5499268;285.59464
1521664514840;66.56886;3.2899787;287.9775
1521664514852;67.340355;7.419925;291.68857
1521664514860;72.02985;8.679939;294.69647
1521664514872;69.78959;9.099862;298.97003
1521664514880;63.069576;9.589852;303.09518
1521664514892;54.179893;8.39991;304.29053
1521664514900;65.3794;9.869882;300.36853
1521664514920;70.20952;21.279825;303.30612
1521664514932;75.10995;21.55961;296.93872
1521664514940;87.01043;21.909708;289.09476
1521664514952;90.15889;25.409716;287.76657
1521664514960;87.28973;28.769585;289.376
1521664514972;76.02011;30.519588;289.376
1521664514980;68.31888;32.339966;284.4071
1521664514993;74.270096;36.609512;276.07874
1521664515000;82.600235;42.69938;269.5629
1521664515020;61.599842;43.889812;267.68002
1521664515032;65.93995;43.04997;260.32825
1521664515040;58.939674;42.76969;257.7344
1521664515052;45.289234;42.00016;257.25003
1521664515060;37.589985;40.31949;251.37102
1521664515073;35.210094;40.52945;242.6912
1521664515080;36.119278;42.21012;234.64029
1521664515092;37.589985;42.420082;226.94095
1521664515100;37.170063;40.880035;220.36273
1521664515114;32.899536;36.5392;211.6126
1521664515122;28.69976;32.829224;196.21002
1521664515133;24.56987;34.57923;188.44037
1521664515140;12.949963;35.979626;181.29964
1521664515152;6.4399443;37.029438;171.99089
1521664515160;4.6899433;36.679825;162.47122
1521664515172;7.2799106;36.5392;153.2289
1521664515180;11.059825;35.559704;144.40845
1521664515192;16.589874;34.36927;134.75204
1521664515201;22.259808;32.899536;125.93064
1521664515221;25.269579;27.719778;109.20005
1521664515233;21.069864;25.059618;95.76049
1521664515241;22.67973;23.869673;84.69986
1521664515253;27.719778;21.629923;74.47908
1521664515261;38.500145;19.529821;66.5005
1521664515273;47.03924;14.769789;56.06955
1521664515282;52.219925;12.529797;46.89959
1521664515293;50.67988;7.419925;37.30971
1521664515301;50.609566;2.3799443;24.919968
1521664515316;49.97968;-0.9099884;14.209974
1521664515333;50.399605;-6.7199707;-7.699951
1521664515342;51.519726;-12.389893;-21.139648
1521664515352;48.229675;-13.509766;-31.219727
1521664515360;43.04997;-14.909912;-39.19922
1521664515372;35.979626;-17.70996;-48.719727
1521664515380;30.449764;-20.57959;-58.44922
1521664515393;26.949757;-23.379883;-68.17969
1521664515401;25.829638;-25.269531;-76.859375
1521664515422;22.469769;-30.519531;-88.54883
1521664515433;16.519562;-32.759766;-95.4082
1521664515441;10.70997;-34.509766;-102.33984
1521664515452;5.5299096;-37.16992;-110.458984
1521664515461;-1.8199768;-42.20996;-119.9082
1521664515473;-8.329834;-46.8291;-125.36914
1521664515481;-15.329834;-50.399414;-131.52734
1521664515492;-19.949707;-52.779297;-138.3164
1521664515501;-26.389648;-55.649414;-145.25
1521664515514;-34.299805;-57.259766;-151.33984
1521664515523;-42.979492;-57.75;-157.63672
1521664515533;-52.63965;-58.86914;-163.51953
1521664515541;-61.039062;-59.84961;-170.02734
1521664515553;-66.56836;-61.59961;-177.23828
1521664515561;-69.43945;-63.839844;-183.25781
1521664515574;-70.83984;-67.759766;-194.10938
1521664515582;-69.1582;-68.5293;-201.03906
1521664515593;-72.16992;-68.25;-208.10938
1521664515601;-74.828125;-66.28906;-214.61719
1521664515621;-90.509766;-63.20996;-227.5664
1521664515633;-103.31836;-60.26953;-234.07812
1521664515641;-113.328125;-54.529297;-238.0
1521664515652;-128.51953;-49.69922;-240.58984
1521664515661;-155.53906;-46.19922;-242.96875
1521664515673;-181.01953;-39.26953;-246.25781
1521664515681;-185.42969;-24.779785;-254.65625
1521664515694;-173.52734;-17.70996;-260.1172
1521664515701;-156.58984;-18.549805;-262.21875
1521664515721;-136.28906;-43.679688;-260.04688
1521664515733;-135.16797;-57.679688;-259.90625
1521664515742;-128.02734;-59.359375;-262.5
1521664515753;-105.83984;-44.729492;-268.09375
1521664515761;-90.1582;-21.769531;-268.4453
1521664515773;-71.75;-0.34999847;-267.53906
1521664515781;-45.359375;16.239777;-268.02344
1521664515794;-29.819824;24.56987;-263.96875
1521664515802;-11.199951;16.799835;-263.6875
1521664515823;24.989792;-3.289978;-264.8047
1521664515842;21.069864;-21.699707;-250.8086
1521664515853;29.399958;-20.719727;-248.5664
1521664515861;33.03919;-9.72998;-245.13672
1521664515873;34.859505;4.6899433;-243.8086
1521664515881;34.859505;13.929944;-242.26953
1521664515894;28.069878;14.839857;-237.4375
1521664515901;15.329848;7.139896;-229.38672
1521664515914;-4.0599365;-11.059814;-215.73828
1521664515923;-9.869873;-14.209961;-208.73828
1521664515934;-5.25;-6.089966;-206.77734
1521664515941;3.0799568;6.2299833;-206.91797
1521664515953;7.9099154;14.490004;-204.67969
1521664515962;6.78992;16.3096;-197.75
1521664515973;0.9099884;11.549815;-188.64844
1521664515981;-5.5999756;3.779969;-180.17969
1521664515994;-12.319824;-2.3099976;-171.84766
1521664516002;-15.119873;-2.2399902;-165.19922
1521664516022;-10.8498535;5.6699243;-152.8086
1521664516033;-9.659912;9.659921;-147.5586
1521664516042;-12.179932;10.779795;-140.76953
1521664516053;-11.619873;8.119881;-136.5
1521664516061;-12.109863;4.409914;-130.82812
1521664516074;-14.419922;0.9799957;-122.7793
1521664516082;-15.259766;-1.8199768;-116.33984
1521664516093;-16.30957;-2.7999878;-110.66992
1521664516101;-18.619629;-1.6099854;-103.73828
1521664516113;-15.609863;-0.20999908;-98.9082
1521664516124;-8.819824;0.55999756;-93.86914
1521664516144;-2.3799438;-0.34999847;-77.978516
1521664516153;-2.2399902;-2.0299683;-72.51953
1521664516161;-2.5199585;-2.6599731;-65.6582
1521664516174;-3.4299927;-1.8899841;-59.009766
1521664516182;-3.5;-0.20999908;-53.61914
1521664516193;-2.5899658;0.20999908;-48.789062
1521664516202;-1.3999939;-0.6299896;-44.30957
1521664516223;-4.2698975;0.20999908;-34.859375
1521664516234;-8.959961;0.34999847;-29.75
1521664516242;-12.669922;1.0499879;-24.919922
1521664516253;-18.619629;2.729981;-16.589844
1521664516262;-19.80957;3.9199836;-11.47998
1521664516274;-18.969727;4.6899433;-7.1398926
1521664516282;-17.5;4.619997;-2.2399902
1521664516303;-11.059814;5.3199487;5.879885
1521664516324;-9.169922;3.359986;14.699965
1521664516334;-10.359863;3.7099617;21.839884
1521664516343;-11.969971;2.729981;28.69976
1521664516353;-12.879883;1.5399781;34.929817
1521664516362;-11.199951;2.0299687;42.90934
1521664516373;-5.669922;1.8899843;48.159363
1521664516382;-0.069999695;0.13999939;54.10958
1521664516394;6.7199736;-1.1199951;60.199448
1521664516402;8.539803;-1.1199951;68.31888
1521664516423;6.9299345;-0.27999878;82.949844
1521664516434;3.6399543;-0.48999786;92.190155
1521664516442;-2.4499512;-2.6599731;101.28983
1521664516454;-5.529907;-4.6899414;105.97932
1521664516462;-7.5599365;-5.1099854;110.879745
1521664516474;-15.889893;-6.089966;126.42088
1521664516482;-16.09961;-6.159912;135.52159
1521664516502;-19.879883;-6.159912;150.70932
1521664516523;-22.119629;-8.189941;166.81113
1521664516534;-23.379883;-9.72998;176.75269
1521664516543;-27.78955;-11.899902;186.06143
1521664516553;-27.649902;-14.419922;192.50293
1521664516562;-21.55957;-14.97998;197.753
1521664516573;-14.0;-12.879883;204.26093
1521664516582;-7.5599365;-11.339844;211.75322
1521664516594;-13.789795;-15.259766;224.77295
1521664516602;-14.629883;-18.409668;230.09335
1521664516623;-9.659912;-15.189941;242.97244
1521664516634;-8.049805;-16.029785;247.73033
1521664516642;4.1298847;-19.45996;247.03111
1521664516653;19.459997;-21.20996;247.45299
1521664516662;29.889704;-21.0;250.60147
1521664516674;33.670048;-20.089844;255.15233
1521664516682;29.960016;-17.359863;260.81262
1521664516694;28.419975;-13.299805;263.5471
1521664516702;51.939648;-5.8099365;259.0001
1521664516723;48.579285;-3.1499634;261.6564
1521664516734;32.130005;-8.959961;265.43777
1521664516742;9.379891;-20.78955;270.89886
1521664516754;1.5399781;-29.189941;272.64893
1521664516763;12.179943;-25.689941;271.5942
1521664516774;47.03924;-16.30957;266.0628
1521664516783;93.03001;-2.4499512;253.19136
1521664516794;114.729385;14.559828;244.8631
1521664516802;101.50077;24.56987;248.15222
1521664516824;12.459972;14.2797985;260.32825
1521664516834;2.1699834;2.729981;259.41415
1521664516842;-3.3599854;-8.259766;260.88293
1521664516854;12.459972;-15.959961;257.59378
1521664516862;50.11933;-13.649902;243.8123
1521664516874;88.408875;-1.4699707;227.1519
1521664516883;91.3503;12.109875;222.53073
1521664516903;29.189997;28.210014;236.18329
1521664516923;-16.589844;-5.459961;225.89015
1521664516934;12.949963;-25.269531;217.77284
1521664516949;54.03927;-19.319824;210.49149
1521664516958;87.36004;-4.339966;203.56169
1521664516966;97.29957;9.379891;200.9718
1521664516976;94.28978;17.359896;197.33113
1521664516985;97.02027;20.369667;188.51068
1521664517003;102.129684;20.509804;170.65884
