1521664493379;-0.16791153;-0.044771194;0.10182953
1521664493388;-0.2848282;-0.2803421;0.57203674
1521664493396;-0.24765396;-0.21946716;0.4614334
1521664493409;-0.20758438;-0.32938385;0.39259338
1521664493416;-0.24402618;-0.2574997;0.38934326
1521664493428;-0.26153564;-0.27199554;0.39141846
1521664493436;-0.23575592;-0.21383286;0.46875763
1521664493449;-0.3295288;-0.13087082;0.49208832
1521664493457;-0.2798767;-0.13878632;0.42687988
1521664493470;-0.29268646;-0.15158463;0.44519806
1521664493478;-0.22897339;-0.20723343;0.39227295
1521664493500;-0.15342712;-0.14733124;0.41747284
1521664493514;-0.20617676;-0.14417648;0.3688736
1521664493522;-0.24076462;-0.18396759;0.4178543
1521664493534;-0.21056747;-0.15113068;0.39894867
1521664493542;-0.19252777;-0.19836426;0.3379593
1521664493561;-0.2687683;-0.11970329;0.31015015
1521664493573;-0.2534027;-0.18970871;0.3728485
1521664493581;-0.27845764;-0.16260147;0.3913498
1521664493600;-0.2460289;-0.18564987;0.22284698
1521664493613;-0.18453598;-0.1857109;0.26449585
1521664493620;-0.17399979;-0.2084198;0.23300171
1521664493632;-0.118024826;-0.23803711;0.24014664
1521664493642;-0.19830322;-0.2259674;0.2229271
1521664493653;-0.19720078;-0.16121674;0.22952652
1521664493663;-0.24638748;-0.07394409;0.33618927
1521664493674;-0.22602844;-0.16555786;0.26124573
1521664493682;-0.27033234;-0.13291168;0.2670288
1521664493701;-0.18457794;-0.17533493;0.2651596
1521664493714;-0.2191925;0.14731216;0.09577179
1521664493721;-0.25494385;0.110723495;0.10505867
1521664493733;-0.1807251;0.08883095;0.081689835
1521664493741;-0.20482635;0.17258453;-0.050005913
1521664493753;-0.12664413;0.096343994;0.12778473
1521664493762;-0.25096893;0.14458084;0.10444832
1521664493772;-0.19821167;0.10654068;0.107263565
1521664493781;-0.28903198;0.10733032;0.26356506
1521664493800;-0.24033737;0.1430664;0.372406
1521664493805;-0.32759094;0.04781437;0.2822876
1521664493815;-0.307312;0.16788483;0.51034546
1521664493827;-0.3415985;0.33887482;0.45428467
1521664493842;-0.1482048;0.42764282;0.42638397
1521664493863;0.021966934;0.13830185;0.5614166
1521664493872;-0.047693253;0.23669052;0.17529678
1521664493879;-0.027989388;-0.09446335;0.28118134
1521664493893;-0.12643814;-0.21284866;0.20257187
1521664493899;-0.16699219;-0.2738266;0.23840714
1521664493912;-0.25276947;-0.37893677;0.19708633
1521664493920;-0.15410614;-0.65330505;0.19711685
1521664493931;-0.15986633;-0.68821716;0.10998154
1521664493939;-0.20632935;-0.7499542;0.16595459
1521664493951;-0.2521286;-0.80226135;0.24841309
1521664493959;-0.37342072;-0.6746826;0.04664707
1521664493972;-0.31627655;-0.7799225;0.11358261
1521664493984;-0.29949188;-0.76919556;0.041234016
1521664494002;-0.17750168;-1.1520691;-0.0011301041
1521664494014;-0.15930557;-1.2120361;-0.22979355
1521664494022;-0.1101284;-1.3951416;-0.28120422
1521664494034;-0.012213707;-1.4542847;-0.43112946
1521664494042;0.061847687;-1.3347778;-0.28881836
1521664494053;0.26332092;-1.2145386;-0.34346008
1521664494061;0.45976257;-1.167572;-0.25491333
1521664494074;0.7628174;-1.3685608;0.2514572
1521664494082;0.90711975;-1.5994873;0.3781128
1521664494102;0.7982788;-1.3225098;0.09778023
1521664494114;0.9813385;-1.4039307;0.58221436
1521664494122;0.83532715;-1.496521;0.67285156
1521664494134;0.55778503;-1.6009521;0.7107849
1521664494141;0.42967987;-2.0338135;0.7241211
1521664494153;0.18538284;-2.2544556;0.463562
1521664494161;0.1708641;-2.4537354;0.3623886
1521664494173;0.2297821;-2.5098267;0.17137909
1521664494181;0.4160385;-3.3377075;0.48762512
1521664494201;0.30156708;-4.067871;-0.8141937
1521664494214;0.47333527;-4.201172;-0.8779602
1521664494222;0.66038513;-4.303833;-0.44589233
1521664494233;0.8426361;-4.234131;-0.009202719
1521664494242;0.98339844;-4.188965;-0.18625641
1521664494263;1.0081178;-4.8881836;0.15670013
1521664494283;1.121338;-4.8115234;0.11713982
1521664494300;1.2374879;-5.043579;-0.7094269
1521664494305;1.4099733;-5.383667;-0.9496002
1521664494323;1.7419435;-5.5043945;-0.9831085
1521664494343;1.9791871;-4.288574;-1.1123352
1521664494363;2.226563;-4.252075;-0.9789429
1521664494383;2.1358037;-4.406372;-1.5540466
1521664494401;1.6186525;-4.791382;-1.8598938
1521664494414;1.2681581;-3.7037964;-2.3590088
1521664494421;1.2796022;-2.857788;-1.8309631
1521664494434;1.3518373;-3.093567;-1.4623718
1521664494441;1.120453;-3.1898804;-2.821228
1521664494453;1.0437318;-3.7424316;-3.265808
1521664494461;1.2102357;-4.0513916;-1.8375244
1521664494473;1.0766908;-3.8745117;-1.9025574
1521664494481;0.9951477;-3.9285278;-1.6938477
1521664494503;1.136017;-3.2609863;-1.952301
1521664494523;1.2337037;-1.3338318;-1.8503418
1521664494543;-4.081299;-5.600586;-3.50885
1521664494563;-5.531616;-5.7928467;-2.8078003
1521664494583;-6.7036133;-4.6102295;-2.7800903
1521664494602;-7.8112793;-2.9944458;-3.04187
1521664494622;-9.470703;-4.5983887;-3.7079468
1521664494634;-10.041748;-4.8913574;-3.5704346
1521664494643;-10.480469;-4.3585205;-3.2958374
1521664494654;-10.776367;-3.6954346;-2.7318726
1521664494662;-10.8828125;-3.5615845;-2.3025513
1521664494674;-11.122314;-2.8687134;-2.309082
1521664494682;-11.376953;-2.6032104;-2.1723633
1521664494702;-12.548828;-2.3414307;-1.8877258
1521664494714;-13.069824;-1.7910767;-2.0421753
1521664494722;-13.44751;-1.5054626;-2.2866821
1521664494734;-13.382568;-1.6766052;-2.045044
1521664494743;-13.295898;-1.2467957;-2.3327637
1521664494754;-13.252197;-0.73498535;-2.4554443
1521664494762;-13.331055;-0.50024414;-2.4134521
1521664494779;-13.667236;-0.3321228;-2.647522
1521664494805;-14.168457;0.010305405;-2.6435547
1521664494825;-14.43457;0.110780716;-2.815857
1521664494835;-14.514893;0.09354973;-2.9868774
1521664494854;-14.535889;1.0405885;-3.0221558
1521664494864;-16.023926;5.209353;-3.0891724
1521664494872;-16.592773;7.2437778;-3.0513306
1521664494880;-16.80127;7.7758822;-3.072754
1521664494899;-16.88379;6.6987333;-2.3971558
1521664494911;-16.960938;5.468386;-2.6066284
1521664494919;-16.93457;4.22278;-2.5004272
1521664494931;-17.180176;3.406739;-2.3112183
1521664494939;-17.172363;3.2149665;-2.2023926
1521664494951;-17.21289;3.3648689;-2.0792236
1521664494961;-17.05957;3.3502815;-1.9868469
1521664494974;-17.049316;3.4324348;-2.0429077
1521664494981;-17.020508;3.665528;-2.5545044
1521664495000;-16.910645;3.877259;-2.9309692
1521664495014;-16.750488;3.858094;-3.4951782
1521664495024;-16.679688;3.6475837;-3.6384888
1521664495043;-16.628418;3.1118782;-4.0028076
1521664495054;-16.613281;2.714539;-4.121826
1521664495064;-16.543457;2.2172246;-4.102783
1521664495083;-16.098145;0.98083496;-4.235962
1521664495102;-15.991455;0.93925476;-4.154175
1521664495114;-15.68335;0.69999695;-4.376343
1521664495121;-15.659668;0.606308;-4.246338
1521664495133;-15.521484;0.38178253;-4.4484863
1521664495141;-15.342041;0.19490814;-4.440918
1521664495156;-14.973145;-0.11173439;-4.2282715
1521664495174;-14.4157715;-0.585968;-3.9077759
1521664495182;-14.343994;-0.61720276;-3.9498901
1521664495200;-14.126221;-1.0328064;-4.0826416
1521664495205;-13.884033;-1.3340454;-4.354492
1521664495224;-13.604736;-2.1883545;-4.1654053
1521664495243;-13.013428;-2.9489136;-3.2909546
1521664495264;-12.160645;-3.7103271;-2.796814
1521664495283;-11.357666;-4.979492;-3.10083
1521664495301;-11.141357;-5.42688;-3.7334595
1521664495306;-10.60083;-6.0446777;-4.2821045
1521664495324;-9.734131;-6.3288574;-4.765869
1521664495344;-9.290283;-5.5838623;-5.272705
1521664495357;-9.023193;-4.8653564;-5.1950684
1521664495374;-7.2873535;-6.6713867;-3.4924927
1521664495383;-6.4641113;-8.472656;-3.6757202
1521664495401;-6.291748;-9.287598;-4.2907715
1521664495406;-6.320923;-9.505859;-4.605591
1521664495424;-6.845459;-8.037842;-6.0512695
1521664495434;-6.9014893;-7.000366;-5.494995
1521664495443;-6.231201;-6.966919;-4.2213135
1521664495464;-0.1831932;-0.35036469;-0.7753906
1521664495474;0.2278862;-1.4508972;-0.24899673
1521664495484;0.6599121;-2.548584;0.46933746
1521664495503;-0.014271736;-3.1141357;-0.31808472
1521664495523;-0.01407814;-1.22995;-1.1052551
1521664495544;1.312317;-1.6026001;0.24193954
1521664495564;2.0680547;-2.7563477;1.2439576
1521664495574;1.8273622;-3.345459;1.0347902
1521664495583;1.2525026;-3.5162354;0.64556885
1521664495602;7.6355014;0.16970444;-0.23774338
1521664495623;7.471927;1.1021119;-0.24370193
1521664495644;7.421268;1.6510621;0.71562195
1521664495663;6.681033;1.7434083;0.85025024
1521664495684;5.962527;1.209076;0.95347595
1521664495703;5.556765;1.3727418;0.24480438
1521664495724;5.5839868;2.8024297;0.21345901
1521664495744;5.8425317;2.4825444;1.20282
1521664495764;5.2932153;0.859848;0.6175995
1521664495784;4.404787;0.35326385;1.0289918
1521664495800;3.9775398;0.46102142;0.83714294
1521664495805;3.7771003;0.51031494;0.57862854
1521664495824;3.4254768;0.46461487;0.82862854
1521664495834;3.1032722;0.21340942;0.63816833
1521664495844;2.7017217;-0.17755508;0.563797
1521664495864;1.9804078;-1.0027466;0.47434235
1521664495884;1.4048768;-1.289917;0.5757599
1521664495904;1.0907594;-1.0098877;0.6043701
1521664495923;0.7614136;-1.0299377;0.64004517
1521664495937;-1.1834412;-4.786743;1.2751466
1521664495945;-1.2508545;-4.7250977;0.9781952
1521664495964;-1.2190247;-5.164673;0.6253967
1521664495977;-1.2970276;-5.3259277;0.3498764
1521664495985;-1.2106018;-5.298706;0.35305023
1521664496004;-1.1044006;-5.23999;0.4924469
1521664496009;-1.026123;-4.862915;0.49028778
1521664496022;-0.4201355;-4.3155518;0.9373474
1521664496037;-0.20587158;-4.074707;1.0296327
1521664496045;0.105363846;-4.052368;1.056305
1521664496064;0.44441986;-4.2126465;0.98950195
1521664496077;0.48204803;-4.215454;0.90818787
1521664496085;0.657074;-4.1782227;0.89463806
1521664496104;0.8060303;-3.8693237;0.21084213
1521664496108;0.9603424;-3.5421753;-0.4530182
1521664496117;1.2838746;-3.5480347;0.26869202
1521664496125;1.6687318;-3.638916;0.6989746
1521664496137;1.5575868;-3.6466675;0.006803274
1521664496146;1.6729738;-3.989563;0.2754898
1521664496156;1.8985292;-4.331665;1.0467836
1521664496165;1.965149;-4.437378;1.1280214
1521664496177;1.8873292;-3.893921;0.59664917
1521664496185;2.2227788;-4.1378174;1.4866334
1521664496204;2.2901616;-3.8982544;1.2781373
1521664496209;2.4460454;-4.2910156;0.8821869
1521664496224;2.7188115;-3.531372;0.1378212
1521664496237;2.9893193;-3.1673584;-0.094423294
1521664496245;3.0098274;-3.1549072;-0.09159851
1521664496257;2.903687;-3.454712;-0.16687012
1521664496265;2.7344365;-3.8764038;-0.28645325
1521664496277;2.7554326;-3.9958496;-0.06469536
1521664496285;2.7066045;-3.8936157;0.44545746
1521664496304;2.6447759;-2.8569336;0.13317108
1521664496316;2.723023;-2.0927734;0.0359478
1521664496338;2.738892;-1.7225952;-0.35167694
1521664496352;2.3175054;-1.293396;-0.36834717
1521664496360;2.1163945;-1.3815613;0.09552574
1521664496365;1.5988771;-0.9189606;-0.3652649
1521664496377;1.3406373;-1.1447144;-0.050813675
1521664496385;1.1885682;-1.1923828;-0.573822
1521664496404;-3.8150635;-4.3658447;-2.6573486
1521664496409;-3.8999023;-4.0252686;-2.2402344
1521664496417;-4.127075;-3.2819824;-2.0687866
1521664496425;-4.3830566;-2.654663;-2.220581
1521664496437;-5.3305664;-2.6255493;-1.6420898
1521664496445;-5.904175;-3.5236816;-1.6187439
1521664496457;-6.57605;-2.0234985;-2.977295
1521664496465;-7.1307373;-1.6326599;-3.1958618
1521664496477;-7.8120117;-1.6047668;-2.9350586
1521664496485;-8.635254;-1.1929016;-2.857483
1521664496504;-9.4592285;-0.22881317;-3.1018677
1521664496505;-9.827393;-0.448555;-3.090393
1521664496523;-10.734131;-0.4996338;-2.307495
1521664496544;-11.401367;-0.38510895;-1.2844849
1521664496564;-12.30542;1.8286134;-0.9614563
1521664496583;-12.882324;1.4562074;-0.6442871
1521664496598;-12.959717;0.8951874;-1.5021667
1521664496606;-13.024902;0.6789551;-2.0649414
1521664496618;-13.064941;1.1261598;-2.2444458
1521664496625;-13.1521;1.3883668;-2.0515137
1521664496638;-13.0842285;1.3792726;-2.3929443
1521664496645;-13.379883;1.5487367;-2.9055176
1521664496658;-13.638428;1.9231569;-3.2056885
1521664496665;-13.64209;2.91742;-3.0963135
1521664496678;-13.540039;3.22284;-2.9508057
1521664496685;-13.597168;3.5863655;-3.3082886
1521664496699;-13.785889;4.060915;-3.423706
1521664496706;-14.229248;4.613283;-3.2572021
1521664496718;-14.717285;5.346316;-3.4404907
1521664496725;-15.016846;5.7254663;-3.3260498
1521664496737;-15.284912;5.933108;-3.5439453
1521664496745;-15.517578;6.066409;-3.7963257
1521664496758;-15.782959;6.432864;-3.8253174
1521664496765;-15.938477;6.7653837;-3.772583
1521664496778;-16.007324;6.642825;-3.6808472
1521664496786;-16.142578;6.1291533;-3.5587769
1521664496804;-16.164062;5.5786157;-3.694458
1521664496809;-16.293457;5.0751977;-3.6795044
1521664496850;-16.396484;4.7506123;-3.621338
1521664496864;-16.234375;4.6655293;-3.6663818
1521664496874;-15.881592;4.312868;-4.2647705
1521664496883;-15.782959;4.0479755;-4.3984375
1521664496902;-15.650391;3.516236;-4.4613037
1521664496914;-15.459717;3.0742195;-4.6120605
1521664496922;-15.332275;2.7279668;-4.546631
1521664496934;-15.152344;2.4694219;-4.5932617
1521664496942;-15.08667;2.3529058;-4.57251
1521664496964;-14.833252;1.8977968;-4.77771
1521664496977;-14.68042;1.6627809;-4.6990967
1521664496985;-14.630615;1.6786195;-4.7052
1521664497004;-14.144287;0.95877075;-4.7617188
1521664497024;-13.871582;0.4400711;-5.0474854
1521664497044;-13.434082;0.06874657;-4.595459
1521664497064;-12.96167;-0.12735367;-4.0286865
1521664497084;-12.386963;-1.3574829;-4.3476562
1521664497104;-12.612305;-0.8249512;-4.8063965
1521664497116;-12.176514;-0.24204636;-5.3549805
1521664497127;-11.413574;-0.035964012;-5.856201
1521664497138;-10.636719;-0.22053528;-5.7974854
1521664497146;-9.80835;-0.7780304;-5.14624
1521664497158;-8.811279;-1.9116821;-4.6763916
1521664497166;-8.077637;-2.2540283;-5.875
1521664497178;-7.8879395;-2.2800293;-7.282593
1521664497186;-7.8880615;-2.5181274;-7.662842
1521664497204;-7.620117;-2.633789;-8.04248
1521664497209;-7.315796;-2.9650269;-8.525391
1521664497218;-6.6988525;-3.7714844;-8.44165
1521664497226;-6.1153564;-4.8101807;-6.9855957
1521664497238;-5.5651855;-5.446045;-6.01416
1521664497246;-5.4508057;-5.458008;-6.151123
1521664497258;-5.8428955;-4.3133545;-6.138672
1521664497265;-6.1759033;-3.6810303;-4.991577
1521664497284;-6.814087;-4.814087;-5.317383
1521664497304;-6.8586426;-5.418579;-4.6588135
1521664497309;-6.640869;-6.543701;-3.864502
1521664497319;-6.2807617;-6.719116;-3.3563232
1521664497325;-6.227539;-6.0806885;-2.8828735
1521664497339;-1.0020142;0.8052826;-0.6667633
1521664497345;-0.86439514;0.48934937;-0.821579
1521664497358;-0.60105896;-0.71572876;-0.68896484
1521664497367;-0.37664032;-2.34552;-0.49601746
1521664497378;-0.29140472;-3.244629;-0.94218445
1521664497386;-0.5012207;-3.1847534;-1.5971069
1521664497404;-0.6874237;-1.5932617;-1.7965088
1521664497409;-0.7346802;-0.29132843;-1.1372986
1521664497418;-0.7088318;0.4826889;-0.53556824
1521664497427;-0.33865356;0.15327835;-0.15277863
1521664497438;0.119586945;-1.3547668;-0.40644836
1521664497447;0.40716553;-3.1466675;-0.6356964
1521664497458;0.4041214;-4.0880127;-0.86898804
1521664497467;0.3350067;-4.1375732;-0.8600464
1521664497484;-0.27365112;-2.6571655;-0.374794
1521664497502;-0.3691635;-2.152893;-0.07499313
1521664497507;-0.41944885;-1.8337402;-0.09162521
1521664497518;-0.29406738;-1.8347168;-0.36640167
1521664497527;0.0033454895;-2.1502686;-0.47515106
1521664497539;0.29078674;-2.7750854;0.1373558
1521664497546;0.35073853;-3.062622;0.61058044
1521664497558;0.15156555;-3.0882568;0.41470337
1521664497567;-0.27426147;-2.8025513;0.08890915
1521664497578;-0.36322784;-2.2849731;0.1362648
1521664497587;-0.15621567;-2.1361694;0.47151184
1521664497604;0.025714874;-2.2427979;0.5087738
1521664497607;0.18060303;-2.196106;0.44931793
1521664497618;0.5295563;-2.239685;0.66542053
1521664497625;0.77375793;-2.0974731;0.6089325
1521664497637;0.93963623;-1.9992981;0.9685211
1521664497645;0.97055054;-1.7992554;1.2178651
1521664497657;0.92549133;-2.0041504;1.0909425
1521664497665;1.0036317;-2.6409302;1.1105653
1521664497677;0.85539246;-3.1483765;0.8752136
1521664497686;0.76823425;-3.3397827;0.6159668
1521664497704;0.7901001;-3.505371;0.75520325
1521664497709;0.6800537;-3.1703491;0.9330902
1521664497719;0.66238403;-2.840271;1.0542909
1521664497727;0.54740906;-2.9038696;1.3057557
1521664497744;0.3992157;-2.6983032;1.4006654
1521664497758;0.42478943;-2.8814697;1.3725282
1521664497767;0.3618698;-2.9448853;1.1768495
1521664497778;0.20319366;-2.9552612;1.0797731
1521664497787;0.20293808;-3.0471802;0.8495331
1521664497800;0.13560104;-3.4846802;0.5820465
1521664497805;-0.0058603287;-3.8828735;0.4368744
1521664497818;-0.18622589;-4.1983643;0.46920013
1521664497826;-0.28372192;-4.4537354;0.5815582
1521664497837;-0.28027344;-4.49646;0.72410583
1521664497845;-0.23647308;-4.293457;0.9689789
1521664497858;-0.28222656;-3.91156;1.3974916
1521664497867;-0.21979523;-3.6530151;1.765442
1521664497879;-0.45687866;-3.6760864;2.0271611
1521664497886;-0.7307739;-3.580017;1.9360048
1521664497903;-0.7928314;-3.659668;1.904358
1521664497906;-0.7175751;-3.7155151;1.951172
1521664497919;-0.5229645;-3.6865234;2.0300298
1521664497926;-0.279953;-3.875061;1.882599
1521664497938;-0.15776443;-3.8672485;1.4517518
1521664497946;0.0052337646;-3.9368896;1.3471681
1521664497958;0.046601295;-3.994995;1.3133851
1521664497966;0.056092262;-3.7643433;1.3592225
1521664497978;0.09974098;-3.6653442;1.7172242
1521664497985;0.087581635;-3.6305542;1.6506349
1521664498006;0.39067078;-3.701538;1.39386
1521664498018;0.6067047;-3.885254;1.0886842
1521664498026;0.7802887;-3.7520142;1.0830384
1521664498038;0.9523773;-3.5339355;1.1156312
1521664498046;1.0610963;-3.378357;0.97106934
1521664498058;1.1840211;-3.3220825;0.829895
1521664498066;1.2961732;-3.4333496;0.4521103
1521664498079;1.592682;-3.7133179;0.056602478
1521664498086;1.892975;-3.9813843;-0.33454895
1521664498110;2.7434087;-3.7539062;-0.45732117
1521664498124;3.0604255;-3.4627075;-0.2860031
1521664498137;3.0932624;-3.4871826;-0.35503387
1521664498145;3.0789192;-3.4638672;-0.45656586
1521664498157;3.0325325;-3.5463257;-0.7863617
1521664498165;3.266297;-3.7485962;-1.1821594
1521664498179;3.576722;-3.925537;-1.0947266
1521664498185;3.8950813;-3.8583374;-1.2061462
1521664498204;4.156252;-3.7178345;-1.1091003
1521664498209;4.2323017;-3.3962402;-1.2563171
1521664498219;4.1904316;-3.393921;-1.2699585
1521664498227;4.0324726;-2.6306152;-1.3234863
1521664498238;4.102663;-2.0998535;-0.73547363
1521664498247;3.1796272;-1.7756958;-0.29484558
1521664498259;2.72815;-1.4035339;-0.37371826
1521664498267;2.2100835;-1.0908813;-0.5926361
1521664498279;1.824463;-1.4194641;-0.8447876
1521664498286;1.2365724;-1.9242249;-1.7672424
1521664498310;1.4067079;-2.4004517;-2.8788452
1521664498320;1.9576112;-1.2784119;-2.3376465
1521664498327;-0.79808044;-1.2182007;-2.2730713
1521664498339;-0.90252686;0.017477036;-1.1874695
1521664498345;-1.4842529;0.6057739;-0.5566864
1521664498358;-2.3865967;0.41054535;-0.35155487
1521664498367;-3.6828613;0.5887604;-1.0464783
1521664498379;-4.8116455;0.59332275;-1.7404785
1521664498387;-6.08313;-0.22855377;-1.7830505
1521664498400;-7.394287;-1.3311462;-1.6743469
1521664498408;-8.888916;-2.3983154;-1.719635
1521664498419;-9.963623;-3.2627563;-1.9451599
1521664498427;-10.625;-5.106201;-1.6221313
1521664498439;8.787605;-5.3811035;-1.0735168
1521664498447;8.14991;-2.7018433;-1.0765686
1521664498460;7.372806;-0.29678345;-0.9254608
1521664498465;6.7041044;0.66711426;0.626709
1521664498478;6.371829;-0.17728043;0.56466675
1521664498486;5.865969;-1.0109558;0.14006042
1521664498504;5.1755395;-1.0821838;0.17416763
1521664498508;4.937868;-1.2062073;-0.16378784
1521664498518;4.713991;-1.4399414;-0.14362335
1521664498527;4.5839863;-1.4054565;-0.39146423
1521664498539;4.6363544;-1.7391357;-0.16327286
1521664498547;4.7233906;-1.762085;-0.14339447
1521664498559;4.733034;-1.4533386;-0.22872162
1521664498567;4.6262226;-1.3934631;-0.059261322
1521664498579;4.3725605;-1.680481;0.31115723
1521664498587;3.9767463;-2.083435;0.36281586
1521664498610;3.500611;-2.7261353;0.16974258
1521664498619;-16.108887;-2.4317627;0.13085938
1521664498627;-16.231445;-2.029541;-0.15290833
1521664498639;-16.395508;-1.388977;-0.4170761
1521664498648;-16.51709;-0.5051117;-0.5292816
1521664498660;-16.607422;0.22477722;-0.83332825
1521664498668;-16.768555;0.7746887;-1.1635742
1521664498679;-16.84961;0.93196106;-1.192627
1521664498687;-16.89209;1.4470826;-1.3778076
1521664498700;-17.239746;2.1383061;-1.6876221
1521664498706;-17.470703;2.266358;-1.8155823
1521664498720;-17.54834;2.2945561;-2.2959595
1521664498727;-17.697266;2.4041142;-2.4127808
1521664498740;-17.811035;2.584168;-2.3652954
1521664498747;-17.833984;2.8364873;-2.2963257
1521664498758;-17.716797;2.7954717;-2.0245972
1521664498768;-17.782227;2.7728887;-1.7162781
1521664498779;-17.762207;2.8138433;-1.4399109
1521664498788;-17.672363;2.638062;-1.76828
1521664498800;-17.561035;2.3617558;-2.0513306
1521664498807;-17.447266;2.0917974;-2.414978
1521664498819;-17.404297;1.9209291;-2.6486816
1521664498826;-17.481445;1.8171693;-2.8066406
1521664498837;-17.316406;1.8033143;-3.1674805
1521664498846;-17.179688;1.6026918;-3.2735596
1521664498857;-17.092285;1.4881593;-3.3222656
1521664498866;-16.932617;1.3066102;-3.3432007
1521664498879;-16.648438;1.1250917;-3.374939
1521664498885;-16.42871;0.9547119;-3.4534912
1521664498903;-16.238281;0.77297974;-3.6068726
1521664498908;-15.971191;0.43930054;-3.6133423
1521664498920;-15.712158;0.0011132956;-3.7139282
1521664498927;-15.436523;-0.08165741;-3.6466675
1521664498939;-15.322998;-0.23897552;-3.7617798
1521664498948;-15.172607;-0.38011932;-3.7893066
1521664498959;-14.932373;-0.57748413;-4.029663
1521664498969;-14.575928;-0.6438904;-4.192871
1521664498980;-14.303223;-0.8433075;-4.2440186
1521664498988;-13.964844;-1.2636108;-4.397949
1521664499010;-13.362305;-1.7552795;-5.020508
1521664499021;-13.121826;-1.7436523;-4.9855957
1521664499028;-12.845215;-1.9274292;-4.437378
1521664499039;-12.427002;-2.0111084;-3.97406
1521664499048;-11.932861;-1.8814392;-4.1365967
1521664499059;-11.356201;-2.3341064;-3.8936768
1521664499068;-10.756348;-3.081665;-3.5687256
1521664499080;-10.358643;-3.2194214;-4.552368
1521664499088;-10.142822;-3.3251343;-5.6308594
1521664499101;-10.114502;-3.3687744;-5.763794
1521664499108;-9.996094;-2.9247437;-5.685425
1521664499120;-9.7421875;-2.6207886;-5.6604004
1521664499128;-9.179443;-3.0297852;-5.4259033
1521664499139;-8.4626465;-3.517456;-5.981079
1521664499159;-7.186035;-6.7181396;-6.644165
1521664499171;-7.2523193;-8.835449;-6.3719482
1521664499181;-7.371826;-8.626709;-5.609131
1521664499188;-7.6141357;-7.696045;-5.29541
1521664499207;-8.178223;-4.611206;-5.055176
1521664499220;-7.3702393;-6.0303955;-3.2838135
1521664499228;-6.123291;-7.3913574;-3.444641
1521664499239;-5.183838;-8.793701;-3.8310547
1521664499248;-4.378784;-10.781006;-3.0237427
1521664499260;0.11863136;-3.106018;-1.6083679
1521664499267;-0.3761139;-1.59906;-2.8705444
1521664499279;-0.765625;-0.92900085;-2.2462158
1521664499287;-0.9906311;-0.064186096;-1.411377
1521664499306;-0.17028427;-1.5964966;-0.22275925
1521664499318;0.1324997;-2.2799072;-0.11395836
1521664499327;0.3442459;-3.0019531;0.5644531
1521664499339;0.13122177;-3.1923828;-0.20940399
1521664499347;-0.27116394;-2.8434448;-1.3867493
1521664499360;-0.48143768;-2.6572266;-2.1397705
1521664499368;-0.24715805;-2.8268433;-2.621704
1521664499380;1.1173707;-3.9006348;-2.5289917
1521664499387;1.629944;-3.8498535;-1.7973328
1521664499419;1.9123536;-1.605011;1.4424745
1521664499426;1.7472535;-1.7437744;1.3515321
1521664499442;1.4666444;-2.63562;0.4110794
1521664499446;1.6526796;-3.6853638;0.28801727
1521664499459;2.0693364;-3.892395;-0.23407364
1521664499467;2.6735234;-4.119751;-0.17517853
1521664499478;3.083863;-3.9718018;0.57203674
1521664499486;3.045655;-3.1551514;1.0335389
1521664499502;2.9221196;-2.5479126;1.0626832
1521664499510;2.9029546;-1.9234009;1.3976747
1521664499519;2.7395635;-2.1260376;1.6824037
1521664499527;2.3820195;-2.59729;1.3900453
1521664499538;2.1898198;-3.244995;1.3380738
1521664499547;2.0142217;-3.76062;1.6140748
1521664499559;1.6322023;-3.6883545;1.5815736
1521664499568;1.3743593;-3.3903809;1.3098756
1521664499579;1.1087037;-3.22583;1.149872
1521664499587;0.9351349;-3.1636353;0.75904846
1521664499604;0.74046326;-3.41687;-0.17076111
1521664499609;0.5011749;-3.8762817;-0.42679596
1521664499621;0.37358856;-3.9815063;-0.02888155
1521664499628;0.17862701;-3.607605;0.36740875
1521664499640;-0.027713776;-3.2113647;0.75987244
1521664499649;-0.110954285;-2.699707;1.2072755
1521664499660;-0.27895355;-2.3790894;1.1755983
1521664499669;-0.46183014;-2.428955;0.9503784
1521664499681;-0.5698395;-2.6361694;0.67396545
1521664499688;-0.5372772;-2.84552;0.6069031
1521664499711;-0.5199585;-3.2489624;0.7334137
1521664499722;-0.6034241;-3.0633545;0.79953
1521664499728;-0.5875397;-2.9924316;1.2619325
1521664499739;-0.4593811;-2.8544922;1.3923341
1521664499747;-0.3910675;-2.741516;1.3409425
1521664499759;-0.22044373;-2.8084717;1.1082155
1521664499767;-0.0034532547;-2.8058472;1.1124879
1521664499780;0.20597458;-2.8240356;1.0374147
1521664499788;0.26623535;-2.9734497;0.928833
1521664499810;0.1254921;-3.696228;0.64501953
1521664499821;0.16477966;-3.548706;0.5691376
1521664499829;0.40463257;-2.9227905;0.7572632
1521664499840;0.53874207;-2.477417;0.60388184
1521664499848;0.6479492;-2.3884277;0.37464142
1521664499860;0.55574036;-2.2404175;-0.7566376
1521664499867;0.4719162;-2.1159668;-2.013855
1521664499880;0.802948;-2.7641602;-1.3742065
1521664499888;1.1711427;-3.4976807;-0.15044022
1521664499910;1.2864381;-3.9014893;1.3450624
1521664499922;1.1185609;-3.5114136;2.0089116
1521664499930;0.9530182;-2.9179688;1.9184877
1521664499941;1.1271363;-2.930725;2.1801152
1521664499949;1.4456788;-3.1686401;2.0466313
1521664499961;1.794159;-3.4785156;1.6116639
1521664499969;2.101441;-3.1278687;0.022071838
1521664499982;2.6386724;-2.772461;-0.49906158
1521664499989;3.2060554;-2.7393188;-0.8678894
1521664500012;3.573548;-3.4804688;-0.9517822
1521664500022;3.5539558;-3.9175415;-0.6443634
1521664500029;3.6130378;-4.5076904;-0.019779205
1521664500041;3.4371955;-4.348755;-0.17314148
1521664500049;3.3959968;-3.8900146;-0.33116913
1521664500061;3.5435798;-2.7929688;-1.2632446
1521664500069;3.7727058;-2.9121704;-1.5767517
1521664500082;3.668885;-3.229004;-1.761322
1521664500089;3.5745857;-3.3224487;-1.4804993
1521664500111;2.91565;-2.918335;-0.44652557
1521664500119;2.6458745;-2.470642;-0.06496239
1521664500127;2.30835;-1.9090271;0.3866043
1521664500139;1.8787843;-0.8183594;0.11282539
1521664500147;1.7135316;-0.503006;-0.0043007135
1521664500159;1.3667299;-0.0909729;-0.8851776
1521664500167;1.2752687;-0.667984;-0.90390015
1521664500181;1.0267946;-1.2029419;-1.4542542
1521664500189;1.0187684;-1.3317261;-1.8874207
1521664500208;-3.5045166;-2.989502;-1.4750366
1521664500220;-4.1307373;-2.5315552;-1.3960571
1521664500227;-4.6917725;-2.440857;-1.3622742
1521664500239;-5.2130127;-1.8337402;-1.8374939
1521664500248;-5.4578857;-1.9011841;-2.074829
1521664500259;-5.9630127;-2.001831;-2.2369385
1521664500267;-6.5064697;-1.3326416;-2.5040283
1521664500281;-7.317749;-2.5340576;-1.1216736
1521664500288;-7.936035;-3.2241821;-1.5064392
1521664500303;-7.8948975;-2.4660645;-2.5292969
1521664500308;-8.138916;-1.2936096;-2.5795288
1521664500321;-7.8707275;-0.7821655;-2.2834473
1521664500328;-8.131592;0.04378891;-2.6218872
1521664500341;-8.236572;0.9217987;-2.937317
1521664500349;-8.2717285;0.8521576;-2.7623901
1521664500359;-8.6521;0.9022217;-3.237854
1521664500368;-8.95459;1.1360475;-3.5324707
1521664500381;-9.232666;1.7018739;-3.4528809
1521664500389;-9.552002;2.2783208;-3.7249146
1521664500404;-9.740723;2.4768682;-4.1156006
1521664500410;-10.293457;3.063111;-4.2543945
1521664500422;-10.477783;3.5313118;-4.3775635
1521664500429;-10.461914;3.5280159;-4.418335
1521664500441;-10.516602;3.3883674;-4.8638916
1521664500449;-10.672363;3.1041877;-5.4697266
1521664500461;-10.787842;2.938538;-5.5585938
1521664500468;-10.893066;3.5053108;-5.418579
1521664500481;-11.019775;4.0048847;-5.0131836
1521664500489;-11.205322;4.2650166;-4.8826904
1521664500504;-11.182617;4.359865;-4.939209
1521664500509;-11.543945;4.7785664;-4.869751
1521664500521;-11.594971;5.169802;-4.714966
1521664500528;-11.675049;5.447146;-4.8410645
1521664500538;-11.808594;5.9841332;-5.0683594
1521664500549;-12.017578;6.396121;-5.119385
1521664500560;-12.221924;6.5898466;-5.4346924
1521664500569;-12.395996;6.6916533;-5.8985596
1521664500580;-12.577148;6.744632;-6.188965
1521664500588;-12.555664;6.4736357;-6.242798
1521664500608;-12.622314;6.5045195;-6.293213
1521664500622;-12.716309;6.5528593;-6.066162
1521664500627;-12.821045;6.3931913;-5.984253
1521664500640;-12.776123;6.047;-5.8913574
1521664500647;-12.770508;5.7209496;-5.977539
1521664500659;-12.698975;5.2359643;-5.7543945
1521664500667;-12.599121;4.873171;-5.8483887
1521664500679;-12.519531;4.6329365;-6.022217
1521664500687;-12.513916;4.526491;-6.02063
1521664500709;-12.27417;4.2739277;-6.2369385
1521664500720;-12.041992;4.118288;-6.36084
1521664500727;-12.001953;4.04883;-6.4177246
1521664500739;-11.766602;3.7933967;-6.56604
1521664500748;-11.467041;3.2138069;-6.5010986
1521664500759;-11.134277;2.762879;-6.4796143
1521664500768;-11.0271;2.5708623;-6.5479736
1521664500779;-10.89209;2.4936528;-6.601074
1521664500787;-10.8967285;2.5923467;-6.5706787
1521664500810;-10.287598;2.2972417;-6.548706
1521664500820;-9.87915;1.8959352;-6.481079
1521664500828;-9.554199;1.3678285;-6.3529053
1521664500844;-9.317383;0.9438324;-6.114746
1521664500874;-8.7890625;-0.1254654;-5.312256
1521664500892;-8.48291;-0.16899872;-5.369995
1521664500910;-8.2146;-0.041859627;-5.6879883
1521664500920;-7.961426;-0.01701641;-6.1723633
1521664500930;-6.3099365;-2.4005127;-6.5544434
1521664500940;-5.807373;-2.8779297;-6.723633
1521664500948;-5.4804688;-2.8999634;-6.8985596
1521664500959;-5.720825;-0.42625427;-7.9259033
1521664500984;-4.1572266;0.2858963;-6.2609863
1521664500998;-3.03479;-0.06065941;-6.321289
1521664501005;-2.034607;-1.2857666;-7.2163086
1521664501024;-1.1613464;-2.2801514;-8.211426
1521664501038;-1.0152588;-2.5683594;-7.393921
1521664501045;-0.92300415;-3.4969482;-5.9837646
1521664501064;-1.519928;-3.5427246;-6.4470215
1521664501084;-0.91867065;-2.5890503;-5.456299
1521664501104;1.9581605;0.38948822;-1.3666077
1521664501124;2.9673467;-0.11208153;-1.7243652
1521664501144;3.4254158;-1.151123;-1.0862427
1521664501156;3.323243;-1.5605164;-0.90104675
1521664501165;3.0380256;-1.9186401;-1.0723877
1521664501177;2.575745;-1.9131775;-2.2510986
1521664501185;2.4149175;-1.0479431;-3.0183105
1521664501204;3.5832527;-1.4755554;-1.8187256
1521664501224;4.22217;-1.8181458;-1.8103943
1521664501236;4.312624;-2.4667969;-1.204773
1521664501247;3.9921882;-2.0924683;-1.8878479
1521664501258;3.8831794;-2.458252;-2.0117798
1521664501265;3.6789558;-2.4310303;-2.5941162
1521664501278;3.604615;-2.0803833;-2.559204
1521664501285;3.592408;-1.4648132;-2.3701782
1521664501304;3.307679;-0.6353302;-1.0714722
1521664501317;3.0066535;-0.052685738;-0.8919525
1521664501325;2.8536382;0.082372665;-0.3163681
1521664501344;2.5224004;-0.45361328;-0.88983154
1521664501364;2.5524907;-1.4229431;-1.2395325
1521664501384;2.6922612;-1.1473999;-1.1322021
1521664501404;2.3783574;-0.5151825;-0.49591064
1521664501423;1.9955446;-0.033638;-0.3711548
1521664501428;1.926056;-0.3740921;-0.59277344
1521664501444;1.7395631;-1.1113281;-1.2383728
1521664501456;1.6964723;-1.2857666;-1.3794861
1521664501465;1.707184;-1.4026489;-1.3046265
1521664501484;1.609253;-1.2498169;-1.2406921
1521664501504;1.5618898;-0.90722656;-1.2291565
1521664501519;1.5855104;-0.9694519;-1.0748596
1521664501526;1.5497133;-1.0279236;-1.2350159
1521664501538;1.6156007;-1.3503418;-1.2999573
1521664501546;1.5316163;-1.4675598;-1.4348755
1521664501558;1.5650331;-1.5474854;-1.2418213
1521664501566;1.6230775;-1.5504456;-1.1049194
1521664501581;1.6533204;-1.4269104;-0.7154083
1521664501588;1.5529786;-1.3108826;-0.47731018
1521664501612;1.3879396;-1.5530701;0.004704237
1521664501623;1.2762147;-1.5768127;0.13199997
1521664501631;1.1419374;-1.6103821;0.043848038
1521664501641;0.85780334;-1.8873901;-0.4856491
1521664501650;0.7979889;-2.0089722;-0.87150574
1521664501662;0.8514404;-2.338684;-0.941864
1521664501669;1.0276796;-2.6900635;-0.91438293
1521664501683;1.1297609;-2.8104858;-0.7949219
1521664501689;1.157776;-2.9329224;-1.0283508
1521664501710;1.4705201;-2.5552368;-1.09906
1521664501722;1.8044435;-2.6090698;-0.65608215
1521664501729;2.0171514;-2.9055176;-0.30200958
1521664501740;1.976288;-2.8859253;-0.27550507
1521664501750;2.1672368;-2.9016724;-0.2910614
1521664501760;2.4092412;-2.9154053;-0.75242615
1521664501769;2.7464604;-2.923706;-0.99858093
1521664501782;3.0932624;-2.9997559;-1.0525818
1521664501790;3.4161384;-3.0012207;-1.1029358
1521664501809;3.7393806;-2.8377686;-0.7955475
1521664501821;3.790589;-2.7891235;-1.1316223
1521664501829;3.875306;-2.9741821;-0.88313293
1521664501841;4.036501;-2.947876;-0.65283203
1521664501848;4.068117;-2.8200073;-0.7173004
1521664501860;4.1395283;-2.8623047;-0.5856323
1521664501870;4.199465;-3.578247;-0.8710785
1521664501882;4.331911;-3.8216553;-1.1578674
1521664501891;4.3796406;-3.357483;-1.8882141
1521664501909;4.8347187;-3.0118408;-1.3743286
1521664501921;4.881716;-3.1395264;-1.5552673
1521664501929;4.724245;-3.0646973;-1.328186
1521664501941;4.5587177;-2.7285156;-0.7403412
1521664501949;4.34424;-2.1948853;-0.62820435
1521664501961;4.0805683;-2.2207031;-0.6726837
1521664501969;3.8428962;-2.187317;-1.232605
1521664501981;3.8922737;-2.2514648;-1.0160217
1521664501989;3.813111;-1.1647034;-0.9584961
1521664502011;0.01343441;-0.7100525;-1.8764038
1521664502023;-0.8510132;-0.46857452;-2.0254517
1521664502032;-1.8136597;-0.53279114;-2.5549927
1521664502043;-2.59021;-0.66830444;-3.1617432
1521664502050;-3.0578003;-0.44957733;-2.9102783
1521664502063;-3.4951172;-0.12245369;-1.7680969
1521664502070;-4.124756;0.22125626;-1.8519897
1521664502084;-5.4317627;0.9408722;-2.677124
1521664502091;-5.696167;1.2749635;-3.029358
1521664502109;-5.946045;1.5165406;-2.0044556
1521664502122;-6.4592285;2.0711064;-2.5598145
1521664502130;-6.7890625;1.960724;-2.795288
1521664502142;-7.0092773;1.8979188;-3.3704834
1521664502148;-7.1520996;2.2739263;-3.8651733
1521664502160;-7.229248;2.6835942;-3.9734497
1521664502169;-7.425293;3.5684822;-4.3742676
1521664502181;-7.598755;4.3044453;-4.6169434
1521664502189;-7.7374268;4.875124;-4.7302246
1521664502211;-8.273682;5.3680444;-4.7454834
1521664502224;-8.4001465;4.991823;-4.9206543
1521664502231;-8.576904;4.696413;-5.577881
1521664502243;-8.889404;4.4383564;-5.653076
1521664502251;-9.040527;4.3521748;-5.668579
1521664502263;-9.270508;4.608156;-5.757324
1521664502272;-9.473877;4.753786;-5.680908
1521664502283;-9.594238;4.720339;-5.4295654
1521664502289;-9.5842285;4.613161;-5.3651123
1521664502311;-9.421387;4.5076923;-5.4364014
1521664502322;-9.769531;5.483889;-5.383301
1521664502330;-10.186279;6.040408;-5.4802246
1521664502342;-10.345215;6.1973906;-5.501343
1521664502350;-10.3396;6.1589384;-5.732544
1521664502362;-10.389648;6.315921;-5.907959
1521664502370;-10.482178;6.354373;-6.142578
1521664502383;-10.760498;6.594363;-6.3007812
1521664502390;-11.015625;6.759036;-6.5040283
1521664502414;-11.294189;6.9199247;-6.946167
1521664502432;-11.172363;6.625369;-7.190674
1521664502444;-11.179443;6.3863554;-7.2142334
1521664502451;-11.186523;6.191165;-7.0007324
1521664502463;-11.249268;5.9066186;-6.722534
1521664502471;-11.330322;5.6665063;-6.6192627
1521664502483;-11.338623;5.5571313;-6.401367
1521664502492;-11.231201;5.398928;-6.3809814
1521664502514;-11.101807;4.8848896;-6.3533936
1521664502524;-11.02124;4.647951;-6.4942627
1521664502531;-10.852295;4.25342;-6.7227783
1521664502544;-10.780762;4.09717;-7.0786133
1521664502551;-10.652832;3.91388;-7.2858887
1521664502564;-10.482178;3.7379158;-7.227051
1521664502572;-10.344482;3.6317146;-7.217163
1521664502584;-10.182861;3.469178;-7.189087
1521664502593;-10.022949;3.2806404;-7.1691895
1521664502614;-9.700439;2.70044;-7.4509277
1521664502624;-9.386719;2.2628179;-7.3582764
1521664502632;-9.246582;2.08783;-7.3707275
1521664502643;-9.246338;2.4393315;-7.8291016
1521664502652;-9.318115;2.9064946;-8.021973
1521664502664;-9.010742;2.6001592;-7.633789
1521664502672;-8.520508;1.8633729;-7.276245
1521664502684;-8.012939;1.235016;-7.0843506
1521664502690;-7.618042;1.1218263;-7.170166
1521664502711;-7.321167;1.8080751;-6.179199
1521664502724;-7.3168945;2.2657475;-6.1484375
1521664502732;-6.831299;1.9819032;-6.253662
1521664502743;-5.8897705;0.18583679;-6.203491
1521664502752;-5.2747803;-0.69033813;-7.0109863
1521664502764;-4.849243;-0.80448914;-7.485962
1521664502769;-4.493286;-1.326416;-7.1081543
1521664502781;-4.5686035;-0.8053589;-6.894043
1521664502789;-4.1636963;-0.78590393;-6.8033447
1521664502804;-3.4054565;-2.229248;-6.4483643
1521664502810;-2.5321045;-3.487854;-6.8790283
1521664502823;-1.9018555;-4.444092;-6.581543
1521664502830;-1.3753967;-4.567505;-6.395508
1521664502841;-1.2182617;-3.380371;-6.7941895
1521664502850;-1.341156;-1.9638062;-7.088501
1521664502861;-1.2908325;-1.2009888;-6.662964
1521664502869;-0.8488922;-1.6412048;-5.878296
1521664502881;-0.21481705;-2.9056396;-5.9714355
1521664502889;0.44828796;-4.300659;-6.0133057
1521664502913;1.4870301;-5.079712;-6.0844727
1521664502932;3.1616218;0.88249207;-2.0518188
1521664502942;3.135743;1.1246034;-0.85557556
1521664502949;3.0274055;1.5929567;-2.2022705
1521664502961;3.4912117;0.584198;-2.177246
1521664502969;3.967408;-0.8648071;-1.4144897
1521664502983;4.1573505;-1.9725647;-1.321167
1521664502991;3.9990852;-2.7651978;-1.61969
1521664503014;3.4321296;-1.3464355;-2.7527466
1521664503024;3.5235603;-1.4056702;-2.6646118
1521664503030;3.804322;-1.3489685;-2.4830933
1521664503043;4.1315937;-1.511261;-1.8345642
1521664503052;4.2005634;-1.4078674;-1.3676147
1521664503064;3.9133918;-1.2176514;-1.6590576
1521664503072;3.6952522;-1.2460632;-1.8563843
1521664503092;3.3924568;-1.2567444;-2.0340576
1521664503110;3.4455574;-1.9006348;-1.5475159
1521664503124;3.3084724;-2.2349243;-1.2083435
1521664503132;3.149903;-2.4431763;-0.8611145
1521664503144;2.8201299;-2.1134033;-1.1217041
1521664503153;2.7818608;-1.7314148;-1.127533
1521664503164;2.801331;-1.4244385;-1.1073914
1521664503172;2.9456182;-1.2111511;-1.3721008
1521664503212;2.962586;-1.2520142;-1.5198059
1521664503217;3.1109626;-1.8372498;-1.3482056
1521664503233;2.7905278;-2.0819702;-1.3074341
1521664503244;2.3004155;-1.6132507;-1.0434875
1521664503250;2.1748052;-1.5684204;-1.3082275
1521664503264;2.1385503;-1.7643738;-1.0933838
1521664503270;1.9549562;-1.9100037;-0.95373535
1521664503283;1.634369;-1.8964539;-1.045044
1521664503290;1.4314271;-1.8535461;-1.1073914
1521664503310;1.3077394;-1.7279663;-1.2072144
1521664503324;1.3672181;-1.5046082;-1.1203003
1521664503330;1.4646913;-1.3093872;-1.0056152
1521664503342;1.3907167;-1.3766174;-1.0603943
1521664503349;1.2083131;-1.2618713;-1.0273743
1521664503362;1.0052186;-1.2555847;-1.0926514
1521664503369;0.9159088;-1.1333313;-1.2492981
1521664503382;0.9492645;-1.151001;-1.2463379
1521664503390;0.9999237;-1.300293;-1.059845
1521664503411;1.0856324;-1.3432007;-1.1500244
1521664503423;1.1805421;-1.149292;-1.0412903
1521664503430;1.2373048;-1.041687;-0.7508087
1521664503443;1.2394716;-0.87324524;-0.7883148
1521664503450;1.1185304;-1.2796631;-0.8698273
1521664503462;1.253296;-1.3233643;-0.7822113
1521664503470;1.4970399;-1.4274292;-0.48983765
1521664503483;1.6355287;-1.2720947;-0.50201416
1521664503490;1.7007753;-1.2130737;-0.5589142
1521664503510;1.7171632;-0.9734192;-0.5650482
1521664503515;1.9354554;-1.0724792;-0.33509827
1521664503532;2.0938115;-1.2724609;-0.41145325
1521664503544;2.1459966;-1.3777771;-0.36117554
1521664503553;2.2882085;-1.5444641;-0.19625854
1521664503564;2.2694097;-1.5931702;-0.48162842
1521664503573;2.3683476;-1.669342;-0.38674927
1521664503584;2.4769292;-1.708313;-0.64697266
1521664503592;2.686768;-2.0325928;-0.8503876
1521664503611;3.1572883;-2.067871;-0.89790344
1521664503616;3.1597297;-2.2712402;-1.3190308
1521664503632;3.597718;-2.595398;-1.441803
1521664503654;4.154421;-2.1290283;-0.9611206
1521664503673;4.3902607;-2.0499878;-0.5206909
1521664503693;4.359377;-3.050171;-0.97909546
1521664503704;4.8217793;-3.151245;-1.1512756
1521664503711;4.764406;-3.352234;-1.8212585
1521664503724;4.9052753;-3.2243652;-2.3360596
1521664503730;5.151736;-3.3690186;-2.2509766
1521664503742;5.1997094;-3.2375488;-2.5048828
1521664503750;5.072512;-3.3144531;-2.3207397
1521664503762;4.997072;-3.2872925;-1.8556824
1521664503770;4.8428974;-3.2398682;-1.5312195
1521664503783;4.536379;-2.8544312;-1.0349121
1521664503790;4.0671406;-1.9995117;-0.6171112
1521664503813;3.2319343;-0.59254456;-0.67118835
1521664503824;2.7971196;-0.86079407;-0.5142212
1521664503832;2.2702641;-0.1967125;-1.5160522
1521664503843;2.0691533;-0.4116211;-1.6423035
1521664503852;-0.462677;-1.1191711;-2.6413574
1521664503863;-1.0285034;-0.060440063;-2.267456
1521664503870;-1.4664612;0.2157135;-2.3270264
1521664503882;-2.1038818;0.22209549;-2.3900146
1521664503890;-2.8327026;0.9594574;-2.689087
1521664503910;-4.456665;2.094788;-1.995758
1521664503923;-4.970459;2.577149;-1.8452148
1521664503931;-5.418091;2.5457768;-1.915802
1521664503942;-5.9179688;2.452149;-2.0913086
1521664503950;-6.2854004;2.4378667;-2.6726074
1521664503963;-6.626587;2.752625;-3.4144897
1521664503970;-6.772705;2.8126225;-2.8414917
1521664503983;-6.9613037;2.9149175;-2.3285522
1521664503991;-7.0756836;3.1415412;-2.7992554
1521664504013;-7.296875;4.1921406;-3.4625244
1521664504024;-7.3928223;4.838869;-2.8219604
1521664504032;-7.6151123;5.041018;-2.4729004
1521664504043;-8.173096;5.1027856;-3.050415
1521664504052;-8.695557;4.439577;-3.0205688
1521664504063;-9.020264;3.3034675;-2.7259521
1521664504072;-9.256836;2.9623418;-3.2767334
1521664504084;-9.355469;2.9131474;-3.789978
1521664504092;-9.26123;3.0263069;-4.2141113
1521664504111;-9.221436;4.1956806;-4.6018066
1521664504124;-9.604492;4.8172626;-4.9299316
1521664504130;-9.941895;5.032107;-5.36084
1521664504142;-10.254395;5.0422387;-5.6427
1521664504150;-10.325684;4.739504;-5.912842
1521664504164;-10.500488;4.68445;-5.9468994
1521664504172;-10.519775;5.086306;-5.898926
1521664504184;-10.552246;5.503054;-6.126587
1521664504192;-10.900635;6.135379;-6.508301
1521664504211;-11.355957;6.8172636;-6.031128
1521664504233;-11.340332;6.788577;-6.2301025
1521664504251;-11.578125;6.9034452;-6.8446045
1521664504264;-11.923096;7.1370883;-6.7877197
1521664504273;-12.124268;7.1962924;-6.686035
1521664504284;-11.886719;6.839114;-6.665283
1521664504292;-11.574219;6.441043;-6.72937
1521664504314;-11.50293;5.9415307;-6.8570557
1521664504333;-11.455811;5.433108;-6.83313
1521664504353;-11.0373535;4.6951923;-7.213867
1521664504373;-10.624023;3.8897712;-7.5074463
1521664504393;-10.330078;3.6804817;-7.7075195
1521664504414;-9.835205;3.2476814;-7.7492676
1521664504432;-9.38623;2.856812;-7.626343
1521664504444;-9.259277;2.9756474;-7.7385254
1521664504452;-9.177246;2.9406743;-7.418091
1521664504462;-8.870361;2.6217656;-7.0756836
1521664504473;-8.528076;2.120789;-7.281616
1521664504494;-7.9263916;1.558777;-7.4710693
1521664504514;-7.765381;2.1931767;-7.54541
1521664504533;-6.9244385;2.14148;-7.900879
1521664504543;-6.103882;1.3744813;-7.868408
1521664504555;-5.2493896;0.40040588;-7.9938965
1521664504574;-3.687317;-2.203125;-7.2296143
1521664504592;-3.6204834;-2.9923706;-6.9106445
1521664504610;-3.6697998;-1.8523254;-6.6606445
1521664504615;-3.684143;-1.0531006;-6.588867
1521664504633;-2.592102;-1.1707458;-6.034546
1521664504644;-1.8684082;-1.807251;-5.8358154
1521664504653;-1.2757874;-2.659607;-6.012207
1521664504673;-1.5263367;-3.9684448;-6.193115
1521664504693;-2.1884766;-5.545166;-6.9610596
1521664504713;-2.3451538;-4.758545;-7.1156006
1521664504731;-1.4981079;-3.2694092;-6.8586426
1521664504753;-1.0419617;-0.28251648;-5.3463135
1521664504764;0.8493042;1.6157228;-0.8772583
1521664504772;1.2481996;0.9031677;-0.5300751
1521664504792;1.9192506;-2.8460693;-2.0303345
1521664504811;1.516388;-2.934204;-3.3999023
1521664504816;2.0571904;-0.40260315;-4.6394043
1521664504834;2.3261113;3.1521003;-3.8082275
1521664504853;5.0770288;0.6797333;-0.41396332
1521664504874;5.6585717;-4.713867;-0.40724182
1521664504893;4.595583;-6.314087;-1.2975464
1521664504914;2.8587651;-2.137024;-3.302246
1521664504933;3.8353279;-0.45516968;-3.143921
1521664504944;4.6328144;-0.60806274;-2.7063599
1521664504952;5.095217;-1.9129333;-1.9836426
1521664504964;4.5653095;-2.197937;-1.8952026
1521664504973;3.9913337;-2.0527954;-1.3925171
1521664504993;2.8313603;-2.0236206;-1.3520203
1521664505012;2.4820561;-2.0640259;-1.8787537
1521664505016;2.790711;-1.8079834;-2.187439
1521664505034;3.345826;-1.152008;-1.9000854
1521664505054;2.6735845;-1.4110107;-2.0402832
1521664505074;2.355103;-1.5146179;-1.3911743
1521664505094;2.1169438;-1.0963135;-1.3441772
1521664505112;2.0523076;-0.8622589;-1.342804
1521664505117;2.1911016;-0.63494873;-1.3954468
1521664505134;2.0281377;-1.026123;-1.6938782
1521664505154;1.5460206;-1.5778809;-1.6539001
1521664505174;1.4384767;-1.4866943;-1.1839294
1521664505194;1.3395082;-1.2763977;-0.6398163
1521664505212;1.3381654;-1.3496094;-0.57829285
1521664505233;1.2536317;-1.499115;-0.6827698
1521664505254;1.2554628;-1.6223755;-0.70999146
1521664505273;1.154297;-2.1072998;-0.8174591
1521664505293;1.4702455;-2.4556885;-1.0948181
1521664505313;2.05835;-2.3462524;-1.3483887
1521664505333;2.5386357;-1.9346313;-0.6459198
1521664505353;2.4512334;-1.623169;-1.0353088
1521664505373;2.5906377;-2.4503784;-1.6713257
1521664505384;2.7589726;-2.7509766;-1.8597717
1521664505393;3.189576;-3.0726318;-1.7226257
1521664505412;3.6488655;-2.80542;-1.8406372
1521664505417;3.7062995;-2.4799805;-2.1851807
1521664505434;4.248537;-2.1455688;-1.5542603
1521664505454;4.3548603;-2.4198608;-2.381836
1521664505467;4.5996113;-2.7628174;-2.4066772
1521664505475;4.884157;-2.7509766;-2.4541626
1521664505494;5.239138;-2.4316406;-2.234253
1521664505513;5.4587426;-2.607544;-2.15271
1521664505533;5.65198;-2.937622;-2.2288208
1521664505544;5.790652;-2.666504;-2.2736206
1521664505552;6.0483427;-2.6194458;-2.1242065
1521664505564;6.163455;-2.7058716;-2.050354
1521664505572;6.031619;-2.1020508;-1.5489197
1521664505584;5.7883325;-1.5684509;-1.482544
1521664505592;5.5611596;-2.0700684;-1.4194946
1521664505611;5.5366235;-2.0065308;-1.9469299
1521664505615;5.338137;-1.4705505;-1.9995728
1521664505634;6.354251;-1.5320129;-0.8390045
1521664505653;4.288088;-1.259613;-1.0274353
1521664505673;0.7551422;0.08465767;-1.4094238
1521664505694;-3.3952026;0.4759903;-1.3568115
1521664505712;-6.064575;-0.22691345;-1.7715759
1521664505715;-7.0025635;0.5292053;-0.527298
1521664505734;-9.522461;0.7354431;-2.3545532
1521664505754;-10.635498;0.5834503;-1.889801
1521664505774;-11.916748;0.96447754;-3.2543945
1521664505794;-12.155029;1.0041505;-2.9779663
1521664505813;-12.114258;2.0144048;-2.7265015
1521664505833;-12.027832;2.6637578;-2.5810547
1521664505853;-12.403809;2.9474492;-2.574707
1521664505874;-12.936279;2.6881719;-3.1932373
1521664505894;-12.835205;2.5439458;-3.9151
1521664505914;-12.573486;3.281617;-4.477173
1521664505934;-12.953857;3.9541633;-4.904785
1521664505947;-13.367676;4.465334;-4.6225586
1521664505955;-13.500244;4.9805927;-4.906494
1521664505972;-13.80957;5.836184;-5.365967
1521664505994;-14.144043;6.177249;-5.756714
1521664506012;-14.27002;6.1627226;-5.914917
1521664506015;-14.48291;6.157962;-5.958008
1521664506032;-14.489746;5.5762963;-5.2124023
1521664506054;-14.522949;5.224734;-4.8724365
1521664506074;-14.627197;4.4179707;-5.0046387
1521664506087;-14.731201;4.1413593;-5.069092
1521664506095;-14.69873;3.9555671;-5.043335
1521664506113;-14.515381;4.0006123;-5.1743164
1521664506134;-14.372803;4.080324;-5.1672363
1521664506148;-14.377197;4.1470966;-5.3549805
1521664506155;-14.260498;3.8821418;-5.283325
1521664506167;-14.158447;3.552491;-5.53479
1521664506175;-13.736084;2.6772466;-5.6795654
1521664506187;-13.648926;2.2506108;-5.826294
1521664506195;-13.555664;1.9857789;-5.93396
1521664506214;-13.41748;1.5645753;-5.7998047
1521664506233;-12.893555;1.2573854;-5.6933594
1521664506244;-12.535889;0.9247284;-5.727417
1521664506253;-12.2109375;0.2817917;-5.425171
1521664506264;-11.927002;0.007825136;-5.442505
1521664506274;-11.831543;-0.26487732;-5.671509
1521664506294;-11.513428;-0.25455475;-5.6726074
1521664506313;-11.261719;-0.31687927;-5.613037
1521664506318;-10.596436;-0.96533203;-5.371338
1521664506328;-9.972168;-1.756958;-5.624878
1521664506335;-9.612549;-2.147766;-6.1904297
1521664506348;-9.17627;-2.6513062;-6.130127
1521664506355;-8.858398;-2.984436;-5.420044
1521664506368;-8.544189;-3.3613281;-4.7613525
1521664506377;-8.460205;-2.9769897;-5.0478516
1521664506394;-7.397461;-4.125366;-4.899048
1521664506414;-6.9174805;-3.5269165;-5.5649414
1521664506415;-6.2857666;-4.4624023;-4.5025635
1521664506433;-5.6417236;-5.8099365;-4.5249023
1521664506447;-5.696167;-5.239624;-5.6812744
1521664506455;-5.636963;-4.305664;-6.423828
1521664506474;-4.884033;-4.3155518;-5.366333
1521664506488;-4.178833;-5.962158;-4.036865
1521664506495;-3.7086792;-6.1688232;-4.250122
1521664506513;-3.1851196;-6.399658;-3.5195312
1521664506516;-3.1324463;-6.4714355;-5.0150146
1521664506530;-3.5986938;-4.6070557;-6.2922363
1521664506535;-3.8703613;-2.3607178;-6.5423584
1521664506553;0.41108704;0.4996643;-0.5047455
1521664506574;1.6990358;-3.1378174;-0.24226761
1521664506587;1.8960878;-2.831726;-2.0299683
1521664506595;1.8984071;-1.984375;-2.7165527
1521664506613;1.3897401;-0.7796478;-2.071228
1521664506618;1.4232179;0.4071808;-1.0973816
1521664506628;2.4267583;-1.1407166;-0.14755249
1521664506635;2.525025;-2.0456543;-1.3381958
1521664506654;3.0463874;-2.5015259;-2.126709
1521664506674;3.6213386;-1.1677856;-0.95758057
1521664506687;3.5764167;-0.7669678;-0.8988495
1521664506695;3.502259;-0.12878036;-0.9173584
1521664506709;3.5139167;-0.63334656;-0.9810486
1521664506717;3.77472;-1.4133911;-1.0145264
1521664506729;3.8831184;-2.032837;-1.1977539
1521664506736;3.9476936;-2.3614502;-1.5523376
1521664506748;4.1367207;-2.6322632;-1.4515076
1521664506756;4.0753193;-2.011963;-1.9696655
1521664506768;4.1517353;-1.7786865;-1.3032837
1521664506777;3.8676765;-0.8128052;-1.14505
1521664506788;3.6511238;-0.758667;-1.2758789
1521664506796;3.4713142;-1.9462891;-1.0923157
1521664506820;2.5759282;-2.7271729;-0.8661041
1521664506828;2.4171758;-2.803833;-0.67015076
1521664506835;2.2020268;-2.3266602;-0.46186066
1521664506847;1.9606324;-0.96466064;-0.22046661
1521664506855;1.9906617;-0.9067383;-0.18505096
1521664506868;1.7718507;-1.3345337;-0.34911346
1521664506876;1.3911439;-1.6985779;-0.7449646
1521664506888;1.2551881;-2.2546387;-0.77241516
1521664506895;1.0512086;-2.36615;-0.79771423
1521664506911;0.95373535;-2.4173584;-0.53004456
1521664506916;0.85562134;-2.1853027;-0.18309021
1521664506928;0.7163391;-2.0355225;-0.18621063
1521664506936;0.5323639;-2.182373;0.021968365
1521664506948;0.28562927;-2.30542;-0.12828064
1521664506955;0.16423416;-2.4718018;-0.16749573
1521664506968;0.1440506;-2.5898438;-0.260849
1521664506975;0.14571762;-2.6537476;-0.30932617
1521664506988;0.09346199;-2.742981;-0.16000366
1521664506995;-0.03719139;-2.6686401;-0.18146896
1521664507012;-0.057665825;-2.4281006;0.09119034
1521664507016;-0.03612995;-2.2941284;0.07204819
1521664507029;0.034710884;-2.362793;0.31204224
1521664507035;0.12058449;-2.6044922;0.18521881
1521664507048;0.14685822;-2.9279785;-0.19933319
1521664507055;0.38367462;-3.253479;-0.486969
1521664507068;0.69381714;-3.2661743;-0.40740204
1521664507077;1.074402;-2.2324219;-0.99998474
1521664507088;1.4400331;-1.9679871;-0.7310791
1521664507095;1.7058717;-2.020935;-0.2837448
1521664507113;1.8452455;-1.7513123;-0.7082367
1521664507117;1.8644105;-1.6842957;-0.9642792
1521664507128;2.1922612;-2.1325684;-0.03364277
1521664507135;2.1531377;-2.6455688;0.16473389
1521664507154;1.7977296;-2.9291992;-0.38098907
1521664507155;1.7866212;-3.180664;-0.51504517
1521664507173;2.3331304;-4.030884;-0.41960144
1521664507185;2.409058;-4.2939453;0.034171104
1521664507195;2.7384038;-4.6536865;0.75224304
1521664507213;2.981751;-4.145874;0.47689056
1521664507217;3.0104377;-3.6243286;-0.04953003
1521664507225;3.4348762;-3.1905518;-0.50216675
1521664507235;3.7235725;-3.024414;-1.5881958
1521664507253;4.6593037;-4.373535;-1.5282898
1521664507274;5.08655;-5.192383;-0.9385681
1521664507286;5.072512;-4.5565186;-1.1938782
1521664507295;5.1948266;-3.6469116;-1.5571289
1521664507314;5.690066;-3.1992188;-1.525238
1521664507319;5.4675317;-3.794983;-1.0610352
1521664507328;5.039553;-3.6207275;-0.88209534
1521664507336;4.5980244;-3.6234741;-0.35860443
1521664507348;4.073;-3.4569092;0.11735344
1521664507356;3.4252937;-2.3457642;0.10812187
1521664507368;2.995728;-1.5254211;-0.62750244
1521664507377;2.8103032;-1.5402832;-0.6369324
1521664507388;2.6582036;-0.74005127;-1.0517578
1521664507397;2.5021367;0.17517853;-1.8340454
1521664507414;-1.3702087;-2.2383423;-2.2980957
1521664507417;-1.9205627;-1.8052673;-1.6209717
1521664507428;-2.7497559;-1.7030334;-1.1946106
1521664507435;-3.5838623;-1.4594116;-0.97914124
1521664507447;-4.406372;-0.93785095;-1.605835
1521664507456;-4.9971924;-0.8451233;-1.728241
1521664507467;-5.498047;-0.8918915;-1.9230957
1521664507475;-5.7998047;-1.3339844;-2.74823
1521664507488;-5.869385;-1.917633;-3.850586
1521664507496;-5.8015137;-1.9279175;-4.437256
1521664507513;-6.165283;-0.9054718;-4.956543
1521664507518;-6.1292725;0.76950073;-4.7268066
1521664507528;-6.6536865;1.1746827;-3.5941162
1521664507537;-7.4505615;1.0556031;-3.7496948
1521664507548;-7.9279785;1.1598817;-3.874939
1521664507556;-8.334473;1.3755494;-3.9677124
1521664507568;-8.67749;0.89756775;-4.007324
1521664507576;-9.162109;1.0825502;-4.512085
1521664507589;-9.705078;2.089539;-5.3028564
1521664507597;-9.756348;2.6765752;-5.0286865
1521664507619;-9.610352;3.3312995;-5.2678223
1521664507629;-9.647949;3.5757453;-5.9645996
1521664507637;-9.648193;3.5545661;-6.3669434
1521664507648;-9.64917;3.1275642;-6.2666016
1521664507657;-9.723145;2.969544;-6.145874
1521664507668;-9.831787;3.0707405;-6.1088867
1521664507677;-9.871094;3.1997077;-6.0861816
1521664507689;-9.925049;3.7373664;-6.5062256
1521664507697;-9.895996;4.1016865;-6.2176514
1521664507720;-9.442627;5.221804;-5.7790527
1521664507729;-10.347412;5.8493676;-5.456299
1521664507736;-10.938232;6.3814726;-5.8569336
1521664507748;-10.903809;6.635257;-5.876709
1521664507757;-10.704346;6.899539;-6.093384
1521664507768;-10.8376465;7.1026645;-6.5750732
1521664507775;-11.040527;7.416141;-7.015869
1521664507794;-11.458008;7.772342;-7.782715
1521664507819;-11.407227;7.369266;-7.567871
1521664507834;-11.247803;6.9632597;-7.4882812
1521664507839;-10.981201;6.5638456;-7.257202
1521664507848;-11.032715;6.262576;-6.989746
1521664507857;-11.050537;5.91907;-6.868286
1521664507868;-11.0876465;5.5832543;-6.776245
1521664507877;-10.94043;5.3331323;-6.5095215
1521664507886;-10.799805;4.958132;-6.537842
1521664507895;-10.531982;4.6886005;-6.7130127
1521664507913;-10.30835;4.4589863;-6.95813
1521664507915;-10.356201;4.4422626;-7.2213135
1521664507928;-10.297852;4.321169;-7.6185303
1521664507935;-10.313232;4.13904;-7.8009033
1521664507947;-10.212402;3.8515632;-8.018555
1521664507955;-10.083496;3.5832527;-8.14502
1521664507967;-9.875732;3.0811164;-8.076172
1521664507977;-9.473877;2.835877;-8.29541
1521664507994;-9.12793;2.5319219;-7.4713135
1521664508013;-8.963623;2.597962;-7.048584
1521664508018;-8.70752;2.5429082;-6.9002686
1521664508029;-8.402832;2.216248;-6.4056396
1521664508037;-7.9155273;1.6817323;-6.213745
1521664508048;-7.4315186;1.273285;-6.595093
1521664508055;-7.1445312;1.0336305;-6.949951
1521664508065;-6.921631;0.71191406;-6.974243
1521664508075;-6.6522217;0.8696594;-7.8135986
1521664508087;-6.5214844;1.2194215;-8.666748
1521664508095;-6.291992;1.5282899;-9.1936035
1521664508115;-5.0058594;0.875;-9.4626465
1521664508134;-3.3980103;-1.5837402;-8.730713
1521664508145;-2.9841309;-2.5256958;-8.399414
1521664508156;-2.989685;-2.7015991;-8.175293
1521664508168;-3.0031128;-2.3598633;-8.202393
1521664508175;-3.0019531;-2.510559;-7.8797607
1521664508187;-3.0455933;-2.37146;-7.8968506
1521664508197;-3.029602;-2.3397827;-7.7851562
1521664508213;-2.352295;-3.9952393;-8.093262
1521664508218;-1.9503174;-3.0787964;-9.172363
1521664508234;-0.82318115;-2.1342773;-7.3599854
1521664508254;-0.10774231;-2.9233398;-6.731201
1521664508274;0.28033447;-5.7910156;-6.9449463
1521664508288;0.12861252;-5.0097656;-8.525879
1521664508296;0.18084335;-3.7350464;-8.506592
1521664508313;1.7274171;-0.31614685;-3.2037354
1521664508319;2.1964116;0.7007904;-2.5767822
1521664508329;2.342896;1.4802552;-1.7213135
1521664508337;2.5057378;1.453003;-1.7520142
1521664508349;2.7434697;-0.12436485;-1.4137268
1521664508355;2.9173589;-1.187561;-1.5974731
1521664508366;2.8754277;-1.6607971;-1.6130066
1521664508376;2.659058;-2.3452759;-2.19104
1521664508386;2.254273;-2.342102;-3.2815552
1521664508396;2.0124516;-1.5587463;-4.130127
1521664508420;2.7152104;-1.5736694;-3.211731
1521664508429;3.7344978;-0.89746094;-1.7200012
1521664508437;4.038454;-0.66519165;-1.2850037
1521664508448;3.9647834;0.15187836;-1.5650635
1521664508457;3.8869026;0.48542786;-1.5339355
1521664508469;3.7563484;0.6357269;-2.0165405
1521664508478;3.8698127;0.077999115;-2.4401245
1521664508489;4.2149677;-1.513031;-2.152832
1521664508498;4.3599873;-2.850647;-2.1084595
1521664508513;4.12903;-3.1204224;-2.8529663
1521664508519;4.4017353;-2.3930054;-2.9055786
1521664508529;4.5327168;-1.6625671;-2.1376343
1521664508535;4.661623;-1.1636963;-1.2774658
1521664508548;4.5197773;-1.2098389;-0.84703064
1521664508556;4.2210712;-1.187439;-0.67019653
1521664508568;3.9150398;-1.0229492;-1.1252136
1521664508577;3.6571052;-1.3624878;-1.3397827
1521664508588;3.448365;-1.4457092;-1.6593628
1521664508595;3.261048;-1.4880981;-1.907959
1521664508614;2.9323125;-1.6354065;-1.6357117
1521664508618;2.7504277;-1.3841553;-1.6524658
1521664508629;2.4423833;-1.2728577;-1.5097351
1521664508638;2.1314092;-1.2563782;-1.1657104
1521664508648;1.94693;-1.111206;-0.8595581
1521664508657;1.7057801;-0.83551025;0.09623718
1521664508668;1.5880433;-0.8656616;0.13103485
1521664508676;1.3805238;-0.8431854;-0.018309593
1521664508689;1.2126771;-0.86328125;-0.48244476
1521664508697;1.2077028;-1.0515137;-1.0670776
1521664508710;1.0368654;-1.312561;-1.4090271
1521664508717;1.0440675;-1.5518494;-1.3898926
1521664508727;0.95344543;-1.8069458;-1.5359192
1521664508735;0.8726196;-2.0524292;-1.4624023
1521664508746;0.8262329;-2.1346436;-1.0906982
1521664508756;0.7188568;-1.9647522;-0.934494
1521664508767;0.72276306;-1.8439941;-0.8583679
1521664508775;0.8570862;-1.657959;-0.7373657
1521664508787;0.8940735;-1.4797363;-0.81233215
1521664508796;1.1815187;-1.500946;-0.6393738
1521664508820;1.2227479;-1.8947754;-0.7271881
1521664508830;1.0977479;-2.1867065;-0.680542
1521664508838;0.9310608;-2.1635132;-0.5329132
1521664508849;0.97950745;-1.9937134;-0.5447693
1521664508858;1.1588136;-1.8764343;-0.57580566
1521664508869;1.4171144;-2.0793457;-0.84410095
1521664508879;1.5974122;-2.397766;-0.9453583
1521664508890;1.7295533;-2.9090576;-1.2549438
1521664508898;1.8670655;-2.9397583;-1.2740479
1521664508920;2.0725102;-2.7468872;-1.3652649
1521664508928;2.358521;-2.7609253;-1.2145996
1521664508936;2.3345952;-2.784851;-1.4418945
1521664508947;2.726746;-3.1654663;-1.1733704
1521664508958;2.9491582;-3.0859985;-0.9490814
1521664508969;3.0418098;-2.6881104;-1.0654297
1521664508977;3.307618;-2.4075928;-1.0369263
1521664508989;3.4666755;-2.1104126;-1.3354187
1521664508997;3.7169807;-2.1750488;-1.5467529
1521664509016;3.9263923;-3.2686157;-2.1229248
1521664509028;4.1261005;-3.5215454;-2.2297363
1521664509036;4.3933125;-3.392212;-2.1865845
1521664509047;4.899782;-3.3568115;-1.8175659
1521664509056;5.2174096;-3.3546143;-2.1539307
1521664509068;5.3857446;-3.5587769;-2.7096558
1521664509079;5.5279565;-3.9371338;-3.059204
1521664509090;5.7849145;-4.7003174;-2.9610596
1521664509098;5.9461694;-5.265625;-2.9085083
1521664509116;5.8162866;-3.8720093;-2.5791016
1521664509128;5.504275;-3.151062;-2.767395
1521664509135;5.2436547;-3.0042725;-2.5899658
1521664509147;4.8938007;-2.9661865;-2.3409424
1521664509155;4.347536;-2.0166626;-2.213379
1521664509168;3.9492195;-1.14151;-1.1087646
1521664509176;3.5130012;-0.3730011;-0.9068146
1521664509188;2.9656377;-0.32053375;-0.87228394
1521664509195;2.450623;-0.5989685;-0.85731506
1521664509222;-2.145935;-1.7067261;-3.3347168
1521664509230;-2.824829;-1.5320435;-3.0968018
1521664509238;-3.4204102;-1.5369263;-2.645874
1521664509250;-4.2148438;-0.7560425;-2.7719116
1521664509258;-4.7283936;-0.46848297;-2.729309
1521664509270;-5.32959;-0.49892426;-2.4942627
1521664509278;-6.0147705;0.10138893;-2.5421753
1521664509289;-6.6240234;0.33761597;-2.8285522
1521664509297;-7.2593994;0.09280014;-3.2088013
1521664509317;-8.682861;-0.008947372;-2.265747
1521664509329;-9.229736;-0.13283157;-2.4232788
1521664509337;-9.423828;0.0089969635;-2.6483765
1521664509348;-9.481201;0.810379;-3.2095337
1521664509356;-9.435547;1.3038636;-3.6091309
1521664509368;-9.499756;1.4351503;-3.7405396
1521664509376;-9.744141;2.0371099;-3.8027344
1521664509388;-10.026855;2.3227544;-3.352478
1521664509395;-10.080322;2.188416;-3.0305176
1521664509414;-10.013184;2.2291875;-3.267273
1521664509419;-9.984375;2.4971929;-3.2936401
1521664509430;-10.056152;2.7949224;-3.4761963
1521664509438;-10.416748;3.1250007;-3.7070923
1521664509449;-10.878418;3.5841072;-3.8597412
1521664509460;-11.293701;3.7985847;-3.786499
1521664509470;-11.670898;3.719117;-3.8442383
1521664509478;-11.835205;3.93097;-4.3793945
1521664509490;-11.702393;3.8326423;-4.296631
1521664509498;-11.425781;3.4198005;-4.3116455
1521664509510;-11.306885;3.2880256;-4.8876953
1521664509516;-11.603516;3.4077156;-4.9594727
1521664509532;-11.85498;3.3746955;-5.130493
1521664509538;-12.161621;3.493348;-5.5112305
1521664509549;-12.5078125;3.8762214;-5.7021484
1521664509558;-12.847168;4.319948;-5.6696777
1521664509570;-12.922852;4.864992;-5.671753
1521664509578;-13.063965;5.415774;-5.8867188
1521664509590;-13.29541;5.89136;-5.9644775
1521664509600;-13.724365;6.9442167;-6.482666
1521664509617;-14.313965;8.446053;-6.7540283
1521664509630;-14.424072;8.541023;-7.07666
1521664509638;-14.4453125;8.141609;-7.343506
1521664509649;-14.301025;7.510013;-7.1098633
1521664509657;-14.233398;6.9486113;-6.973755
1521664509670;-14.195801;6.457034;-6.6115723
1521664509677;-14.2248535;5.957766;-6.3029785
1521664509688;-14.366455;5.621218;-5.92041
1521664509696;-14.321777;5.3840356;-5.400635
1521664509718;-13.770264;4.9416523;-5.6289062
1521664509729;-13.570801;4.722536;-5.8620605
1521664509738;-13.424072;4.6993427;-6.2401123
1521664509749;-13.216797;4.5804462;-6.5507812
1521664509757;-12.9453125;4.385988;-6.863159
1521664509769;-12.721436;4.352419;-7.2285156
1521664509777;-12.473877;4.1577168;-7.4626465
1521664509790;-12.1501465;3.7542121;-7.7893066
1521664509797;-11.944336;3.4347541;-7.805542
1521664509811;-11.703857;2.931519;-7.7860107
1521664509816;-11.354492;2.634766;-7.762085
1521664509828;-11.212158;2.2047124;-7.6138916
1521664509837;-11.126465;1.8579408;-7.6271973
1521664509849;-11.007324;1.755951;-7.5113525
1521664509858;-10.940186;1.6038514;-7.1206055
1521664509869;-10.774414;1.391205;-6.908081
1521664509878;-10.742432;1.371338;-6.904663
1521664509889;-10.663818;1.267212;-6.69812
1521664509897;-10.413818;1.2139283;-6.5665283
1521664509921;-9.750977;1.0926515;-6.5789795
1521664509931;-9.57959;1.1469423;-6.564209
1521664509938;-9.270752;1.0014955;-6.7369385
1521664509950;-9.040039;1.1665651;-6.9750977
1521664509958;-8.784424;1.4151613;-7.2424316
1521664509970;-8.627686;1.6955262;-7.7281494
1521664509978;-8.266846;2.01294;-8.095215
1521664509990;-7.69104;1.6072999;-8.071045
1521664509998;-6.7805176;0.2058258;-7.569824
1521664510014;-5.8415527;-1.4086609;-7.258667
1521664510018;-4.6187744;-4.277588;-7.3830566
1521664510029;-4.3623047;-6.4537354;-7.1365967
1521664510037;-4.442993;-7.711548;-7.746338
1521664510048;-4.6933594;-8.206543;-8.243408
1521664510057;-4.8515625;-8.097656;-8.331543
1521664510068;-5.121826;-7.037964;-8.130859
1521664510077;-4.949829;-5.86792;-8.220215
1521664510089;-4.3496094;-5.10791;-8.019531
1521664510097;-3.6055908;-4.4300537;-8.164307
1521664510111;-2.593628;-4.352417;-7.1918945
1521664510118;-1.1579285;-5.3406982;-5.892578
1521664510131;-0.13663864;-6.805542;-4.8320312
1521664510138;0.171978;-7.5649414;-4.73938
1521664510149;0.1424141;-8.348145;-4.3795166
1521664510158;-0.23529434;-8.549316;-5.2698975
1521664510177;-1.1043396;-7.5456543;-7.6499023
1521664510189;1.2477723;-1.6180115;-4.074707
1521664510198;1.821869;-2.1478271;-3.8132935
1521664510218;2.922669;-2.479004;-3.4985962
1521664510230;3.491761;-2.0618286;-1.7616577
1521664510238;3.2550056;-1.1519775;-1.7092285
1521664510249;2.9257817;-0.6212616;-0.9151764
1521664510258;3.0590217;-2.2424927;-0.9704132
1521664510270;2.8628545;-2.9545898;-2.4778442
1521664510278;3.191468;-4.187866;-2.6446533
1521664510289;3.328736;-4.570801;-3.1969604
1521664510298;2.9060674;-2.949829;-3.798523
1521664510321;2.9121099;-0.43397522;-2.208191
1521664510331;2.7893682;-0.08102608;-1.4415283
1521664510339;2.7297368;-0.44058228;-1.2861938
1521664510350;2.801087;-0.75819397;-1.6294556
1521664510358;2.9173589;-1.3649597;-1.5560303
1521664510370;2.9473271;-1.6194153;-1.9042664
1521664510380;3.000306;-1.6002197;-1.7122803
1521664510391;3.127137;-1.2663879;-2.1624146
1521664510399;3.4819953;-1.4443665;-1.9334717
1521664510420;3.6139534;-1.8240051;-1.2376404
1521664510430;3.5568855;-1.8608398;-1.2783813
1521664510438;3.4318244;-1.5490417;-1.2026367
1521664510449;3.4625251;-1.0650635;-1.0346985
1521664510458;3.4428718;-0.947937;-0.7439575
1521664510469;3.373902;-1.1508179;-1.2881775
1521664510478;3.1137092;-1.7111206;-1.6535645
1521664510490;2.8659673;-2.32135;-1.6224976
1521664510498;2.3844;-2.5324097;-1.7999878
1521664510514;2.0944219;-2.626709;-1.5732117
1521664510518;1.8431703;-2.519043;-1.2478027
1521664510530;1.7018739;-2.192566;-1.013977
1521664510538;1.5798646;-2.0266113;-0.7769165
1521664510549;1.4650575;-2.0714111;-0.7016754
1521664510558;1.3004762;-2.0621948;-0.6464691
1521664510569;1.0785524;-2.0299072;-0.64082336
1521664510579;0.9237366;-2.213379;-0.54374695
1521664510590;0.59413147;-2.3901367;-0.5995331
1521664510598;0.27124786;-2.5731812;-0.7481537
1521664510620;-0.033904076;-2.7041626;-0.5981293
1521664510632;-0.049308777;-2.5855103;-0.5365143
1521664510639;0.025951385;-2.296692;-0.61676025
1521664510651;0.1313057;-2.1947021;-0.6248779
1521664510660;0.25584412;-2.2233276;-0.47370148
1521664510671;0.13711166;-2.1165771;-0.56814575
1521664510680;0.17469788;-2.329773;-0.5331726
1521664510691;0.22800064;-2.7697144;-0.622879
1521664510699;0.4073944;-2.9989014;-0.57302856
1521664510712;0.5786133;-2.7450562;-0.606308
1521664510718;0.82984924;-2.4124756;-0.7714081
1521664510732;1.1324159;-2.559204;-0.83418274
1521664510739;1.2487184;-2.6065674;-1.1941833
1521664510750;1.4753114;-2.6811523;-1.4436951
1521664510760;1.6356813;-2.816162;-1.3765869
1521664510771;1.9456788;-2.8426514;-1.3314514
1521664510780;2.287537;-3.119751;-1.1617432
1521664510792;2.5800176;-2.921936;-1.0930481
1521664510799;2.8120732;-2.63208;-0.78782654
1521664510820;2.97815;-2.201355;-1.0498962
1521664510832;3.071717;-2.4204712;-1.1064148
1521664510840;3.1547859;-2.6107788;-1.2256775
1521664510852;3.3551033;-2.6569214;-1.3397522
1521664510861;3.48816;-2.8068848;-1.1121521
1521664510871;3.5348518;-2.8549194;-0.8494873
1521664510880;3.4663093;-2.6882324;-1.0752869
1521664510889;3.403443;-2.902954;-0.98291016
1521664510898;3.4296882;-3.147644;-0.6281738
1521664510920;3.5200202;-3.6182861;-0.8810425
1521664510933;3.4887092;-3.5755615;-0.6578369
1521664510940;3.3949592;-3.3581543;-0.8753967
1521664510951;3.3222663;-3.3340454;-1.2842712
1521664510960;3.1425788;-3.2598267;-1.992218
1521664510969;3.1105354;-2.881775;-2.3710938
1521664510977;3.4099739;-3.2371826;-1.3103943
1521664510989;3.3262947;-3.5513916;-0.69059753
1521664510997;3.0817268;-3.4902344;-0.6457825
1521664511018;2.7396245;-2.9386597;-0.5283203
1521664511030;2.567078;-2.124939;-0.7601166
1521664511038;2.5660405;-2.217102;-0.96369934
1521664511049;2.4668584;-2.0427856;-1.6646423
1521664511058;2.5211797;-2.1530762;-2.1885376
1521664511069;2.7539067;-2.0427856;-1.7640381
1521664511078;-1.0401306;-3.5027466;-3.958313
1521664511092;-1.5001526;-2.7780762;-3.5368042
1521664511100;-2.033081;-2.9694214;-2.5741577
1521664511118;-3.6188965;-2.1901245;-4.4804688
1521664511130;-3.8925781;-1.9396667;-3.7907715
1521664511138;-4.385498;-1.9712524;-3.2392578
1521664511152;-5.7473145;-0.97720337;-4.1673584
1521664511160;-6.1658936;0.11809158;-4.7386475
1521664511171;-6.2851562;0.539032;-4.5146484
1521664511180;-6.8154297;0.6973114;-4.269043
1521664511192;-7.303589;1.1538697;-4.338257
1521664511201;-7.599365;1.5385133;-4.265747
1521664511222;-8.211182;2.6838994;-4.9327393
1521664511231;-8.522949;2.6975102;-4.673218
1521664511240;-8.88501;2.8519902;-4.686157
1521664511261;-9.228027;1.7050172;-5.279785
1521664511272;-9.238525;2.0813603;-6.0776367
1521664511278;-9.0251465;2.4948125;-6.269165
1521664511293;-8.700928;2.7311406;-5.7370605
1521664511300;-8.639648;3.1493537;-5.6014404
1521664511323;-8.939941;3.7622077;-5.7755127
1521664511332;-9.077881;3.8672493;-5.8636475
1521664511340;-9.120605;3.5529182;-5.7469482
1521664511352;-9.104004;3.285401;-5.9541016
1521664511360;-9.107178;2.9535527;-6.363037
1521664511372;-8.931152;2.6914067;-6.477783
1521664511380;-8.879639;2.9774175;-7.0629883
1521664511392;-8.913818;3.4874885;-7.345093
1521664511400;-9.19458;3.8489997;-7.2960205
1521664511421;-9.729248;5.4497094;-7.4768066
1521664511432;-9.938477;6.163333;-7.631592
1521664511440;-10.248535;6.7576933;-7.733032
1521664511451;-10.466309;7.4931674;-8.036865
1521664511460;-10.572754;8.191902;-8.328125
1521664511470;-10.766602;8.672859;-8.567383
1521664511478;-10.942383;8.8545;-8.611816
1521664511490;-11.049072;8.388191;-8.530762
1521664511498;-11.017334;7.7070346;-8.390625
1521664511518;-10.610352;6.420535;-7.9976807
1521664511530;-10.532959;6.1159697;-7.6586914
1521664511538;-10.606445;5.768313;-7.2647705
1521664511550;-10.589111;5.417971;-6.9819336
1521664511559;-10.597168;5.2171655;-6.993408
1521664511571;-10.318848;5.0761743;-6.9746094
1521664511579;-10.071777;4.942507;-6.8828125
1521664511592;-9.857666;4.9858418;-7.307129
1521664511599;-9.65332;4.7318134;-7.642212
1521664511613;-9.365234;4.3532734;-7.7382812
1521664511621;-9.355469;4.236086;-7.800415
1521664511633;-9.231689;3.957093;-7.790283
1521664511639;-8.962402;3.4718635;-7.901367
1521664511651;-8.736572;3.0895393;-7.9874268
1521664511660;-8.641357;2.6669316;-8.123291
1521664511671;-8.524658;2.384705;-8.150635
1521664511679;-8.4748535;2.1367192;-8.166992
1521664511691;-8.391602;1.8057863;-8.0234375
1521664511699;-8.40332;1.6777345;-7.727783
1521664511723;-8.1015625;1.6590577;-7.274414
1521664511732;-7.7978516;1.4726869;-7.242676
1521664511740;-7.599243;1.4239503;-7.22937
1521664511752;-7.583008;1.5341493;-7.315674
1521664511761;-7.581421;1.7161866;-7.4521484
1521664511770;-7.4312744;1.7335817;-7.243042
1521664511779;-7.1656494;1.6895753;-7.229492
1521664511791;-6.8494873;1.7910157;-7.5133057
1521664511798;-6.3216553;1.7161866;-7.5428467
1521664511813;-6.034912;1.7895814;-7.513672
1521664511819;-5.6257324;1.4163209;-7.501709
1521664511830;-4.8573;0.6983948;-7.442871
1521664511839;-4.3287354;0.4181671;-7.845093
1521664511851;-3.8221436;0.31944275;-8.187256
1521664511859;-3.201416;0.10502052;-8.841309
1521664511870;-2.4649048;-0.9255829;-9.469482
1521664511879;-1.7827148;-1.8054504;-9.90625
1521664511890;-1.1318054;-2.6279297;-10.001465
1521664511898;-0.35985565;-4.5545654;-9.464844
1521664511924;-0.029978752;-5.9539795;-9.498535
1521664511933;-0.371109;-5.7180176;-9.201172
1521664511940;-0.63967896;-4.996582;-8.619873
1521664511952;-1.0578003;-4.1887207;-7.5527344
1521664511960;-1.247406;-3.7040405;-7.2633057
1521664511972;-1.1513367;-3.4702148;-7.507324
1521664511980;-0.71266174;-3.8442383;-7.521118
1521664511990;-0.18005371;-4.362793;-7.609131
1521664511999;0.16249847;-4.22229;-8.201172
1521664512018;0.85292053;-3.7962646;-7.54834
1521664512040;2.8432012;-1.6569519;-2.720459
1521664512052;2.6820073;-1.8850708;-3.0083008
1521664512060;2.598328;-0.6716614;-2.8919067
1521664512071;2.677918;-0.99739075;-2.6004028
1521664512080;2.5245976;-0.53315735;-3.3589478
1521664512093;2.6301274;-0.32139587;-3.3261108
1521664512100;3.0999763;-0.8309784;-3.066162
1521664512120;3.9891975;-1.2016296;-3.5645752
1521664512132;4.241579;-0.76441956;-3.6119385
1521664512140;4.486086;-0.24592209;-3.0495605
1521664512154;4.7601337;-0.003988266;-2.0906982
1521664512159;4.68799;-0.211689;-1.662262
1521664512171;4.2506123;-0.18150711;-2.4302979
1521664512180;3.8710945;-0.060339928;-2.744751
1521664512192;3.792054;-0.04233551;-2.7459717
1521664512200;4.003786;-0.1363411;-3.1560059
1521664512214;4.1397724;-0.3835907;-3.3255005
1521664512219;4.977297;-0.7664337;-3.3183594
1521664512230;5.6636987;-1.6364136;-3.2651978
1521664512238;5.9464135;-2.0604248;-3.3891602
1521664512251;5.499148;-1.2995605;-4.070923
1521664512260;5.728518;-1.3927917;-2.2614746
1521664512272;5.3422875;-1.5900269;-2.2490234
1521664512280;4.1435566;-1.7879944;-2.64917
1521664512292;3.9713142;-2.0253296;-2.6709595
1521664512300;3.729859;-2.0339355;-2.954773
1521664512322;3.3660896;-1.6852112;-2.8865356
1521664512332;3.1743171;-1.5045776;-2.8609009
1521664512340;2.927918;-1.1440125;-2.8363037
1521664512351;2.6516728;-0.8390808;-2.6825562
1521664512360;2.4150395;-0.7073822;-2.5854492
1521664512372;2.1852422;-0.67692566;-2.7287598
1521664512380;1.9890138;-0.47162628;-2.6514282
1521664512392;1.8509218;-0.37911224;-2.4002686
1521664512401;1.821045;-0.45607758;-2.1489868
1521664512422;1.6504823;-0.29534912;-2.2733154
1521664512433;1.5442201;-0.08049011;-2.531189
1521664512442;1.4093934;0.26062775;-2.762268
1521664512453;1.3759156;0.54589844;-2.9273071
1521664512462;1.3712159;0.5769043;-2.8930054
1521664512473;1.5371095;0.2632904;-2.7073975
1521664512480;1.5826417;0.28100586;-2.7164307
1521664512492;1.6832277;0.32000732;-2.4257202
1521664512501;1.8402711;0.5106201;-2.090393
1521664512523;1.7165834;0.71643066;-1.2103271
1521664512533;1.7438966;0.56199646;-1.0579529
1521664512542;1.9144288;0.4102249;-1.0975647
1521664512553;2.0440068;0.121707916;-1.1849365
1521664512562;2.082398;0.12048912;-1.5844116
1521664512573;2.1548467;0.053894043;-1.3539734
1521664512579;2.1352544;0.07683945;-1.2342224
1521664512590;2.1757817;0.027291298;-1.0284119
1521664512599;2.0955815;0.1598053;-1.2247925
1521664512614;2.1388555;0.09926224;-1.4972229
1521664512619;2.1962895;-0.5061188;-1.1167603
1521664512630;2.2355351;-0.7258301;-1.1182861
1521664512640;2.2793584;-1.1184692;-1.1877441
1521664512650;2.1604009;-1.4112244;-1.0583496
1521664512660;2.1147466;-1.4038086;-1.2936401
1521664512672;2.0427861;-1.0554504;-1.7635498
1521664512680;2.3333135;-0.8486328;-1.5741272
1521664512690;2.6035771;-1.0614624;-1.12146
1521664512699;2.707581;-1.1162415;-1.1069946
1521664512723;2.743897;-2.187561;-1.8186951
1521664512734;2.9304814;-2.3085938;-2.0005493
1521664512741;3.109803;-2.3209229;-1.754364
1521664512753;3.3185432;-2.2609863;-2.111145
1521664512762;3.728028;-2.5996704;-2.126892
1521664512773;4.093996;-2.9788818;-2.166748
1521664512779;4.449953;-2.951294;-2.3532104
1521664512792;4.6832294;-2.8727417;-2.4779663
1521664512800;4.8311787;-2.6157227;-2.4099731
1521664512822;5.173098;-2.6697998;-2.4094849
1521664512833;5.324343;-2.685791;-2.3613892
1521664512841;5.4532495;-2.9595947;-2.7890015
1521664512852;5.82532;-3.531067;-2.4945679
1521664512861;5.959109;-3.592102;-2.6607666
1521664512873;6.127078;-3.472046;-2.4263916
1521664512881;6.1557646;-3.3336182;-2.5291748
1521664512893;6.041507;-3.5004272;-2.7060547
1521664512901;5.9918237;-3.7161255;-2.6113281
1521664512922;5.770388;-2.9599;-2.4924316
1521664512933;5.712893;-3.0232544;-1.5467224
1521664512939;5.3317895;-2.7392578;-1.1127014
1521664512950;4.7773457;-2.0419922;-0.8100128
1521664512961;3.2795417;-1.7246399;-0.82644653
1521664512970;2.601746;-0.91426086;-1.3661499
1521664512979;2.077454;-0.71269226;-1.2528381
1521664512991;-3.1434937;-3.7104492;-1.8840637
1521664512999;-4.0943604;-3.3361206;-1.9494019
1521664513014;-5.033203;-4.569214;-1.7266846
1521664513020;-5.557251;-3.8465576;-2.102356
1521664513032;-6.345581;-2.8442383;-2.847168
1521664513040;-6.824951;-2.6531982;-2.9679565
1521664513051;-7.1846924;-3.6930542;-2.3726807
1521664513060;-7.8078613;-3.8341064;-2.6664429
1521664513072;-8.220703;-3.7331543;-2.7301025
1521664513080;-8.588623;-3.1571045;-3.1376953
1521664513092;-8.73584;-2.6420288;-3.5515747
1521664513101;-8.863525;-2.119751;-3.2059326
1521664513124;-9.244141;-0.05995083;-3.4381104
1521664513134;-9.162598;0.8173523;-3.572754
1521664513142;-9.091064;0.9586487;-3.6184082
1521664513154;-9.292725;0.504303;-3.3687134
1521664513162;-9.7751465;0.20158005;-3.696106
1521664513174;-10.234375;0.52249146;-4.461792
1521664513182;-10.376953;1.2407838;-5.144409
1521664513194;-10.344727;2.7451787;-4.547241
1521664513202;-10.214111;3.2898567;-4.1657715
1521664513214;-10.124756;3.8417976;-4.628662
1521664513220;-10.354492;3.9183357;-4.602295
1521664513243;-10.377441;3.340882;-5.0841064
1521664513252;-10.559082;3.1350715;-5.2994385
1521664513260;-10.716553;3.1297615;-5.5839844
1521664513272;-10.869629;3.3154914;-5.699585
1521664513283;-10.858154;3.5806892;-5.984131
1521664513294;-10.649414;3.5503547;-6.0550537
1521664513302;-10.550537;3.3838508;-5.977295
1521664513314;-10.450195;3.3679206;-6.107544
1521664513322;-10.557861;3.6622322;-6.0740967
1521664513334;-10.6154785;4.194582;-5.9591064
1521664513342;-10.949951;5.0102563;-6.211914
1521664513353;-11.015625;5.7915063;-6.385376
1521664513361;-11.373779;6.7785673;-6.682617
1521664513373;-11.703857;7.9625278;-7.281372
1521664513382;-12.033936;9.405282;-7.8563232
1521664513394;-12.186768;10.635263;-8.182861
1521664513402;-12.370117;11.303966;-8.092529
1521664513422;-12.088379;9.70704;-7.6866455
1521664513434;-11.686279;6.901614;-6.9420166
1521664513440;-11.915039;6.3132353;-6.8010254
1521664513452;-12.191406;6.415408;-6.2977295
1521664513461;-12.078369;6.3147;-5.8721924
1521664513471;-11.864746;6.337283;-5.8745117
1521664513479;-11.570557;6.3486357;-5.861206
1521664513494;-11.263672;6.128787;-6.020996
1521664513501;-10.974609;6.0671415;-6.663452
1521664513520;-10.776855;5.700686;-7.4749756
1521664513532;-10.702148;5.603762;-7.9782715
1521664513541;-10.48584;5.386355;-8.307861
1521664513553;-10.290283;5.191653;-8.638428
1521664513561;-10.113525;5.042483;-8.877197
1521664513572;-10.002197;4.7373066;-8.796387
1521664513581;-9.713379;4.222048;-8.621094
1521664513593;-9.508301;3.9054573;-8.614014
1521664513600;-9.308105;3.4932258;-8.460205
1521664513623;-9.049316;2.618958;-7.767456
1521664513634;-8.945557;2.115662;-7.390991
1521664513642;-8.89209;1.8216554;-7.307495
1521664513654;-8.800293;1.8587343;-7.5114746
1521664513663;-8.649414;1.8307496;-7.5841064
1521664513674;-8.363037;1.5687257;-7.569214
1521664513682;-8.224121;1.6054384;-7.744995
1521664513694;-7.9780273;1.903412;-8.154541
1521664513702;-7.5947266;1.7681581;-7.9539795
1521664513723;-6.5665283;1.2964174;-7.7181396
1521664513742;-5.7418213;0.75897217;-7.9001465
1521664513754;-5.1762695;-0.5826874;-7.70459
1521664513762;-4.5562744;-1.7275696;-8.217041
1521664513774;-4.0931396;-2.796692;-8.659668
1521664513783;-3.7138062;-4.000122;-8.599121
1521664513803;-3.1259766;-5.0786133;-8.592285
1521664513824;-2.4976807;-5.3516846;-8.13623
1521664513834;-2.1774292;-4.7407227;-8.057617
1521664513844;-1.953064;-4.0599365;-7.7940674
1521664513854;-1.8004456;-3.5111084;-7.371582
1521664513863;-1.5351562;-3.4415894;-7.4659424
1521664513873;-0.22019958;-5.008423;-7.302002
1521664513880;0.3918991;-6.444214;-7.3170166
1521664513892;0.5072174;-6.6394043;-8.406738
1521664513902;0.7559204;-6.9260254;-8.551025
1521664513921;0.6075592;-5.961548;-8.95459
1521664513933;0.60092163;-3.7158203;-7.772705
1521664513942;0.8636322;-3.6287231;-6.932373
1521664513954;1.2061464;-3.921936;-6.7700195
1521664513963;3.1118171;-1.7218018;-1.8989563
1521664513974;3.2231452;-2.7955322;-1.9767761
1521664513983;3.0131233;-2.4882202;-3.2296753
1521664513994;2.7879643;-1.7506409;-3.5101318
1521664514004;2.4478765;-0.81814575;-3.2836914
1521664514024;2.275391;0.17003632;-2.8493042
1521664514034;2.4058843;-0.6690979;-2.8342285
1521664514042;2.561768;-1.2865906;-3.102478
1521664514054;2.70575;-1.8094788;-3.253296
1521664514062;2.9856572;-2.3320923;-3.1402588
1521664514073;3.1571052;-2.765503;-2.800476
1521664514082;2.9809575;-2.399292;-3.2479248
1521664514103;2.9028325;-0.317688;-3.2329102
1521664514123;3.2015388;-0.91978455;-2.7329102
1521664514143;3.5615242;-1.5603943;-3.2781982
1521664514154;3.7584846;-1.5761414;-3.4169922
1521664514162;3.8521125;-1.4645386;-3.4454956
1521664514174;3.8698738;-1.3559875;-3.772644
1521664514182;3.9168098;-2.0839844;-4.1748047
1521664514193;3.792298;-2.4804688;-4.4189453
1521664514201;3.717713;-2.5177612;-4.588501
1521664514221;3.6572883;-1.5552979;-3.6151123
1521664514243;4.19446;-1.0339966;-2.4742432
1521664514263;4.4086933;-0.99287415;-1.5143433
1521664514274;4.2576923;-1.3009338;-1.428894
1521664514283;3.7949226;-1.1847839;-1.7842407
1521664514303;3.050904;-0.655838;-2.1358643
1521664514321;2.7025762;-0.5778351;-2.0180054
1521664514325;2.195313;-0.67355347;-2.0754395
1521664514343;1.6505128;-1.2350769;-1.4502258
1521664514354;1.2338868;-1.3012695;-1.4598083
1521664514363;0.9359741;-1.4267578;-1.4715271
1521664514374;0.7207184;-1.3901672;-1.6296997
1521664514383;0.6747284;-1.230957;-1.8733826
1521664514403;0.68470764;-1.2637329;-1.9950867
1521664514420;0.570343;-1.3709717;-2.1575317
1521664514425;0.5296631;-1.6652832;-2.437439
1521664514443;0.5002899;-2.008667;-2.361023
1521664514454;0.42386627;-1.9698486;-2.263977
1521664514463;0.51220703;-1.8280029;-1.9602356
1521664514474;0.7015991;-1.6325684;-1.7256165
1521664514482;0.77900696;-1.5061951;-1.7272034
1521664514494;0.9731903;-1.5162354;-1.6229553
1521664514504;1.0899049;-1.5222778;-1.5095825
1521664514520;1.3598024;-1.5426941;-1.5431519
1521664514534;1.53891;-1.571228;-1.4155273
1521664514542;1.8326722;-1.5442505;-1.3241272
1521664514554;1.8644105;-1.9056396;-1.4840088
1521664514563;2.009705;-1.9231873;-1.5553589
1521664514581;2.5120854;-2.175415;-1.4255981
1521664514594;2.5847783;-1.9210815;-1.3335876
1521664514603;2.6995244;-1.5999756;-1.3322754
1521664514623;2.8895268;-1.6964417;-1.493042
1521664514634;2.9774175;-1.8880615;-1.6889648
1521664514643;3.2167976;-2.2165527;-1.6358337
1521664514653;3.4295661;-2.6031494;-1.6117554
1521664514664;3.4960945;-2.7555542;-1.7877197
1521664514674;3.6466682;-2.8710327;-1.8330688
1521664514682;3.800965;-3.114685;-1.8196411
1521664514694;3.9149787;-3.10083;-2.019165
1521664514703;4.222658;-3.263916;-2.359497
1521664514721;5.0957055;-3.7302856;-2.7337036
1521664514734;5.4135766;-3.5221558;-2.5843506
1521664514742;5.528689;-3.4951172;-2.2772217
1521664514754;5.5640893;-3.4837036;-2.090332
1521664514763;5.6626;-3.3851318;-2.0689087
1521664514773;5.88489;-2.9960938;-2.0200195
1521664514783;5.8946557;-3.218811;-2.034729
1521664514794;5.634524;-3.4154663;-2.420227
1521664514802;5.721316;-3.1212158;-2.7860107
1521664514824;6.41492;-2.8112183;-1.6378174
1521664514843;5.358767;-1.8115845;-0.090948105
1521664514854;4.4196796;-0.67048645;-0.35627747
1521664514863;3.7431648;-0.19836807;-0.18304443
1521664514874;3.213868;-0.11239815;-0.19865036
1521664514882;2.7393193;-0.43314362;-0.48299408
1521664514894;-1.4308777;-2.2527466;-3.6983643
1521664514902;-1.8874207;-1.5803833;-3.6622925
1521664514923;-3.2992554;-1.9501343;-2.5044556
1521664514934;-4.3376465;-0.6252899;-3.8554688
1521664514942;-4.743042;0.0601902;-3.4231567
1521664514954;-5.1481934;0.2794876;-3.1835327
1521664514963;-5.6381836;-0.36525726;-3.0561523
1521664514973;-6.2196045;-1.1047974;-3.8144531
1521664514982;-6.6657715;-1.0110779;-4.5750732
1521664515002;-7.527588;0.93278503;-3.9553223
1521664515023;-8.251709;2.6838994;-5.17334
1521664515034;-8.225342;2.3455815;-5.0754395
1521664515042;-8.192871;1.9906617;-5.321533
1521664515053;-8.233154;2.1999516;-5.5771484
1521664515061;-8.191162;2.3907475;-5.7163086
1521664515074;-8.202148;2.3613896;-5.8304443
1521664515081;-8.192383;2.235413;-6.0949707
1521664515094;-8.178955;2.0855718;-5.9366455
1521664515102;-8.177734;1.9942323;-5.788574
1521664515120;-7.8928223;2.3455205;-5.8078613
1521664515125;-7.7420654;2.9006352;-5.817505
1521664515144;-7.494873;3.4892585;-5.7226562
1521664515164;-7.468628;4.2717304;-6.0582275
1521664515184;-7.6384277;4.4770527;-6.6831055
1521664515204;-7.9327393;5.2955346;-7.1813965
1521664515222;-8.514648;6.1066923;-7.49292
1521664515244;-8.928955;6.453616;-8.144531
1521664515263;-9.516602;7.457767;-8.439453
1521664515283;-9.9748535;8.492928;-8.384766
1521664515303;-10.034668;8.7649;-8.018555
1521664515323;-9.810059;8.131111;-7.9626465
1521664515328;-9.673828;7.4587436;-7.591797
1521664515336;-9.574951;6.7321806;-7.348755
1521664515345;-9.487305;6.0343046;-7.3218994
1521664515364;-9.492676;5.8352075;-6.887329
1521664515384;-9.3376465;5.6512475;-6.753174
1521664515404;-8.747314;4.9093037;-7.1433105
1521664515420;-8.492676;4.60071;-7.4890137
1521664515425;-8.39209;4.581545;-7.603882
1521664515444;-8.246094;4.3310566;-7.765991
1521664515464;-8.02124;3.385926;-7.9417725
1521664515484;-7.690674;2.914124;-7.9466553
1521664515504;-7.33374;2.237183;-7.49292
1521664515524;-7.117676;1.737671;-7.467163
1521664515534;-7.221924;1.704651;-7.5410156
1521664515542;-7.2022705;1.6185914;-7.6588135
1521664515554;-6.975464;1.4743043;-7.4433594
1521664515562;-6.829956;1.4557801;-7.399292
1521664515582;-6.3061523;1.7876893;-7.1776123
1521664515594;-6.0653076;2.013001;-6.720093
1521664515602;-5.675537;2.1201787;-6.433716
1521664515624;-4.844116;1.4128114;-6.36499
1521664515644;-4.169922;0.7951355;-6.441162
1521664515664;-3.6259155;-1.163269;-4.9796143
1521664515676;-3.3671875;-1.4979248;-5.4613037
1521664515685;-3.1416626;-0.6754303;-9.312988
1521664515697;-2.9190063;0.27310944;-10.894287
1521664515705;-2.1878052;0.73986816;-10.713867
1521664515724;0.29572296;-0.7798157;-9.453857
1521664515743;2.5591435;-2.5657349;-9.994141
1521664515763;3.5485237;-5.074585;-11.087891
1521664515784;3.0619514;-5.683716;-9.584717
1521664515804;2.0907598;-4.845093;-9.314941
1521664515822;3.1250007;-0.6751404;-5.449829
1521664515825;3.7734382;-0.4143219;-4.9090576
1521664515840;4.6342793;-0.6292267;-3.9394531
1521664515845;5.67969;-0.600235;-3.343933
1521664515864;6.961917;-2.4077148;-2.295166
1521664515884;5.581179;-1.7835388;-3.5881348
1521664515904;5.290774;-1.8703308;-3.944458
1521664515923;6.1883574;-3.1664429;-4.072632
1521664515934;6.422244;-2.9122925;-3.6264038
1521664515943;6.22803;-2.359253;-3.076416
1521664515954;5.634524;-1.7705078;-2.6942139
1521664515963;5.0457788;-1.4300537;-2.5113525
1521664515984;4.7913837;-1.4179077;-3.220581
1521664515997;4.8573017;-1.3248901;-4.0456543
1521664516005;5.367434;-1.982666;-3.5489502
1521664516020;5.074343;-2.3462524;-3.797058
1521664516025;5.004885;-2.09021;-3.7635498
1521664516037;4.5813007;-2.195984;-3.3829346
1521664516045;4.026491;-1.8694763;-3.3440552
1521664516064;3.6152961;-1.2574768;-2.7594604
1521664516077;3.52118;-1.2519836;-2.4776
1521664516085;3.6073005;-1.1419067;-2.5493774
1521664516104;3.4060066;-1.3257141;-2.8422852
1521664516122;3.280213;-1.080658;-3.0794067
1521664516127;3.2430427;-0.95544434;-3.0076294
1521664516143;2.8526616;-0.789505;-2.906067
1521664516148;2.6754766;-0.72010803;-3.1419067
1521664516164;2.4711308;-0.73716736;-3.1658325
1521664516177;2.4687505;-0.7730713;-2.9552612
1521664516185;2.2810674;-0.81056213;-2.689087
1521664516197;2.084351;-0.84451294;-2.6078491
1521664516205;1.9732667;-0.84246826;-2.395813
1521664516222;1.8908387;-0.73127747;-2.345642
1521664516225;1.7831727;-0.6116333;-2.5179443
1521664516244;1.7071534;-0.4208374;-2.5891113
1521664516264;1.6504518;-0.5316162;-2.6721191
1521664516274;1.5469667;-0.65748596;-2.711914
1521664516284;1.4759828;-0.7293396;-2.5391235
1521664516303;1.3910524;-0.80255127;-2.1671753
1521664516323;1.470215;-0.66104126;-2.0246582
1521664516326;1.5898439;-0.40979767;-1.8428345
1521664516343;1.7209169;-0.51564026;-2.152771
1521664516354;1.744507;-1.1003723;-2.3359375
1521664516362;1.843567;-1.2078857;-2.2547607
1521664516384;2.065064;-1.2791138;-1.9697571
1521664516402;2.4254155;-1.0132751;-1.6128845
1521664516421;2.528565;-1.0193176;-1.3809814
1521664516426;2.636231;-1.3782349;-1.1871338
1521664516442;2.363648;-1.6634521;-1.8544006
1521664516454;2.6052861;-1.2701111;-1.8788452
1521664516464;3.2147834;-1.4905396;-1.4598083
1521664516484;3.5321662;-1.8320312;-1.4786682
1521664516504;3.5538337;-1.9975281;-2.2141724
1521664516522;3.9525764;-1.7348938;-2.0673218
1521664516525;3.9550178;-1.8353882;-2.3137817
1521664516544;4.290285;-2.479004;-2.222351
1521664516564;4.4320087;-2.5283813;-2.53479
1521664516584;4.5913105;-3.1466064;-1.607605
1521664516604;4.433962;-2.9829102;-2.7417603
1521664516621;4.873781;-3.210144;-2.224121
1521664516626;4.763674;-3.5164185;-1.8053589
1521664516637;4.5495625;-3.2984009;-1.991333
1521664516645;4.469118;-2.7133179;-2.2382202
1521664516657;4.4174824;-2.0301514;-2.0804443
1521664516665;4.26404;-1.0840149;-2.4260864
1521664516678;4.1900654;-0.61764526;-2.0004883
1521664516685;4.211794;-0.49866486;-0.95243835
1521664516703;3.380677;-0.50668335;-0.15784073
1521664516721;2.6755376;-0.84628296;-0.7302551
1521664516726;1.8069764;-0.5471802;-2.0582275
1521664516738;1.4776613;-0.574646;-3.871399
1521664516745;-1.283783;-1.181366;-6.841919
1521664516757;-0.81492615;-0.7628784;-4.656372
1521664516766;0.29685974;-0.9468689;-1.1982422
1521664516777;0.14654922;-0.50857544;0.11205101
1521664516786;-1.0257874;0.37078857;0.89694214
1521664516803;-4.3621826;0.24356079;-2.942749
1521664516822;-6.64917;1.1624757;-6.6175537
1521664516827;-6.641968;0.9878082;-5.4450684
1521664516838;-6.341797;-0.32722473;-3.5020142
1521664516845;-6.2005615;-1.0606384;-2.8081665
1521664516857;-6.0820312;-0.30514526;-2.1807861
1521664516865;-6.1069336;1.3368531;-1.5715332
1521664516878;-6.24292;1.9650575;-2.5625
1521664516886;-6.940796;1.8457643;-4.180542
1521664516898;-8.046631;2.3543706;-7.008423
1521664516906;-8.770264;2.035828;-7.496338
1521664516922;-8.6623535;0.97792053;-5.4405518
1521664516927;-8.171875;0.2816162;-4.4642334
1521664516938;-7.5405273;0.28546143;-3.803894
1521664516964;-7.4051514;1.6718751;-3.1548462
1521664516970;-7.932617;2.5223393;-3.0633545
1521664516983;-8.635498;3.9755256;-3.968567
1521664516989;-9.433594;5.108889;-4.07251
1521664517004;-10.218994;5.7329125;-3.8276367
