1521664065133;-0.13211823;0.051829338;9.136051E-4
1521664065152;-0.43218994;-0.85006714;0.040697098
1521664065166;-0.47846222;-0.87931824;0.026919365
1521664065173;-0.49105072;-0.8367615;0.027659416
1521664065186;-0.44599915;-0.7793579;0.05941391
1521664065193;-0.4475174;-0.73316956;0.018591404
1521664065205;-0.44411469;-0.67604065;0.017447948
1521664065213;-0.40693665;-0.6852875;0.004543662
1521664065225;-0.35082245;-0.68840027;0.018222332
1521664065233;-0.3727188;-0.701416;-0.0045706034
1521664065245;-0.41576385;-0.622406;-0.005432725
1521664065253;-0.4098053;-0.64279175;0.041749
1521664065278;-0.40322876;-0.5525665;0.0066844225
1521664065297;-0.36550903;-0.4551773;0.047822952
1521664065309;-0.26087952;-0.43202972;0.027963638
1521664065317;-0.22840881;-0.43186188;-0.07520485
1521664065337;-0.31697845;-0.5746765;0.0031267405
1521664065350;-0.33226776;-0.5151367;0.030901909
1521664065357;-0.39157867;-0.45861816;0.040812492
1521664065369;-0.3457489;-0.36932373;0.0701561
1521664065377;-0.35774994;-0.28865814;-0.01374197
1521664065400;-0.29826355;-0.31873322;-0.017196178
1521664065409;-0.276268;-0.2524643;0.025935173
1521664065417;-0.25801086;-0.11376572;-0.05160904
1521664065430;-0.26787567;-0.055187225;0.052309036
1521664065437;-0.24497604;-0.07782364;-0.0066273212
1521664065450;-0.26895905;-0.14603424;-0.018866539
1521664065457;-0.26171112;-0.015681744;-0.07626152
1521664065469;-0.2597046;0.07000351;-0.06983948
1521664065477;-0.19133759;0.09149742;-0.10886383
1521664065497;-0.11559677;0.11338234;0.054920197
1521664065510;-0.14476013;0.1686325;0.053108215
1521664065517;-0.24756241;0.086107254;-0.018675327
1521664065530;-0.21103668;0.073308945;0.014301062
1521664065538;-0.26566315;0.08287239;-0.053614616
1521664065550;-0.09045601;0.06768608;-0.07850456
1521664065557;-0.122543335;0.070077896;-0.09328461
1521664065570;-0.13943863;0.15698624;-0.038736343
1521664065577;-0.15348434;0.1600647;-0.017338276
1521664065597;-0.18138885;0.1285553;-0.058763504
1521664065610;-0.0618124;0.1271286;-0.07892418
1521664065617;-0.06468201;0.18091965;-0.07725906
1521664065632;-0.05642605;0.23848724;-0.0590868
1521664065643;-0.13456726;0.16735077;0.0037865639
1521664065660;-0.15419006;0.23531342;-0.0041543245
1521664065670;-0.097574234;0.18896866;-0.009418964
1521664065679;-0.06472969;0.2064476;-0.03796196
1521664065697;-0.03232479;0.23810196;-0.09728241
1521664065720;-0.0047426224;0.322052;-0.11920166
1521664065737;0.0118608475;0.1834526;-0.18067169
1521664065757;-0.009607315;0.23184967;-0.07965469
1521664065779;-0.053315163;0.38770294;0.09134865
1521664065796;-0.0030822754;0.32544708;0.05309677
1521664065808;-0.08878136;0.1599617;-0.08056259
1521664065817;0.023679733;0.13327026;-0.05125904
1521664065829;0.09693718;0.21315765;-0.051333427
1521664065838;-0.023935318;0.36643982;-0.1901474
1521664065858;-0.07544136;0.22626877;-0.044550896
1521664065870;-0.09944153;0.10611534;0.060483932
1521664065878;-0.06780052;0.17889404;-0.044695854
1521664065898;-0.055256844;0.25834656;-0.009255171
1521664065909;-0.011733055;0.23733902;0.07354736
1521664065917;-0.049826622;0.22437286;-0.114004135
1521664065929;-0.078424454;0.17153168;-0.007402897
1521664065938;-0.10810661;0.17954636;0.043397903
1521664065949;-0.09992218;0.19006729;0.009028912
1521664065960;-0.13843155;0.30619812;0.047291756
1521664065968;-0.09264374;0.36863708;0.09905052
1521664065977;-0.09264183;0.4916458;0.05117798
1521664066000;-0.07584;0.30381775;0.024227142
1521664066010;-0.012313843;0.22926712;-0.011927366
1521664066017;-0.0058231354;0.23694992;0.04590416
1521664066030;-0.014720917;0.2399826;-0.059414864
1521664066037;-0.083114624;0.27613068;0.014319181
1521664066049;0.009008408;0.2793808;1.4293194E-4
1521664066058;-0.04464531;0.22795868;-0.075466156
1521664066068;-0.037132263;0.17142105;-0.020162106
1521664066077;-0.118183136;0.2154541;-0.115407944
1521664066096;-0.16983795;0.20005035;-0.05326271
1521664066109;-0.13382721;0.25325775;-0.02606678
1521664066117;-0.13196564;0.22922516;-0.014170408
1521664066129;-0.18367386;0.17765427;-0.19124222
1521664066137;-0.18013763;0.15006256;-0.17494202
1521664066149;-0.1608162;0.061466217;-0.15668106
1521664066160;-0.19018173;0.187397;-0.2848587
1521664066169;-0.2503891;0.0408535;-0.22266388
1521664066177;-0.23471451;0.21355438;-0.14283752
1521664066199;-0.22678375;0.22029495;-0.34999847
1521664066218;-0.23968124;0.37039185;-0.21852493
1521664066239;-0.30408478;0.04063797;-0.374588
1521664066258;-0.3238449;-0.063970566;-0.34993744
1521664066280;-0.34233093;0.0127391815;-0.39670563
1521664066299;-0.280838;-0.1368866;-0.61135864
1521664066309;-0.29214478;-0.122190475;-0.5470886
1521664066317;-0.24546432;-0.08466339;-0.6485748
1521664066330;-0.22722244;-0.13804626;-0.40970612
1521664066337;-0.36362457;-0.18144226;-0.4254303
1521664066349;-0.32469177;-0.15315628;-0.3940735
1521664066360;-0.39364624;-0.048238754;-0.7042694
1521664066369;-0.40816498;-0.1169548;-0.44099426
1521664066378;-0.44927216;-0.10861206;-0.48273468
1521664066398;-0.26277924;0.09531021;-0.66160583
1521664066418;-0.10826111;0.029827595;-0.8413391
1521664066438;-0.03231907;0.27148438;-0.7937622
1521664066459;-0.11290169;0.5719452;-0.93588257
1521664066470;-0.12225151;0.33398438;-0.91793823
1521664066478;-0.13629532;0.2123909;-0.928833
1521664066498;0.034547806;0.44974518;-1.0231934
1521664066519;0.085430145;0.48830414;-1.0761414
1521664066538;0.20798111;0.34843445;-1.1334229
1521664066558;0.14320755;0.16199493;-1.085907
1521664066571;0.29103088;0.078790665;-0.76005554
1521664066581;0.2887802;0.06474495;-1.0646362
1521664066603;0.23220444;0.11414528;-1.376831
1521664066612;0.13805771;-0.070056915;-1.3762817
1521664066629;0.23968124;0.004872799;-1.5150452
1521664066640;0.48332977;-0.5678406;-1.4501648
1521664066650;0.6098175;-0.4848938;-1.5163574
1521664066657;0.4966507;-0.103717804;-1.7030334
1521664066668;0.4097824;0.07108307;-1.6364746
1521664066678;0.50561523;-0.15783691;-1.6275024
1521664066696;0.6593933;-1.0914001;-2.1972656
1521664066708;0.6989746;-1.0201111;-2.4039307
1521664066716;0.8231354;-0.9055786;-2.4974976
1521664066730;0.86058044;-0.4609909;-2.8152466
1521664066741;0.9233093;-0.33641815;-2.7057495
1521664066760;0.96232605;-0.8131714;-2.6712036
1521664066780;1.0823365;-0.8816223;-3.3464966
1521664066800;1.098816;-0.6268921;-3.3393555
1521664066801;1.1347047;-0.5120392;-3.310669
1521664066819;1.2647706;-0.9023895;-3.4865723
1521664066839;1.4738466;-0.37882233;-4.0217285
1521664066859;1.7049562;-0.18304825;-3.9685059
1521664066879;1.9118654;-0.6480713;-4.302368
1521664066898;2.023621;-0.31356812;-3.9474487
1521664066903;2.0302129;-0.017922401;-4.1381836
1521664066920;1.6632692;-0.5181732;-4.44812
1521664066933;1.6283876;-0.13298416;-3.5092773
1521664066941;1.578705;-0.31884003;-3.3446045
1521664066960;0.8162689;0.05659294;-3.3983154
1521664066980;0.5141449;-0.80630493;-3.1420288
1521664066998;0.38239288;-0.8668823;-3.505371
1521664067003;0.3230896;-1.0984497;-4.3380127
1521664067020;0.7036896;0.032488823;-3.1654663
1521664067030;1.1544801;-0.5030823;-1.7363586
1521664067038;0.92715454;-0.65353394;-1.314331
1521664067058;-0.44680786;-0.08505821;-1.4057617
1521664067070;-0.798172;0.13631439;-1.0531006
1521664067078;-0.7880707;0.30649567;0.04664135
1521664067099;-0.66078186;-0.29828644;0.22785568
1521664067104;-0.654953;-0.48031616;-0.024686813
1521664067120;-1.0830994;0.4019165;-0.08198166
1521664067132;-1.123169;0.7141876;1.7041932
1521664067143;-0.83818054;0.38555908;2.007813
1521664067160;-1.3856812;-0.011473894;2.794434
1521664067180;-1.6199341;-0.70695496;2.7625127
1521664067199;-1.4759521;-0.98342896;3.1835945
1521664067204;-1.0500183;-1.0437317;3.860047
1521664067220;-0.6301575;-0.9634857;4.454714
1521664067232;-0.70643616;-0.6812744;4.451418
1521664067241;-1.0585327;-0.17033768;5.115359
1521664067260;-2.333496;5.7641625;1.207184
1521664067280;-2.0863647;5.577761;1.9516603
1521664067298;-2.1262207;5.730471;2.571961
1521664067301;-2.1400146;5.636721;3.1401985
1521664067319;-2.159729;5.9884057;4.5111103
1521664067340;-2.3189697;5.783938;5.1047387
1521664067360;-2.4299927;5.447146;5.0592065
1521664067379;-2.5441895;5.6252465;5.254885
1521664067398;-2.583252;5.730471;5.454592
1521664067403;-2.5808105;5.808718;5.5421166
1521664067420;-2.543213;6.0098906;5.403445
1521664067433;-2.63208;6.152835;4.7843037
1521664067441;-2.8283691;6.3376493;4.040407
1521664067460;-2.7908325;6.297244;3.9159553
1521664067480;-2.5014038;6.029788;3.6773689
1521664067498;-2.6505127;5.8385034;3.2969978
1521664067503;-2.7366943;5.8928246;3.3023689
1521664067520;-2.7370605;5.684695;3.0495613
1521664067532;-2.6346436;5.5145288;2.7980962
1521664067541;-2.8432007;5.6302514;2.3782964
1521664067560;-2.8729248;5.5161157;2.603455
1521664067580;-2.5579224;5.2835717;2.492066
1521664067599;-2.274109;4.3919697;2.488648
1521664067618;-2.2730103;4.310671;1.8275148
1521664067631;-2.4505005;4.5183125;1.6654054
1521664067642;-2.4197998;4.7998066;1.8822023
1521664067660;-1.6924133;4.6485615;0.8482971
1521664067679;-1.2619629;3.9252326;1.277527
1521664067698;-0.8640747;3.5516365;2.0465093
1521664067703;-0.6419983;3.2022712;2.1767583
1521664067716;-0.71043396;3.3125618;1.7189332
1521664067721;-1.0995178;3.7341926;0.73657227
1521664067733;-1.6460876;4.359255;-0.042933464
1521664067742;-1.8565063;4.7508564;0.45153046
1521664067753;-1.335144;5.030764;0.8909912
1521664067761;-0.32491302;4.640993;1.0639955
1521664067773;0.4189911;4.3432636;1.0798646
1521664067782;0.88975525;3.8712776;0.62879944
1521664067800;0.8246002;3.3914802;0.08324051
1521664067805;0.43777466;3.2925422;-0.55892944
1521664067812;-0.0082063675;3.4488533;-1.3137512
1521664067821;-0.36505127;3.872071;0.4263382
1521664067833;0.47083282;3.9285285;0.38671875
1521664067841;1.2105714;3.654847;-0.6996918
1521664067860;1.873932;3.3592536;-2.6087036
1521664067879;1.5781251;2.610169;-1.3131714
1521664067896;1.6270753;2.445557;-0.15808105
1521664067901;1.6964723;1.8580323;-0.97239685
1521664067913;1.3187257;1.6407167;-1.3572693
1521664067921;1.0152284;2.3647466;-2.163391
1521664067933;0.59443665;2.4664922;-2.71521
1521664067942;1.1657411;1.5900575;-2.1045532
1521664067953;1.8627015;0.65444946;-1.2793884
1521664067961;2.615296;-0.89001465;-1.0888672
1521664067973;2.7812505;-2.024353;-0.9875946
1521664067981;2.332581;-2.4302979;-0.55926514
1521664068006;1.3670961;-3.6739502;-1.7321472
1521664068013;1.4604493;-4.295288;-0.73924255
1521664068021;2.3995976;1.6090394;-3.859436
1521664068033;2.7568974;1.0522462;-4.020752
1521664068047;2.7514043;1.6207582;-3.4923096
1521664068067;1.9574586;1.7776796;-3.635559
1521664068080;2.2952275;1.590149;-3.0145874
1521664068100;2.598023;1.5913087;-2.909546
1521664068103;2.8578496;1.737732;-2.776062
1521664068120;2.8337407;1.7684633;-3.4105225
1521664068132;2.9287724;1.9851686;-3.644287
1521664068141;3.0010993;1.7461244;-4.0594482
1521664068152;3.2264411;1.891327;-2.9892578
1521664068161;3.391114;1.9086915;-2.5914307
1521664068180;2.810059;2.2913213;-1.6344604
1521664068199;2.6377568;2.4606328;-0.9348602
1521664068202;2.603394;2.3016362;-0.2794571
1521664068220;2.8362432;1.462372;-0.8995209
1521664068232;3.062806;1.5915529;-1.7218628
1521664068241;3.3266609;1.9772035;-2.1410522
1521664068252;3.832154;2.3936772;-1.5896912
1521664068261;4.2998066;2.39856;-0.9989624
1521664068280;3.2116706;2.408875;-1.1392822
1521664068298;2.8405156;2.4482427;-0.8073273
1521664068302;2.775269;2.290833;-0.67311096
1521664068312;2.856812;1.694153;-0.7288666
1521664068321;3.0032356;1.6564332;-0.48269653
1521664068340;3.0083625;1.4434205;-1.3194275
1521664068360;2.7987065;1.7855226;-1.5353088
1521664068372;2.8727422;1.6510011;-1.1752625
1521664068381;2.9478154;1.368683;-0.9391937
1521664068398;2.6981816;1.3228151;-0.8477173
1521664068402;2.2861333;1.5460206;-0.73727417
1521664068420;1.7847902;1.2571107;-0.6746216
1521664068437;1.7459413;1.138733;-0.6137848
1521664068442;1.7974244;1.1118776;-0.71099854
1521664068454;1.8214723;0.9776306;-0.6982422
1521664068461;1.8282777;0.9628296;-0.9494324
1521664068473;1.6076661;0.97610474;-1.2578125
1521664068482;1.5032655;0.9566803;-1.3218384
1521664068506;1.374878;0.8677063;-1.2072144
1521664068513;1.2396241;0.8896179;-1.1403198
1521664068521;1.0959474;0.93530273;-1.0577393
1521664068534;0.973053;0.776001;-1.1473999
1521664068542;0.8523407;0.61291504;-1.0660706
1521664068554;0.9200287;0.46395874;-1.0091553
1521664068562;0.9655304;0.4353485;-1.0134888
1521664068573;0.93685913;0.5533142;-0.99412537
1521664068581;0.87280273;0.79229736;-0.8162384
1521664068605;0.8974457;0.653244;-0.97717285
1521664068613;1.0625306;0.37462616;-1.1402588
1521664068622;1.1466981;0.31243896;-1.2028809
1521664068642;1.2979127;0.47717285;-1.0286865
1521664068660;1.4000856;0.5801544;-1.0155945
1521664068673;1.4263612;0.5209961;-1.1979065
1521664068681;1.632538;0.418602;-1.0006104
1521664068709;1.8619996;0.18244171;-1.0862122
1521664068714;1.7714235;0.19363785;-0.96276855
1521664068722;1.7574769;0.24225616;-1.3037415
1521664068734;1.7674562;0.4167328;-1.5694885
1521664068743;1.9192201;0.28530884;-1.5627136
1521664068754;2.1428227;0.17353821;-1.6916199
1521664068762;2.1964726;0.06700134;-1.7478333
1521664068774;2.1969;0.046639442;-1.7741394
1521664068782;2.1534429;0.12161064;-1.8544312
1521664068807;2.2199101;-0.23863983;-2.289917
1521664068813;2.2818608;-0.27684784;-2.37146
1521664068822;2.3040776;-0.040175438;-2.2875366
1521664068837;2.2172246;0.13268661;-2.5175781
1521664068843;2.1318974;0.253685;-2.501648
1521664068854;2.1532598;0.06767082;-3.0620728
1521664068862;2.1819463;-0.42354584;-3.1364746
1521664068874;2.389832;-0.6617737;-2.8145752
1521664068882;2.485291;-1.0714722;-3.2088013
1521664068900;2.315186;-1.2097473;-3.8307495
1521664068905;2.1912847;-0.59458923;-2.7141724
1521664068914;2.0346684;-0.4808426;-2.5592651
1521664068922;1.6061708;-0.686615;-2.0245361
1521664068934;1.2629701;-0.60292053;-1.4555664
1521664068944;0.98254395;-1.2836914;-2.215088
1521664068960;0.96958923;-2.111145;-1.7106934
1521664068980;0.9235382;-2.562317;-1.2748413
1521664069006;0.14923859;-1.6936035;-1.0748596
1521664069014;0.15836334;-1.5661926;-0.8669586
1521664069022;0.24292374;-2.0549927;-0.8809662
1521664069034;0.38850403;-1.9689331;-0.18693161
1521664069043;0.50309753;-2.067627;-0.7733612
1521664069054;0.4069748;-2.060852;-0.3875122
1521664069062;0.43470764;-1.5108337;0.5230255
1521664069074;0.3137741;-2.2352905;1.0930482
1521664069082;0.30730438;-2.2765503;0.9243164
1521664069100;0.009345055;-2.4151611;1.0589296
1521664069101;-0.08374214;-2.2364502;1.4818422
1521664069120;-0.010504961;-2.6114502;2.0802007
1521664069140;0.10419083;-3.1750488;2.2138677
1521664069157;0.01312089;-3.37854;2.5162358
1521664069162;0.08530617;-3.2173462;2.9005742
1521664069174;0.09007263;-3.0333252;3.1091316
1521664069182;-0.19329453;-2.1734009;4.343508
1521664069205;-1.2190552;5.445803;1.818329
1521664069214;-1.2435913;5.273562;1.6708986
1521664069222;-1.0892639;5.2623315;2.1599736
1521664069235;-0.6702881;5.018435;2.552796
1521664069242;-0.49565125;4.698488;3.4752815
1521664069258;-0.3550415;4.614626;3.2014778
1521664069263;-0.59620667;4.661257;3.2268684
1521664069274;-0.7544098;4.807497;4.248293
1521664069282;-0.63212585;4.9177265;4.8411884
1521664069305;-0.5948639;4.5915546;5.404177
1521664069314;-0.74528503;4.3464375;5.275759
1521664069338;-1.2269897;4.0253925;5.705813
1521664069343;-1.3141785;3.8135993;5.874148
1521664069355;-1.3692322;3.8103645;6.1245146
1521664069363;-1.5192566;3.8104866;6.0881376
1521664069375;-1.7414246;3.89795;6.3068876
1521664069383;-1.959259;4.3480244;5.853274
1521664069401;-2.1606445;4.428713;5.3043237
1521664069420;-2.0422974;4.083742;4.90259
1521664069440;-2.2648926;4.102297;4.6174335
1521664069453;-2.397461;4.1450214;4.2757587
1521664069463;-2.538025;4.3115253;4.0670185
1521664069473;-2.5378418;4.4019794;3.8989265
1521664069482;-2.4396362;4.293825;3.5418708
1521664069500;-2.2407837;4.104738;3.4306648
1521664069505;-2.0440063;3.8178718;3.5118415
1521664069517;-1.9732666;3.696839;3.0953987
1521664069523;-2.0352783;3.5883796;2.9901738
1521664069536;-2.0992432;3.6970222;3.307923
1521664069543;-2.074524;3.7171638;3.4784553
1521664069556;-1.9828796;3.606324;3.1979377
1521664069563;-1.8468933;3.4937751;3.1226203
1521664069574;-1.5848389;3.4062507;3.1127937
1521664069582;-1.4620972;3.3277595;2.769959
1521664069600;-1.2982178;3.3213508;2.367188
1521664069605;-1.2739563;3.3924568;2.5260625
1521664069615;-0.996933;3.446656;2.9151616
1521664069623;-0.6748352;3.2392585;3.4232795
1521664069635;-0.02752161;2.908875;2.0084844
1521664069643;-0.30465698;2.9636846;1.6893617
1521664069653;-0.4879074;3.2218635;0.89175415
1521664069662;-0.6765137;3.5253913;0.06729889
1521664069674;-0.4271927;3.984681;0.5029907
1521664069682;0.22977066;3.8638313;1.2388307
1521664069701;1.2364198;2.9238286;1.007599
1521664069713;1.113556;2.3018804;0.16427231
1521664069721;0.699234;2.131165;-0.23229218
1521664069733;0.3389511;2.2503057;-0.31323242
1521664069741;0.22445297;2.533814;-0.49435425
1521664069753;0.29966736;2.8005376;-0.20017242
1521664069761;0.77583313;3.1789558;0.13212585
1521664069773;1.2083436;2.9752202;-0.2479477
1521664069782;1.3579408;2.5023808;-0.2221756
1521664069796;1.4136354;2.5778203;-0.49726105
1521664069802;1.2825319;2.3640752;-1.3619385
1521664069814;1.165497;2.4218755;-1.0909119
1521664069822;1.367798;2.4550176;-1.6643066
1521664069834;1.6614381;2.0435185;-1.4968567
1521664069842;2.0593266;1.67334;-1.5429382
1521664069854;2.6544194;1.2069703;-1.6107178
1521664069862;2.348267;1.1902772;-1.9927673
1521664069874;1.8847963;1.5096437;-1.2427673
1521664069882;1.7422792;1.3659059;-1.1431274
1521664069902;1.8549196;0.6490936;-1.8810425
1521664069913;2.0380254;0.31938934;-1.5150452
1521664069922;2.5708623;-1.1674805;-0.66397095
1521664069933;2.939942;-3.6981812;-1.1403503
1521664069944;3.3952644;2.1782231;-3.8149414
1521664069956;3.6137092;1.199463;-3.097107
1521664069963;3.3698738;0.2736435;-3.473755
1521664069975;2.8107305;0.9983673;-2.0076904
1521664069983;2.2673955;1.8811647;-1.6792297
1521664070000;1.8242189;1.740204;-2.4576416
1521664070005;1.80188;1.2485353;-2.7434082
1521664070017;2.4969487;0.69758606;-2.1749268
1521664070023;3.337464;-0.5223999;-2.940979
1521664070035;3.6901863;-0.94377136;-3.1727905
1521664070043;3.6074836;-0.2804718;-3.5342407
1521664070055;3.3265998;0.69433594;-3.003662
1521664070064;3.1314704;1.4241945;-2.0722046
1521664070075;2.945191;1.0040895;-1.6490784
1521664070084;2.7502446;0.31635284;-1.8109436
1521664070096;2.5214238;0.5371704;-1.5881653
1521664070102;2.6366582;0.7320099;-1.5137634
1521664070113;3.085633;0.73309326;-1.7382202
1521664070122;3.1483772;1.0190431;-1.9332886
1521664070133;3.338929;1.3035585;-1.2422485
1521664070141;3.5449836;1.143799;-1.107666
1521664070153;3.4776008;0.82522583;-1.160675
1521664070162;3.0983894;0.82951355;-1.4145813
1521664070174;3.0018928;0.9756317;-1.0776367
1521664070181;2.9518437;1.1478273;-1.0725708
1521664070202;3.0209358;1.1985475;-1.8935547
1521664070213;3.0776985;1.5805665;-1.7709045
1521664070222;3.1094368;1.7682191;-1.4491577
1521664070235;3.1004035;1.6956788;-1.0927734
1521664070241;2.9707036;1.3498842;-1.1706848
1521664070253;2.6754155;1.3131715;-0.9994354
1521664070261;2.5620122;1.441559;-0.8094177
1521664070274;2.459107;1.3283387;-0.82896423
1521664070283;2.3958135;1.1732484;-0.93022156
1521664070300;2.5189214;1.060547;-0.88549805
1521664070305;2.5796514;0.9782257;-0.8853302
1521664070315;2.2182622;1.2135926;-0.90859985
1521664070328;1.9852601;1.0880128;-0.90104675
1521664070339;1.8235475;0.94088745;-0.7284088
1521664070345;1.9117128;0.77537537;-0.58825684
1521664070356;1.8438722;0.73573303;-0.57084656
1521664070363;1.6604921;0.87968445;-0.5496521
1521664070375;1.6079713;0.88127136;-0.4458313
1521664070384;1.4718934;0.81707764;-0.5137787
1521664070406;1.449463;0.63768005;-0.527359
1521664070416;1.5377809;0.76065063;-0.37939453
1521664070423;1.5534669;0.8087158;-0.25322723
1521664070436;1.500763;0.72117615;-0.3496399
1521664070445;1.4895631;0.52085876;-0.45555878
1521664070456;1.4927369;0.5293274;-0.36895752
1521664070463;1.5933534;0.45459747;-0.34858704
1521664070475;1.6050416;0.45376587;-0.4098587
1521664070483;1.6052247;0.5134735;-0.670578
1521664070505;1.896393;0.5814514;-0.7305145
1521664070516;1.9758912;0.36650848;-0.92622375
1521664070523;2.065308;0.38807678;-0.69392395
1521664070536;1.9410707;0.35578918;-0.99276733
1521664070543;1.9876405;0.28816986;-1.0032654
1521664070556;2.0977788;0.054632187;-1.1117859
1521664070563;2.0656743;-0.19147491;-1.5108032
1521664070575;1.8151246;0.047495842;-1.8282471
1521664070584;1.8141786;0.18878174;-2.349121
1521664070606;2.094849;-0.046607018;-2.3659058
1521664070616;2.2341924;-0.43077087;-2.7851562
1521664070625;2.1209722;-0.4664383;-2.7594604
1521664070636;2.1429448;-0.33382416;-2.781372
1521664070645;1.9679261;-0.4402542;-3.050476
1521664070656;1.8966676;-0.4210968;-2.9335327
1521664070664;1.9193727;-0.71836853;-3.1916504
1521664070675;1.954651;-1.0751648;-3.1967163
1521664070683;1.952881;-1.185669;-3.2787476
1521664070707;1.7458192;-1.2531128;-2.7144775
1521664070716;1.7219545;-1.2294617;-3.1082764
1521664070724;1.4674684;-1.2499695;-3.7131958
1521664070736;1.4028322;-1.1417542;-3.8284912
1521664070745;1.6312257;-1.3437195;-3.0372314
1521664070757;1.5261842;-1.8750305;-3.0447998
1521664070765;1.1916505;-1.6715088;-2.7941895
1521664070776;0.95443726;-1.4169006;-2.6478271
1521664070784;0.71673584;-1.25;-2.0575562
1521664070805;0.76979065;-1.8894653;-1.7904053
1521664070814;0.8587799;-2.3069458;-1.6920776
1521664070823;0.9012909;-2.4957886;-1.6213379
1521664070835;0.9291687;-2.3270874;-1.1148987
1521664070843;0.89775085;-2.1706543;-0.96466064
1521664070855;0.78422546;-2.1759033;-0.87794495
1521664070863;0.82836914;-2.1473389;-0.15304565
1521664070875;0.8223114;-2.213684;-0.14767456
1521664070883;0.7187805;-2.2905273;0.21171951
1521664070897;0.6353607;-2.2867432;0.8589325
1521664070904;0.7471771;-2.1240845;1.4752504
1521664070916;0.68348694;-2.519104;1.5537416
1521664070923;0.6235657;-2.87854;1.6077577
1521664070935;0.5435486;-3.0700073;2.0411382
1521664070943;0.6123047;-3.25885;2.8001103
1521664070955;0.6239166;-3.180603;3.3541267
1521664070963;0.6036072;-2.7424316;3.6275032
1521664070975;0.5133972;-2.3049927;3.455201
1521664070983;0.24684525;-2.0872192;3.48993
1521664071003;-0.67588806;4.8515644;0.012165546
1521664071014;-0.46980286;4.61487;0.31745148
1521664071023;-0.3404541;5.0242944;1.042328
1521664071036;-0.3223877;5.226809;1.203827
1521664071043;-0.5072937;4.99341;1.3865358
1521664071055;-0.6639252;5.320681;1.6043092
1521664071063;-0.74102783;5.178469;2.0308843
1521664071075;-0.5805664;5.0380883;2.1158452
1521664071083;-0.42625427;4.989748;2.5545049
1521664071106;-0.37683105;4.8432636;2.8265996
1521664071116;-0.43427277;5.174563;3.708863
1521664071127;-0.57489014;4.8293476;4.352541
1521664071137;-0.86979675;4.5736103;4.3452168
1521664071145;-1.2136536;4.1346455;4.541994
1521664071157;-1.4979553;3.776734;5.0472436
1521664071165;-1.5732422;3.5294807;5.353152
1521664071177;-1.7273865;3.4735115;5.2656274
1521664071185;-1.9078674;3.6560676;5.494387
1521664071207;-2.0401;3.5794075;5.968386
1521664071217;-2.19458;3.540284;5.9062524
1521664071225;-2.6117554;3.531678;5.129397
1521664071238;-2.9017334;3.6472785;4.923464
1521664071244;-2.8571777;3.7168586;4.953493
1521664071257;-2.756897;3.7302864;4.927126
1521664071265;-2.6148682;3.6666877;4.7667255
1521664071276;-2.625122;3.6492317;4.498049
1521664071284;-2.8081665;3.7154548;4.2336445
1521664071297;-2.9021606;3.8521736;4.1539326
1521664071303;-2.8425903;3.811158;4.0046406
1521664071315;-2.6467896;3.669068;3.6000373
1521664071325;-2.6155396;3.7206428;3.3124397
1521664071336;-2.4434814;3.8052375;3.1890266
1521664071342;-2.3911133;3.7442024;3.3335578
1521664071356;-2.1037598;3.6466682;3.4039924
1521664071363;-2.086975;3.4772956;3.2445686
1521664071375;-2.15625;3.6138923;3.1473396
1521664071383;-2.2680664;3.5609138;3.2728279
1521664071407;-1.9072266;3.703736;3.2639778
1521664071416;-1.4910889;3.6192634;3.3063362
1521664071425;-1.1524963;3.2807014;3.222596
1521664071437;-0.7630768;3.008973;3.1181037
1521664071445;-0.6612854;3.0028083;3.2114265
1521664071457;-0.61328125;2.9544072;3.1193244
1521664071464;-0.62239075;3.0970466;3.415467
1521664071475;-0.4569397;3.2562873;3.1886604
1521664071483;-0.42749786;3.257264;2.823914
1521664071507;-0.2076912;3.2466438;1.4417726
1521664071516;-0.06863022;3.1068122;1.7344972
1521664071524;0.40120697;3.007508;1.8605043
1521664071536;0.7414093;2.9039311;1.6734926
1521664071543;0.83099365;2.7289433;1.7560121
1521664071556;0.80229187;2.8092046;1.5432435
1521664071564;0.5137634;2.7932744;1.4730226
1521664071576;0.16291046;2.7930913;0.7615204
1521664071583;-0.11665726;2.8659062;0.5447998
1521664071600;0.17230606;3.0623176;0.6184082
1521664071603;0.5415802;2.8755498;0.9116211
1521664071616;1.0050355;2.7758183;0.33343506
1521664071623;1.1545411;2.6567388;0.041757584
1521664071636;1.2203676;2.754395;-0.7089691
1521664071643;1.2424928;2.7955937;-1.8765259
1521664071655;1.3050538;2.4568486;-1.2861023
1521664071664;1.5039064;2.4290776;-0.8501892
1521664071676;2.1047978;1.5160829;-0.9663391
1521664071683;2.0178838;1.2616884;-1.549408
1521664071699;1.6631471;1.203766;-1.6816101
1521664071705;1.4664918;1.6721803;-1.953186
1521664071717;1.5086366;1.92865;-1.2299805
1521664071725;1.834076;1.6674196;-1.1846008
1521664071737;2.217835;0.74391174;-1.3181152
1521664071747;2.5821538;0.07386398;-1.0945435
1521664071758;2.5681767;-0.35041046;-1.3331299
1521664071765;2.5942998;-0.5830536;-1.4562683
1521664071777;2.4083867;-0.60066223;-1.2125244
1521664071785;2.3016362;-0.8256378;-0.56292725
1521664071807;2.615601;-3.1773071;0.5178528
1521664071817;3.015992;-4.1723633;0.57514954
1521664071825;3.049012;-5.2077637;0.2134819
1521664071837;2.8905644;-4.754883;0.44091034
1521664071846;2.8076787;1.7963563;-4.03833
1521664071858;2.6828618;1.7103578;-3.1817627
1521664071864;2.8004155;2.1655278;-2.5665894
1521664071876;3.1384284;1.5881959;-2.7832642
1521664071884;3.2493293;1.212555;-2.5922852
1521664071906;3.3466194;0.7346802;-2.2833252
1521664071917;3.1734626;0.84407043;-2.7573853
1521664071925;3.0667121;0.8752289;-3.4511719
1521664071937;3.179444;1.6119081;-2.6849976
1521664071945;3.6986701;1.974579;-2.1969604
1521664071956;4.0272236;1.2456666;-2.038025
1521664071964;4.1940937;0.6993866;-1.7548523
1521664071976;4.0128193;0.584671;-0.9840851
1521664071987;3.6665046;0.92323303;-0.65309143
1521664072008;2.987183;1.3254701;-1.2355042
1521664072017;2.999024;1.0429384;-2.4953613
1521664072025;3.0863044;0.9146576;-2.6557007
1521664072037;3.6484993;1.0171815;-1.7755737
1521664072047;4.111208;0.9015045;-1.3943787
1521664072058;4.1455097;0.8138428;-1.5159912
1521664072066;3.8020027;1.0775148;-1.429718
1521664072077;3.1475227;1.2117616;-1.3071289
1521664072086;2.6870122;1.1147462;-1.6365356
1521664072100;2.5556645;1.0866395;-1.6564026
1521664072106;2.6841435;1.1325685;-1.6885681
1521664072117;2.8615117;1.1612245;-1.487854
1521664072125;2.6062016;1.4344178;-1.4183655
1521664072137;2.3564458;1.2795717;-1.42453
1521664072146;2.1619267;1.0512391;-1.2835388
1521664072157;2.1129766;0.80584717;-1.3343201
1521664072165;2.0567632;0.77708435;-1.1880798
1521664072178;1.9530336;0.9875946;-1.0122375
1521664072186;1.9026185;0.9683075;-0.94218445
1521664072206;1.6605226;0.9646301;-0.76750183
1521664072217;1.5910646;0.8860016;-0.4887848
1521664072225;1.5268556;0.8154297;-0.5394592
1521664072237;1.3476869;0.70661926;-0.5223694
1521664072245;1.2532045;0.6916504;-0.47763062
1521664072258;1.2761537;0.6322174;-0.35596466
1521664072268;1.4071656;0.5893402;-0.27511597
1521664072277;1.4216615;0.6530609;-0.39136505
1521664072285;1.3921205;0.58058167;-0.41592407
1521664072306;1.3714601;0.6422577;-0.1388855
1521664072316;1.4273683;0.46819305;-0.1399498
1521664072325;1.4908754;0.3936844;0.017904758
1521664072337;1.5090944;0.31380463;-0.15096664
1521664072345;1.5114442;0.29104614;-0.17086029
1521664072357;1.7147828;0.47826385;-0.27423096
1521664072364;1.8102723;0.61557007;-0.13451767
1521664072377;1.8485414;0.5995636;-0.07587242
1521664072384;1.8735963;0.58984375;-0.41729736
1521664072400;1.7954408;0.4544449;-0.7393646
1521664072407;1.7916871;0.3702011;-0.97224426
1521664072417;2.000977;0.18536377;-0.99801636
1521664072426;2.1525884;0.16342545;-1.0014954
1521664072437;2.1905522;0.008221149;-1.2474976
1521664072445;2.1019902;0.08625603;-1.222992
1521664072458;1.9236757;0.1893158;-1.3910217
1521664072465;1.7123414;0.18998337;-1.7885132
1521664072478;1.63089;0.17885971;-1.8034363
1521664072485;1.6956788;0.019494534;-1.7648315
1521664072506;1.7487489;-0.43289185;-2.6366577
1521664072518;1.7879335;-0.4540329;-2.1651
1521664072525;1.9126283;-0.47743225;-2.4655762
1521664072538;1.955536;-0.6812134;-2.8568726
1521664072546;1.8859864;-0.65216064;-2.7943726
1521664072558;1.9341432;-0.62805176;-2.6975708
1521664072566;1.8887941;-0.8023224;-2.6325073
1521664072577;1.7973329;-1.5118103;-3.2353516
1521664072586;1.8359987;-1.3754272;-3.0112305
1521664072598;1.8555604;-1.369751;-3.1542358
1521664072604;1.7416078;-1.3193359;-2.8677979
1521664072616;1.7910768;-1.1829834;-2.614563
1521664072624;1.6882325;-1.4881592;-2.9074097
1521664072636;1.5609742;-1.2648621;-2.9101562
1521664072644;1.4647523;-1.029602;-2.9988403
1521664072657;1.2994386;-1.0877991;-2.774109
1521664072664;1.1935121;-0.8223419;-2.2564697
1521664072676;1.1687623;-0.98036194;-1.8213196
1521664072684;1.0774537;-1.5133972;-2.423462
1521664072700;0.8070526;-1.5426025;-2.534668
1521664072706;0.7082825;-1.5289307;-2.227295
1521664072716;0.7140198;-1.6100769;-1.7623901
1521664072724;0.83239746;-1.6098328;-1.3502502
1521664072736;0.8931122;-1.5882568;-0.9120941
1521664072744;0.80444336;-2.0089722;-0.16235352
1521664072757;0.5535431;-2.0776978;0.37774658
1521664072765;0.33127594;-2.4769897;0.6366577
1521664072776;0.1492958;-2.980835;0.76509094
1521664072784;0.11087608;-3.1951294;1.1061097
1521664072808;0.2732849;-3.1984863;1.6581422
1521664072818;0.28769684;-2.9781494;2.250733
1521664072826;0.20675659;-2.6295166;2.7235723
1521664072838;0.14030075;-2.3962402;2.1162114
1521664072846;-0.105155945;-2.4520874;1.9988405
1521664072858;0.005456209;-2.2125854;2.981995
1521664072866;0.1724968;-2.2566528;4.01758
1521664072878;-0.5453491;4.215578;-0.58703613
1521664072886;-0.7906494;4.4665546;-0.3674469
1521664072909;-0.8451233;5.150759;0.742157
1521664072919;-0.76382446;5.136721;0.91993713
1521664072926;-0.5408783;5.030886;1.2587587
1521664072938;-0.38755035;4.880739;1.5628053
1521664072946;-0.27705383;4.8431416;1.630005
1521664072958;-0.27450562;4.7718525;2.4216924
1521664072967;-0.3766861;4.849489;2.9114385
1521664072978;-0.5054474;4.498659;2.7558599
1521664072986;-0.8110504;4.5114765;3.174256
1521664073005;-0.7187195;4.1645527;4.2181416
1521664073017;-0.9155884;3.9324348;4.1518574
1521664073024;-1.0112915;3.767701;4.295656
1521664073037;-1.2797241;3.576966;4.7618427
1521664073045;-1.44281;3.6449592;4.8085957
1521664073057;-1.4657898;3.4075935;4.988283
1521664073064;-1.5783691;3.3209846;4.9902363
1521664073077;-1.7775269;3.4486701;5.0936303
1521664073084;-1.9893494;3.2562873;5.362551
1521664073099;-2.1364746;3.1885993;5.302981
1521664073105;-2.2953491;3.1158454;4.7943134
1521664073118;-2.5585938;3.2494514;4.694582
1521664073126;-2.5721436;3.469239;4.550295
1521664073137;-2.6468506;3.6804817;4.851198
1521664073145;-2.4343872;3.7233894;5.0208764
1521664073158;-2.366394;3.6378791;4.5344257
1521664073166;-2.4335327;3.5500495;4.323488
1521664073178;-2.5870972;3.5532234;4.482424
1521664073186;-2.539795;3.542115;4.3500996
1521664073207;-2.5444336;3.9461067;4.0030537
1521664073217;-2.4572754;4.0808125;3.9596565
1521664073225;-2.2525635;4.0565205;3.9747322
1521664073237;-2.140442;3.8242195;3.7186286
1521664073246;-2.0721436;3.8063972;3.5536506
1521664073258;-1.9480896;3.6876228;3.3509529
1521664073265;-1.8212585;3.8057868;3.1630867
1521664073277;-1.5943298;3.8086555;3.1000373
1521664073285;-1.3895264;3.8380134;3.069764
1521664073308;-1.1710815;3.4317634;2.8842168
1521664073319;-1.2363586;3.4349983;3.000428
1521664073326;-1.1817627;3.2744148;3.196595
1521664073338;-1.0965271;3.243653;3.2866828
1521664073346;-0.89160156;3.1938484;3.062928
1521664073359;-0.8517914;3.1468513;2.992371
1521664073366;-0.8106537;3.1595466;2.9034429
1521664073378;-0.7178955;3.132325;2.8240361
1521664073387;-0.5249634;3.0460212;2.757691
1521664073407;-0.3140335;2.8599248;2.41742
1521664073417;-0.24881363;2.8364263;2.4095464
1521664073425;-0.2664261;2.8362432;2.485169
1521664073438;-0.27700043;2.8018804;2.0586553
1521664073445;-0.40305328;3.0308235;1.4629213
1521664073459;-0.58010864;3.2045906;1.0001832
1521664073466;-0.66386414;3.623719;1.5250856
1521664073478;-0.41015625;3.7672126;1.7066346
1521664073486;0.40234375;2.9561772;1.9465638
1521664073508;0.62879944;1.8958741;1.1054384
1521664073518;0.38459778;1.8666993;0.015756607
1521664073527;-0.033899307;2.1159673;-0.08975792
1521664073539;-0.3228073;2.9612432;0.41744995
1521664073546;-0.22353745;3.4252326;0.59402466
1521664073559;0.32261658;3.2897956;0.54537964
1521664073566;0.9606018;2.7604375;0.6059723
1521664073579;1.4843141;2.2918096;0.29701233
1521664073586;1.6639711;1.9143983;-1.1942444
1521664073606;1.3749086;1.5428773;-1.4906616
1521664073618;1.1434938;2.351624;-0.88974
1521664073627;1.4027101;1.9615785;-1.0665894
1521664073639;1.6981813;1.0025026;-1.8310242
1521664073647;1.8034974;-0.0712204;-1.7189331
1521664073667;2.04242;-0.07166672;-1.081665
1521664073679;1.856659;1.0129396;-1.3727417
1521664073687;1.6279603;2.1911016;-1.6570435
1521664073707;1.8534852;2.584229;-1.7032776
1521664073719;2.7816167;-0.118335724;-1.0759583
1521664073727;2.976441;-1.4604492;-1.2792358
1521664073745;2.6873784;0.2898407;-0.9255676
1521664073758;2.3001103;1.6221315;-0.18833542
1521664073765;2.1564946;0.35543823;0.35796356
1521664073778;2.2119145;-2.161499;1.2683107
1521664073786;2.7586064;2.1878057;-1.7514954
1521664073810;3.7924201;-1.0092468;-2.8154907
1521664073827;3.846131;0.883255;-2.194458
1521664073840;3.8139656;1.2275697;-1.6930237
1521664073848;3.702027;0.6699524;-1.3321838
1521664073860;3.5427253;-0.018647194;-1.3659668
1521664073868;3.5318;-0.27859497;-2.1875
1521664073880;3.5565803;-0.2280693;-1.890625
1521664073887;3.7549446;0.39089966;-1.7841187
1521664073908;4.1539326;0.2126236;-2.2218018
1521664073919;4.0947285;0.4299698;-1.6859131
1521664073927;4.114748;0.120321274;-1.5761719
1521664073939;3.521485;0.6752014;-1.0149536
1521664073947;3.3336189;1.0409852;-1.6481628
1521664073959;2.9978642;1.119568;-1.8338928
1521664073967;2.9741826;1.4884645;-1.5471802
1521664073978;3.2894294;1.274933;-1.3505554
1521664073986;3.5215461;1.0499574;-1.4192505
1521664074006;3.6296394;0.9820709;-0.45368195
1521664074018;3.268006;0.70240784;-0.9309082
1521664074026;2.9318852;0.81866455;-0.99427795
1521664074039;2.8849492;1.1243287;-1.0841675
1521664074046;2.9727788;1.0338746;-0.7667084
1521664074059;3.1730354;1.0948182;-0.7433777
1521664074067;3.378968;0.73275757;-0.7507324
1521664074078;3.3342903;0.5955353;-0.7512512
1521664074087;3.085633;0.92144775;-0.8786316
1521664074107;2.6439824;1.3517762;-0.42821503
1521664074118;2.6499028;1.0722963;-0.48101044
1521664074127;2.5710454;0.7763214;-0.55000305
1521664074139;2.4584966;0.38867188;-0.47708893
1521664074147;2.4190679;0.15785217;-0.64045715
1521664074160;2.2068486;0.50920105;-0.7972107
1521664074167;2.0387578;0.70918274;-0.6450653
1521664074178;1.8920289;0.6117554;-0.34560394
1521664074186;1.7502443;0.076337814;-0.44161987
1521664074206;1.6691896;-0.34895325;-0.46139526
1521664074217;1.4212037;-0.50387573;-0.5910797
1521664074227;1.394806;-0.26544952;-0.4372177
1521664074238;1.2174073;-0.26558685;-0.57173157
1521664074247;1.0620729;-0.1675911;-0.550766
1521664074258;1.0450746;-0.26889038;-0.4822693
1521664074267;1.091797;-0.43219757;-0.5492401
1521664074278;1.181244;-0.5878296;-0.5983887
1521664074286;1.0830995;-0.41632843;-0.8874512
1521664074306;1.2586061;-0.17759323;-0.7471771
1521664074318;1.3814393;-0.1916275;-0.7799072
1521664074326;1.589264;-0.3057022;-0.8293915
1521664074339;1.655945;-0.44166565;-0.9819336
1521664074346;1.5802613;-0.1952591;-1.0975342
1521664074359;1.624695;0.007742405;-1.1915588
1521664074368;1.7822572;0.0738678;-1.1562805
1521664074379;2.0214238;-0.015690327;-1.1343384
1521664074387;2.3211675;-0.2289238;-1.5164185
1521664074406;2.4600224;-0.20954895;-1.6026611
1521664074418;2.4476323;-0.44476318;-1.7655334
1521664074426;2.4996953;-0.6019745;-2.0048828
1521664074439;2.5814824;-0.42921448;-1.9862366
1521664074446;2.7086186;-0.2026825;-2.1812134
1521664074459;2.7780156;-0.18327713;-2.730896
1521664074466;2.7238164;0.036099434;-2.5535889
1521664074478;2.8525395;0.032034874;-2.5111694
1521664074486;2.7693486;-0.39678955;-2.9916992
1521664074509;2.7518315;-0.49785614;-3.3745728
1521664074520;2.6949468;-0.7189331;-3.0341187
1521664074528;2.6213994;-0.86524963;-3.1725464
1521664074540;2.362061;-1.0760193;-3.5029297
1521664074548;2.188599;-1.08255;-3.571167
1521664074568;2.1456914;-1.2814331;-3.2391357
1521664074587;2.1702886;-0.8357086;-2.4354248
1521664074610;1.544037;-0.8902283;-1.5290222
1521664074620;0.3330307;-1.3377686;-2.4069214
1521664074628;0.16627121;-1.2477722;-1.8965454
1521664074648;0.78741455;-1.8392029;-1.3755798
1521664074660;1.1844178;-2.3376465;-0.8732147
1521664074668;1.2743226;-2.5935059;-0.2808838
1521664074688;0.92285156;-2.4891357;0.0392828
1521664074710;0.8203583;-2.621704;1.0707093
1521664074720;0.85025024;-2.8026733;0.9000244
1521664074728;0.8773804;-3.2098389;0.814209
1521664074740;0.93299866;-3.019226;1.4513246
1521664074748;0.9412384;-2.9938965;1.8125001
1521664074760;0.9099426;-3.2161865;1.7146608
1521664074768;0.8130188;-2.7365112;2.6041875
1521664074780;0.7969971;-2.8483887;3.1195686
1521664074788;0.5261383;-3.2871094;2.6159673
1521664074810;0.23998642;-3.1209717;3.1280525
1521664074820;-0.5838928;4.1517353;0.41947174
1521664074828;-0.4261093;4.2514668;1.0202333
1521664074840;-0.97943115;4.0690937;1.5500795
1521664074848;-1.2522278;4.196535;1.4395143
1521664074868;-1.2644043;4.606447;2.2085576
1521664074880;-1.1056824;4.6656513;1.8225099
1521664074888;-1.024292;4.7663593;1.9031373
1521664074906;-0.61579895;4.670412;2.8797002
1521664074918;-0.828537;4.4250507;2.370667
1521664074926;-0.9676361;4.7143574;3.0313728
1521664074938;-0.9760895;4.6660175;3.8792732
1521664074946;-0.7692261;4.5253925;4.298586
1521664074958;-0.7698517;4.06238;4.5081806
1521664074966;-0.88249207;3.9418342;5.063235
1521664074978;-1.1326294;3.9915168;5.398562
1521664074986;-1.3946533;3.826844;5.591555
1521664075006;-1.4822693;3.6421516;6.0518827
1521664075011;-1.4469299;3.5973518;6.6095
1521664075027;-1.4851074;3.2132576;6.6818876
1521664075032;-1.5827332;3.0852058;6.4561796
1521664075047;-1.7731323;3.118348;6.489749
1521664075053;-1.9336853;3.411988;6.559207
1521664075070;-1.8804321;3.8591926;6.0183134
1521664075089;-1.5718384;4.113283;5.127566
1521664075108;-1.6099548;4.1698017;4.882082
1521664075113;-1.7138367;4.2561054;4.435915
1521664075128;-1.7266235;4.2944355;3.620301
1521664075148;-1.3726501;4.354006;3.4395149
1521664075169;-1.4655457;4.338869;2.9881597
1521664075189;-1.6933289;4.116335;2.7278447
1521664075207;-1.6064453;3.9288337;2.537171
1521664075220;-1.2326965;3.6792;2.479981
1521664075227;-1.0822144;3.6000984;2.5646977
1521664075240;-0.86946106;3.3630378;2.3778691
1521664075247;-0.77456665;3.2968147;2.1343389
1521664075260;-0.7102814;3.0961921;2.0092168
1521664075268;-0.7821045;3.1467903;2.176148
1521664075280;-0.69340515;3.0513313;2.2550054
1521664075287;-0.5953827;2.9830937;1.5124208
1521664075306;-0.6109772;3.280152;1.7459413
1521664075312;-0.558548;3.3699348;1.8435975
1521664075328;-0.26778412;3.087159;1.4483949
1521664075349;0.008466244;2.792481;1.1347047
1521664075366;0.041064262;3.066529;-0.7761688
1521664075379;-0.09328842;3.3603523;-1.0498352
1521664075387;-0.05516529;3.660096;-0.5132446
1521664075407;0.50582886;3.0574348;0.36582184
1521664075419;0.8296051;2.5430303;0.68608093
1521664075427;0.8385925;2.0351567;0.92337036
1521664075439;0.6487732;1.7872621;0.38368225
1521664075447;0.1880455;2.475037;-1.0141907
1521664075460;-0.4495926;3.054322;-1.9079285
1521664075467;-0.6266937;3.3677375;-0.43434143
1521664075478;0.30355072;3.1071174;0.34124756
1521664075489;1.5936891;2.056641;0.49040985
1521664075506;2.2949224;0.96928406;0.628952
1521664075520;1.745392;-0.16101456;-2.6846924
1521664075528;1.2406923;1.5751039;-2.9718018
1521664075548;2.1741338;1.3723451;-0.2400322
1521664075568;3.1633918;-0.062321663;0.16684723
1521664075580;2.6511235;-0.82380676;-0.894516
1521664075590;2.0260015;-0.34194946;-0.702652
1521664075605;1.6374818;-0.13041687;-2.2437134
1521664075620;2.2897344;-1.6888123;-1.0686646
1521664075629;3.2866218;-2.569336;0.17199326
1521664075648;3.9703376;-3.2150269;2.3313603
1521664075667;2.896668;3.0043342;-1.6133118
1521664075678;2.0387578;2.9168096;-2.3616333
1521664075688;1.5099183;2.736939;-3.916809
1521664075710;2.0140996;2.3593144;-4.2525635
1521664075717;3.4174812;1.8716127;-3.225525
1521664075728;5.5557885;1.2197267;-3.1227417
1521664075740;5.1181664;2.013001;-1.9541931
1521664075750;4.021242;2.061768;-2.0942993
1521664075770;2.662537;1.6701967;-2.3874512
1521664075779;3.2023323;1.482483;-1.507782
1521664075789;3.9966438;1.4162599;-1.8749084
1521664075807;4.5760517;1.1894532;-2.4140625
1521664075818;4.8275166;0.9707489;-2.0805664
1521664075828;4.6104755;0.4422531;-2.4458008
1521664075848;4.0491962;0.68388367;-1.232727
1521664075869;3.620484;0.99998474;-0.984375
1521664075889;3.3291633;0.87538147;-1.0766602
1521664075905;3.2676399;0.5043793;-1.331604
1521664075912;3.330201;0.31835938;-1.2909546
1521664075930;3.0427864;0.5643463;-2.0682373
1521664075942;2.8456426;0.9061279;-1.6494141
1521664075951;2.7723393;1.0368654;-1.2874451
1521664075970;2.3695683;0.7697754;-1.1972351
1521664075990;2.1984868;1.1084291;-0.7205353
1521664076008;2.0905766;1.1972352;-0.5973358
1521664076013;2.0227056;1.301056;-0.55296326
1521664076030;1.7310792;1.2643739;-0.55007935
1521664076050;1.5260316;1.3862916;-0.51730347
1521664076068;1.4358522;1.4927064;-0.1904068
1521664076080;1.4086305;1.1953737;-0.040019035
1521664076088;1.342682;0.81944275;-0.21655655
1521664076108;1.313141;0.54777527;-0.93052673
1521664076130;1.6457216;0.80366516;-0.18720245
1521664076149;1.6259462;0.19063568;-0.47343445
1521664076170;1.6827699;-0.1709404;-0.7102356
1521664076190;2.073792;-0.09743881;-0.85014343
1521664076208;2.0595708;-0.0567894;-1.0574341
1521664076220;1.9869081;-0.43498993;-1.7049866
1521664076228;1.8860475;-0.4686737;-2.0254517
1521664076249;2.299317;-0.28559875;-2.5131226
1521664076268;2.497559;-0.3050003;-2.7572021
1521664076288;2.2800908;-0.21463394;-3.2317505
1521664076310;2.1760259;-0.19921112;-3.31604
1521664076329;2.2929082;-0.43167877;-3.8252563
1521664076348;2.4828496;-0.24192429;-4.5977783
1521664076368;2.643189;-0.28726196;-4.6137695
1521664076388;2.3240972;0.40102386;-4.783325
1521664076409;2.1959233;-0.35754395;-4.1694336
1521664076420;2.007752;-0.90834045;-3.1643066
1521664076428;1.009369;-1.1356506;-3.2614136
1521664076448;0.7459717;-0.86213684;-2.824646
1521664076469;1.8763124;-1.8757935;-2.4622803
1521664076480;2.080933;-1.6784668;-2.13385
1521664076488;1.8438417;-1.2934265;-0.6318817
1521664076507;1.4824525;-0.99612427;-0.10074806
1521664076513;0.82865906;-1.1925354;-0.39347076
1521664076530;0.51901245;-0.7654419;0.06640434
1521664076550;1.339203;-1.1789246;0.4126358
1521664076570;1.554413;-1.1941528;0.8460388
1521664076590;0.93711853;-1.3540344;1.9362794
1521664076604;0.8734131;-1.910675;2.1458745
1521664076611;0.8121338;-2.7786865;1.6396791
1521664076630;0.8974457;-3.2207031;2.1262212
1521664076650;1.2832643;-3.501648;3.4583747
1521664076670;0.38306427;-3.5419922;4.1308613
1521664076690;-0.008183479;-4.0007324;3.8482063
1521664076707;0.2804947;-3.968689;4.514162
1521664076713;0.40701294;-4.0448;4.6087666
1521664076730;0.096422195;-3.4724731;4.995241
1521664076750;-0.13908768;-3.3412476;5.624514
1521664076770;-1.5534668;5.2500024;3.5480354
1521664076790;-1.7748108;5.384402;3.58545
1521664076807;-1.7484741;5.485476;3.8834846
1521664076811;-1.6571655;5.280886;4.144533
1521664076830;-1.6155701;5.1563745;3.847779
1521664076846;-1.8875122;5.176638;4.41321
1521664076851;-1.8380432;5.3905053;4.928713
1521664076870;-1.8444824;5.249026;5.1114526
1521664076890;-2.069519;5.2225366;5.7001977
1521664076908;-2.2021484;5.2868676;5.494265
1521664076913;-2.3552246;5.214358;4.8739033
1521664076930;-2.4036255;5.4340844;4.548708
1521664076943;-2.1708984;5.443484;4.684206
1521664076952;-2.0650635;5.3909936;4.526491
1521664076963;-1.8499451;5.4118676;3.9966438
1521664076971;-2.0697021;5.4376245;3.4681404
1521664076982;-2.2991333;5.447146;3.4250495
1521664076991;-2.4950562;5.612063;3.1521614
1521664077009;-2.5004272;5.494265;2.865418
1521664077013;-2.4345093;5.2436547;2.5272832
1521664077030;-2.0280762;4.7825947;2.559815
1521664077042;-1.9881592;4.5499287;2.3437505
1521664077051;-2.0662842;4.5566425;2.191956
1521664077070;-2.177002;4.6396503;2.1863408
1521664077083;-2.1889038;4.5722675;2.2072148
1521664077091;-2.0559082;4.342287;1.9899598
1521664077108;-1.8939819;4.059206;1.4705201
1521664077111;-1.7095337;4.0255146;1.5160829
1521664077129;-1.3214111;3.9702156;1.245453
1521664077150;-1.3009644;3.9885871;1.4775087
1521664077169;-1.3874817;3.9902961;1.6355287
1521664077189;-1.5194702;3.6790168;-0.18650818
1521664077209;-1.5994263;3.9852302;0.23914337
1521664077220;-0.32876587;3.392701;0.24648285
1521664077228;0.056690216;2.7053838;0.0594759
1521664077246;0.20695114;2.7755132;0.4314041
1521664077251;0.16394424;2.775391;-0.09090233
1521664077270;-1.1079712;4.012087;-0.7908478
1521664077290;-0.6154785;4.062746;-0.8105011
1521664077305;-0.01429534;3.788575;-1.6684265
1521664077314;0.46832275;3.7980354;-1.8786926
1521664077330;1.4136049;3.1069953;-2.6739502
1521664077343;1.2421266;2.67627;-2.1547852
1521664077351;1.4044496;2.5831304;-1.4793701
1521664077370;1.4888917;1.9405214;-1.763092
1521664077390;1.7915956;2.412415;-3.7280884
1521664077408;2.2514043;2.3020024;-4.0112305
1521664077412;3.0982063;-3.8170776;0.34870148
1521664077430;3.3522346;-5.3171387;1.2051393
1521664077450;2.4501958;-2.7023926;1.839264
1521664077469;1.8837587;-0.8787842;-1.0768127
1521664077489;2.6280522;-0.31505585;-2.3192139
1521664077516;3.1056526;0.21820831;-0.15652466
1521664077530;2.4143682;1.3326112;-0.2883072
1521664077550;1.814911;1.7427369;-1.7434082
1521664077570;3.8461921;-0.07084656;-0.677536
1521664077582;4.3407;-0.2793808;-0.122802734
1521664077591;4.4405537;-0.22303009;-0.38246918
1521664077610;3.6541145;-0.11542511;-2.9326172
1521664077629;4.0327168;-0.27671814;-2.135376
1521664077648;4.9282246;-0.44249725;-1.3802185
1521664077670;4.776247;-0.22677231;-0.69273376
1521664077690;3.601136;0.09523392;-1.1375732
1521664077706;3.3746345;-0.10834694;-1.4796753
1521664077712;3.4742439;-0.4793396;-1.1694336
1521664077723;3.623963;-0.4999771;-0.92007446
1521664077731;3.6337287;-0.34049988;-1.1880493
1521664077743;3.4025886;-0.13974762;-1.0521545
1521664077751;3.073243;-0.021668911;-0.92970276
1521664077764;2.6741338;-0.20092773;-1.0897522
1521664077771;2.2728887;-0.3223343;-0.9942322
1521664077782;2.0769658;-0.22397232;-0.83639526
1521664077791;1.7750245;0.031924248;-0.87187195
1521664077810;1.3934938;0.412529;-0.8824005
1521664077830;1.326111;0.5032501;-0.9811859
1521664077850;1.2088624;0.34921265;-0.5059967
1521664077870;1.058838;0.04154873;-0.44275665
1521664077890;1.0511171;-0.020420551;-0.31858063
1521664077907;1.0011903;0.031785965;-0.38716125
1521664077912;1.1423341;-0.14215088;-0.32824707
1521664077930;1.206299;-0.3432083;-0.4371109
1521664077942;1.302643;-0.38038635;-0.5697937
1521664077951;1.3451234;-0.41872406;-0.56159973
1521664077962;1.4310609;-0.4366684;-0.74108887
1521664077971;1.370453;-0.6283417;-0.83638
1521664077990;1.5705873;-0.69973755;-0.7055664
1521664078009;1.6289979;-0.9933014;-0.61743164
1521664078012;1.6200868;-1.0470276;-0.6505127
1521664078030;1.5863038;-0.33237457;-0.8975525
1521664078050;1.6646119;-0.5146942;-1.3261719
1521664078062;1.8016359;-0.8171997;-1.7333984
1521664078071;1.9306947;-0.9566803;-2.1375122
1521664078090;2.0993657;-0.61065674;-2.9233398
1521664078110;2.1687627;-0.72657776;-2.854004
1521664078115;2.195496;-1.0802307;-3.246704
1521664078123;2.1706548;-1.5707397;-3.3607788
1521664078131;2.1157842;-1.5204773;-3.491455
1521664078143;2.056397;-1.3343201;-3.539856
1521664078151;2.1099248;-1.0646362;-3.3638916
1521664078163;2.0465093;-1.1148376;-3.0335083
1521664078171;2.0762944;-1.321991;-3.0457153
1521664078183;1.999817;-1.9208374;-3.4169922
1521664078191;1.9984437;-1.8335266;-3.2838135
1521664078210;2.025147;-1.4390564;-3.0310059
1521664078214;1.9463807;-1.4822693;-2.9320068
1521664078223;1.8898622;-1.2137451;-2.1330566
1521664078232;1.667389;-1.6214905;-2.5838623
1521664078243;1.0671998;-1.9396057;-2.9084473
1521664078251;1.0863649;-1.324707;-2.2303467
1521664078263;1.2079164;-1.4184875;-2.0370483
1521664078271;1.1707155;-2.0164185;-2.2124634
1521664078284;0.9701996;-2.5818481;-2.0097656
1521664078291;0.80441284;-2.6810913;-1.5288086
1521664078309;0.6077881;-2.786499;-0.9133911
1521664078312;0.4097519;-2.7946777;-1.0628662
1521664078322;0.15626526;-2.741516;-0.29717255
1521664078331;0.17270279;-2.335022;-0.12671661
1521664078343;0.036251068;-2.7313232;0.20214844
1521664078351;0.20301437;-2.8068237;0.8532257
1521664078364;0.2986908;-3.291687;0.98651123
1521664078371;0.39887238;-3.6967163;0.7228699
1521664078383;0.5540161;-3.9089355;1.4799806
1521664078391;0.6367035;-3.5408325;2.292542
1521664078409;0.707901;-3.0007935;2.2470708
1521664078411;0.6676941;-3.0668335;2.2292485
1521664078430;0.77783203;-2.0195312;2.8850102
1521664078450;0.26454163;4.1975117;-0.36275482
1521664078470;-0.16305923;5.407107;0.32782745
1521664078482;-0.20026016;5.1704125;0.82318115
1521664078491;-0.20096588;5.467898;1.2287294
1521664078510;-0.06316948;5.4239526;1.6714784
1521664078515;-0.051407814;5.246096;1.7690126
1521664078523;-0.08054352;5.0434594;2.4997563
1521664078531;-0.3033676;5.1256127;2.7059941
1521664078545;-0.4492035;5.1387963;2.8106694
1521664078552;-0.4850769;4.87134;2.9716191
1521664078564;-0.4535675;4.8842793;3.320008
1521664078572;-0.26851654;4.7980976;3.4638069
1521664078584;-0.19073868;4.582033;3.656556
1521664078592;-0.19498062;4.7287617;3.6899421
1521664078608;-0.25553894;4.647829;3.90149
1521664078611;-0.3287506;4.5830097;4.02112
1521664078623;-0.48984528;4.515505;4.1344013
1521664078631;-0.5711212;4.4875507;4.0079365
1521664078645;-0.6983032;4.5096455;4.3138447
1521664078651;-0.8387604;4.772463;4.62549
1521664078664;-0.8381195;4.540163;4.587282
1521664078671;-1.0188599;4.371584;4.9176044
1521664078683;-1.2267761;4.267336;4.62134
1521664078692;-1.9206543;4.1085224;5.145388
1521664078710;-2.07135;3.9347541;5.385012
1521664078711;-2.125183;3.7763069;5.391604
1521664078730;-2.1483154;3.9096076;5.5346704
1521664078750;-2.5410156;3.9695442;4.786257
1521664078762;-2.5654907;3.8369758;4.6070576
1521664078772;-2.3392334;3.6104133;4.613405
1521664078784;-2.0097046;3.1159065;4.491823
1521664078792;-1.853363;2.6852422;4.455202
1521664078810;-1.8696289;2.4267583;4.222414
1521664078830;-2.1096802;2.764649;3.087159
1521664078850;-1.6852417;3.0619514;3.2872932
1521664078870;-1.333313;2.973267;2.947144
1521664078883;-1.3321533;2.9486089;3.264466
1521664078891;-1.2883301;2.8590093;3.3172615
1521664078910;-1.2886963;3.2911994;2.6932378
1521664078930;-0.76960754;3.8173225;2.0256963
1521664078944;-0.43240356;3.7634895;2.3522344
1521664078951;-0.11029816;3.4531257;2.2918706
1521664078963;0.09793472;3.2252815;2.403504
1521664078971;0.2646103;3.076783;2.4310308
1521664078983;0.19223022;2.9466558;2.1564336
1521664078992;0.120946884;3.0762947;1.9892884
1521664079010;0.20099258;3.3290412;1.1390077
1521664079011;0.11815262;3.507447;0.5264282
1521664079025;0.2508011;3.7100837;0.57437134
1521664079032;0.6552887;3.8361213;1.065674
1521664079042;1.1506044;3.8420417;1.2685548
1521664079052;1.631714;3.4027717;1.2031862
1521664079067;1.7400514;2.9564214;1.0907594
1521664079071;1.6189576;2.5993657;0.6517639
1521664079084;1.4564515;2.1834111;0.22516632
1521664079093;1.164673;2.2365727;-0.090675354
1521664079110;1.1696473;1.9327089;-0.8957062
1521664079122;1.762726;2.1614995;-0.21670914
1521664079131;2.4553838;1.6313478;-0.13075256
1521664079150;2.738831;0.7773895;-1.3924255
1521664079170;1.7349855;1.5104371;-2.0333252
1521664079182;2.0189824;1.1241151;-1.3509216
1521664079191;2.683045;0.5251007;-1.2926636
1521664079225;3.613465;-0.4200821;-1.4729004
1521664079236;2.9301152;-0.63931274;-0.93984985
1521664079246;2.4547124;-1.4360046;-1.3343506
1521664079253;2.0917363;-1.8855286;-0.17068863
1521664079266;2.104981;-2.2871094;0.8522186
1521664079273;2.5933843;-3.1104736;1.6390382
1521664079285;2.9561162;-3.5722656;0.59495544
1521664079293;3.3498542;2.924561;-3.972229
1521664079316;3.5997322;3.5009773;-3.114563
1521664079326;3.884217;2.4646611;-3.3492432
1521664079337;3.8749397;1.3579713;-3.8231812
1521664079354;3.9747322;1.1887208;-3.6482544
1521664079368;4.2856464;2.0874028;-3.5031128
1521664079373;4.4389668;1.9515992;-3.468811
1521664079390;4.6523457;1.1827699;-2.442688
1521664079415;4.5620136;-0.07881737;-1.7819519
1521664079424;4.312502;-0.18745804;-2.3147583
1521664079432;4.168215;0.4890442;-2.2948608
1521664079444;4.0947285;1.1127015;-2.570984
1521664079452;4.0639668;1.488434;-3.3805542
1521664079464;4.0405293;1.450409;-3.0673828
1521664079472;4.3691425;1.4057313;-2.3205566
1521664079484;4.6208515;1.0242921;-2.1870117
1521664079492;4.3913593;0.75157166;-1.863739
1521664079512;3.3155525;0.7440033;-1.5089417
1521664079525;2.806458;0.8286133;-1.6311035
1521664079533;2.6472173;0.8995209;-1.6024475
1521664079545;2.7064824;0.94929504;-1.7541199
1521664079553;2.7168584;1.0954591;-2.1540527
1521664079565;2.589539;1.2218019;-2.1141968
1521664079573;2.3901982;1.2764283;-2.0883179
1521664079585;2.1524663;1.0130311;-2.0858154
1521664079593;1.8191224;0.9917908;-1.9063416
1521664079616;1.3379213;1.147278;-1.2056274
1521664079623;1.1316224;1.1778566;-0.9931946
1521664079631;1.1284791;1.1279298;-0.9004364
1521664079643;1.1023256;1.0999757;-0.96147156
1521664079651;1.1792299;1.1762697;-0.6924591
1521664079665;1.2392579;1.0237733;-0.57333374
1521664079671;1.2155153;0.88897705;-0.44647217
1521664079682;1.2259523;0.86206055;-0.39655304
1521664079692;1.2626649;0.79585266;-0.31284332
1521664079715;1.4549867;0.7703552;-0.39115906
1521664079724;1.4740297;0.6641846;-0.5309448
1521664079732;1.5848085;0.6846924;-0.35495758
1521664079744;1.6015626;0.57684326;-0.3217163
1521664079752;1.7243654;0.25868988;-0.49906158
1521664079765;1.8136598;0.14094925;-0.65130615
1521664079772;1.9761659;0.1778183;-0.6702118
1521664079784;2.0452886;0.1735611;-0.6914978
1521664079792;2.0622563;0.27456665;-0.5092926
1521664079811;1.9846498;-0.06588173;-0.8137512
1521664079823;2.212525;-0.4579773;-1.4178162
1521664079833;2.318421;-0.44161224;-1.6850586
1521664079845;2.3854985;-0.39169312;-1.7297974
1521664079852;2.4692998;-0.52679443;-1.8240051
1521664079865;2.3900151;-0.5621643;-1.9540405
1521664079872;2.2565312;-0.5842438;-2.1080933
1521664079884;2.1507573;-0.32245636;-2.4729004
1521664079892;2.096497;-0.007923126;-2.5475464
1521664079910;2.0180058;0.04374981;-2.920227
1521664079915;2.1860967;-0.074445724;-3.124817
1521664079924;2.4617925;-0.08274078;-2.927246
1521664079931;2.5364385;-0.21021652;-3.1295776
1521664079943;2.4791875;0.046567917;-3.1621704
1521664079952;2.4335332;-0.23830795;-3.4457397
1521664079963;2.431275;-0.6560211;-3.6105957
1521664079973;2.6239629;-0.92863464;-3.895874
1521664079984;2.9033208;-1.147522;-4.09021
1521664079992;2.9962773;-0.8348236;-3.5559692
1521664080010;2.8746343;-0.46994781;-3.300415
1521664080015;2.6649785;-0.7271271;-3.1158447
1521664080027;2.309754;-0.83169556;-3.0134888
1521664080034;2.1452641;-1.2224121;-3.4956055
1521664080047;2.0465093;-1.7556458;-2.8372803
1521664080054;1.9441835;-2.321045;-2.873291
1521664080066;1.6927186;-2.841919;-3.467041
1521664080073;1.5383912;-3.0619507;-3.1339111
1521664080086;1.4478151;-2.84021;-2.4179077
1521664080094;1.4696962;-2.4450073;-2.4042969
1521664080116;1.203003;-2.1265259;-2.3069458
1521664080126;1.3068849;-2.003662;-1.5750122
1521664080133;1.3454591;-2.354187;-1.1528625
1521664080145;1.2707216;-2.3597412;-0.13088608
1521664080153;0.8850403;-1.786438;0.46051788
1521664080165;0.286911;-1.3818359;0.54338074
1521664080173;-0.023596287;-1.1210938;1.4508363
1521664080186;-0.14997101;-1.267395;1.7755128
1521664080194;-0.29087067;-2.098938;1.4546815
1521664080207;-0.16551208;-2.7426758;1.6967775
1521664080212;-0.014454365;-2.7817993;2.110291
1521664080223;0.23724747;-2.7298584;2.1284184
1521664080232;0.31775665;-2.8304443;2.09137
1521664080243;0.5419922;-2.807312;2.7103887
1521664080252;-0.20544434;3.6681526;-0.71873474
1521664080263;-0.51483154;3.5932014;-0.16959381
1521664080272;-0.27254486;3.4759529;0.42279816
1521664080286;-0.15731049;4.2583027;1.5747377
1521664080293;0.13251495;4.3601093;2.1106572
1521664080308;0.13638687;4.39612;2.4041142
1521664080311;0.1280899;4.3846455;2.7658696
1521664080324;0.12741852;4.229616;3.0081184
1521664080332;0.051012993;4.2768574;2.8873296
1521664080345;-0.0130057335;4.6193867;3.3138435
1521664080352;0.029883862;5.1093774;3.7841194
1521664080365;0.17241669;5.3122582;4.0410175
1521664080372;0.22712708;5.336428;4.2210712
1521664080385;0.3254547;5.3269067;4.4851093
1521664080393;0.2693863;5.0885034;4.6899433
1521664080407;0.056290627;4.991823;4.911379
1521664080412;-0.03305626;4.7424335;5.1267114
1521664080423;-0.13980484;4.699465;5.403445
1521664080432;-0.265213;4.847048;5.509402
1521664080444;-0.34495544;4.745241;5.6687036
1521664080452;-0.3874588;4.809206;5.853152
1521664080464;-0.3824234;4.647951;5.8317895
1521664080472;-0.6576538;4.654665;5.8303246
1521664080484;-0.8820343;4.334963;5.9501977
1521664080492;-1.0105591;4.182131;6.3691435
1521664080514;-1.4130554;3.7510993;5.1461205
1521664080527;-1.5579834;3.7396247;4.8570576
1521664080533;-1.3538208;3.8045661;4.8291035
1521664080544;-1.2445374;3.7360237;4.8132343
1521664080552;-1.2400513;3.7656868;4.329714
1521664080565;-1.5976257;3.766175;3.9193122
1521664080572;-1.842865;3.915345;3.839112
1521664080584;-1.9273071;4.0217304;3.8020027
1521664080592;-1.8234558;3.9585578;3.5169685
1521664080607;-1.7902222;3.8063362;3.0825202
1521664080615;-1.8313599;3.6646736;2.6714482
1521664080625;-1.9232178;3.637757;2.2199712
1521664080633;-1.9736633;3.658387;2.2801518
1521664080645;-2.0119019;3.6107795;2.6376348
1521664080653;-1.7904663;3.5156257;2.4744878
1521664080666;-1.817749;3.3139656;2.6426396
1521664080674;-1.7750854;3.3140876;2.7669072
1521664080686;-1.7886353;3.0779426;2.6822515
1521664080694;-1.8149719;3.1935432;2.7164311
1521664080715;-1.6971741;3.3151252;2.096436
1521664080725;-1.5119629;3.6390998;2.0814214
1521664080735;-1.0273743;3.745118;2.025147
1521664080746;-0.7550659;3.4764411;2.1199956
1521664080752;-0.47776794;3.1051643;2.2782598
1521664080765;-0.4737854;3.0968025;1.9959718
1521664080773;-0.5085144;3.043763;1.6927797
1521664080784;-0.6000824;3.3898323;1.221222
1521664080793;-0.6822815;3.5556648;0.9822693
1521664080807;-0.51979065;3.8383186;0.894577
1521664080813;-0.18466187;3.6387947;0.9747162
1521664080824;0.15319824;3.382447;1.2107545
1521664080833;0.6268463;3.0025032;1.6722413
1521664080845;0.7264862;2.6248174;2.0335698
1521664080853;0.6839905;2.3628545;1.1888734
1521664080866;0.32842255;2.091248;0.09176445
1521664080873;-0.12694168;2.6022344;-0.40882874
1521664080884;0.028187275;2.8930058;-0.2199707
1521664080893;0.45367432;2.9757695;-0.6594391
1521664080918;1.1579286;3.5705574;-0.3804245
1521664080925;1.6281434;2.9160771;-0.3505783
1521664080934;1.7138978;2.1610112;-0.25756836
1521664080946;1.5841676;0.9743805;-1.6916199
1521664080954;1.2711488;1.0878297;-2.3670654
1521664080967;1.1114808;1.881775;-2.8951416
1521664080974;1.0756532;2.5227056;-2.795044
1521664080985;1.6602174;3.0831306;-1.142395
1521664080994;2.540833;2.7862554;-0.2175293
1521664081010;3.0048835;2.0469975;-0.14039993
1521664081014;2.986817;1.4511415;-0.2503891
1521664081026;2.5623174;0.6076355;-0.6842041
1521664081034;2.1162724;0.19090271;-2.2841187
1521664081046;1.821869;0.36133575;-3.3197632
1521664081054;2.1169438;1.0252687;-2.4573364
1521664081066;2.9284062;1.0642701;-1.4241028
1521664081075;3.7048957;0.27469635;-0.32733154
1521664081086;4.01404;-2.0408936;1.8684388
1521664081094;3.917237;2.1281743;-2.5871582
1521664081115;2.6143193;1.0641481;-2.2630615
1521664081125;2.2655034;1.1113588;-2.9221191
1521664081133;2.4398808;1.2256471;-3.203186
1521664081145;3.2160652;1.8706361;-2.1674194
1521664081153;3.8635871;2.1335454;-1.5066528
1521664081170;4.013674;2.344727;-0.5731964
1521664081175;3.8065193;2.4126592;0.42397308
1521664081185;3.0928352;1.8320619;-2.8326416
1521664081194;3.0459602;2.11731;-3.7408447
1521664081217;4.7513447;1.3143007;-4.456787
1521664081226;5.9273705;1.347107;-3.7485352
1521664081235;6.8136015;0.9378357;-2.9645386
1521664081246;6.7220488;0.9065857;-1.7480469
1521664081254;5.8785424;1.1327211;-0.332016
1521664081266;4.604372;0.77926636;-0.4049759
1521664081275;3.681092;0.4533081;-0.8605957
1521664081285;3.7605598;0.17105865;-1.506012
1521664081294;4.266115;-0.21538544;-2.348999
1521664081315;5.1843286;-0.047118187;-2.1774292
1521664081325;4.723757;-0.2083168;-2.3830566
1521664081333;3.901429;-0.09987259;-2.6675415
1521664081345;3.1851203;-0.15620041;-2.4974976
1521664081353;2.9832158;-0.2919693;-2.2241821
1521664081365;2.7553716;-0.5531769;-1.6925964
1521664081374;2.4710088;-0.62286377;-1.4696045
1521664081385;2.0281987;-0.5886688;-1.4013977
1521664081393;1.6832277;-0.35481262;-1.7411804
1521664081408;1.2738649;0.07542992;-1.939209
1521664081414;1.5203859;0.47330475;-1.4840088
1521664081426;1.5818483;0.33718872;-1.2621155
1521664081432;1.6101075;0.4545822;-1.2322083
1521664081445;1.4194337;0.7057648;-1.2278442
1521664081453;1.182129;0.90086365;-0.8149414
1521664081465;1.2200624;1.0626222;-0.3386612
1521664081473;1.1408998;1.0498964;-0.16632843
1521664081485;1.1562501;1.0859071;-0.26475525
1521664081493;1.2182313;1.2016298;-0.14300919
1521664081514;1.4692384;1.0790101;-0.13450623
1521664081525;1.5827638;1.0032655;-0.36169434
1521664081533;1.5734559;0.83958435;-0.16713715
1521664081546;1.7210389;0.8371124;-0.24067688
1521664081553;1.7341615;0.63853455;-0.4706192
1521664081565;1.9407655;0.58166504;-0.39364624
1521664081573;2.0608525;0.50753784;-0.38368225
1521664081585;2.094666;0.3920288;-0.24646378
1521664081593;1.9795228;0.29951477;-0.24073029
1521664081614;1.8974305;0.26099396;-0.14917374
1521664081625;2.0532842;0.009034634;-0.48898315
1521664081633;2.2350469;0.07956886;-1.1138306
1521664081645;2.2366338;0.087062836;-1.2200928
1521664081654;2.2192998;0.22183609;-1.0856934
1521664081666;2.205933;0.16492844;-1.0388794
1521664081673;2.193726;0.2508011;-0.8045807
1521664081685;2.2222295;0.6848755;-0.8622894
1521664081693;2.0867925;0.9438324;-0.7164459
1521664081717;2.013062;-0.33992004;-1.70047
1521664081726;2.077332;-1.2077026;-2.5357056
1521664081735;2.1088872;-1.6723938;-3.3254395
1521664081746;2.2548223;-1.6588135;-3.4431152
1521664081756;2.3613896;-1.3456421;-3.866272
1521664081773;2.3590093;-0.8591614;-4.1568604
1521664081784;2.1442266;-0.9054413;-4.453247
1521664081793;1.975403;-1.2704163;-4.5028076
1521664081810;1.9068605;-1.6594849;-4.539917
1521664081816;1.9240419;-2.1275635;-4.953491
1521664081826;1.9377443;-1.9316101;-5.408203
1521664081835;2.0123906;-1.6772766;-5.272583
1521664081847;2.1374516;-0.85424805;-4.584717
1521664081856;2.1401982;-0.46917725;-4.3376465
1521664081866;1.6720582;-1.1719666;-4.425415
1521664081875;1.5361329;-1.5093079;-3.6292114
1521664081885;1.364319;-1.4233398;-2.61615
1521664081894;1.1019593;-1.3452454;-2.1829224
1521664081915;0.5558624;-2.1601562;-2.7980957
1521664081925;0.7339783;-2.3653564;-2.5268555
1521664081934;1.3173219;-2.5698242;-1.7590332
1521664081946;1.8339235;-3.355774;-1.026123
1521664081955;2.020081;-3.4698486;0.1736412
1521664081966;1.7506105;-3.4935303;0.14732742
1521664081974;1.0515138;-3.4030762;0.1242218
1521664081985;0.7162628;-2.9383545;0.44861603
1521664081994;0.6998291;-3.124817;1.7845155
1521664082016;1.091034;-4.4589844;1.3569032
1521664082027;1.093567;-3.908081;2.0065923
1521664082036;1.1498414;-3.260498;3.2096565
1521664082047;1.146393;-3.296814;2.646851
1521664082056;0.94651794;-3.411621;2.4042974
1521664082067;1.008545;-2.7036133;2.731873
1521664082076;1.1149293;-2.4275513;3.368409
1521664082087;0.17473221;4.463625;-0.32788086
1521664082096;0.08444595;4.529543;0.48060608
1521664082118;-0.050183296;4.621462;1.9355165
1521664082126;-0.31515503;4.3796406;1.4876405
1521664082135;-0.59817505;4.3933125;1.7118226
1521664082147;-0.5404968;4.7524433;2.2846684
1521664082156;-0.26423645;4.8496113;3.226258
1521664082168;0.10615349;4.8480244;3.656678
1521664082176;-0.005046606;4.5511494;3.2603767
1521664082187;-0.43130493;4.6778584;3.0480964
1521664082196;-0.67196655;4.7495136;3.6278083
1521664082215;-0.6623688;4.5288105;3.9488533
1521664082227;-0.45694733;4.4055195;3.852784
1521664082235;-0.44158936;4.3347187;3.757569
1521664082247;-0.49030304;4.550173;3.9667976
1521664082256;-0.58036804;4.684206;4.358034
1521664082267;-0.79777527;4.7856464;4.887087
1521664082276;-0.9760437;4.5723896;4.8671894
1521664082289;-1.3538513;4.737917;4.921877
1521664082295;-1.5375366;4.7200947;5.1057153
1521664082309;-1.6453247;4.6607685;5.872927
1521664082315;-1.7099609;4.8989277;6.286746
1521664082326;-1.9588013;5.006472;5.9498315
1521664082334;-2.1904297;5.1395288;6.422366
1521664082348;-2.1340942;5.353518;6.859256
1521664082357;-2.0028076;5.39136;6.844241
1521664082366;-1.8423462;5.3044457;6.505496
1521664082374;-1.7159729;5.1372094;5.9184594
1521664082386;-1.7450562;5.1967797;4.939577
1521664082394;-1.9586182;5.184695;4.1903095
1521664082416;-1.7488403;5.3615746;4.1973896
1521664082427;-1.4102783;5.061648;4.1419697
1521664082434;-1.1044617;4.775881;3.8364875
1521664082446;-1.2850037;4.612795;3.7189338
1521664082455;-1.6394043;4.632326;3.6574714
1521664082466;-1.9609985;4.7280293;3.4263313
1521664082474;-2.02594;4.736086;3.198243
1521664082486;-1.9620361;4.755373;3.0415046
1521664082496;-1.8352966;4.741579;2.9336553
1521664082518;-1.409729;4.288698;3.0747688
1521664082528;-1.2339783;4.00049;2.9075933
1521664082536;-1.2267761;3.7479866;2.6141362
1521664082548;-1.2729492;3.5985725;2.5266118
1521664082557;-1.2308044;3.726014;2.3270268
1521664082568;-1.1744995;3.979859;2.0396733
1521664082576;-1.0629578;3.9197395;1.9450685
1521664082587;-0.809494;3.7374275;1.9660646
1521664082596;-0.5778198;3.5901496;1.8862916
1521664082609;-0.6147766;3.408448;1.8240968
1521664082614;-0.6742401;3.319886;1.7378846
1521664082625;-0.8705292;3.3254402;1.8702394
1521664082634;-1.026062;3.3747566;1.8871766
1521664082646;-1.0471191;3.5390632;1.7792054
1521664082655;-0.9616699;3.5603034;1.6055604
1521664082666;-0.83618164;3.660279;0.9904022
1521664082674;-0.7124939;3.6362922;0.9452057
1521664082685;-0.36090088;3.5133674;0.9527893
1521664082694;-0.07694435;3.0865486;0.71562195
1521664082715;0.189888;2.5613408;0.96836853
1521664082726;0.10085678;2.4847417;0.90911865
1521664082734;-0.09108162;2.5156865;1.0259706
1521664082746;-0.11340523;2.3114629;1.3024904
1521664082755;-0.04225254;2.2025762;0.04706669
1521664082767;-0.09341431;2.5451055;-1.3196411
1521664082775;0.40384674;2.6549077;-0.28878784
1521664082786;1.027649;2.2656255;-0.7785492
1521664082795;1.2521669;1.4862367;-0.9029236
1521664082817;1.4981996;1.1827394;-0.096149445
1521664082826;0.9609833;1.1848146;-0.80810547
1521664082835;0.44269562;1.7196962;-1.0872192
1521664082847;0.06544876;2.1062016;-1.4394226
1521664082856;0.060821533;2.4163213;-1.2088318
1521664082866;0.76898193;2.608704;-0.44828796
1521664082875;1.5793763;2.1479497;-0.60113525
1521664082886;2.2255254;1.5503541;-0.43286896
1521664082895;2.7515264;0.76911926;-0.218544
1521664082919;2.4517217;-0.5107422;-1.1984863
1521664082927;1.9234926;0.07979202;-2.0548096
1521664082936;1.3738099;1.2108155;-2.2069702
1521664082948;1.0508729;2.278626;-0.9843445
1521664082957;1.4234315;2.9379888;0.39994812
1521664082968;2.3920903;2.4686894;0.27261353
1521664082976;3.120301;1.1504213;-0.81199646
1521664082988;3.4855964;0.26678467;-0.47454834
1521664082996;3.413575;0.28623962;-0.8720093
1521664083009;3.0419319;-0.9801636;0.7771301
1521664083015;3.0032966;3.0314338;-3.00885
1521664083026;3.1192024;2.4705205;-2.4674683
1521664083035;3.469056;1.9293824;-2.8098145
1521664083047;3.873902;1.4973756;-3.1101074
1521664083056;4.194826;1.2838746;-2.199768
1521664083067;4.3359394;1.2543031;-1.3100891
1521664083075;4.3916035;0.8159485;-1.5428467
1521664083089;4.079958;0.13737488;-2.4047241
1521664083095;3.9602668;0.20807648;-1.8537903
1521664083118;4.0183125;0.018198013;-2.4934082
1521664083127;4.2247334;0.3320923;-2.44104
1521664083135;4.484255;0.36618805;-2.4664917
1521664083147;4.6364765;0.6555939;-1.7934875
1521664083155;4.71216;0.5285492;-1.5673523
1521664083168;4.6851826;-0.026290894;-1.1032104
1521664083175;4.432253;-0.7175293;-0.8713074
1521664083186;4.0777607;-1.206665;-0.96455383
1521664083195;3.776612;-1.1489258;-1.308075
1521664083209;3.490113;-0.50161743;-2.090393
1521664083217;3.4434822;0.3820877;-2.4959717
1521664083228;4.2132587;0.9487915;-1.6129456
1521664083236;4.244631;0.5284271;-1.1470947
1521664083248;3.8482063;0.097034454;-1.2296448
1521664083256;3.2390144;-0.12776566;-0.82058716
1521664083268;2.830811;0.017520428;-0.7933197
1521664083276;2.5524907;0.117069244;-0.74516296
1521664083288;2.593018;0.43476868;-0.7395172
1521664083296;2.7270513;0.55784607;-0.9654083
1521664083318;2.61023;0.9444885;-1.2697449
1521664083328;2.4685674;0.92063904;-0.7906952
1521664083336;2.2918096;0.8521576;-0.70591736
1521664083348;2.020203;0.64837646;-0.7167816
1521664083356;1.8065187;0.4697113;-0.802536
1521664083368;1.7914735;0.6118622;-0.701355
1521664083376;1.8327028;0.73083496;-0.4137268
1521664083388;1.8786622;0.8608093;-0.50086975
1521664083397;1.7460023;0.9861603;-0.61198425
1521664083416;1.797577;1.097046;-0.3094864
1521664083428;1.7489015;0.94621277;-0.26776886
1521664083436;1.7181398;0.9073639;-0.18954468
1521664083448;1.7625428;0.96229553;-0.14491272
1521664083457;1.8129274;0.7480316;-0.3901291
1521664083468;1.8342897;0.48786163;-0.6380768
1521664083477;1.9737855;0.4417801;-0.5340271
1521664083488;2.0540166;0.44006348;-0.4068451
1521664083496;1.9742128;0.37473297;-0.30220032
1521664083518;1.6639405;0.20476913;-0.4929428
1521664083528;1.7253114;-0.026045322;-0.57595825
1521664083537;1.766205;-0.30771637;-0.5669098
1521664083548;1.8539125;-0.5426636;-0.5558777
1521664083556;1.7149965;-0.4615097;-0.7915802
1521664083569;1.5246278;-0.32192993;-1.3365784
1521664083576;1.4422303;-0.10477066;-1.9433289
1521664083588;1.5434877;0.078393936;-2.1664429
1521664083596;1.8411866;0.10551643;-1.8859558
1521664083609;1.9677736;-0.49292755;-1.6989441
1521664083615;1.887726;-0.7258606;-1.7137451
1521664083626;1.6224061;-0.94540405;-1.6817017
1521664083635;1.439911;-1.2034302;-1.6081848
1521664083647;1.3914186;-1.4198303;-1.443573
1521664083655;1.4846803;-1.4990845;-1.7974854
1521664083666;1.7192689;-1.9620972;-2.8150635
1521664083674;1.9289552;-1.8946838;-2.9620361
1521664083686;2.0447392;-2.324585;-3.2700195
1521664083695;2.18158;-2.2617188;-3.4020996
1521664083715;2.4451299;-1.849823;-2.9143066
1521664083727;2.4901128;-1.5984802;-2.8378906
1521664083736;2.365601;-1.2504883;-3.0112305
1521664083748;2.228455;-1.2778015;-3.017212
1521664083756;2.2703252;-1.5768127;-2.7103271
1521664083768;2.330811;-1.8491516;-2.894287
1521664083776;2.2779546;-1.7433167;-3.63562
1521664083787;2.309998;-0.96003723;-3.4349365
1521664083796;2.415772;-0.45562744;-3.196228
1521664083817;2.5570683;-1.4784241;-2.7724
1521664083828;2.3576055;-1.9485779;-2.6506348
1521664083836;1.9332277;-1.6063843;-2.1411743
1521664083848;1.4501649;-0.9632263;-1.2964478
1521664083856;1.130005;-0.95751953;-1.4380188
1521664083868;0.8472595;-1.8157349;-2.1212769
1521664083876;0.9850769;-2.074463;-1.8156738
1521664083887;1.157837;-1.7319946;-1.371582
1521664083897;1.0903627;-0.98703;-0.3725357
1521664083910;0.7051239;-0.9348602;0.05708027
1521664083915;0.29205322;-1.386383;0.14601135
1521664083927;0.047369003;-1.782196;0.8559723
1521664083935;0.023850918;-2.3754883;1.7043763
1521664083947;0.040445328;-3.4190063;1.8959047
1521664083958;-0.04493141;-3.7582397;2.0370488
1521664083969;-0.019640446;-3.6791382;2.013001
1521664083977;0.083559036;-3.4746704;2.3837895
1521664083988;0.050655365;3.265931;-1.2273865
1521664083997;0.41603088;2.9639287;-0.40008545
1521664084009;0.76768494;3.080262;0.077682495
1521664084015;0.54599;3.262574;0.54548645
1521664084027;0.20307541;3.8176887;0.6867218
1521664084035;-0.13896179;4.1556416;0.49809265
1521664084047;-0.37461853;4.3272724;0.80841064
1521664084055;0.007746935;4.073;1.3223573
1521664084069;0.17477417;3.2778327;1.3294374
1521664084077;0.36218262;3.1270149;1.5468751
1521664084088;0.35836792;3.378968;2.1506352
1521664084098;-0.0044534206;4.1452656;3.1280525
1521664084110;-0.291893;4.649294;3.2931526
1521664084116;-0.74235535;4.8967304;3.092591
1521664084127;-1.0027771;4.741213;3.026673
1521664084135;-0.55978394;4.6087666;3.6110847
1521664084148;-0.45253754;4.2784443;3.2111213
1521664084155;-0.7088623;4.130129;2.7711186
1521664084169;-0.9636078;4.1534443;3.1038215
1521664084177;-1.0302429;4.192507;3.7717903
1521664084188;-0.9844818;3.896363;3.9563606
1521664084198;-1.1195679;3.6560676;4.22571
1521664084210;-1.2328186;3.4407356;3.8849494
1521664084217;-1.6004028;3.6578987;4.0482197
1521664084228;-1.8269348;4.0511494;4.6888447
1521664084236;-1.9015808;4.012209;4.902712
1521664084248;-1.9432983;3.8081062;4.7822285
1521664084256;-1.892395;3.620362;4.7058125
1521664084270;-2.022461;3.5814216;4.8652363
1521664084276;-2.2445068;3.65857;5.0018334
1521664084287;-2.4073486;3.7051399;5.1492944
1521664084296;-2.6415405;3.8204963;5.126345
1521664084317;-2.8430786;4.2219257;5.1075463
1521664084327;-2.8007812;4.227663;5.462893
1521664084336;-2.644226;4.177614;5.3664575
1521664084348;-2.6425781;4.0533466;5.447634
1521664084356;-2.6278076;4.016115;5.1091332
1521664084380;-2.5390625;4.1499043;4.3669453
1521664084388;-2.3408813;4.144655;4.163332
1521664084397;-2.0153198;4.0065937;4.100954
1521664084418;-1.346344;3.7092903;3.4495857
1521664084428;-1.3851929;3.4544685;3.0314338
1521664084436;-1.620758;3.5604255;2.9933476
1521664084448;-1.5688171;3.507386;3.0286872
1521664084457;-1.5535889;3.4705207;2.9950566
1521664084468;-1.2618713;3.3680427;2.976685
1521664084476;-1.1678162;3.370118;2.9512334
1521664084488;-1.0821228;3.4003913;2.9760137
1521664084497;-1.0939331;3.3983161;2.8744512
1521664084517;-1.0289001;3.4046028;2.667542
1521664084527;-0.9064331;3.351197;2.5883794
1521664084536;-0.73469543;3.2446296;2.4021611
1521664084547;-0.6349182;3.097535;2.4097295
1521664084555;-0.5784302;2.9753423;2.4010625
1521664084567;-0.4067459;3.0538948;2.139771
1521664084575;-0.32618713;3.226136;2.2870488
1521664084587;-0.060671806;3.2149055;2.1359868
1521664084597;-0.03503418;3.3195808;1.6495363
1521664084617;0.11026764;3.014405;1.5932008
1521664084627;0.34483337;2.8709722;1.4666749
1521664084636;0.475029;2.7744145;1.672455
1521664084647;0.6254425;2.6546025;2.07544
1521664084657;0.6489105;2.57898;2.0396733
1521664084669;0.6359863;2.4613652;1.9256288
1521664084677;0.532959;2.544495;1.247101
1521664084689;0.45466614;2.3923955;0.9667969
1521664084697;0.6261139;2.466065;0.9349823
1521664084716;0.88830566;2.8721318;1.7952577
1521664084727;0.9189911;2.8403325;2.0992436
1521664084736;0.94737244;2.728272;2.7565312
1521664084747;1.10141;2.3354497;3.106263
1521664084756;1.2134401;1.9465638;2.662171
1521664084767;1.1368409;1.862671;1.5615236
1521664084777;1.0580751;2.1062627;0.8112488
1521664084789;1.0811464;2.447205;0.72688293
1521664084797;1.4884645;2.6791997;0.26844025
1521664084817;2.8321538;2.228455;-0.4925995
1521664084827;2.908753;2.4849248;-0.3624115
1521664084837;2.6550298;2.8123174;-0.3537674
1521664084849;2.4650273;2.6753545;-0.21075821
1521664084857;2.6146245;1.9923097;-0.3211136
1521664084869;2.95752;1.2981263;-0.6921234
1521664084877;3.1538703;0.3456726;-1.2700806
1521664084889;3.2705696;-0.08123779;-2.2092285
1521664084897;3.3301399;0.34435272;-2.2058105
1521664084919;3.281678;1.8715211;-1.9876709
1521664084927;3.4249275;2.133057;-1.3730774
1521664084936;3.7424324;1.9245912;-0.95648193
1521664084948;4.1175556;0.81036377;-1.1191101
1521664084957;4.2369404;-0.50660706;-0.99983215
1521664084969;4.30884;-1.3701782;-0.95092773
1521664084977;3.875428;-1.5773621;-2.9801636
1521664084989;3.293702;-1.763031;-2.451294
1521664084997;3.2665412;-2.2559814;-0.7411041
1521664085017;4.270632;2.441773;-3.4213867
1521664085030;4.539919;1.7698976;-2.3121338
1521664085037;4.1523457;-0.04408741;-2.1653442
1521664085048;3.6735847;-0.43180084;-2.5516968
1521664085056;3.472535;0.109363556;-3.260559
1521664085068;3.4617317;0.76213074;-3.6952515
1521664085077;3.7893074;1.1544191;-3.2265015
1521664085090;4.317751;0.8690033;-2.444641
1521664085097;4.706423;-0.02182722;-2.302063
1521664085117;4.2093525;-0.75541687;-1.8633118
1521664085128;3.6840827;-0.78977966;-1.7792969
1521664085138;3.3506477;-0.41349792;-2.0077515
1521664085159;3.5955207;0.6684265;-1.6248474
1521664085169;3.7924201;1.0034486;-1.6188354
1521664085177;3.9857185;1.2734681;-1.5222168
1521664085189;4.026003;1.2915651;-1.3493958
1521664085197;4.0130634;1.154358;-1.344635
1521664085218;3.9012458;0.88604736;-1.3345947
1521664085223;3.948548;0.9965515;-1.1123352
1521664085236;3.8464973;0.89816284;-0.9226532
1521664085248;3.670838;1.3254701;-1.0775452
1521664085257;3.566651;1.6444398;-0.98973083
1521664085270;3.5048835;1.6737062;-0.973053
1521664085277;3.554261;1.5428468;-1.1059265
1521664085289;3.4453743;1.3456727;-1.0785522
1521664085298;3.370118;1.091736;-0.73472595
1521664085317;3.1875007;0.7907715;-0.48034668
1521664085330;2.594483;0.93110657;-0.41417694
1521664085337;2.3748174;1.0931703;-0.20571136
1521664085350;2.273682;0.8488617;-0.25709534
1521664085358;2.2307744;0.597702;-0.41726685
1521664085377;2.151795;0.23443604;-0.50157166
1521664085390;2.1107183;0.2965927;-0.5353546
1521664085397;1.9467775;0.38737488;-0.3959961
1521664085416;1.9176942;0.28617096;-0.14058685
1521664085428;1.913849;0.3124771;-0.06103897
1521664085440;1.8730775;0.25858307;-0.07963371
1521664085448;1.7640077;0.2415657;-0.2497673
1521664085456;1.6932985;0.34913635;-0.5067291
1521664085468;1.8214418;0.46092224;-0.50971985
1521664085476;2.0178227;0.5840912;-0.5064392
1521664085488;2.1599126;0.37550354;-0.81217957
1521664085498;2.2203984;0.36654663;-0.8569336
1521664085517;2.217896;0.24394226;-0.6505585
1521664085522;2.325379;0.09257889;-0.6340027
1521664085539;2.2965703;0.3912201;-0.6688843
1521664085559;2.2205205;0.15491104;-1.1913147
1521664085579;2.4988408;-0.2872467;-1.5551758
1521664085600;2.691956;-0.2625351;-1.604248
1521664085616;2.6928716;0.0028743744;-1.8692932
1521664085630;2.5938725;-0.4085312;-1.9072266
1521664085639;2.7471318;-0.56344604;-2.1864014
1521664085659;2.9149785;-0.3362503;-2.2006836
1521664085678;2.7329717;-0.3993225;-2.5599976
1521664085699;2.716126;-0.9137268;-2.7525635
1521664085715;2.7271123;-0.8132782;-2.9805298
1521664085727;2.6716313;-0.7136078;-3.2473755
1521664085736;2.4821782;-1.13974;-3.6289673
1521664085750;2.5485234;-1.5830688;-3.1600342
1521664085759;2.4237065;-1.8692627;-2.7339478
1521664085770;2.1470952;-1.8965149;-2.8260498
1521664085780;1.7912294;-1.9456482;-2.309143
1521664085797;1.1863405;-1.9217529;-1.9713745
1521664085819;0.757843;-1.6237488;-2.8408203
1521664085839;1.2015382;-1.1235657;-1.800354
1521664085858;1.2719423;-1.6029663;-1.152832
1521664085870;0.8624115;-0.99082947;-0.56977844
1521664085879;0.44539642;-0.54515076;0.6793518
1521664085890;0.0900383;-0.34872437;1.3579713
1521664085898;-0.21073532;-1.4650879;1.428711
1521664085919;0.005311966;-3.6242676;1.9953614
1521664085930;0.27804565;-3.8892822;2.5262456
1521664085938;0.45362854;-3.8202515;2.230103
1521664085949;-0.07530022;2.8664556;-1.5353088
1521664085958;0.17601013;3.6300056;-0.59980774
1521664085970;0.084127426;3.5165412;-0.4213791
1521664085979;0.0943203;3.312989;-0.2496376
1521664085990;0.07605362;3.2403572;0.40975952
1521664085999;0.1437912;3.1553352;1.1517946
1521664086018;-0.12021446;3.1102912;0.97917175
1521664086030;-0.05827236;3.5997932;1.6429139
1521664086038;-0.028729916;3.7152107;1.5652467
1521664086050;-0.07199478;4.0882587;2.0037236
1521664086058;0.042500496;4.1846943;2.811707
1521664086070;-0.06949234;4.2528095;2.6386724
1521664086078;-0.33716583;4.3624287;2.6806645
1521664086090;-0.3676834;4.3918476;2.9309087
1521664086098;-0.47908783;4.2249775;3.1873176
1521664086115;-0.43467712;4.0274677;3.1953743
1521664086121;-0.5372467;3.8939826;3.4902961
1521664086140;-0.53604126;3.6235359;3.2374885
1521664086160;-0.51841736;3.7164924;3.8879402
1521664086180;-1.3329163;4.279543;4.564333
1521664086200;-1.6457825;4.0498066;4.6345234
1521664086217;-1.8605042;3.9305427;5.1597924
1521664086229;-1.9702148;4.0078144;5.1234155
1521664086238;-2.0773315;4.0930195;5.565432
1521664086257;-2.1087646;4.134157;5.619387
1521664086270;-2.2350464;4.0100117;5.2121606
1521664086278;-2.4294434;3.9011848;4.948
1521664086288;-2.539917;4.028078;4.880251
1521664086297;-2.4171753;4.012453;4.930422
1521664086317;-2.118164;3.9392097;4.34363
1521664086329;-2.039734;3.8470466;4.029543
1521664086337;-2.104126;3.7647712;3.965882
1521664086350;-2.0249023;3.7165534;3.424195
1521664086358;-2.0440674;3.7397468;3.4182136
1521664086370;-1.9024353;3.9495246;3.3624275
1521664086378;-1.7715149;3.9095466;3.2720954
1521664086390;-1.5888672;3.778382;3.0553596
1521664086398;-1.5520935;3.8882453;3.186341
1521664086418;-1.2302856;3.8775032;2.9320073
1521664086429;-1.0943909;3.8053596;2.8157353
1521664086437;-0.9468689;3.7588508;2.7760015
1521664086449;-0.82598877;3.668824;2.7117925
1521664086457;-0.7920227;3.5358284;2.6610112
1521664086469;-0.66116333;3.337281;2.3901372
1521664086477;-0.6171875;3.3977058;2.450684
1521664086489;-0.58880615;3.4669807;2.3525395
1521664086497;-0.57836914;3.5356452;2.2897954
1521664086518;-0.3259735;3.654908;2.1356816
1521664086523;-0.14927673;3.521363;2.1002202
1521664086540;0.2797699;2.9514775;2.004273
1521664086560;0.058516502;2.6272588;2.2115483
1521664086580;-0.030121803;2.6752324;1.78183
1521664086600;0.10349083;2.735108;2.212769
1521664086620;0.71580505;2.103394;0.74227905
1521664086640;0.6247406;1.7882081;-0.80778503
1521664086651;0.7728424;1.9976197;-0.55101013
1521664086661;1.1793824;2.0588384;-0.14202881
1521664086680;1.379059;1.311432;-0.49921417
1521664086691;1.1663209;1.2943116;-0.09454918
1521664086701;0.9331665;1.1437379;-0.20176697
1521664086718;0.43497467;1.413849;-0.1930008
1521664086722;0.09885979;2.0648808;-0.9724121
1521664086740;0.52726746;1.9336549;-0.80799866
1521664086751;1.4786378;1.6565553;-1.169281
1521664086761;2.1510015;1.3414003;-1.7306824
1521664086780;2.7465215;0.97976685;-1.1944275
1521664086800;1.954651;1.946808;-0.9490051
1521664086818;1.26709;1.6346437;-1.5538635
1521664086822;0.7897339;1.2040712;-1.2903748
1521664086840;2.7517705;0.55677795;-1.3820496
1521664086851;3.6101692;-0.115299225;-0.5959015
1521664086861;3.9516609;-0.4883499;-0.03869915
1521664086872;3.564576;-1.1297913;-0.21527481
1521664086881;2.9589849;-1.70224;-0.054852486
1521664086900;1.9636842;-3.5198364;0.52737427
1521664086918;3.3844612;2.4649663;-3.15094
1521664086939;4.1224384;0.56533813;-1.7210999
1521664086959;3.2743537;0.2613907;-1.2775879
1521664086979;2.3278203;1.3777162;-2.5336914
1521664086990;2.7082524;2.0742192;-3.2757568
1521664086999;3.301026;1.7164308;-3.2647095
1521664087017;4.019411;1.705597;-2.3390503
1521664087030;4.2982197;0.11930847;-2.0385132
1521664087039;3.6659553;0.11651039;-1.6366882
1521664087059;2.721314;0.43345642;-0.95176697
1521664087079;3.5083625;1.3440553;-1.5245056
1521664087090;3.9273078;1.2041017;-2.0056763
1521664087099;4.2944355;1.1347963;-1.6983032
1521664087117;4.414797;0.82336426;-1.3166504
1521664087122;4.026125;0.41864777;-1.1524353
1521664087140;3.127381;0.48741913;-0.27960205
1521664087152;2.9118047;0.47249603;-0.54393005
1521664087161;2.8798833;0.4553833;-0.788208
1521664087173;3.0262458;0.52130127;-0.9492798
1521664087181;3.1817634;0.53512573;-1.4143372
1521664087192;3.2402961;0.2997284;-1.5182495
1521664087201;3.2221076;0.36613464;-1.2637024
1521664087217;3.189576;0.4917984;-0.5545807
1521664087223;2.8962407;0.51911926;-0.108421326
1521664087240;2.3772588;0.76831055;0.09651756
1521664087252;2.17096;0.9040222;-0.12111282
1521664087261;2.3576665;0.66334534;0.20045471
1521664087280;2.5342412;0.39587402;-0.06454849
1521664087292;2.4719853;0.37477112;-0.16729355
1521664087301;2.1001592;0.49560547;0.052671432
1521664087319;2.0244145;0.5973816;-0.02204752
1521664087338;1.9594117;0.5107422;0.23927307
1521664087350;1.8800966;0.6243744;0.32524872
1521664087358;1.7500306;0.6950836;0.060721397
1521664087370;1.7043763;0.81929016;0.011198521
1521664087378;1.7639467;0.86553955;-0.07304573
1521664087390;1.8015748;0.8227844;-0.16915894
1521664087402;1.8117677;0.769577;-0.023850918
1521664087419;1.7324525;0.7965698;0.39878082
1521664087439;1.5313112;0.69111633;0.26663208
1521664087460;1.762726;0.4372177;0.036449432
1521664087480;1.9179994;0.60839844;-0.026171684
1521664087499;1.9463197;0.1998825;-0.048568726
1521664087518;1.9826967;0.12926483;0.03149128
1521664087523;1.8126832;0.14010239;-0.33206177
1521664087533;1.7806398;0.029652596;-0.39097595
1521664087542;1.8011476;0.19747925;-0.67118835
1521664087552;1.8009034;0.22370529;-0.7112732
1521664087561;1.8683778;0.477211;-0.9236145
1521664087572;1.8943788;0.24809647;-0.860672
1521664087581;1.868683;0.05621147;-0.9285126
1521664087592;1.9288026;-0.39552307;-1.2527466
1521664087601;1.9930726;-0.7524109;-1.7366333
1521664087619;2.1043096;-0.9598694;-2.3579712
1521664087630;2.039063;-1.1755371;-2.7149658
1521664087640;2.1108403;-1.4387817;-2.6713867
1521664087660;2.257996;-1.833435;-3.3536377
1521664087680;2.1303105;-1.6516724;-3.690796
1521664087700;1.947693;-1.68219;-3.8302002
1521664087713;2.0110478;-2.1032104;-3.6732788
1521664087721;2.1384282;-2.3294678;-3.6938477
1521664087740;1.978058;-2.1138306;-3.437561
1521664087753;1.265503;-1.0014954;-3.5894775
1521664087761;1.0089418;-0.3765869;-3.3145142
1521664087773;0.86753845;-0.46100616;-2.6242065
1521664087781;0.76390076;-0.97283936;-2.3346558
1521664087792;0.44554138;-1.3734436;-1.88031
1521664087801;0.13819504;-1.651825;-2.7719727
1521664087817;-0.3895874;-1.6441345;-2.1862793
1521664087822;-0.3489914;-0.6699524;-1.7763977
1521664087833;-0.28764343;-1.2080383;-2.0585327
1521664087841;0.039741516;-1.4039612;-1.7349854
1521664087853;0.34746552;-0.8770294;-0.9653473
1521664087861;0.43120575;-0.8258209;-0.59194946
1521664087873;0.29605865;-0.96728516;0.27889252
1521664087881;0.13555527;-1.2820129;1.1556703
1521664087892;-0.028636932;-2.1855469;1.1260682
1521664087901;-0.10551262;-3.0945435;1.5227357
1521664087916;0.032548904;-3.7350464;2.0505376
1521664087921;0.29709625;-3.8969727;2.771851
1521664087932;0.5299225;-3.7158813;3.2290046
1521664087941;0.5367737;-3.7161255;2.7494512
1521664087953;0.3456726;-3.541809;2.5072026
1521664087962;0.43315887;-3.3014526;3.2580574
1521664087973;0.14390182;-2.8549805;3.9785774
1521664087981;-0.6328888;4.029543;-0.026028633
1521664087992;-0.99464417;4.2010517;0.28609467
1521664088001;-1.1034241;4.310549;0.68785095
1521664088020;-0.9512024;4.475588;1.2922975
1521664088040;-0.852829;3.9539802;1.3511354
1521664088053;-1.0059814;3.9556892;1.7439271
1521664088061;-0.9838257;4.013918;2.3276982
1521664088073;-1.194519;4.043581;2.3224492
1521664088081;-1.2724304;3.94336;2.2531133
1521664088092;-1.3350525;3.660157;3.0146492
1521664088101;-1.3319397;3.4680793;3.1022346
1521664088120;-1.2877808;2.974976;2.9838872
1521664088139;-0.96847534;3.2703865;3.8255012
1521664088160;-1.0112305;3.8541267;4.343752
1521664088179;-1.306488;3.8621223;4.4351826
1521664088200;-1.4620056;4.0200214;4.9105244
1521664088219;-1.3810425;4.2193623;4.5185566
1521664088222;-1.497345;4.5377216;4.8167744
1521664088234;-1.3674011;4.7924824;4.8219013
1521664088241;-1.4058533;4.7821064;5.105349
1521664088252;-1.3798828;4.6969013;5.2835717
1521664088261;-1.4022217;4.6140156;5.259402
1521664088280;-1.6944275;5.0227075;5.299685
1521664088300;-1.5421753;5.275393;5.1412377
1521664088318;-1.2852478;5.1771264;5.443728
1521664088322;-0.98779297;4.8930683;4.916994
1521664088340;-1.0559998;4.4333515;4.682619
1521664088352;-0.9581909;4.1905537;4.5845966
1521664088361;-0.80085754;4.20154;4.366823
1521664088380;-0.80519104;4.106203;4.144289
1521664088400;-0.92362976;3.8869026;3.6438606
1521664088419;-1.0397644;3.8699958;3.37024
1521664088424;-1.0959778;3.764344;3.3375251
1521664088433;-1.0076904;3.6483161;2.915833
1521664088441;-1.0447693;3.7025764;2.8402715
1521664088453;-1.1269226;3.750611;2.7940068
1521664088462;-1.1879272;3.8819587;2.5085454
1521664088473;-1.2387695;3.9597785;1.8701173
1521664088481;-1.4364624;4.014284;1.8868104
1521664088493;-1.5160828;4.031374;1.8466188
1521664088502;-1.2834778;3.8817146;1.5435792
1521664088517;-1.1245422;3.8708503;1.4932557
1521664088522;-1.0176086;3.7761238;1.4663392
1521664088533;-0.89012146;3.6311653;0.98353577
1521664088542;-0.85461426;3.3960578;1.091797
1521664088554;-0.75364685;3.3143928;1.0404359
1521664088562;-0.8782501;3.354798;0.7915497
1521664088574;-1.1600952;3.4539802;1.0242921
1521664088582;-1.0191956;3.1232917;1.2361146
1521664088594;-0.77194214;2.9925542;0.79060364
1521664088602;-0.58543396;2.856995;0.7094574
1521664088615;-0.2887802;2.8693242;0.4669876
1521664088621;-0.07411957;2.8513188;0.044973373
1521664088640;0.20578003;2.6636357;0.038850784
1521664088652;0.5592041;2.0590825;0.1583252
1521664088661;0.27483368;2.0892339;-0.026441097
1521664088672;0.04606819;2.4893193;-0.6585388
1521664088681;-0.10427666;2.881226;-0.08899498
1521664088700;0.98010254;2.375855;-0.48072815
1521664088720;1.4472047;1.6299134;-1.0175781
1521664088725;2.018372;1.1627198;-0.8348999
1521664088733;2.3405766;0.7878876;-0.51060486
1521664088742;2.308228;0.24766159;-0.87519836
1521664088753;2.037171;0.27044678;-1.3720093
1521664088762;1.681183;1.3507386;-1.9526978
1521664088774;1.4774781;2.3183599;-1.3745422
1521664088782;1.6221315;2.4790044;-0.59402466
1521664088793;2.042603;2.0833135;-0.57063293
1521664088802;2.3833623;1.3905336;-0.444252
1521664088820;2.6922612;0.9550171;-0.14994049
1521664088825;2.875733;0.4145813;-0.7957916
1521664088833;2.823731;0.35756683;-1.6669312
1521664088842;2.93512;1.0358278;-2.3934326
1521664088855;3.0308845;1.787903;-2.1974487
1521664088863;3.418885;3.1287239;-3.922058
1521664088875;4.3902607;0.2614746;-0.6037903
1521664088882;4.397585;0.28475952;-0.70965576
1521664088894;3.9133918;-0.23303604;-0.76779175
1521664088902;3.3362434;0.40087128;-1.1898499
1521664088920;2.71106;1.0562745;-2.401001
1521664088924;2.697266;1.6798707;-2.8571777
1521664088937;3.378785;2.0612798;-2.4417114
1521664088942;4.2164326;1.4689332;-1.8805237
1521664088954;4.791628;0.71810913;-1.8025208
1521664088962;5.0299096;0.06454468;-0.88101196
1521664088975;4.8309345;-0.12064934;0.16043854
1521664088981;4.3590107;-0.40078735;-0.39380646
1521664088993;3.7407844;-0.69306946;-1.8263855
1521664089002;3.5877082;0.088106155;-1.82547
1521664089018;3.9742439;0.8014984;-2.1123047
1521664089023;4.6346455;0.66319275;-1.9501343
1521664089033;5.424685;0.5501709;-1.063446
1521664089042;6.0396757;0.026924133;-0.77401733
1521664089054;6.1577177;-0.41683197;-0.82870483
1521664089062;5.650393;-0.3744049;-0.82489014
1521664089074;4.765505;-0.20536423;-0.44153595
1521664089082;4.1000996;-0.34345245;-0.42414093
1521664089092;3.8363655;-0.47457123;-0.37001038
1521664089101;4.0184345;-0.2999344;-0.25224304
1521664089118;3.827088;0.17733765;-1.1623535
1521664089124;3.5466316;0.39331055;-1.0611267
1521664089133;3.425721;0.2480545;-0.7854004
1521664089142;3.3346565;-0.08095169;-0.9155121
1521664089155;3.2828987;-0.11688042;-0.9164276
1521664089162;3.0881965;0.08478737;-0.66748047
1521664089175;2.7877202;0.32284546;-0.24088669
1521664089182;2.3923345;0.55226135;-0.23372269
1521664089194;2.1389165;0.8650665;-0.33522034
1521664089203;2.0631108;1.1224061;-0.19280243
1521664089219;2.1001592;1.2054445;-0.087179184
1521664089224;2.0260625;1.1190492;0.025484562
1521664089234;2.018433;1.1039125;0.10551643
1521664089242;1.9369813;1.0653077;0.2326088
1521664089254;1.8337098;1.2481691;0.08644104
1521664089262;1.7416383;1.5265809;-0.007258892
1521664089275;1.744568;1.4985048;0.035737038
1521664089282;1.668976;1.4183046;-0.043697357
1521664089294;1.7528993;1.1060182;0.13231277
1521664089302;1.8829957;0.98605347;0.31433868
1521664089318;1.7636415;0.8942108;0.32080078
1521664089323;1.655243;0.7208252;0.40512848
1521664089334;1.498047;0.7902832;0.36493683
1521664089342;1.4211732;0.9117737;0.52838135
1521664089354;1.4827272;0.86906433;0.64494324
1521664089363;1.5285646;0.7996826;0.611557
1521664089374;1.570099;0.76091003;0.6869049
1521664089382;1.5341188;0.6530304;0.777359
1521664089393;1.4667665;0.58543396;0.73835754
1521664089402;1.4526979;0.5879364;0.7114868
1521664089419;1.4335634;0.61834717;0.77156067
1521664089421;1.4064027;0.7828522;0.75886536
1521664089434;1.346161;0.9007416;0.8507538
1521664089442;1.4084474;1.052643;0.9114685
1521664089454;1.3257142;1.0234681;0.9287262
1521664089463;1.2879945;1.0858155;0.9904785
1521664089474;1.3004457;0.92718506;0.89024353
1521664089482;1.3068544;0.8694458;0.7821045
1521664089495;1.3300477;0.8349457;0.7997284
1521664089503;1.3036805;0.97740173;0.82759094
1521664089524;1.2779542;1.1285707;0.8020325
1521664089533;1.3325807;1.1342164;0.8179321
1521664089541;1.2822572;1.1304628;0.8603821
1521664089553;1.2108766;1.2397767;0.76390076
1521664089562;1.097046;1.2825624;0.75424194
1521664089573;1.124756;1.2628785;0.88882446
1521664089581;1.0651551;1.2773134;0.93473816
1521664089593;1.0990602;1.2269899;0.94511414
1521664089601;1.032715;1.1915895;0.7660675
1521664089622;1.097931;1.171753;0.67492676
1521664089632;1.1067811;1.1081849;0.69654846
1521664089641;1.1118165;1.0881654;0.60414124
1521664089653;1.0364686;1.1962587;0.612381
1521664089661;0.9650116;1.1922609;0.76013184
1521664089673;0.8995514;1.139496;0.7823944
1521664089682;0.8629608;0.922348;0.64372253
1521664089693;0.77560425;0.82362366;0.6581421
1521664089702;0.8746643;0.7677765;0.7140045
1521664089725;0.87190247;0.75494385;0.8227234
1521664089735;0.76286316;0.9219513;0.74298096
1521664089743;0.6797943;0.85816956;0.7500763
1521664089755;0.60487366;0.9317322;0.59484863
1521664089762;0.6132355;0.7852936;0.61465454
1521664089775;0.6610565;0.6778259;0.49654388
1521664089783;0.66007996;0.66677856;0.47307587
1521664089794;0.58969116;0.72753906;0.56437683
1521664089803;0.5972595;0.74320984;0.57481384
1521664089820;0.50086975;0.59991455;0.62538147
1521664089823;0.46555328;0.5656128;0.618927
1521664089833;0.46887207;0.5466919;0.67414856
1521664089842;0.40205383;0.5288696;0.4495697
1521664089854;0.34733582;0.6519928;0.4562149
1521664089862;0.40880585;0.6489563;0.5204773
1521664089873;0.37503052;0.6484833;0.5697937
1521664089883;0.35708618;0.63648987;0.47853088
1521664089895;0.26992798;0.57115173;0.45760345
1521664089903;0.27735138;0.60606384;0.4315567
1521664089916;0.25473785;0.5962677;0.3932495
1521664089922;0.24419785;0.68444824;0.42941284
1521664089934;0.27529144;0.5816803;0.43904114
1521664089942;0.23955154;0.5572815;0.3824997
1521664089954;0.28097534;0.5285187;0.3024521
1521664089963;0.2842102;0.67388916;0.38816833
1521664089974;0.2822647;0.6154785;0.57307434
1521664089983;0.2453003;0.54922485;0.54585266
1521664089994;0.23072433;0.4838333;0.38739014
1521664090002;0.21999359;0.5216217;0.33841705
1521664090022;0.27653503;0.35388947;0.32195282
1521664090035;0.27750397;0.33542633;0.23547745
1521664090043;0.23352814;0.36741638;0.1734848
1521664090055;0.16104889;0.46874237;0.19797516
1521664090063;0.19096756;0.5187378;0.32566833
1521664090075;0.24299622;0.51309204;0.3411789
1521664090083;0.25109863;0.44010162;0.29353333
1521664090095;0.19047165;0.36750793;0.3469391
1521664090103;0.16096497;0.403862;0.36320496
1521664090119;0.09779549;0.30823517;0.14986038
1521664090121;0.076164246;0.30750275;0.13122177
1521664090135;0.17710114;0.34072113;0.21821213
1521664090143;0.19435501;0.36803436;0.17599106
1521664090156;0.18758774;0.3756714;0.071912766
1521664090163;0.10718155;0.4399948;0.12726212
1521664090175;0.05762291;0.39111328;0.20206833
1521664090183;0.08051491;0.33859253;0.20256424
1521664090195;0.09423256;0.28417206;0.09548187
1521664090204;0.06585312;0.24905777;0.17155075
1521664090220;0.08748436;0.22967911;0.02338171
1521664090223;0.1775856;0.2814026;0.13889313
1521664090234;0.18422318;0.28398895;0.010771751
1521664090242;0.08453941;0.3169403;-0.07631302
1521664090254;0.110795975;0.30664062;0.030462265
1521664090262;0.059303284;0.2637024;0.046087265
1521664090275;-0.0031437874;0.2843933;0.09775543
1521664090282;0.016138554;0.30034637;0.07815361
1521664090294;-0.01701212;0.2098198;0.16288757
1521664090302;-0.08797264;0.20072556;0.109586716
1521664090326;-0.09672165;0.100479126;-0.004632473
1521664090335;-0.066049576;0.103349686;0.016877651
1521664090344;0.0053577423;0.079841614;-0.11701393
1521664090356;-0.011074543;-0.0023627281;0.009749413
1521664090363;-0.09213257;0.17941284;0.01863718
1521664090376;-0.11712074;0.20526505;0.011356354
1521664090382;-0.1804161;0.28139496;-0.0031642914
1521664090394;-0.11192894;0.17428589;0.09872246
1521664090402;-0.07993126;0.1407814;0.09511948
1521664090426;-0.06884384;0.019431114;0.047496796
1521664090433;-0.06689644;0.003493309;-0.03890133
1521664090443;-0.07838249;0.15997696;0.12239456
1521664090455;-0.12399483;0.122694016;0.099544525
1521664090463;-0.14969635;0.110393524;0.007455349
1521664090475;-0.054311752;0.1939621;0.05854225
1521664090483;-0.0036268234;0.121780396;0.10246277
1521664090495;-0.047089577;0.110946655;0.08152199
1521664090504;-0.06369209;0.1437645;0.056051254
1521664090525;0.0046129227;0.15347672;0.045722008
1521664090536;-0.09069824;0.06676483;0.061026573
1521664090545;-0.05081463;0.021042347;0.008594513
1521664090556;-0.13017273;0.023633003;-0.029323578
1521664090565;-0.052212715;0.038930893;0.03759575
1521664090576;-0.054698944;0.098983765;-0.0142707825
1521664090585;-0.033205032;0.119249344;0.06453705
1521664090597;-0.10184288;0.16768646;-0.016431332
1521664090604;-0.092832565;0.14098358;-0.011183739
1521664090626;-0.044901848;-0.075037;-0.04412651
1521664090636;-0.0023555756;-0.08000946;-0.008819103
1521664090643;-0.025057793;-0.015478611;-0.027204514
1521664090655;-0.033708572;0.07946205;-0.023863316
1521664090663;-0.088747025;0.1439476;0.0682621
1521664090675;-0.106313705;0.18397522;0.056796074
1521664090684;-0.15243149;0.07496452;0.010295868
1521664090696;-0.08871651;0.07383537;-0.042632103
1521664090704;-0.08741379;0.20586395;0.017371178
1521664090717;-0.1046505;0.23091125;0.035653114
1521664090722;-0.14391327;0.19583511;0.024785519
1521664090733;-0.091501236;0.110889435;0.005076885
1521664090742;-0.17256927;0.050955772;-0.05794716
1521664090755;-0.21339035;0.061282158;-0.03758812
1521664090762;-0.14392471;0.09334946;0.0068125725
1521664090774;-0.140522;0.15093613;0.011557579
1521664090786;-0.17363358;0.1907959;0.011502266
1521664090803;-0.15693665;0.17273712;0.03278923
1521664090844;-0.10457611;0.0657177;0.07806778
