1521664660475;1.6799928;0.34999847;-0.55999756
1521664660483;0.27999878;1.0499879;0.20999908
1521664660497;-0.6299896;1.1199952;0.20999908
1521664660504;-0.48999786;0.9099884;-0.6299896
1521664660517;0.069999695;0.34999847;-0.9099884
1521664660524;-0.41999817;0.34999847;-0.69999695
1521664660544;-1.0499878;-0.83999634;-0.34999847
1521664660567;1.7500001;0.41999817;0.13999939
1521664660587;5.4599633;2.0299687;-1.1199951
1521664660607;4.199953;3.0099494;-0.9799957
1521664660627;-1.6799927;0.6299896;0.48999786
1521664660647;-2.3799438;-0.69999695;0.20999908
1521664660664;0.27999878;-0.9099884;-1.1899719
1521664660671;3.9199836;-0.83999634;-2.5199585
1521664660686;5.809939;0.83999634;-3.289978
1521664660707;0.9799957;1.189972;-4.199951
1521664660726;-0.9099884;-1.6099854;-6.369995
1521664660746;-3.6399536;-4.7598877;-9.589844
1521664660758;-5.039917;-5.5999756;-12.109863
1521664660768;-6.789917;-6.2999268;-14.419922
1521664660786;-10.289795;-9.0998535;-21.839844
1521664660806;-13.649902;-10.289795;-30.72998
1521664660826;-11.969971;-11.899902;-44.239258
1521664660846;-17.84961;-18.689941;-62.299805
1521664660867;-18.05957;-21.489746;-78.04883
1521664660887;-23.589844;-23.449707;-93.09961
1521664660906;-16.659668;-24.28955;-107.86914
1521664660927;-10.569824;-28.20996;-123.478516
1521664660947;-11.689941;-35.69922;-134.95703
1521664660962;-18.199707;-40.739258;-140.90625
1521664660973;-14.769775;-41.859375;-147.20703
1521664660981;-10.569824;-41.089844;-152.03906
1521664660988;-8.189941;-41.15918;-155.8164
1521664661006;-1.0499878;-43.609375;-163.58984
1521664661026;8.539803;-42.13965;-170.3789
1521664661046;0.55999756;-44.51953;-173.73828
1521664661067;-18.82959;-48.649414;-181.15625
1521664661086;-21.769531;-55.789062;-184.86719
1521664661106;-16.449707;-53.19922;-189.76953
1521664661127;-29.32959;-50.469727;-187.3164
1521664661146;-29.259766;-39.759766;-184.23828
1521664661166;-13.299805;-30.659668;-187.8086
1521664661186;-9.589844;-31.639648;-188.36719
1521664661206;10.849863;-33.59961;-186.54688
1521664661226;11.129893;-31.84961;-182.41797
1521664661246;16.3096;-36.469727;-179.26953
1521664661266;52.28926;-30.589844;-182.90625
1521664661286;9.379891;-41.509766;-182.0
1521664661306;8.469978;-34.089844;-174.29688
1521664661327;28.210014;-26.59961;-181.92969
1521664661346;-16.799805;-51.379883;-175.13672
1521664661361;-0.34999847;-52.5;-168.90625
1521664661368;31.009825;-45.289062;-165.33984
1521664661386;12.250011;-31.639648;-158.54688
1521664661407;1.8899843;-25.619629;-143.91797
1521664661426;45.42986;-18.549805;-119.83984
1521664661446;43.960125;-15.75;-100.16992
1521664661462;52.849808;-14.139893;-91.9082
1521664661471;54.10958;-10.779785;-79.44922
1521664661487;48.090027;1.6799928;-57.11914
1521664661506;103.11016;-7.7698975;-44.939453
1521664661527;77.69981;-14.769775;-22.049805
1521664661547;77.13926;-6.2299805;-14.559814
1521664661562;69.8599;-7.419922;-12.109863
1521664661569;47.529476;-8.679932;-9.659912
1521664661587;12.669933;-4.129883;-5.039917
1521664661606;24.710007;-4.199951;-2.0299683
1521664661627;20.369667;-4.0599365;0.13999939
1521664661647;16.449738;0.769989;0.27999878
1521664661667;-2.9399414;2.4499516;4.199953
1521664661687;-16.169922;6.7199736;12.879894
1521664661707;5.5299096;9.729989;22.609905
1521664661727;16.86966;11.059825;34.15931
1521664661747;34.57923;13.229993;44.93962
1521664661762;30.589901;12.740002;51.380077
1521664661768;22.960003;15.679946;56.630096
1521664661778;18.96976;22.329632;60.689682
1521664661788;19.389685;29.329645;65.799324
1521664661800;16.799835;35.27943;70.488815
1521664661808;20.01957;36.9601;72.52008
1521664661819;27.230032;33.179813;74.34041
1521664661828;27.509817;30.659725;76.15878
1521664661847;27.15972;36.18959;80.85022
1521664661861;5.389895;42.420082;82.03969
1521664661891;-20.439941;54.739464;82.67055
1521664661904;-26.949707;58.09983;84.35025
1521664661920;-27.089844;58.44944;86.17058
1521664661930;-30.379883;55.929897;87.28973
1521664661940;-34.789062;52.779495;87.85027
1521664661956;-32.689453;55.789272;93.03001
1521664661967;-9.309814;67.54934;101.85038
1521664661977;5.1099877;75.18026;104.29962
1521664661985;0.83999634;72.17047;106.61018
1521664661997;-10.779785;68.25052;107.17074
1521664662005;-20.57959;66.21925;106.53987
1521664662017;-28.769531;68.18021;108.85043
1521664662026;-31.569824;73.35993;112.8407
1521664662047;-10.709961;77.9791;115.780174
1521664662062;-9.589844;73.21931;115.149315
1521664662069;-24.149902;67.54934;112.770386
1521664662087;-45.149414;66.5005;113.46961
1521664662099;-34.01953;70.84038;117.670815
1521664662108;-33.039062;73.63923;120.120056
1521664662127;-28.909668;71.11968;117.18058
1521664662147;-23.239746;66.43019;115.85049
1521664662162;-32.26953;63.840084;115.079
1521664662169;-35.0;62.09008;116.620026
1521664662187;-34.719727;62.43969;122.360306
1521664662207;-28.909668;49.76972;120.120056
1521664662227;0.769989;52.219925;119.42083
1521664662247;-9.449951;55.300014;118.1591
1521664662262;-21.769531;52.28926;116.27042
1521664662270;-23.72998;50.819527;117.31925
1521664662287;-35.55957;46.059746;122.709915
1521664662307;-18.549805;39.759914;116.89932
1521664662319;-9.379883;44.59001;117.18058
1521664662328;-14.909912;46.54998;120.61029
1521664662347;-28.20996;37.380024;121.520454
1521664662367;-32.05957;33.250126;118.860275
1521664662379;-27.089844;35.909313;112.55945
1521664662388;-22.259766;39.13003;108.70981
1521664662407;-29.819824;41.369297;111.57897
1521664662419;-37.30957;38.079247;111.22936
1521664662433;-51.09961;27.299856;109.409035
1521664662447;-46.479492;15.539809;98.13942
1521664662463;-27.57959;16.449738;93.379616
1521664662468;-10.569824;22.049847;91.139366
1521664662479;0.69999695;29.469782;84.42056
1521664662488;8.049812;35.420055;80.21936
1521664662507;-10.149902;32.269653;82.318985
1521664662520;-14.48999;28.069878;77.42051
1521664662528;-15.049805;26.389698;73.50056
1521664662539;-9.869873;28.769585;67.76028
1521664662548;-4.0599365;32.4093;61.94945
1521664662562;-3.2199707;34.789192;58.44944
1521664662569;-11.689941;32.829224;57.889866
1521664662579;-22.95996;27.15972;54.599815
1521664662588;-26.529785;23.659712;47.03924
1521664662601;-21.699707;25.409716;39.549953
1521664662608;-16.30957;30.519588;37.029438
1521664662619;-16.72998;32.479614;36.18959
1521664662628;-20.719727;28.349663;33.179813
1521664662639;-25.05957;22.329632;28.069878
1521664662648;-27.22998;18.199741;21.839884
1521664662662;-31.28955;17.009798;17.63968
1521664662669;-27.719727;17.289583;11.899913
1521664662680;-23.30957;16.09964;7.349979
1521664662688;-19.389648;12.669933;3.8499763
1521664662701;-15.539795;8.189949;-1.3999939
1521664662708;-7.419922;5.599978;-8.469971
1521664662719;0.48999786;4.8999043;-11.619873
1521664662728;4.5499287;3.989991;-12.389893
1521664662740;7.2099643;0.769989;-15.259766
1521664662748;9.239999;-3.5699463;-19.669922
1521664662763;13.299817;-7.419922;-23.72998
1521664662771;15.959975;-13.019775;-27.439941
1521664662779;18.129917;-16.519531;-34.299805
1521664662788;25.759813;-18.969727;-43.11914
1521664662800;30.16998;-21.069824;-48.36914
1521664662808;30.659725;-22.609863;-52.009766
1521664662819;28.69976;-24.5;-56.839844
1521664662828;23.939985;-28.489746;-60.40918
1521664662839;16.09964;-34.36914;-62.859375
1521664662848;9.309823;-39.339844;-67.96875
1521664662864;10.0798435;-42.069336;-73.84961
1521664662872;9.589852;-44.239258;-78.53906
1521664662880;10.289804;-48.439453;-91.06836
1521664662888;12.179943;-50.049805;-98.2793
1521664662900;4.8999043;-53.19922;-100.58984
1521664662908;-3.079956;-58.239258;-104.64844
1521664662920;-10.009766;-63.90918;-111.228516
1521664662929;-8.049805;-66.359375;-120.259766
1521664662940;2.8699956;-62.5791;-127.53906
1521664662949;12.879894;-55.929688;-131.66797
1521664662963;19.669958;-53.129883;-136.84766
1521664662971;21.489786;-57.3291;-143.77734
1521664662981;20.369667;-64.88867;-150.35938
1521664662989;23.029829;-70.06836;-158.89844
1521664663001;27.019583;-71.04883;-164.70703
1521664663009;28.980034;-69.36914;-169.67969
1521664663021;25.339891;-69.78906;-173.17969
1521664663029;16.449738;-72.37891;-177.02734
1521664663040;7.349979;-74.26953;-180.94922
1521664663049;-2.5899658;-74.19922;-182.5586
1521664663063;-12.459961;-73.7793;-183.88672
1521664663069;-20.78955;-74.4082;-186.33984
1521664663081;-26.45996;-74.12891;-189.41797
1521664663088;-24.429688;-70.48828;-192.42969
1521664663101;-16.939941;-63.069336;-196.76953
1521664663109;-13.299805;-59.5;-198.44922
1521664663120;-11.129883;-56.839844;-199.98828
1521664663128;-10.709961;-52.009766;-200.75781
1521664663140;-12.529785;-47.039062;-199.63672
1521664663148;-18.689941;-43.819336;-197.32812
1521664663162;-23.869629;-42.979492;-195.01953
1521664663170;-37.09961;-47.59961;-192.98828
1521664663181;-50.259766;-52.70996;-192.84766
1521664663188;-44.239258;-47.94922;-192.42969
1521664663200;-19.319824;-35.55957;-190.46875
1521664663208;-4.619995;-26.949707;-188.15625
1521664663220;-0.069999695;-30.72998;-186.1289
1521664663228;-11.059814;-40.66992;-184.9375
1521664663240;-21.419922;-49.34961;-184.65625
1521664663248;-24.84961;-50.259766;-182.97656
1521664663262;-25.689941;-43.3291;-176.75
1521664663271;-28.769531;-30.09961;-167.64844
1521664663280;-21.769531;-16.379883;-161.27734
1521664663288;-10.149902;-9.589844;-158.6875
1521664663301;-6.6499023;-13.719971;-157.21875
1521664663308;-17.149902;-25.47998;-154.20703
1521664663321;-28.55957;-35.979492;-148.60938
1521664663328;-27.719727;-37.589844;-135.02734
1521664663340;-14.699951;-18.82959;-121.37891
1521664663348;7.9099154;1.5399781;-106.259766
1521664663363;27.789602;14.349867;-93.09961
1521664663371;33.250126;12.319836;-87.28906
1521664663380;26.319874;2.0299687;-86.51953
1521664663388;17.42972;-7.5599365;-82.03906
1521664663400;21.699747;-11.689941;-71.39844
1521664663408;38.989403;-13.159912;-56.41992
1521664663421;45.149586;-13.649902;-43.609375
1521664663434;40.460114;-10.8498535;-37.029297
1521664663453;33.599735;-2.869995;-34.01953
1521664663464;32.96985;8.539803;-25.969727
1521664663471;35.27943;6.5098906;-17.28955
1521664663483;28.839897;-2.5199585;-10.5
1521664663489;28.069878;-5.949951;-10.5
1521664663501;27.299856;-7.909912;-8.189941
1521664663509;26.319874;-5.1799316;-3.8499756
1521664663521;25.409716;1.2599794;-0.34999847
1521664663529;26.669971;5.809939;0.6299896
1521664663542;25.969774;5.599978;0.9799957
1521664663549;24.77983;2.099976;2.2399907
1521664663563;23.869673;-2.6599731;3.2899787
1521664663570;20.43998;-3.8499756;3.8499763
1521664663582;17.009798;-2.0999756;5.7399926
1521664663589;16.169952;1.6099855;9.239999
1521664663601;17.989779;6.159915;13.369885
1521664663609;19.87992;9.379891;16.86966
1521664663621;21.00004;10.849863;19.87992
1521664663629;23.659712;10.149912;23.939985
1521664663641;25.549852;8.259773;28.839897
1521664663649;25.969774;7.979984;34.299934
1521664663664;28.909721;9.729989;40.31949
1521664663669;38.289207;12.949963;48.579285
1521664663681;40.109528;14.069838;54.10958
1521664663689;39.13003;16.730011;58.519753
1521664663701;40.73941;19.039587;63.34985
1521664663709;38.56948;20.369667;69.78959
1521664663721;32.339966;21.839884;77.13926
1521664663729;26.319874;26.529835;85.11979
1521664663741;24.009811;34.089973;92.46945
1521664663748;23.799849;41.579258;99.750755
1521664663763;25.549852;47.949398;107.450035
1521664663771;34.789192;51.659374;112.90906
1521664663781;50.259956;52.28926;116.89932
1521664663789;46.969902;48.299988;125.15916
1521664663801;22.819866;48.85956;128.09961
1521664663808;-1.3299866;54.88009;126.559555
1521664663821;-21.20996;63.630123;125.51072
1521664663829;-34.01953;72.729065;128.45117
1521664663841;-39.689453;79.79943;133.20906
1521664663849;-31.989746;81.96937;136.15051
1521664663865;-22.679688;75.60018;135.5919
1521664663871;-25.409668;63.630123;134.75204
1521664663881;-40.109375;51.380077;131.38872
1521664663889;-51.939453;44.799973;125.44041
1521664663901;-35.90918;49.489445;126.209946
1521664663909;-20.299805;60.199448;132.65045
1521664663922;-12.25;70.139206;137.54897
1521664663932;-18.05957;72.30914;136.15051
1521664663942;-18.05957;70.06889;133.20906
1521664663951;-16.239746;67.12942;134.11923
1521664663962;-10.709961;64.46924;137.47865
1521664663971;5.4599633;62.30004;141.54121
1521664663981;11.199962;59.56956;143.56859
1521664663989;12.529797;56.979706;141.33028
1521664664002;27.509817;58.02952;137.97084
1521664664009;31.28961;61.039295;138.31851
1521664664021;18.7598;63.55981;137.83022
1521664664029;-6.8599854;63.00024;135.38097
1521664664041;-34.089844;60.13011;133.13875
1521664664049;-47.039062;59.00999;132.9317
1521664664064;-41.719727;62.510002;134.88876
1521664664072;-31.5;68.67044;137.131
1521664664082;-34.789062;68.38919;135.86925
1521664664089;-41.01953;58.939674;130.34183
1521664664102;-35.979492;48.299988;124.11032
1521664664109;-22.75;45.2199;121.87006
1521664664121;-14.559814;49.84003;123.54977
1521664664130;-26.669922;53.130085;124.38962
1521664664142;-34.859375;50.75019;121.79975
1521664664149;-30.659668;50.67988;118.090744
1521664664164;-13.22998;56.769745;115.50088
1521664664172;0.20999908;64.398926;116.40909
1521664664181;-5.529907;63.13989;118.02043
1521664664189;-15.75;51.099804;113.81922
1521664664201;-18.05957;36.469864;105.35041
1521664664209;-9.799805;30.099667;99.32888
1521664664221;1.6099855;34.36927;97.15894
1521664664229;7.4899936;42.34977;95.82885
1521664664241;7.139896;48.71991;90.299515
1521664664249;-0.48999786;48.019714;88.76044
1521664664264;-11.409912;43.539227;87.36004
1521664664272;-12.529785;39.47964;83.64907
1521664664282;-14.279785;35.420055;81.05921
1521664664290;-19.109863;29.81988;77.90879
1521664664302;-19.879883;25.199755;72.79938
1521664664310;-20.089844;22.819866;68.31888
1521664664322;-17.5;24.009811;63.90942
1521664664330;-10.709961;28.980034;59.56956
1521664664342;-3.2199707;35.210094;56.27951
1521664664350;-0.9099884;37.86928;51.02949
1521664664364;-1.4699707;34.01966;46.75994
1521664664372;-5.5999756;28.069878;44.38005
1521664664381;-9.029785;22.399944;42.76969
1521664664389;-10.149902;19.599646;39.05972
1521664664402;-7.629883;20.369667;35.909313
1521664664409;-6.579956;22.11967;34.36927
1521664664423;-8.119873;22.189983;32.269653
1521664664429;-9.449951;20.64994;28.839897
1521664664441;-8.609863;19.389685;25.059618
1521664664449;-6.9299316;18.480015;22.609905
1521664664464;-2.9399414;17.989779;20.01957
1521664664469;-1.2599792;16.3096;18.199741
1521664664482;-1.8899841;15.25978;16.659698
1521664664491;-2.5199585;15.679946;14.699965
1521664664502;-0.55999756;17.289583;12.250011
1521664664509;4.5499287;19.31986;10.289804
1521664664522;5.9499536;20.089882;10.359873
1521664664530;1.8899843;17.42972;10.289804
1521664664542;-2.2399902;11.969981;8.750008
1521664664551;-4.619995;7.139896;6.9299345
1521664664572;-5.73999;4.7598896;5.6699243
1521664664586;1.0499879;9.099862;0.48999786
1521664664593;3.7099617;11.409923;-2.5199585
1521664664603;2.2399907;10.569834;-5.1799316
1521664664610;-1.9599915;7.0699496;-8.189941
1521664664622;-4.4799805;0.69999695;-10.429932
1521664664630;-7.909912;-6.4399414;-11.759766
1521664664641;-10.639893;-11.759766;-12.73999
1521664664649;-8.189941;-14.419922;-15.469971
1521664664663;0.27999878;-14.279785;-21.20996
1521664664674;6.0199003;-13.509766;-26.179688
1521664664683;3.7099617;-15.959961;-29.119629
1521664664690;-1.75;-27.509766;-38.779297
1521664664703;-0.34999847;-36.399414;-47.319336
1521664664710;2.1699834;-40.66992;-51.939453
1521664664722;2.309998;-42.20996;-54.529297
1521664664730;1.4699708;-45.429688;-60.19922
1521664664742;3.9199836;-50.75;-70.13867
1521664664750;7.55994;-55.089844;-79.79883
1521664664765;9.16993;-59.009766;-87.63867
1521664664772;10.919931;-61.529297;-94.91992
1521664664783;7.629886;-65.09961;-101.21875
1521664664790;6.0899687;-69.64844;-108.98828
1521664664803;5.599978;-73.84961;-119.208984
1521664664810;4.199953;-74.68945;-125.01953
1521664664822;2.939942;-75.03906;-132.92969
1521664664831;8.959969;-74.89844;-141.53906
1521664664843;11.479991;-74.54883;-147.48828
1521664664851;8.539803;-75.109375;-153.01953
1521664664866;1.8899843;-78.46875;-159.94922
1521664664873;-7.5599365;-84.62891;-166.03906
1521664664883;-17.07959;-91.0;-170.23828
1521664664890;-17.919922;-91.208984;-175.0
1521664664903;-11.199951;-84.13867;-180.10938
1521664664911;-6.789917;-75.03906;-183.67969
1521664664922;-10.919922;-69.64844;-187.03906
1521664664931;-13.789795;-70.41992;-190.46875
1521664664942;-13.299805;-69.228516;-193.89844
1521664664950;-9.939941;-65.30859;-196.6289
1521664664965;-4.6899414;-58.65918;-198.9375
1521664664971;-4.8999023;-53.899414;-200.33984
1521664664982;-8.469971;-52.84961;-201.73828
1521664664990;-11.899902;-54.45996;-203.13672
1521664665002;-20.019531;-57.75;-202.64844
1521664665010;-25.969727;-59.429688;-202.22656
1521664665023;-28.0;-58.30957;-202.50781
1521664665031;-17.359863;-46.26953;-203.34766
1521664665043;-11.409912;-38.569336;-202.50781
1521664665051;-18.47998;-38.91992;-200.54688
1521664665064;-38.009766;-47.319336;-199.00781
1521664665072;-51.86914;-55.36914;-197.39844
1521664665083;-40.59961;-52.779297;-195.08984
1521664665092;-18.129883;-42.55957;-190.75
1521664665103;-9.23999;-33.25;-185.42969
1521664665110;-15.679932;-30.869629;-180.8086
1521664665123;-27.369629;-33.179688;-177.58984
1521664665130;-31.639648;-33.039062;-173.94922
1521664665142;-18.619629;-23.239746;-163.58984
1521664665150;-17.359863;-19.529785;-155.25781
1521664665166;-20.299805;-19.59961;-149.16797
1521664665173;-15.259766;-17.989746;-144.96875
1521664665182;-7.5599365;-14.139893;-140.5586
1521664665191;-9.589844;-12.949951;-134.60938
1521664665203;-20.22998;-15.959961;-127.75
1521664665210;-29.819824;-19.179688;-121.51953
1521664665222;-30.519531;-15.609863;-116.759766
1521664665230;-18.409668;-7.909912;-108.91992
1521664665242;-4.829956;-2.3799438;-97.36914
1521664665250;8.609871;-3.4299927;-86.09961
1521664665266;6.2299833;-10.009766;-78.46875
1521664665274;3.9199836;-11.899902;-75.17969
1521664665282;8.189949;-11.899902;-68.80859
1521664665290;14.419935;-8.959961;-58.44922
1521664665303;21.139688;-4.7598877;-47.38965
1521664665310;28.210014;-0.34999847;-37.86914
1521664665322;40.3898;3.8499763;-30.659668
1521664665331;55.300014;2.4499516;-24.84961
1521664665342;59.14964;-7.909912;-22.049805
1521664665350;49.909367;-17.359863;-21.97998
1521664665366;36.9601;-16.72998;-21.839844
1521664665373;25.199755;1.9599916;-14.559814
1521664665383;38.00991;15.609878;-5.25
1521664665391;55.090054;12.599865;2.5899663
1521664665404;48.50995;-2.7299805;1.189972
1521664665410;28.349663;-12.949951;-6.6499023
1521664665422;17.989779;-12.039795;-10.009766
1521664665431;15.750014;-5.1799316;-4.5499268
1521664665443;13.369885;2.939942;2.8699956
1521664665452;7.9099154;6.78992;5.809939
1521664665466;1.399994;5.809939;4.619997
1521664665472;-1.4699707;1.4699708;3.569947
1521664665482;-2.3799438;-4.199951;5.5299096
1521664665490;1.189972;-2.9399414;8.39991
1521664665503;3.7099617;0.6299896;12.599865
1521664665511;3.0799568;4.1298847;16.86966
1521664665522;2.099976;5.879885;20.789589
1521664665531;1.3299867;7.6999545;25.409716
1521664665542;4.199953;11.059825;31.009825
1521664665551;14.909925;13.299817;36.889786
1521664665566;24.56987;11.129893;42.840004
1521664665574;24.849655;8.39991;47.80975
1521664665582;25.059618;8.259773;51.380077
1521664665590;27.299856;9.239999;56.349823
1521664665603;24.56987;13.509778;68.25052
1521664665611;23.309614;20.230019;77.13926
1521664665622;25.68999;29.539606;85.260414
1521664665631;39.82925;39.40933;91.9089
1521664665642;65.6587;42.840004;98.55934
1521664665651;71.539604;36.819473;106.11995
1521664665667;53.619343;29.25982;107.86996
1521664665674;39.969875;26.529835;103.73907
1521664665683;30.589901;28.909721;104.64923
1521664665691;12.179943;38.920067;112.13953
1521664665703;20.369667;63.2102;122.43062
1521664665711;48.299988;71.189995;129.0801
1521664665722;45.63982;64.04932;133.70125
1521664665731;19.87992;52.0793;131.04106
1521664665742;9.44996;43.960125;126.06932
1521664665751;22.469769;42.13981;129.50197
1521664665767;27.929739;48.71991;139.09196
1521664665773;29.960016;59.849834;144.76001
1521664665783;35.559704;67.47903;143.77953
1521664665791;26.669971;66.639175;139.79118
1521664665803;5.6699243;60.550034;135.93956
1521664665811;-13.22998;56.420135;136.92004
1521664665823;-15.609863;58.30979;148.18976
1521664665831;-0.9099884;64.18994;155.26018
1521664665843;27.859915;72.23883;158.061
1521664665851;38.14956;75.94979;156.86957
1521664665867;18.339878;68.94974;151.54918
1521664665873;-0.48999786;56.769745;144.83032
1521664665883;-5.25;47.529476;143.84984
1521664665892;-6.6499023;46.409355;148.68195
1521664665904;-1.4699707;51.59004;153.86171
1521664665912;5.599978;57.96018;155.88908
1521664665923;2.099976;61.809803;153.72108
1521664665931;1.4699708;64.04932;149.86946
1521664665943;4.4799824;66.01027;146.93192
1521664665956;-4.619995;64.95947;146.2991
1521664665977;-21.069824;60.689682;143.15062
1521664665983;-26.80957;59.920147;142.09982
1521664665991;-38.359375;59.989483;140.9787
1521664666004;-42.55957;59.429913;137.97084
1521664666011;-35.90918;59.079327;135.31065
1521664666023;-32.689453;58.729713;134.33017
1521664666032;-34.509766;58.09983;133.70125
1521664666043;-37.65918;56.000214;132.3692
1521664666052;-33.529297;57.32932;127.95995
1521664666072;-30.169922;60.61937;124.45993
1521664666084;-23.72998;67.408714;120.32904
1521664666092;-22.259766;66.7798;118.229416
1521664666103;-20.509766;62.719963;115.079
1521664666111;-23.449707;58.729713;112.62976
1521664666123;-19.80957;58.09983;109.20005
1521664666131;-9.169922;61.73949;106.19026
1521664666143;-2.0999756;64.75049;103.250786
1521664666151;-0.20999908;64.18994;98.77028
1521664666166;-6.5098877;57.609592;93.23899
1521664666175;-12.5998535;52.779495;90.57881
1521664666183;-15.119873;50.469917;88.12958
1521664666191;-15.049805;52.569534;85.95963
1521664666203;-11.339844;57.259983;82.600235
1521664666211;-3.709961;60.969955;77.20957
1521664666223;-2.869995;60.689682;73.35993
1521664666231;-10.079834;55.229702;71.32867
1521664666243;-22.259766;45.359547;68.67044
1521664666251;-32.26953;35.349743;64.260254
1521664666266;-33.25;29.750055;57.39963
1521664666272;-25.759766;30.799862;50.329292
1521664666283;-18.269531;35.48939;46.829277
1521664666291;-17.149902;34.089973;42.13981
1521664666303;-22.32959;28.069878;40.039215
1521664666312;-27.22998;21.139688;36.679825
1521664666327;-23.029785;17.849642;31.639708
1521664666334;-19.59961;17.709993;30.099667
1521664666345;-18.82959;16.449738;28.419975
1521664666352;-16.72998;13.089856;24.219772
1521664666367;-16.72998;9.309823;20.719765
1521664666373;-14.909912;6.579959;18.059605
1521664666383;-9.799805;4.619997;14.839857
1521664666390;0.9799957;2.4499516;10.359873
1521664666402;7.9099154;1.0499879;7.629886
1521664666410;13.299817;-1.1199951;4.5499287
1521664666424;15.189956;-3.8499756;1.7500001
1521664666432;12.740002;-6.579956;-0.69999695
1521664666443;10.21998;-8.679932;-4.409912
1521664666454;9.239999;-10.5;-7.279907
1521664666466;8.049812;-11.199951;-8.189941
1521664666475;6.649905;-10.919922;-7.7698975
1521664666483;4.619997;-11.549805;-7.909912
1521664666492;3.149964;-13.929932;-9.589844
1521664666503;3.9199836;-16.72998;-13.719971
1521664666511;5.809939;-15.959961;-15.819824
1521664666526;7.0699496;-14.629883;-16.939941
1521664666532;5.7399926;-14.559814;-18.129883
1521664666543;0.69999695;-16.30957;-18.619629
1521664666551;-5.1099854;-19.59961;-19.389648
1521664666566;-9.449951;-22.679688;-21.20996
1521664666574;-6.789917;-23.72998;-25.47998
1521664666583;4.199953;-21.97998;-31.07959
1521664666593;14.559828;-19.109863;-34.089844
1521664666604;13.929944;-18.899902;-37.939453
1521664666612;14.000013;-20.159668;-44.86914
1521664666624;13.649915;-26.179688;-51.16992
1521664666632;8.750008;-31.219727;-54.039062
1521664666645;0.34999847;-37.09961;-54.66992
1521664666652;-7.0;-43.539062;-57.049805
1521664666667;-2.869995;-47.319336;-65.30859
1521664666674;14.000013;-45.569336;-74.54883
1521664666683;27.439993;-42.0;-81.05859
1521664666693;33.809696;-42.90918;-90.64844
1521664666704;28.279839;-48.719727;-98.83984
1521664666712;15.959975;-56.069336;-103.31836
1521664666723;7.979984;-62.15918;-107.6582
1521664666732;7.2799106;-66.56836;-114.86914
1521664666743;10.009775;-68.25;-121.93945
1521664666753;13.579846;-70.0;-130.89844
1521664666766;15.25978;-73.359375;-140.83984
1521664666772;13.579846;-78.88867;-149.58984
1521664666783;11.829844;-81.33984;-154.27734
1521664666792;8.469978;-80.63867;-156.79688
1521664666804;-0.55999756;-80.7793;-159.94922
1521664666812;-11.829834;-84.48828;-165.26953
1521664666823;-22.049805;-89.73828;-170.3086
1521664666832;-25.759766;-92.328125;-175.83984
1521664666843;-22.75;-86.86914;-183.1875
1521664666852;-27.439941;-83.01953;-187.3164
1521664666873;-37.589844;-79.93945;-192.00781
1521664666885;-35.489258;-75.87891;-194.59766
1521664666893;-30.379883;-70.0;-197.04688
1521664666905;-26.529785;-65.30859;-198.9375
1521664666913;-21.97998;-63.279297;-200.89844
1521664666924;-21.069824;-64.81836;-202.15625
1521664666933;-25.549805;-67.96875;-201.8789
1521664666944;-26.319824;-68.80859;-200.19922
1521664666952;-15.679932;-65.728516;-196.90625
1521664666967;-13.579834;-58.86914;-194.3164
1521664666974;-23.029785;-58.799805;-192.77734
1521664666984;-33.179688;-61.25;-192.77734
1521664666992;-39.40918;-60.61914;-192.35938
1521664667004;-38.149414;-53.61914;-189.5586
1521664667012;-40.25;-44.029297;-186.1289
1521664667024;-43.469727;-36.3291;-184.23828
1521664667033;-48.01953;-30.939941;-183.88672
1521664667044;-49.34961;-24.569824;-183.25781
1521664667053;-43.049805;-16.449707;-180.8086
1521664667067;-35.979492;-11.47998;-178.70703
1521664667074;-50.11914;-15.819824;-177.16797
1521664667084;-67.33984;-22.679688;-175.97656
1521664667092;-63.0;-24.84961;-172.61719
1521664667104;-42.90918;-19.739746;-165.26953
1521664667112;-20.439941;-11.129883;-154.83984
1521664667124;-1.8199768;-7.209961;-145.03906
1521664667132;-1.539978;-9.169922;-138.17969
1521664667144;-6.2299805;-11.339844;-133.0664
1521664667153;-0.9099884;-10.8498535;-126.34961
1521664667167;7.55994;-11.899902;-116.89844
1521664667174;8.679939;-15.609863;-108.5
1521664667184;6.0899687;-22.189941;-99.81836
1521664667192;1.4699708;-21.279785;-92.81836
1521664667204;3.7099617;-15.539795;-83.29883
1521664667212;13.579846;-7.5599365;-72.93945
1521664667224;30.029842;-0.9799957;-62.859375
1521664667233;47.739437;-1.4699707;-53.26953
1521664667244;52.149612;-6.9299316;-45.0791
1521664667253;42.630043;-11.269775;-39.8291
1521664667273;42.279457;-11.409912;-30.169922
1521664667284;41.22965;-14.3498535;-22.889648
1521664667293;17.289583;-14.699951;-16.519531
1521664667306;6.2999296;-6.7199707;-14.419922
1521664667312;10.919931;2.1699834;-8.819824
1521664667324;23.589888;3.779969;-1.6799927
1521664667332;29.960016;-4.409912;3.4299934
1521664667344;20.089882;-14.629883;4.2698994
1521664667352;9.029794;-15.679932;3.779969
1521664667367;7.349979;-7.699951;6.0899687
1521664667373;14.909925;0.069999695;10.569834
1521664667384;17.500032;2.1699834;13.509778
1521664667393;13.579846;2.4499516;13.929944
1521664667405;9.659921;1.9599916;14.069838
1521664667413;13.649915;1.6099855;16.659698
1521664667424;17.849642;0.55999756;20.01957
1521664667433;19.529821;-1.0499878;21.279825
1521664667445;19.250036;0.41999817;21.34965
1521664667453;18.549839;5.6699243;21.139688
1521664667467;20.929726;8.750008;21.489786
1521664667476;19.179724;6.859988;21.839884
1521664667484;8.679939;5.1099877;22.11967
1521664667492;3.6399543;6.5098906;22.539593
1521664667505;9.029794;8.819832;24.149948
1521664667512;17.289583;10.569834;27.789602
1521664667524;28.69976;10.849863;34.36927
1521664667533;29.399958;9.44996;35.769665
1521664667544;26.319874;8.189949;36.32924
1521664667552;19.739782;7.9099154;38.289207
1521664667567;12.389904;9.93995;42.420082
1521664667576;7.2799106;13.579846;47.03924
1521664667584;5.599978;18.7598;52.0793
1521664667593;11.969981;23.169966;58.44944
1521664667605;24.079636;23.029829;65.3794
1521664667613;29.189997;17.919954;72.10016
1521664667624;30.730038;12.599865;77.55918
1521664667633;31.079649;14.490004;86.72917
1521664667644;34.22962;21.210001;94.7097
1521664667653;41.159336;28.349663;102.96953
1521664667676;43.60954;33.460087;114.379776
1521664667684;35.979626;31.989805;117.80949
1521664667693;29.119684;29.679743;121.30952
1521664667705;24.079636;26.25005;125.0908
1521664667713;21.069864;22.399944;129.99025
1521664667724;19.809607;22.960003;135.93956
1521664667733;30.029842;30.37994;143.6389
1521664667744;53.40938;39.47964;154.13907
1521664667753;60.759995;39.339993;164.63922
1521664667776;37.029438;32.130005;151.61949
1521664667786;26.46001;33.670048;147.00224
1521664667793;13.929944;38.989403;145.04128
1521664667805;6.0199003;48.159363;144.76001
1521664667813;2.7999883;60.969955;147.42021
1521664667824;6.369998;71.39898;151.6898
1521664667833;-6.089966;70.420456;151.83043
1521664667844;-28.069824;64.260254;144.83032
1521664667853;-25.05957;62.85961;138.8107
1521664667866;3.359986;69.57865;147.3499
1521664667875;16.379913;73.70954;153.72108
1521664667884;16.09964;72.02985;151.90074
1521664667893;-0.13999939;65.23878;142.17014
1521664667905;-19.179688;58.6594;132.09186
1521664667913;-25.549805;57.050022;127.19042
1521664667925;-20.859863;65.59034;129.50197
1521664667933;0.34999847;84.42056;137.34193
1521664667944;18.269566;105.48908;146.65067
1521664667953;13.929944;117.18058;149.59212
1521664667967;-5.25;115.98916;144.34204
1521664667975;-40.59961;97.7898;130.13089
1521664667985;-56.839844;86.30925;125.020485
1521664667993;-56.34961;81.899055;126.840805
1521664668007;-45.429688;84.35025;132.29889
1521664668013;-32.19922;91.420616;134.68173
1521664668024;-12.319824;101.85038;132.79108
1521664668033;-10.98999;109.690285;132.72076
1521664668045;-32.899414;107.30941;131.18169
1521664668053;-53.05957;98.84059;125.7197
1521664668074;-70.9082;87.77996;128.86914
1521664668085;-57.189453;82.67055;125.22947
1521664668093;-21.629883;82.3893;123.82906
1521664668105;-14.629883;85.61002;123.62008
1521664668113;-16.239746;85.11979;120.469666
1521664668125;-21.839844;81.69007;117.53019
1521664668133;-23.799805;78.60997;116.40909
1521664668145;-16.72998;80.010376;115.63955
1521664668153;-7.839966;83.5104;115.780174
1521664668176;-17.70996;71.959526;111.7196
1521664668186;-24.779785;60.689682;107.100426
1521664668194;-31.919922;52.009964;104.369934
1521664668206;-35.34961;45.710133;100.72928
1521664668214;-23.169922;46.059746;92.539764
1521664668226;-5.879883;49.76972;84.908844
1521664668234;-3.2199707;52.71016;83.09048
1521664668246;-7.7698975;48.579285;80.77991
1521664668254;-14.97998;38.710106;76.71933
1521664668274;-21.419922;25.480028;68.10989
1521664668286;-23.169922;22.960003;66.43019
1521664668294;-23.589844;20.01957;62.719963
1521664668307;-20.439941;16.799835;52.989456
1521664668314;-18.549805;15.539809;47.880062
1521664668325;-14.419922;15.25978;43.04997
1521664668334;-10.779785;15.189956;38.639793
1521664668354;-9.519775;9.869882;27.579641
1521664668374;-6.2299805;6.2299833;14.699965
1521664668386;-2.0999756;5.0399194;9.44996
1521664668393;-2.0299683;2.8699956;7.4899936
1521664668406;-7.3499756;0.13999939;7.2099643
1521664668414;-13.579834;-1.8899841;5.0399194
1521664668425;-16.519531;-2.7999878;-0.769989
1521664668434;-15.399902;-3.7799683;-5.039917
1521664668446;-10.289795;-5.039917;-11.129883
1521664668454;-5.25;-6.9299316;-15.469971
1521664668476;2.309998;-11.129883;-20.929688
1521664668486;6.9299345;-14.069824;-25.129883
1521664668493;10.99;-16.799805;-27.509766
1521664668506;14.2797985;-19.529785;-29.049805
1521664668513;16.589874;-22.679688;-31.149902
1521664668527;19.739782;-25.759766;-34.36914
1521664668533;26.25005;-26.80957;-39.339844
1521664668545;31.079649;-28.069824;-47.109375
1521664668554;28.419975;-31.5;-53.05957
1521664668576;22.819866;-41.5791;-63.90918
1521664668586;17.289583;-47.80957;-67.828125
1521664668593;13.299817;-51.729492;-73.359375
1521664668606;10.639902;-52.0791;-80.84961
1521664668613;8.750008;-51.239258;-89.458984
1521664668626;10.919931;-50.88965;-97.36914
1521664668633;10.0798435;-53.339844;-100.44922
1521664668645;5.4599633;-59.989258;-102.68945
1521664668653;3.359986;-74.05859;-112.0
1521664668676;22.189983;-68.66992;-133.6289
1521664668686;29.960016;-60.8291;-142.86719
1521664668694;31.28961;-58.44922;-147.90625
1521664668706;31.989805;-62.509766;-152.25
1521664668713;30.519588;-70.06836;-157.28906
1521664668725;31.28961;-75.73828;-164.42969
1521664668734;34.859505;-76.1582;-172.82812
1521664668745;32.4093;-75.73828;-179.40625
1521664668754;19.949743;-78.958984;-184.86719
1521664668776;3.779969;-79.44922;-196.48828
1521664668786;9.93995;-71.81836;-201.03906
1521664668794;18.689976;-62.15918;-205.09766
1521664668806;16.169952;-58.86914;-208.17969
1521664668814;-1.1899719;-65.30859;-213.42969
1521664668826;-19.739746;-74.54883;-219.23828
1521664668834;-32.339844;-78.18945;-221.54688
1521664668846;-40.039062;-73.009766;-219.86719
1521664668854;-34.01953;-60.129883;-218.60938
1521664668876;-17.639648;-37.239258;-217.97656
1521664668886;-12.5998535;-30.449707;-219.23828
1521664668894;-10.149902;-27.649902;-219.44922
1521664668906;-7.48999;-27.159668;-216.85938
1521664668914;-14.279785;-34.36914;-213.14844
1521664668926;-31.07959;-47.59961;-210.0
1521664668934;-42.979492;-56.76953;-208.10938
1521664668946;-32.8291;-53.549805;-206.07812
1521664668954;-17.84961;-42.629883;-200.26953
1521664668977;-30.30957;-29.819824;-189.0664
1521664668987;-45.009766;-24.569824;-183.67969
1521664668994;-30.939941;-10.569824;-173.25
1521664669006;-15.119873;-7.48999;-165.61719
1521664669014;-15.889893;-16.519531;-159.17969
1521664669026;-37.239258;-29.119629;-155.53906
1521664669034;-43.189453;-31.569824;-152.3164
1521664669046;-21.55957;-22.609863;-144.75781
1521664669054;8.609871;-13.859863;-131.8086
1521664669076;3.0799568;-17.5;-116.828125
1521664669086;4.5499287;-15.189941;-116.33984
1521664669094;15.119887;-11.969971;-110.5293
1521664669106;11.059825;-11.549805;-95.54883
1521664669114;13.089856;-10.919922;-87.359375
1521664669126;15.539809;-9.939941;-81.33984
1521664669134;17.079622;-6.789917;-75.25
1521664669146;27.299856;-0.83999634;-66.7793
1521664669154;42.21012;2.519959;-57.88965
1521664669176;60.82933;-14.97998;-54.319336
1521664669187;43.119305;-26.03955;-53.40918
1521664669194;21.210001;-22.889648;-49.839844
1521664669206;27.36968;-7.9799805;-38.989258
1521664669214;37.799946;5.4599633;-34.649414
1521664669226;57.750217;1.6099855;-28.069824
1521664669234;45.359547;-10.779785;-29.399902
1521664669246;28.559624;-17.779785;-28.629883
1521664669254;24.989792;-14.97998;-24.84961
1521664669276;41.369297;0.83999634;-19.739746
1521664669287;39.61929;0.83999634;-19.179688
1521664669294;23.589888;-0.769989;-19.179688
1521664669307;13.789807;-1.2599792;-18.82959
1521664669314;16.730011;-3.919983;-16.09961
1521664669327;19.250036;-5.1799316;-11.899902
1521664669334;17.500032;0.69999695;-7.629883
1521664669346;17.42972;4.2698994;-6.6499023
1521664669354;16.589874;4.829958;-4.4799805
1521664669368;13.579846;3.149964;-2.169983
1521664669379;13.719983;2.1699834;0.55999756
1521664669395;25.759813;2.2399907;6.649905
1521664669407;30.37994;2.729981;9.239999
1521664669414;32.339966;1.2599794;12.389904
1521664669426;28.769585;-1.6799927;15.399917
1521664669434;24.56987;-1.6799927;19.179724
1521664669446;24.639694;4.3399677;24.710007
1521664669454;25.89995;8.329842;28.980034
1521664669477;39.549953;9.44996;39.13003
1521664669487;33.1095;10.009775;38.849754
1521664669494;34.36927;10.639902;36.9601
1521664669507;38.77944;11.619884;41.78922
1521664669515;32.130005;17.569857;50.049995
1521664669527;24.009811;23.099653;53.19942
1521664669536;24.849655;23.309614;53.619343
1521664669547;25.759813;22.469769;57.259983
1521664669556;23.099653;23.309614;63.279537
1521664669569;27.439993;25.269579;71.75054
1521664669587;31.919981;26.949757;76.510345
1521664669594;23.939985;30.939999;79.170525
1521664669614;14.839857;37.170063;82.11
1521664669626;10.849863;38.500145;87.07879
1521664669634;14.209974;38.56948;93.23899
1521664669646;24.219772;35.349743;97.71949
1521664669654;24.849655;33.460087;101.98905
1521664669677;28.839897;46.969902;114.59071
1521664669687;25.619677;49.63007;119.97942
1521664669694;22.539593;52.779495;122.709915
1521664669707;24.919968;55.57931;123.40914
1521664669714;25.619677;56.420135;126.559555
1521664669727;24.429733;55.859585;130.90042
1521664669735;22.11967;54.809776;132.9317
1521664669747;19.669958;56.210175;132.09186
1521664669755;18.689976;61.17992;133.27937
1521664669776;13.929944;65.02979;144.27173
1521664669795;-39.339844;59.639874;138.67007
1521664669807;-40.039062;60.47972;137.7599
1521664669815;-32.19922;62.019768;142.17014
1521664669826;-23.30957;62.369377;145.8108
1521664669835;-24.07959;59.56956;144.6897
1521664669847;-23.869629;61.17992;140.06854
1521664669855;-21.839844;63.279537;138.45914
1521664669877;-17.429688;71.189995;140.06854
1521664669887;-10.639893;74.76033;145.67018
1521664669895;-22.259766;71.75054;144.27173
1521664669915;-18.269531;69.8599;135.52159
1521664669927;-12.5998535;72.65875;137.40834
1521664669935;-1.9599915;76.510345;139.8615
1521664669947;-5.25;74.270096;139.8615
1521664669955;-20.929688;70.139206;134.25986
1521664669969;-27.859863;68.18021;127.68066
1521664669987;-33.25;65.17042;121.72944
1521664669995;-20.439941;72.52008;121.87006
1521664670015;-21.55957;82.600235;128.72852
1521664670027;-31.359863;77.20957;123.96969
1521664670036;-34.229492;69.51029;119.48919
1521664670056;-31.149902;60.689682;121.239204
1521664670076;-25.689941;57.96018;117.11027
1521664670087;-25.269531;57.18967;113.26063
1521664670095;-17.779785;58.30979;109.54966
1521664670107;-13.509766;59.289288;109.690285
1521664670115;-15.399902;56.06955;110.60045
1521664670127;-17.28955;41.509922;106.19026
1521664670136;-13.789795;32.619263;101.14921
1521664670155;-0.13999939;29.750055;95.619865
1521664670176;1.2599794;27.649954;88.340515
1521664670187;-0.55999756;26.599659;82.949844
1521664670195;-4.339966;27.439993;80.63928
1521664670207;-9.589844;28.980034;79.170525
1521664670215;-12.319824;28.210014;77.62949
1521664670227;-16.589844;22.750042;75.25057
1521664670236;-20.22998;13.509778;65.23878
1521664670247;-15.259766;6.2999296;57.750217
1521664670255;-13.369873;8.469978;54.250206
1521664670277;-14.629883;12.669933;53.479694
1521664670286;-17.639648;15.539809;52.009964
1521664670291;-20.859863;16.799835;50.88984
1521664670298;-25.129883;16.029816;51.239452
1521664670316;-25.689941;11.619884;49.559757
1521664670327;-21.0;9.379891;46.969902
1521664670336;-16.589844;8.049812;43.750164
1521664670347;-7.699951;10.009775;40.109528
1521664670355;5.3199487;15.539809;35.979626
1521664670377;10.849863;18.059605;32.130005
1521664670387;10.359873;17.569857;29.469782
1521664670395;10.0798435;17.149935;28.419975
1521664670415;-6.789917;11.969981;31.779844
1521664670427;-10.009766;9.799813;31.149961
1521664670436;-10.919922;9.309823;30.16998
1521664670447;-12.389893;9.659921;30.730038
1521664670455;-16.379883;7.4899936;30.309628
1521664670471;-16.449707;0.9099884;23.659712
1521664670487;-18.129883;-1.8199768;15.889907
1521664670496;-16.09961;-0.55999756;11.269786
1521664670517;-6.9299316;2.6599736;2.309998
1521664670536;-4.5499268;-2.169983;-1.75
1521664670556;-9.0998535;-14.3498535;-10.149902
1521664670571;-10.98999;-18.199707;-14.279785
1521664670578;-11.759766;-21.20996;-20.019531
1521664670596;-6.4399414;-24.84961;-31.639648
1521664670616;1.8899843;-25.05957;-45.989258
1521664670627;2.8699956;-26.389648;-53.969727
1521664670636;-0.34999847;-30.09961;-61.039062
1521664670647;-7.209961;-36.3291;-65.93945
1521664670656;-14.699951;-43.819336;-69.859375
1521664670671;-18.82959;-50.819336;-75.66992
1521664670679;-19.319824;-54.529297;-83.29883
1521664670696;-13.369873;-50.819336;-104.92969
1521664670716;-11.199951;-54.38965;-120.53906
1521664670737;-1.539978;-58.09961;-139.4375
1521664670747;2.519959;-57.679688;-146.85938
1521664670756;-1.8199768;-59.219727;-152.03906
1521664670777;-17.569824;-69.859375;-166.25
1521664670796;-31.219727;-78.88867;-177.3086
1521664670816;-29.049805;-70.9082;-197.46875
1521664670827;-29.469727;-63.90918;-204.1875
1521664670837;-33.529297;-58.44922;-207.61719
1521664670847;-39.479492;-57.049805;-208.8086
1521664670856;-44.16992;-59.359375;-210.83984
1521664670879;-41.36914;-62.5791;-218.8164
1521664670888;-36.189453;-60.689453;-222.10938
1521664670898;-35.279297;-58.379883;-223.36719
1521664670909;-33.38965;-53.339844;-224.13672
1521664670919;-30.30957;-47.039062;-222.73828
1521664670937;-36.679688;-39.05957;-220.42969
1521664670956;-47.739258;-37.729492;-221.19922
1521664670969;-62.089844;-40.94922;-221.0586
1521664670979;-74.54883;-44.65918;-219.58984
1521664670996;-35.0;-25.759766;-211.95703
1521664671016;-19.739746;-13.509766;-206.00781
1521664671037;-56.279297;-31.989746;-200.26953
1521664671056;-33.879883;-16.09961;-184.58984
1521664671070;-52.009766;-17.84961;-179.89844
1521664671079;-70.55859;-20.929688;-172.75781
1521664671097;-8.959961;6.9299345;-153.29688
1521664671117;48.229675;7.0699496;-139.64844
1521664671137;-21.629883;-23.379883;-131.8789
1521664671156;14.419935;0.20999908;-95.26953
1521664671170;15.679946;0.20999908;-84.69922
1521664671178;13.509778;-3.2199707;-79.6582
1521664671197;16.3096;-7.629883;-64.609375
1521664671217;44.30974;-9.449951;-42.76953
1521664671237;53.130085;-9.519775;-33.25
1521664671257;26.319874;-3.9899902;-23.449707
1521664671277;17.500032;-4.4799805;-12.25
1521664671297;14.209974;-2.9399414;-3.3599854
1521664671317;32.689575;-2.2399902;7.0699496
1521664671337;28.139702;-4.2698975;12.599865
1521664671357;15.819839;0.83999634;13.719983
1521664671370;8.39991;3.149964;14.909925
1521664671378;-2.5199585;6.0899687;16.730011
1521664671397;-4.4799805;5.6699243;23.44975
1521664671416;-6.8599854;6.7199736;31.219786
1521664671433;0.27999878;7.139896;35.909313
1521664671438;6.5098906;7.4899936;41.159336
1521664671457;12.949963;12.039806;49.84003
1521664671472;17.919954;13.789807;53.899616
1521664671478;21.069864;13.229993;58.939674
1521664671490;17.709993;12.389904;65.100105
1521664671500;16.029816;12.949963;69.02006
1521664671517;18.7598;16.379913;81.34046
1521664671537;32.4093;24.079636;94.85033
1521664671557;45.920094;20.230019;106.88948
1521664671571;43.539227;20.64994;110.60045
1521664671580;42.90934;25.549852;112.8407
1521664671597;42.279457;32.130005;121.10053
1521664671617;38.00991;30.659725;121.65913
1521664671629;38.56948;33.31946;121.239204
1521664671642;42.840004;39.199368;125.86033
1521664671657;38.77944;53.550007;133.77156
1521664671669;35.27943;58.44944;129.36134
1521664671678;24.77983;56.420135;128.86914
1521664671697;-3.1499634;54.599815;127.68066
1521664671717;22.88969;54.10958;135.65831
1521664671737;20.929726;49.76972;135.79893
1521664671757;27.15972;50.75019;137.40834
1521664671771;35.839977;54.529503;138.45914
1521664671778;36.259903;51.170116;137.20131
1521664671797;22.259808;41.43961;128.52148
1521664671817;35.630016;46.059746;132.65045
1521664671829;42.489418;54.250206;136.00989
1521664671838;36.469864;53.269733;134.40048
1521664671857;6.369998;44.099777;126.97948
1521664671871;0.9099884;44.799973;127.260735
1521664671878;2.099976;48.019714;129.50197
1521664671897;14.769789;53.550007;129.00978
1521664671917;8.819832;59.21995;123.479454
1521664671929;0.13999939;59.429913;123.40914
1521664671938;-30.09961;55.229702;123.54977
1521664671957;-13.159912;59.989483;117.6005
1521664671971;-14.069824;65.52003;117.039955
1521664671978;-16.379883;66.639175;114.379776
1521664671997;-24.84961;57.259983;108.989105
1521664672009;-22.75;57.18967;108.14926
1521664672018;-20.929688;60.969955;107.72933
1521664672029;-26.739746;63.840084;106.6805
1521664672038;-24.5;66.5005;103.11016
1521664672049;-16.029785;68.94974;100.10037
1521664672058;-19.59961;68.67044;98.280045
1521664672071;-25.129883;64.53955;96.18042
1521664672079;-33.109375;58.380104;94.21947
1521664672090;-36.819336;53.759968;93.44993
1521664672098;-36.75;52.359573;93.44993
1521664672110;-30.939941;53.759968;91.20968
1521664672118;-20.019531;57.32932;86.30925
1521664672129;-8.75;61.73949;81.82874
1521664672138;-6.9299316;63.90942;79.520134
1521664672157;-19.59961;61.039295;75.039635
1521664672171;-36.049805;54.809776;75.25057
1521664672178;-39.549805;50.819527;74.969315
1521664672189;-36.75;48.649597;74.34041
1521664672198;-29.819824;48.50995;71.75054
1521664672210;-16.72998;48.369324;65.3794
1521664672218;-6.8599854;47.389828;59.920147
1521664672229;-6.4399414;46.13006;57.259983
1521664672238;-8.049805;44.86931;55.090054
1521664672257;-14.699951;39.759914;53.899616
1521664672273;-17.28955;35.769665;52.989456
1521664672278;-15.189941;31.359922;48.439636
1521664672290;-13.019775;28.629936;45.710133
1521664672298;-14.139893;24.77983;42.840004
1521664672310;-13.509766;19.389685;38.639793
1521664672318;-10.569824;15.469985;35.06947
1521664672329;-10.429932;14.2797985;33.599735
1521664672338;-14.069824;12.879894;32.19934
1521664672349;-17.989746;9.659921;29.329645
1521664672358;-19.529785;5.599978;26.739796
1521664672372;-19.109863;1.8899843;23.730024
1521664672378;-13.019775;-1.2599792;18.480015
1521664672397;7.0000033;-5.039917;4.7598896
1521664672417;10.009775;-11.619873;-1.2599792
1521664672429;7.0699496;-15.329834;-3.709961
1521664672438;4.3399677;-18.409668;-6.6499023
1521664672457;6.5098906;-21.909668;-16.029785
1521664672474;10.149912;-22.399902;-21.419922
1521664672479;12.949963;-24.359863;-26.45996
1521664672490;15.189956;-26.879883;-31.989746
1521664672498;15.119887;-28.629883;-35.90918
1521664672510;8.539803;-32.26953;-39.969727
1521664672518;3.4299934;-37.65918;-44.65918
1521664672537;-0.48999786;-46.26953;-58.029297
1521664672557;4.9699726;-43.609375;-68.17969
1521664672572;6.159915;-44.65918;-74.68945
1521664672582;7.629886;-46.759766;-81.33984
1521664672597;-1.8899841;-53.899414;-92.75
1521664672610;-5.3199463;-57.75;-100.51953
1521664672618;-4.4799805;-57.88965;-104.578125
1521664672630;0.9099884;-57.75;-111.78906
1521664672638;7.629886;-57.469727;-120.609375
1521664672650;10.70997;-57.88965;-127.75
1521664672658;10.0798435;-59.569336;-134.75
1521664672672;10.289804;-61.59961;-143.5
1521664672680;11.409923;-61.59961;-149.9375
1521664672690;9.16993;-61.179688;-152.8086
1521664672698;4.619997;-63.69922;-155.67969
1521664672710;-4.409912;-69.228516;-158.82812
1521664672718;-12.459961;-74.05859;-163.02734
1521664672729;-18.549805;-73.98828;-172.1289
1521664672739;-14.769775;-68.458984;-178.21875
1521664672749;-13.789795;-62.01953;-181.08984
1521664672758;-15.399902;-57.609375;-183.04688
1521664672772;-22.609863;-56.839844;-185.00781
1521664672780;-31.359863;-58.589844;-186.96875
1521664672789;-35.34961;-59.569336;-189.20703
1521664672798;-41.229492;-59.289062;-189.83984
1521664672810;-45.219727;-58.65918;-191.86719
1521664672818;-38.219727;-56.489258;-196.48828
1521664672830;-30.799805;-54.80957;-200.19922
1521664672838;-29.889648;-56.629883;-202.57812
1521664672849;-23.169922;-61.529297;-204.60938
1521664672858;-22.679688;-60.759766;-203.41797
1521664672873;-20.22998;-54.879883;-201.59766
1521664672880;-21.769531;-45.289062;-199.98828
1521664672889;-20.78955;-35.069336;-200.1289
1521664672898;-20.159668;-28.699707;-200.47656
1521664672910;-37.239258;-30.379883;-200.0586
1521664672919;-64.39844;-39.40918;-199.98828
1521664672929;-77.41992;-46.05957;-199.28906
1521664672939;-67.96875;-41.089844;-194.8789
1521664672950;-36.399414;-23.869629;-186.96875
1521664672958;-8.679932;-9.23999;-178.35938
1521664672974;-20.719727;-19.179688;-178.84766
1521664672981;-37.729492;-33.80957;-178.28906
1521664672990;-42.69922;-39.40918;-171.84766
1521664672999;-28.279785;-33.179688;-161.0
1521664673011;-1.4699707;-21.0;-148.04688
1521664673019;14.2797985;-12.459961;-135.86719
1521664673031;9.099862;-11.47998;-127.609375
1521664673039;3.149964;-10.779785;-121.16992
1521664673050;13.299817;-9.72998;-113.88867
1521664673059;20.230019;-13.369873;-105.69922
1521664673073;14.769789;-20.22998;-93.30859
1521664673081;5.6699243;-14.48999;-84.41992
1521664673091;0.13999939;-1.2599792;-76.01953
1521664673099;-1.3299866;13.509778;-65.23828
1521664673111;6.2999296;24.710007;-51.799805
1521664673119;15.959975;26.25005;-39.969727
1521664673131;15.679946;17.42972;-35.489258
1521664673139;10.50001;7.55994;-33.739258
1521664673150;13.229993;2.3799443;-29.679688
1521664673159;29.329645;-0.34999847;-24.359863
1521664673174;43.960125;-6.089966;-18.409668
1521664673180;39.6896;-12.389893;-7.279907
1521664673190;16.939972;-13.929932;-7.699951
1521664673199;6.859988;-9.449951;-8.469971
1521664673211;4.1298847;-1.8899841;-3.6399536
1521664673219;10.009775;2.8699956;2.7999883
1521664673231;13.789807;0.9799957;6.4399443
1521664673239;11.479991;-4.829956;6.4399443
1521664673253;8.679939;-8.469971;5.1099877
1521664673259;12.389904;-7.279907;7.2099643
1521664673274;18.829624;-3.2199707;11.339854
1521664673279;22.960003;1.6799928;14.349867
1521664673291;24.289597;3.0099494;12.879894
1521664673299;17.149935;-1.1199951;7.9099154
1521664673311;17.009798;-1.8199768;8.259773
1521664673319;21.419962;-0.55999756;10.50001
1521664673331;27.089895;2.0299687;14.2797985
1521664673339;31.219786;3.989991;17.500032
1521664673351;33.809696;3.5000007;18.199741
1521664673360;33.03919;1.2599794;16.730011
1521664673374;28.559624;-0.55999756;16.239777
1521664673379;23.799849;-0.55999756;17.149935
1521664673391;20.509804;1.7500001;19.529821
1521664673399;18.199741;6.9299345;23.519575
1521664673413;21.139688;14.490004;30.939999
1521664673419;23.869673;13.789807;35.839977
1521664673431;20.43998;11.689952;39.61929
1521664673439;17.009798;12.109875;42.76969
1521664673451;17.149935;14.2797985;48.159363
1521664673459;20.509804;17.009798;56.06955
1521664673474;25.409716;18.480015;63.420162
1521664673482;27.719778;18.7598;68.7388
1521664673490;23.379927;17.989779;72.729065
1521664673498;15.329848;17.500032;75.45956
1521664673511;3.149964;20.509804;80.28967
1521664673518;-0.48999786;23.029829;86.100266
1521664673531;-1.8199768;30.309628;93.03001
1521664673538;-0.9799957;32.759888;100.72928
1521664673550;-1.8199768;36.750137;106.53987
1521664673558;8.39991;41.509922;109.96958
1521664673573;20.01957;41.159336;115.149315
1521664673581;20.230019;35.630016;121.94038
1521664673590;8.329842;28.069878;122.92085
1521664673599;-9.169922;25.199755;118.71965
1521664673611;-16.659668;30.589901;119.35052
1521664673618;-11.269775;40.039215;127.39941
1521664673630;-2.169983;48.090027;136.00989
1521664673638;6.159915;55.300014;140.77167
1521664673650;7.4899936;52.219925;138.31851
1521664673658;6.579959;41.22965;135.86925
1521664673674;6.579959;31.219786;134.81845
1521664673679;-0.69999695;31.849669;134.4708
1521664673690;14.000013;38.639793;136.0802
1521664673698;23.519575;46.059746;140.49042
1521664673711;27.36968;54.250206;144.6897
1521664673718;23.169966;56.769745;143.29124
1521664673730;2.2399907;51.659374;137.20131
1521664673739;-11.899902;47.389828;131.45903
1521664673750;-2.7299805;46.409355;131.3184
1521664673759;6.859988;51.309765;138.11148
1521664673775;19.809607;56.769745;142.24045
1521664673783;19.87992;54.319542;139.93181
1521664673790;2.729981;46.13006;133.27937
1521664673798;-11.899902;40.109528;126.13963
1521664673811;-15.259766;39.13003;124.73923
1521664673818;-10.8498535;42.69938;127.260735
1521664673830;-6.159912;47.529476;128.5918
1521664673839;-10.079834;51.519726;127.54003
1521664673850;-18.199707;54.739464;124.87985
1521664673858;-15.259766;57.679905;122.079056
1521664673875;-16.30957;57.259983;122.98921
1521664673879;-24.28955;55.719936;123.129845
1521664673891;-28.34961;55.090054;121.10053
1521664673899;-28.769531;53.689655;118.579025
1521664673911;-34.859375;50.67988;117.389565
1521664673919;-35.55957;48.85956;116.40909
1521664673931;-27.22998;47.6701;114.30946
1521664673939;-14.3498535;48.85956;110.67076
1521664673951;5.179934;53.899616;107.799644
1521664673959;10.849863;56.27951;108.01059
1521664673974;-0.34999847;52.28926;107.30941
1521664673983;-16.589844;43.189617;106.260574
1521664673991;-22.609863;40.670074;110.110214
1521664673999;-21.629883;41.78922;112.350464
1521664674011;-10.5;45.149586;111.36999
1521664674019;-1.0499878;49.000187;108.14926
1521664674031;3.989991;50.67988;103.03985
1521664674039;5.6699243;49.42011;98.97926
1521664674051;2.4499516;45.84978;98.42067
1521664674059;-3.289978;42.21012;98.629654
1521664674073;-2.7299805;39.26968;97.510506
1521664674081;-3.8499756;36.18959;97.15894
1521664674092;-12.5998535;32.269653;95.19994
1521664674099;-14.069824;30.589901;91.488976
1521664674112;-12.039795;30.869686;85.81901
1521664674119;-1.0499878;34.22962;80.359985
1521664674131;3.0799568;37.44936;79.238884
1521664674139;-2.169983;37.589985;77.90879
1521664674151;-7.839966;33.03919;74.05916
1521664674159;-16.939941;26.25005;71.539604
1521664674174;-22.049805;20.089882;68.38919
1521664674182;-19.949707;16.730011;64.11963
1521664674191;-15.819824;17.289583;60.0598
1521664674199;-5.879883;21.279825;51.939648
1521664674211;-3.1499634;22.329632;47.880062
1521664674219;-4.409912;20.230019;45.2199
1521664674231;-6.0198975;16.3096;41.929844
1521664674239;-6.579956;12.109875;38.500145
1521664674251;-7.7698975;8.539803;35.349743
1521664674259;-8.539795;6.0199003;32.339966
1521664674273;-9.379883;4.5499287;29.679743
1521664674281;-10.429932;3.359986;27.15972
1521664674291;-7.7698975;2.5899663;22.539593
1521664674299;-0.27999878;2.729981;17.009798
1521664674312;10.429941;4.0599384;9.379891
1521664674319;14.139906;4.619997;6.0199003
1521664674331;12.389904;3.2899787;4.619997
1521664674339;7.4899936;0.9099884;3.4299934
1521664674351;3.0799568;-1.0499878;1.8199769
1521664674359;0.69999695;-1.1199951;-0.769989
1521664674375;2.099976;0.13999939;-3.3599854
1521664674383;6.579959;1.0499879;-5.949951
1521664674391;10.21998;0.27999878;-8.609863
1521664674399;11.549815;-2.7299805;-11.619873
1521664674412;9.799813;-6.5098877;-14.48999
1521664674419;5.2500024;-9.869873;-16.869629
1521664674431;-2.169983;-14.069824;-20.509766
1521664674439;-5.459961;-14.139893;-24.28955
1521664674451;-5.25;-12.459961;-28.839844
1521664674459;-2.3099976;-11.829834;-32.969727
1521664674474;-0.83999634;-13.22998;-36.189453
1521664674481;-1.6099854;-16.379883;-40.529297
1521664674491;-0.41999817;-20.369629;-47.38965
1521664674499;0.6299896;-24.359863;-54.38965
1521664674512;-0.48999786;-27.859863;-60.689453
1521664674519;0.55999756;-30.379883;-67.12891
1521664674532;-0.69999695;-31.149902;-71.67969
1521664674539;-9.029785;-35.13965;-77.208984
1521664674551;-14.48999;-42.069336;-84.48828
1521664674559;-14.699951;-47.38965;-93.30859
1521664674574;-8.469971;-48.299805;-101.63867
1521664674583;-0.9099884;-46.129883;-110.17969
1521664674591;5.4599633;-44.379883;-118.64844
1521664674599;8.329842;-44.939453;-125.509766
1521664674612;8.049812;-49.34961;-131.8789
1521664674619;10.149912;-54.80957;-139.22656
1521664674631;13.299817;-59.63965;-146.50781
1521664674639;15.25978;-62.509766;-153.50781
1521664674652;13.509778;-64.18945;-160.08984
1521664674659;7.769901;-67.89844;-169.95703
1521664674674;1.8199769;-71.81836;-174.78906
1521664674682;-3.6399536;-74.89844;-178.35938
1521664674691;-8.819824;-74.828125;-182.0664
1521664674699;-12.529785;-72.79883;-185.91797
1521664674712;-18.269531;-70.978516;-189.48828
1521664674720;-25.82959;-70.06836;-193.33984
1521664674731;-24.429688;-68.59961;-199.35938
1521664674740;-16.449707;-65.6582;-205.16797
1521664674752;-10.709961;-61.179688;-207.19922
1521664674760;-5.5999756;-56.279297;-208.3164
1521664674774;-4.829956;-52.91992;-210.34766
1521664674781;-10.919922;-53.969727;-210.0664
1521664674792;-20.22998;-55.789062;-209.4375
1521664674800;-24.84961;-56.41992;-209.36719
1521664674812;-24.009766;-53.689453;-208.73828
1521664674820;-16.869629;-47.80957;-207.82812
1521664674832;-7.9799805;-41.229492;-207.47656
1521664674840;-7.1398926;-38.5;-207.1289
1521664674852;-22.75;-42.90918;-206.28906
1521664674860;-47.94922;-51.09961;-203.27734
1521664674875;-66.078125;-53.899414;-196.83984
1521664674883;-55.15918;-38.219727;-183.75
1521664674892;-32.19922;-21.489746;-176.95703
1521664674900;-15.189941;-12.039795;-173.73828
1521664674913;-18.619629;-14.629883;-171.5664
1521664674922;-31.569824;-22.609863;-168.0
1521664674933;-27.369629;-26.179688;-160.64844
1521664674941;-2.3099976;-20.929688;-149.86719
1521664674953;30.449764;-14.069824;-140.6289
1521664674961;30.099667;-16.169922;-137.89844
1521664674975;-9.379883;-30.09961;-139.08984
1521664674982;-40.66992;-36.679688;-140.34766
1521664674992;-42.34961;-28.20996;-128.65625
1521664675000;-36.049805;-2.9399414;-116.26953
1521664675012;-36.819336;6.9299345;-108.63867
1521664675020;-36.609375;9.099862;-105.06836
1521664675035;-34.5791;6.4399443;-101.28906
1521664675046;-33.25;2.7999883;-94.7793
1521664675052;-22.32959;-0.769989;-86.16992
1521664675060;-5.949951;-5.949951;-78.18945
1521664675076;1.5399781;-12.179932;-72.79883
1521664675082;-0.27999878;-14.279785;-68.03906
1521664675092;-0.34999847;-10.429932;-61.739258
1521664675100;3.989991;-6.089966;-52.989258
1521664675112;12.809826;-0.55999756;-38.009766
1521664675120;23.169966;-1.0499878;-29.819824
1521664675132;28.419975;-4.199951;-23.449707
1521664675140;32.059692;-3.9899902;-15.329834
1521664675152;41.719883;-1.3999939;-7.699951
1521664675160;51.170116;-1.9599915;-2.3099976
1521664675175;51.659374;-4.8999023;1.3299867
1521664675184;44.38005;-7.3499756;3.6399543
1521664675192;34.15931;-6.2299805;3.6399543
1521664675200;24.149948;-0.20999908;6.159915
1521664675213;21.839884;9.029794;15.609878
1521664675221;22.399944;8.119881;20.089882
1521664675232;15.189956;2.519959;19.87992
1521664675240;8.329842;-2.4499512;17.63968
1521664675252;5.7399926;-4.409912;16.799835
1521664675261;4.829958;-3.9899902;19.459997
1521664675275;0.9099884;-1.2599792;23.23979
1521664675283;-1.75;2.3799443;26.25005
1521664675292;-4.0599365;4.619997;27.15972
1521664675300;-11.059814;4.619997;26.529835
1521664675313;-17.84961;5.179934;26.80962
1521664675320;-17.28955;7.0000033;29.329645
1521664675332;-8.189941;7.9099154;37.170063
1521664675341;0.55999756;9.099862;44.59001
1521664675352;12.809826;8.819832;52.149612
1521664675360;22.539593;6.2999296;57.679905
1521664675376;27.579641;4.7598896;62.579338
1521664675382;30.519588;6.649905;66.988785
1521664675392;34.859505;9.869882;71.04937
1521664675400;36.9601;10.50001;74.76033
1521664675413;31.71002;9.659921;77.13926
1521664675421;24.079636;11.479991;79.44982
1521664675432;21.909708;14.699965;82.03969
1521664675441;20.509804;15.329848;85.75065
1521664675452;14.069838;9.379891;87.70965
1521664675460;10.289804;7.9099154;90.2292
1521664675476;14.139906;10.359873;97.02027
1521664675483;30.309628;16.799835;105.42072
1521664675493;49.76972;21.98002;112.8407
1521664675501;47.529476;20.299843;116.82901
1521664675513;25.549852;12.529797;112.13953
1521664675521;2.6599736;5.0399194;101.50077
1521664675532;-11.689941;5.0399194;96.53003
1521664675542;-15.889893;13.299817;100.8699
1521664675552;-11.269775;26.80962;111.299675
1521664675561;-5.529907;39.759914;119.77044
1521664675576;-0.48999786;40.250153;119.70013
1521664675583;10.639902;36.469864;120.26068
1521664675593;18.409702;31.849669;123.34078
1521664675601;22.189983;28.139702;125.57908
1521664675613;21.210001;24.849655;124.80954
1521664675621;13.369885;25.480028;122.21968
1521664675633;11.269786;31.989805;122.6396
1521664675641;6.78992;36.32924;124.950165
1521664675653;-4.5499268;35.48939;125.020485
1521664675661;-11.759766;30.239803;121.10053
1521664675675;-7.629883;23.869673;120.04974
1521664675683;9.379891;27.299856;126.00096
1521664675692;24.989792;34.299934;132.02155
1521664675701;29.679743;38.639793;133.13875
1521664675713;18.619663;39.549953;129.43166
1521664675721;3.6399543;38.849754;123.20016
1521664675733;-14.209961;35.909313;118.44035
1521664675741;-30.379883;33.179813;116.2001
1521664675753;-30.30957;32.829224;116.05948
1521664675761;-20.859863;33.250126;118.090744
1521664675776;-9.519775;36.750137;121.37983
1521664675781;7.839969;46.479668;124.67087
1521664675793;25.269579;58.380104;129.56837
1521664675801;12.809826;53.19942;127.0498
1521664675813;-5.949951;43.67985;122.28999
1521664675821;-18.199707;36.750137;119.629814
1521664675832;-19.80957;35.139782;120.26068
1521664675841;-11.269775;38.710106;122.28999
1521664675853;-0.41999817;42.21012;122.43062
1521664675861;6.0899687;43.889812;120.26068
1521664675876;11.339854;45.98943;118.02043
1521664675882;11.129893;46.829277;117.11027
1521664675894;2.6599736;44.86931;117.53019
1521664675903;1.6099855;47.109554;117.8798
1521664675914;6.4399443;54.739464;120.469666
1521664675922;-0.769989;58.44944;121.72944
1521664675933;-10.779785;54.03927;118.29973
1521664675942;-19.879883;44.59001;114.30946
1521664675953;-27.439941;36.049942;113.26063
1521664675961;-26.80957;33.529423;111.02038
1521664675976;-12.669922;39.26968;107.17074
1521664675983;-4.129883;48.229675;105.35041
1521664675993;-8.049805;52.849808;104.86017
1521664676001;-11.199951;50.96015;102.27031
1521664676013;-9.869873;43.189617;96.670654
1521664676021;-6.5098877;40.94937;95.19994
1521664676034;-8.189941;40.250153;95.270256
1521664676041;-13.22998;37.799946;93.379616
1521664676054;-19.739746;33.670048;91.000694
1521664676061;-23.799805;29.539606;87.36004
1521664676075;-16.939941;28.419975;80.92053
1521664676083;-4.7598877;31.429747;75.10995
1521664676093;-0.34999847;35.349743;71.60992
1521664676102;0.069999695;36.39955;67.828636
1521664676113;-7.48999;32.96985;63.55981
1521664676121;-9.659912;27.299856;61.460194
1521664676133;-10.009766;21.98002;55.36935
1521664676141;-8.469971;20.299843;52.639847
1521664676154;-3.079956;18.899937;47.59979
1521664676161;0.13999939;17.569857;42.979652
1521664676176;0.20999908;16.379913;39.40933
1521664676183;1.1199952;14.629896;36.679825
1521664676193;2.8699956;12.179943;34.089973
1521664676202;2.309998;9.44996;32.19934
1521664676213;2.7999883;6.9299345;29.189997
1521664676221;6.2299833;5.2500024;24.919968
1521664676233;6.159915;4.9699726;22.049847
1521664676241;6.9299345;4.7598896;18.129917
1521664676254;8.469978;3.0799568;14.699965
1521664676261;10.99;0.13999939;12.039806
1521664676276;11.829844;-1.1899719;10.919931
1521664676285;10.779795;-1.2599792;9.44996
1521664676293;8.049812;-0.9799957;7.629886
1521664676301;4.3399677;-1.2599792;6.0899687
1521664676313;1.9599916;-1.2599792;4.7598896
1521664676321;0.6299896;-0.34999847;3.149964
1521664676333;-0.55999756;-0.48999786;1.399994
1521664676341;0.6299896;-2.2399902;-0.34999847
1521664676354;3.2199714;-7.909912;-5.1099854
1521664676361;4.5499287;-11.409912;-8.539795
1521664676375;5.599978;-12.529785;-12.039795
1521664676383;7.4899936;-11.47998;-15.469971
1521664676393;9.869882;-9.169922;-17.989746
1521664676402;10.919931;-7.209961;-20.299805
1521664676413;13.509778;-7.419922;-23.519531
1521664676421;11.339854;-10.639893;-24.70996
1521664676433;7.839969;-15.469971;-26.879883
1521664676441;7.0000033;-20.299805;-31.28955
1521664676454;6.159915;-23.869629;-34.859375
1521664676461;7.769901;-25.199707;-39.549805
1521664676486;12.809826;-20.22998;-53.689453
1521664676493;13.579846;-20.859863;-59.0791
1521664676502;8.049812;-26.529785;-62.719727
1521664676513;0.83999634;-35.76953;-68.38867
1521664676521;-2.0299683;-42.629883;-75.80859
1521664676534;-4.339966;-43.819336;-82.94922
1521664676544;-6.4399414;-43.049805;-90.43945
1521664676554;-6.089966;-45.429688;-99.04883
1521664676561;-11.129883;-50.539062;-105.62891
1521664676583;-3.919983;-58.30957;-131.66797
1521664676595;-0.48999786;-55.859375;-137.75781
1521664676603;-0.27999878;-53.8291;-144.47656
1521664676617;-0.41999817;-53.8291;-153.15625
1521664676622;-1.4699707;-54.039062;-159.8789
1521664676634;1.6099855;-54.039062;-165.40625
1521664676642;3.569947;-54.319336;-169.88672
1521664676654;3.9199836;-56.20996;-175.5586
1521664676662;2.4499516;-60.26953;-183.1875
1521664676676;1.7500001;-63.90918;-189.90625
1521664676683;4.0599384;-63.979492;-194.8086
1521664676693;7.55994;-57.539062;-199.28906
1521664676703;1.7500001;-52.63965;-201.3164
1521664676714;-8.469971;-49.489258;-202.4375
1521664676722;-20.019531;-48.649414;-203.76953
1521664676733;-27.859863;-50.189453;-206.5
1521664676742;-34.15918;-52.009766;-209.4375
1521664676753;-36.539062;-50.3291;-210.76953
1521664676763;-35.279297;-47.109375;-209.57812
1521664676776;-36.259766;-45.63965;-207.82812
1521664676783;-37.029297;-46.759766;-208.38672
1521664676793;-35.34961;-47.25;-209.64844
1521664676802;-25.619629;-40.80957;-206.98828
1521664676814;-9.799805;-26.109863;-203.48828
1521664676823;-16.029785;-25.759766;-202.78906
1521664676834;-28.55957;-32.05957;-204.39844
1521664676842;-29.189941;-37.939453;-205.3789
1521664676854;-26.03955;-39.549805;-203.41797
1521664676862;-27.57959;-36.95996;-199.42969
1521664676886;-37.30957;-29.049805;-195.4375
1521664676894;-39.26953;-24.07959;-192.5
1521664676902;-39.129883;-15.679932;-186.1289
1521664676914;-17.009766;-0.48999786;-174.71875
1521664676922;7.0699496;3.4299934;-170.58984
1521664676933;8.959969;-3.7799683;-169.60938
1521664676943;-14.279785;-26.109863;-173.8789
1521664676953;-33.879883;-52.84961;-182.48828
1521664676962;-42.34961;-63.979492;-183.75
1521664676977;-38.359375;-52.779297;-175.20703
1521664676983;-25.409668;-26.179688;-162.32812
1521664676995;-11.409912;3.8499763;-148.60938
1521664677003;-0.9099884;29.469782;-133.69922
1521664677014;7.9099154;39.199368;-121.728516
1521664677023;1.2599794;24.710007;-118.01953
1521664677034;-14.559814;-16.939941;-115.078125
1521664677042;-5.039917;-30.799805;-105.62891
1521664677054;17.500032;-27.719727;-91.0
1521664677063;40.73941;-11.129883;-76.01953
1521664677077;53.130085;7.4899936;-65.30859
1521664677085;42.00016;17.289583;-58.30957
1521664677094;16.730011;15.679946;-54.109375
1521664677102;-2.9399414;8.750008;-49.76953
1521664677114;-10.569824;2.7999883;-43.469727
1521664677122;-8.609863;-0.69999695;-36.75
1521664677133;-1.6799927;0.27999878;-27.929688
1521664677143;8.750008;1.6099855;-18.549805
1521664677154;4.2698994;-1.6799927;-16.799805
1521664677163;-6.7199707;-0.069999695;-15.049805
1521664677185;-22.119629;8.39991;-7.1398926
1521664677194;-26.109863;7.0699496;-4.339966
1521664677202;-22.119629;3.2199714;-2.9399414
1521664677214;-18.969727;-1.3299866;0.27999878
1521664677222;-12.669922;-2.9399414;4.4799824
1521664677234;1.5399781;-0.9799957;9.659921
1521664677243;15.049819;1.8899843;13.789807
1521664677254;18.409702;4.0599384;16.3096
1521664677262;16.659698;4.4799824;16.730011
1521664677276;14.000013;5.0399194;17.709993
1521664677286;12.319836;4.829958;18.619663
1521664677294;12.949963;3.569947;19.949743
1521664677302;14.699965;2.1699834;22.469769
1521664677315;18.899937;1.3299867;25.409716
1521664677322;25.409716;2.099976;29.25982
1521664677334;30.730038;3.5000007;34.089973
1521664677342;32.19934;5.3199487;38.289207
1521664677354;33.1095;6.859988;41.64957
1521664677362;31.989805;6.2999296;45.710133
1521664677377;23.44975;4.1298847;50.67988
1521664677384;22.11967;5.389895;54.03927
1521664677394;21.069864;7.4899936;59.500225
1521664677403;19.529821;9.379891;64.95947
1521664677415;20.859901;12.039806;70.97905
1521664677423;26.529835;15.469985;79.170525
1521664677435;31.849669;17.149935;87.36004
1521664677443;29.679743;17.849642;94.21947
1521664677455;27.019583;20.089882;99.750755
1521664677463;27.439993;23.519575;105.70002
1521664677477;27.579641;24.079636;112.350464
1521664677483;9.659921;17.569857;119.00091
1521664677495;-2.0299683;16.519562;123.129845
1521664677503;-4.0599365;19.389685;128.09961
1521664677515;1.189972;24.639694;133.97859
1521664677524;8.259773;28.839897;140.00214
1521664677536;8.329842;29.750055;144.97095
1521664677543;-0.9799957;28.4898;147.42021
1521664677555;-9.799805;28.980034;148.88898
1521664677563;-14.48999;31.50006;150.29135
1521664677587;-18.199707;41.78922;154.9086
1521664677595;-11.059814;47.319515;160.15869
1521664677602;-26.109863;48.090027;163.65874
1521664677614;-33.039062;45.42986;160.58057
1521664677622;-31.70996;43.39958;158.6196
1521664677634;-26.179688;47.949398;161.9087
1521664677643;-7.0;56.48947;168.63147
1521664677654;1.5399781;58.800026;171.92058
1521664677663;-7.9799805;53.340046;167.02208
1521664677677;-16.09961;46.059746;158.6196
1521664677684;-23.939941;38.639793;153.72108
1521664677696;-24.28955;35.06947;151.97105
1521664677703;-3.289978;40.670074;156.02972
1521664677716;20.299843;52.569534;167.7213
1521664677723;11.689952;48.090027;160.51025
1521664677736;1.6799928;38.289207;147.63115
1521664677743;-6.789917;31.079649;141.33028
1521664677755;-10.429932;28.769585;140.4201
1521664677763;-8.189941;28.839897;139.58025
1521664677783;-4.129883;33.599735;136.29114
1521664677794;-0.13999939;37.380024;134.68173
1521664677803;6.78992;40.809723;131.95122
1521664677815;16.3096;46.059746;131.252
1521664677823;12.109875;45.63982;131.04106
1521664677834;5.389895;41.29996;128.45117
1521664677843;-4.199951;35.06947;125.790016
1521664677854;-10.639893;31.919981;123.899376
1521664677863;-3.919983;34.719856;123.129845
1521664677885;-2.5199585;38.56948;119.629814
1521664677894;-2.5899658;35.630016;116.54971
1521664677904;1.4699708;33.03919;114.87001
1521664677915;1.5399781;31.50006;114.729385
1521664677923;4.9699726;30.659725;113.190315
1521664677934;12.879894;30.239803;111.02038
1521664677943;17.009798;28.839897;106.95979
1521664677954;23.099653;28.559624;103.45977
1521664677963;25.829638;27.439993;100.170685
1521664677984;18.199741;23.589888;94.780014
1521664677996;21.279825;23.029829;91.9089
1521664678004;22.819866;22.329632;90.86006
1521664678017;22.539593;20.230019;86.94011
1521664678024;27.36968;17.779818;80.359985
1521664678036;34.509895;16.939972;75.73885
1521664678044;31.919981;17.63968;72.86969
1521664678055;18.339878;14.839857;66.14894
1521664678064;6.78992;10.70997;64.32861
1521664678084;-12.319824;4.619997;63.2102
1521664678096;-11.549805;4.7598896;59.56956
1521664678104;-9.169922;5.2500024;56.769745
1521664678116;-4.6899414;4.619997;53.340046
1521664678124;1.3299867;3.0099494;49.489445
1521664678136;2.729981;1.3299867;46.969902
1521664678144;1.7500001;0.34999847;44.30974
1521664678156;0.9799957;0.48999786;42.13981
1521664678164;-4.6899414;3.0099494;40.599762
1521664678186;-3.289978;5.599978;35.210094
1521664678196;-2.0999756;6.859988;32.339966
1521664678204;2.729981;7.979984;29.750055
1521664678216;2.4499516;8.049812;29.679743
1521664678224;-1.3999939;6.159915;29.960016
1521664678236;-4.2698975;3.2899787;28.839897
1521664678244;-6.0198975;1.8199769;27.509817
1521664678256;-5.3199463;3.7099617;26.319874
1521664678264;-6.4399414;6.859988;25.829638
1521664678277;-9.449951;9.099862;24.429733
1521664678287;-15.679932;8.679939;23.519575
1521664678295;-19.25;5.7399926;22.399944
1521664678303;-19.949707;2.8699956;20.369667
1521664678315;-20.22998;2.2399907;18.619663
1521664678323;-19.80957;4.409914;16.519562
1521664678335;-17.219727;7.2799106;13.859876
1521664678343;-15.75;9.379891;12.389904
1521664678355;-16.379883;10.70997;11.339854
1521664678363;-15.679932;11.549815;9.659921
1521664678383;-15.539795;7.0699496;6.2999296
1521664678395;-15.399902;1.5399781;4.3399677
1521664678404;-16.939941;-0.9799957;4.199953
1521664678415;-17.70996;-1.539978;2.8699956
1521664678423;-13.789795;-0.13999939;-0.41999817
1521664678435;-10.079834;0.9799957;-3.6399536
1521664678443;-5.8099365;1.189972;-7.699951
1521664678455;-4.199951;0.13999939;-10.8498535
1521664678463;-6.2299805;-2.2399902;-13.089844
1521664678487;-13.299805;-13.719971;-17.149902
1521664678495;-10.079834;-17.219727;-21.97998
1521664678503;-9.519775;-18.409668;-26.45996
1521664678516;-10.98999;-19.529785;-29.609863
1521664678523;-11.129883;-22.32959;-35.55957
1521664678536;-9.869873;-25.549805;-41.859375
1521664678543;-9.0998535;-28.419922;-47.319336
1521664678555;-8.049805;-30.659668;-53.40918
1521664678563;-7.3499756;-32.759766;-59.569336
1521664678580;-7.909912;-34.859375;-64.88867
1521664678595;-2.9399414;-35.629883;-78.88867
1521664678603;-1.3999939;-34.5791;-84.69922
1521664678616;-10.8498535;-41.299805;-92.81836
1521664678623;-10.289795;-46.8291;-102.26953
1521664678635;-4.339966;-47.319336;-112.0
1521664678644;-0.9799957;-43.88965;-118.78906
1521664678655;-6.5098877;-42.979492;-123.828125
1521664678663;-13.22998;-46.8291;-130.54688
1521664678684;-7.699951;-49.0;-145.38672
1521664678696;-8.259766;-47.179688;-149.51953
1521664678704;-12.459961;-50.609375;-155.75
1521664678717;-18.05957;-57.189453;-162.39844
1521664678724;-23.519531;-61.109375;-167.71875
1521664678737;-21.34961;-57.819336;-176.1875
1521664678744;-14.769775;-51.65918;-180.45703
1521664678756;-6.0198975;-45.0791;-182.69922
1521664678764;0.13999939;-41.229492;-184.58984
1521664678785;-9.029785;-46.899414;-186.96875
1521664678796;-15.329834;-53.129883;-189.20703
1521664678803;-16.09961;-55.5791;-191.86719
1521664678816;-8.259766;-52.289062;-194.17969
1521664678823;-6.579956;-48.789062;-195.92969
1521664678835;-20.719727;-53.26953;-197.04688
1521664678844;-40.94922;-68.109375;-197.67969
1521664678856;-47.80957;-72.23828;-195.71875
1521664678864;-39.689453;-65.58984;-193.61719
1521664678886;-27.78955;-45.009766;-192.21875
1521664678896;-34.789062;-45.219727;-193.89844
1521664678904;-35.629883;-49.20996;-195.29688
1521664678916;-22.75;-49.839844;-194.3164
1521664678924;-15.049805;-46.40918;-192.07812
1521664678936;-22.469727;-44.30957;-192.00781
1521664678944;-31.639648;-49.41992;-193.26953
1521664678956;-55.01953;-56.76953;-188.85938
1521664678964;-60.689453;-51.44922;-181.08984
1521664678986;-34.929688;-12.039795;-163.02734
1521664678996;-9.449951;4.619997;-160.01953
1521664679004;12.879894;13.649915;-158.61719
1521664679016;28.069878;12.879894;-156.58984
1521664679024;16.169952;3.779969;-155.1875
1521664679036;-16.659668;-10.919922;-151.0586
1521664679044;-43.469727;-19.529785;-144.19922
1521664679056;-43.539062;-19.389648;-134.60938
1521664679064;-34.36914;-11.199951;-123.26953
1521664679086;8.959969;19.529821;-94.009766
1521664679096;9.239999;12.809826;-89.38867
1521664679104;-5.529907;-4.2698975;-90.71875
1521664679116;-19.949707;-19.80957;-91.34961
1521664679124;-28.279785;-26.179688;-85.39844
1521664679136;-25.269531;-22.119629;-73.078125
1521664679144;-11.549805;-9.869873;-59.569336
1521664679157;6.0199003;0.20999908;-49.69922
1521664679164;12.459972;-1.6099854;-45.569336
1521664679186;-2.6599731;-20.159668;-42.41992
1521664679196;4.619997;-20.649902;-37.589844
1521664679204;14.979994;-15.819824;-29.889648
1521664679224;25.12993;1.6799928;-19.45996
1521664679236;28.769585;-1.3299866;-16.659668
1521664679244;29.329645;-9.23999;-12.879883
1521664679256;30.939999;-14.0;-8.049805
1521664679264;37.380024;-13.089844;-3.3599854
1521664679287;42.069496;-12.459961;-0.27999878
1521664679297;22.67973;-3.919983;-3.919983
1521664679305;14.979994;0.27999878;-2.169983
1521664679326;13.859876;9.309823;8.8899
1521664679337;19.31986;8.959969;12.879894
1521664679346;17.149935;1.3299867;13.859876
1521664679357;7.139896;-4.199951;12.179943
1521664679365;-1.3299866;-3.5;10.359873
1521664679385;-4.129883;5.879885;17.079622
1521664679396;-4.4799805;8.750008;20.579628
1521664679404;-5.1099854;8.119881;22.469769
1521664679417;-5.669922;6.0199003;26.109913
1521664679424;-2.869995;6.859988;30.449764
1521664679436;-0.34999847;9.029794;35.420055
1521664679444;0.48999786;13.789807;40.460114
1521664679456;2.5899663;17.63968;44.59001
1521664679464;2.3799443;17.569857;47.529476
1521664679487;-0.41999817;13.369885;53.689655
1521664679496;0.9099884;13.369885;58.380104
1521664679504;4.3399677;14.419935;64.18994
1521664679524;24.639694;22.88969;83.29946
1521664679536;29.609919;21.55961;89.73896
1521664679544;28.980034;20.230019;94.780014
1521664679557;27.089895;21.909708;99.53982
1521664679564;30.099667;26.25005;104.93048
1521664679580;36.18959;29.04986;111.299675
1521664679596;10.569834;25.480028;120.9599
1521664679604;-4.0599365;21.629923;119.35052
1521664679617;-7.629883;21.489786;119.35052
1521664679625;-6.8599854;24.009811;124.38962
1521664679636;-12.109863;27.299856;135.38097
1521664679644;-12.319824;30.239803;138.11148
1521664679656;-4.0599365;36.049942;141.40059
1521664679664;7.839969;41.78922;147.27959
1521664679679;10.779795;37.09975;151.76012
1521664679697;0.769989;20.64994;143.70921
1521664679704;15.679946;22.11967;142.24045
1521664679717;27.859915;25.199755;145.38893
1521664679724;25.339891;27.230032;147.9085
1521664679736;16.239777;28.980034;144.83032
1521664679744;13.509778;32.689575;142.93967
1521664679756;19.31986;38.35952;148.81866
1521664679765;22.819866;38.56948;152.182
1521664679779;22.750042;36.259903;150.70932
1521664679797;11.199962;27.439993;141.4709
1521664679804;8.119881;21.419962;137.68959
1521664679817;11.269786;20.719765;139.58025
1521664679824;19.739782;26.669971;145.59987
1521664679837;27.509817;33.88001;150.84995
1521664679844;25.059618;38.289207;151.61949
1521664679856;9.309823;39.969875;148.54132
1521664679864;-13.439941;40.94937;143.29124
1521664679879;-20.22998;42.489418;143.77953
1521664679889;-25.129883;43.329266;145.7405
1521664679906;-29.399902;41.719883;146.93192
1521664679917;-17.28955;45.84978;148.54132
1521664679925;-10.639893;52.0793;152.52966
1521664679937;-14.48999;53.96993;155.33049
1521664679945;-20.159668;51.239452;153.51015
1521664679956;-22.32959;47.109554;149.45149
1521664679965;-19.25;44.72966;146.58035
1521664679980;-3.8499756;45.50017;142.31076
1521664679997;4.8999043;51.939648;137.40834
1521664680005;0.55999756;50.609566;135.52159
1521664680025;-14.97998;45.009937;134.88876
1521664680037;-19.319824;44.239426;134.11923
1521664680045;-13.019775;46.409355;130.06058
1521664680066;2.1699834;55.789272;123.82906
1521664680093;-2.169983;54.179893;122.21968
1521664680099;-12.73999;43.750164;120.32904
1521664680112;-10.98999;36.889786;114.23915
1521664680125;3.989991;48.50995;110.25084
1521664680137;0.769989;48.369324;109.20005
1521664680145;1.6099855;43.46989;102.479294
1521664680157;7.139896;39.82925;95.76049
1521664680165;5.389895;38.989403;92.61008
1521664680180;4.409914;38.00991;87.988945
1521664680188;-2.0999756;33.739384;83.44009
1521664680206;-28.419922;10.289804;68.94974
1521664680226;-30.30957;4.829958;57.679905
1521664680237;-25.82959;6.649905;49.42011
1521664680246;-21.489746;9.239999;41.43961
1521664680257;-16.869629;10.21998;34.509895
1521664680267;-10.359863;7.55994;28.980034
1521664680280;-6.2299805;1.8199769;23.23979
1521664680297;-1.75;-7.909912;11.129893
1521664680305;0.20999908;-10.709961;6.0199003
1521664680326;9.029794;-12.039795;-6.5098877
1521664680337;13.299817;-10.98999;-10.779785
1521664680345;16.799835;-11.47998;-14.699951
1521664680357;20.509804;-14.069824;-18.619629
1521664680366;22.960003;-17.219727;-22.32959
1521664680387;21.699747;-21.839844;-26.80957
1521664680406;23.44975;-21.909668;-33.45996
1521664680426;24.35991;-18.82959;-38.149414
1521664680437;26.389698;-19.879883;-40.529297
1521664680446;22.11967;-22.53955;-40.80957
1521664680467;15.189956;-27.929688;-42.69922
1521664680487;12.459972;-24.919922;-46.40918
1521664680497;13.439954;-18.339844;-50.399414
1521664680506;11.899913;-13.789795;-53.339844
1521664680526;5.2500024;-15.329834;-63.839844
1521664680546;-11.899902;-26.669922;-76.509766
1521664680557;-19.879883;-31.359863;-77.13867
1521664680566;-25.05957;-34.36914;-80.56836
1521664680587;-24.569824;-30.519531;-94.84961
1521664680597;-19.669922;-25.899902;-103.66992
1521664680607;-14.629883;-22.53955;-110.458984
1521664680627;-20.719727;-26.389648;-118.29883
1521664680646;-7.279907;-25.199707;-137.0586
1521664680666;9.519784;-21.279785;-154.41797
1521664680682;6.9299345;-27.369629;-160.29688
1521664680690;5.3199487;-34.5791;-166.73828
1521664680706;6.859988;-37.86914;-177.58984
1521664680727;-15.609863;-46.8291;-186.61719
1521664680736;-27.78955;-52.569336;-189.69922
1521664680745;-35.69922;-54.319336;-192.5
1521664680756;-39.339844;-51.44922;-195.71875
1521664680764;-28.419922;-43.95996;-201.66797
1521664680777;-23.029785;-31.28955;-203.27734
1521664680784;-22.95996;-29.119629;-204.1875
1521664680796;-30.869629;-34.439453;-205.65625
1521664680804;-37.939453;-41.929688;-207.33984
1521664680817;-40.529297;-47.529297;-206.28906
1521664680824;-36.609375;-47.66992;-204.04688
1521664680836;-25.269531;-41.719727;-202.29688
1521664680846;-11.829834;-30.869629;-200.89844
1521664680866;13.019788;-11.47998;-196.48828
1521664680882;7.55994;-12.5998535;-193.19922
1521664680890;-4.7598877;-22.609863;-189.27734
1521664680906;-20.089844;-31.639648;-180.17969
1521664680927;-17.07959;-26.59961;-168.0
1521664680946;20.789589;-2.0999756;-152.38672
1521664680966;48.299988;2.0299687;-148.25781
1521664680987;-6.089966;-28.279785;-151.1289
1521664681006;18.619663;-18.339844;-141.8164
1521664681026;-7.5599365;-14.839844;-135.79688
1521664681046;12.529797;8.189949;-114.6582
1521664681066;37.65932;13.649915;-99.609375
1521664681081;36.32924;6.2299833;-94.7793
1521664681089;35.909313;-2.869995;-89.66992
1521664681106;38.289207;-23.589844;-82.38867
1521664681126;27.019583;-13.929932;-66.708984
1521664681146;32.549927;0.9799957;-49.20996
1521664681167;23.379927;-2.2399902;-32.969727
1521664681181;30.029842;-7.0699463;-27.089844
1521664681191;30.730038;-13.369873;-23.449707
1521664681206;11.829844;-6.6499023;-18.759766
1521664681226;2.7999883;8.119881;-4.8999023
1521664681246;-18.759766;0.69999695;-6.7199707
1521664681266;-10.149902;5.389895;4.5499287
1521664681287;12.179943;9.309823;19.039587
1521664681307;15.750014;2.0299687;22.049847
1521664681326;11.969981;4.0599384;22.259808
1521664681347;6.369998;8.819832;26.179737
1521664681366;1.189972;7.769901;27.579641
1521664681387;10.70997;15.679946;35.139782
1521664681406;13.229993;14.000013;41.64957
1521664681426;-1.8899841;10.009775;40.73941
1521664681447;-5.529907;24.849655;50.819527
1521664681466;-0.9099884;19.87992;63.34985
1521664681481;-10.219971;16.3096;65.23878
1521664681490;-5.879883;17.709993;67.54934
1521664681507;5.0399194;21.769571;77.42051
1521664681527;-1.3299866;23.519575;81.27015
1521664681547;6.859988;30.519588;90.2292
1521664681567;37.30971;41.369297;104.64923
1521664681581;35.769665;36.819473;106.04964
1521664681590;24.009811;29.960016;104.22931
1521664681607;3.0099494;25.969774;101.01054
1521664681627;2.3799443;34.36927;111.02038
1521664681639;4.9699726;37.2394;118.229416
1521664681648;4.409914;39.05972;121.30952
1521664681667;19.250036;35.699352;125.22947
1521664681687;-2.869995;32.759888;123.899376
1521664681699;-7.5599365;35.630016;122.98921
1521664681708;-6.789917;40.039215;126.909164
1521664681720;-0.769989;42.630043;133.34969
1521664681729;-1.539978;39.199368;135.24034
1521664681739;-8.75;34.15931;132.3692
1521664681748;-10.779785;30.589901;129.63869
1521664681759;-8.959961;27.15972;129.22072
1521664681768;-4.199951;26.739796;131.8106
1521664681782;6.2999296;30.589901;135.86925
1521664681788;13.929944;35.420055;138.45914
1521664681807;17.42972;36.750137;137.47865
1521664681827;14.979994;36.469864;140.77167
1521664681838;8.189949;35.559704;138.31851
1521664681848;2.5899663;37.44936;135.86925
1521664681859;-7.1398926;40.250153;134.33017
1521664681868;-18.129883;40.3898;132.43951
1521664681882;-23.659668;38.14956;131.3184
1521664681888;-20.019531;37.30971;131.8809
1521664681901;-7.629883;40.17984;132.15826
1521664681908;4.9699726;46.059746;129.99025
1521664681927;2.5899663;49.489445;122.0107
1521664681939;-1.6799927;50.67988;120.19037
1521664681948;-12.109863;49.000187;119.97942
1521664681959;-20.159668;45.359547;118.29973
1521664681968;-16.72998;42.55973;116.27042
1521664681982;-10.919922;42.840004;115.430565
1521664681989;-7.9799805;44.86931;114.10048
1521664682000;-6.2999268;48.090027;113.12
1521664682008;-6.789917;50.049995;113.12
1521664682027;-6.159912;42.489418;106.04964
1521664682047;-8.679932;44.30974;103.80938
1521664682058;-9.799805;45.98943;101.78007
1521664682068;-4.9699707;46.54998;98.00075
1521664682082;1.3299867;47.03924;94.92064
1521664682090;1.1199952;47.109554;94.36009
1521664682107;-14.699951;41.64957;93.86985
1521664682119;-19.80957;34.929817;88.8288
1521664682128;-19.879883;32.689575;86.65886
1521664682139;-17.009766;31.009825;84.00064
1521664682148;-14.699951;28.69976;80.010376
1521664682167;-8.259766;26.179737;68.4595
1521664682183;-4.199951;27.019583;62.85961
1521664682190;-2.0999756;28.139702;58.729713
1521664682207;-3.4299927;29.399958;55.01974
1521664682227;-5.3199463;21.699747;51.099804
1521664682239;-4.7598877;16.239777;45.98943
1521664682248;-4.4799805;9.16993;41.78922
1521664682267;-0.41999817;4.9699726;34.299934
1521664682282;-0.34999847;5.179934;31.009825
1521664682290;-0.34999847;5.6699243;27.509817
1521664682307;-3.919983;3.7099617;23.23979
1521664682319;-4.2698975;2.939942;21.069864
1521664682328;-2.4499512;2.519959;18.339878
1521664682347;0.41999817;0.27999878;16.379913
1521664682359;-0.48999786;-3.6399536;14.349867
1521664682368;1.5399781;-5.3898926;11.689952
1521664682382;2.0299687;-5.039917;9.799813
1521664682389;2.729981;-3.7799683;7.9099154
1521664682407;4.5499287;-2.3099976;4.9699726
1521664682420;3.989991;0.9799957;4.0599384
1521664682428;0.69999695;3.9199836;5.4599633
1521664682439;-4.4799805;4.6899433;6.579959
1521664682448;-5.459961;3.5000007;3.8499763
1521664682467;-7.5599365;2.4499516;0.6299896
1521664682486;-7.9799805;1.1199952;-1.3999939
1521664682489;-6.7199707;-1.6099854;-3.919983
1521664682500;-4.9699707;-3.6399536;-7.3499756
1521664682509;-2.0999756;-2.869995;-10.009766
1521664682521;2.5899663;-0.20999908;-12.879883
1521664682528;5.0399194;0.41999817;-15.889893
1521664682540;1.8199769;-2.0299683;-18.47998
1521664682548;-1.1899719;-6.159912;-21.769531
1521664682559;-4.8999023;-11.199951;-24.639648
1521664682568;-7.9799805;-15.75;-28.20996
1521664682582;-2.869995;-16.939941;-35.279297
1521664682589;1.8899843;-14.909912;-39.549805
1521664682599;3.989991;-14.909912;-42.41992
1521664682608;1.2599794;-19.319824;-45.359375
1521664682620;-3.2199707;-26.879883;-50.11914
1521664682628;-3.0099487;-32.339844;-57.95996
1521664682640;2.1699834;-33.039062;-66.359375
1521664682648;2.7999883;-32.40918;-71.958984
1521664682660;1.7500001;-33.38965;-77.208984
1521664682668;3.779969;-34.929688;-84.13867
1521664682682;3.6399543;-36.88965;-89.87891
1521664682688;1.8899843;-39.19922;-95.478516
1521664682699;1.3299867;-43.11914;-105.0
1521664682708;-3.3599854;-46.61914;-111.71875
1521664682720;-6.8599854;-50.539062;-118.43945
1521664682728;-8.75;-52.91992;-125.92969
1521664682739;-2.7299805;-51.589844;-134.39844
1521664682748;2.099976;-47.039062;-141.25781
1521664682759;0.20999908;-44.729492;-147.6289
1521664682768;-5.949951;-47.179688;-154.41797
1521664682783;-13.719971;-52.0791;-159.10938
1521664682790;-22.259766;-56.41992;-161.41797
1521664682799;-29.189941;-58.86914;-163.79688
1521664682808;-27.649902;-55.789062;-170.3789
1521664682820;-26.179688;-51.939453;-173.8789
1521664682828;-20.019531;-47.66992;-177.44922
1521664682839;-13.859863;-42.69922;-179.33984
1521664682848;-12.529785;-39.899414;-180.59766
1521664682859;-18.82959;-42.069336;-181.85938
1521664682868;-26.529785;-46.479492;-182.97656
1521664682883;-26.529785;-48.089844;-183.88672
1521664682891;-22.259766;-44.86914;-184.3086
1521664682899;-18.199707;-39.969727;-184.3789
1521664682908;-22.399902;-39.759766;-183.60938
1521664682920;-39.689453;-49.279297;-179.96875
1521664682929;-42.979492;-55.36914;-178.63672
1521664682939;-35.489258;-53.61914;-177.79688
1521664682948;-19.80957;-43.75;-176.60938
1521664682960;1.399994;-30.169922;-176.1875
1521664682968;18.199741;-19.59961;-175.41797
1521664682983;14.559828;-16.869629;-173.03906
1521664682991;-5.1099854;-21.20996;-168.6289
1521664683000;-24.779785;-28.839844;-164.98828
1521664683008;-30.799805;-32.339844;-163.72656
1521664683020;-30.72998;-29.189941;-162.88672
1521664683028;-33.59961;-24.009766;-161.83984
1521664683040;-36.539062;-17.639648;-159.94922
1521664683048;-14.0;-11.619873;-159.52734
1521664683061;23.44975;-2.3099976;-154.6289
1521664683069;30.799862;-3.919983;-150.63672
1521664683083;-3.1499634;-26.59961;-157.98828
1521664683092;-26.529785;-47.879883;-170.3789
1521664683100;-14.209961;-43.679688;-168.6289
1521664683108;14.419935;-18.619629;-153.71875
1521664683120;38.079247;-1.1899719;-145.45703
1521664683128;24.77983;-13.929932;-154.5586
1521664683140;-14.699951;-38.989258;-171.70703
1521664683148;-24.149902;-40.80957;-175.0664
1521664683160;-0.069999695;-21.34961;-159.3164
1521664683168;22.750042;-5.8099365;-143.14844
1521664683182;37.729633;-7.3499756;-138.17969
1521664683190;29.189997;-24.429688;-141.88672
1521664683201;10.849863;-39.899414;-146.64844
1521664683209;9.869882;-44.939453;-143.35938
1521664683221;16.86966;-42.13965;-129.5664
1521664683229;21.55961;-31.149902;-112.76953
1521664683240;28.419975;-19.45996;-103.94922
1521664683249;28.769585;-17.429688;-100.6582
1521664683260;5.6699243;-22.819824;-94.98828
1521664683269;1.6799928;-21.489746;-87.21875
1521664683283;5.9499536;-16.72998;-76.29883
1521664683292;14.000013;-11.059814;-67.12891
1521664683300;15.750014;-4.199951;-58.029297
1521664683308;14.699965;2.939942;-46.689453
1521664683321;22.259808;3.569947;-37.029297
1521664683328;35.630016;-2.9399414;-28.34961
1521664683340;41.719883;-13.789795;-21.20996
1521664683348;38.77944;-20.019531;-17.84961
1521664683360;32.130005;-15.399902;-14.279785
1521664683369;26.949757;-6.7199707;-9.519775
1521664683383;21.629923;4.829958;-3.1499634
1521664683391;20.299843;6.78992;0.9799957
1521664683402;17.709993;0.27999878;3.5000007
1521664683408;17.42972;-8.049805;4.7598896
1521664683421;19.250036;-12.879883;6.5098906
1521664683429;21.210001;-14.069824;7.9099154
1521664683440;18.339878;-10.709961;8.8899
1521664683448;10.0798435;-4.199951;8.049812
1521664683460;0.69999695;2.5899663;5.7399926
1521664683468;-7.0699463;5.179934;5.599978
1521664683483;-9.659912;1.7500001;6.859988
1521664683490;-2.2399902;-6.0198975;7.419925
1521664683500;7.139896;-10.359863;9.16993
1521664683509;11.619884;-9.23999;11.199962
1521664683521;13.229993;-3.6399536;11.059825
1521664683529;11.129893;1.189972;9.519784
1521664683540;3.0099494;3.779969;8.469978
1521664683549;-5.669922;3.8499763;6.369998
1521664683560;-6.0198975;1.399994;5.179934
1521664683568;-2.0299683;-2.0999756;7.2799106
1521664683584;3.0099494;-2.3799438;9.93995
1521664683591;6.7199736;1.7500001;13.299817
1521664683601;12.949963;5.599978;17.42972
1521664683609;11.759776;6.78992;19.1099
1521664683621;5.4599633;6.159915;17.849642
1521664683628;-2.4499512;4.199953;16.659698
1521664683641;-7.419922;3.779969;16.589874
1521664683649;-5.529907;6.4399443;18.549839
1521664683661;1.3299867;10.009775;23.23979
1521664683669;5.7399926;10.009775;26.80962
1521664683684;7.0000033;6.859988;26.25005
1521664683691;8.189949;3.4299934;24.500046
1521664683701;8.329842;1.399994;23.309614
1521664683708;8.959969;1.7500001;23.869673
1521664683723;7.979984;6.579959;21.489786
1521664683728;4.2698994;10.70997;20.159706
1521664683740;4.5499287;10.21998;20.43998
1521664683749;5.3199487;7.979984;22.189983
1521664683762;4.8999043;8.39991;23.659712
1521664683769;8.39991;9.379891;22.609905
1521664683783;11.339854;6.78992;21.419962
1521664683791;9.799813;2.519959;20.43998
1521664683802;6.2299833;0.34999847;18.409702
1521664683809;0.9799957;1.399994;16.659698
1521664683822;-6.2999268;7.139896;17.289583
1521664683829;-8.469971;11.829844;18.409702
1521664683841;-7.0;13.369885;19.31986
1521664683849;-5.669922;10.21998;19.669958
1521664683861;-4.409912;5.179934;19.669958
1521664683869;-1.539978;1.7500001;18.899937
1521664683886;0.9799957;0.55999756;19.1099
1521664683892;0.83999634;1.8899843;20.789589
1521664683901;-2.7299805;5.4599633;22.189983
1521664683909;-1.8199768;8.469978;21.98002
1521664683921;2.519959;8.329842;21.769571
1521664683929;3.989991;6.159915;21.909708
1521664683941;4.0599384;0.83999634;18.129917
1521664683949;2.309998;-0.9799957;16.3096
1521664683961;2.3799443;-0.41999817;15.819839
1521664683969;1.2599794;3.149964;16.939972
1521664683984;2.5899663;8.539803;17.919954
1521664683990;4.5499287;10.919931;18.059605
1521664684001;4.0599384;7.9099154;17.779818
1521664684009;4.7598896;2.6599736;16.09964
1521664684021;6.0899687;-1.6099854;14.699965
1521664684029;6.859988;-3.5;12.809826
1521664684041;7.979984;-2.5199585;10.919931
1521664684049;7.979984;0.769989;10.50001
1521664684061;7.0699496;5.389895;10.289804
1521664684069;7.2799106;4.619997;10.009775
1521664684084;7.2799106;1.4699708;8.959969
1521664684090;7.139896;-1.539978;7.2799106
1521664684102;6.579959;-2.169983;5.1099877
1521664684110;6.579959;-1.4699707;4.0599384
1521664684122;5.599978;-1.3299866;3.7099617
1521664684130;3.149964;-1.2599792;2.099976
1521664684142;-0.9799957;-1.3999939;0.20999908
1521664684150;-3.6399536;-1.4699707;-0.9099884
1521664684162;-4.129883;-1.0499878;-1.3999939
1521664684170;-2.869995;0.55999756;-1.8199768
1521664684185;-1.1899719;0.9799957;-1.6099854
1521664684193;0.6299896;0.6299896;-1.6799927
1521664684202;2.309998;-1.3299866;-2.0299683
1521664684210;0.9099884;-3.9899902;-3.289978
1521664684222;0.20999908;-5.25;-4.8999023
1521664684231;0.69999695;-4.6899414;-5.039917
1521664684242;0.27999878;-3.4299927;-4.409912
1521664684251;0.48999786;-2.2399902;-4.619995
1521664684262;-0.069999695;-2.4499512;-5.25
1521664684270;-2.0299683;-2.7999878;-5.459961
1521664684290;2.4499516;-0.9099884;-1.8899841
1521664684302;3.6399543;-0.9099884;-1.539978
1521664684310;3.8499763;-2.3099976;-2.0299683
1521664684323;2.7999883;-4.9699707;-2.9399414
1521664684331;-0.069999695;-7.1398926;-4.339966
1521664684342;-2.5199585;-6.9299316;-5.5999756
1521664684350;-3.2199707;-4.4799805;-4.8999023
1521664684362;-2.0999756;-1.6099854;-3.4299927
1521664684370;2.0299687;0.34999847;-2.169983
1521664684392;6.159915;-3.5699463;-1.9599915
1521664684436;6.9299345;-6.5098877;-4.829956
1521664684445;5.599978;-0.769989;-3.9899902
1521664684450;5.879885;0.27999878;-3.4299927
1521664684460;6.0899687;-1.2599792;-3.5
1521664684468;5.2500024;-4.129883;-4.339966
1521664684494;4.7598896;-5.5999756;-4.829956
1521664684500;3.989991;-4.129883;-4.0599365
1521664684508;4.3399677;-1.539978;-2.3799438
1521664684521;4.6899433;-0.55999756;-1.8899841
1521664684528;3.359986;-0.6299896;-2.3099976
1521664684553;-0.20999908;-3.7799683;-3.2199707
1521664684572;3.0099494;-1.8199768;-1.8899841
1521664684596;5.179934;-2.0999756;-0.9799957
1521664684603;1.8899843;-2.0299683;-0.769989
1521664684612;-0.34999847;-2.3799438;-0.13999939
1521664684621;-0.48999786;-2.5199585;1.0499879
1521664684628;-1.4699707;-1.75;1.189972
1521664684641;-2.3099976;-1.1199951;0.20999908
1521664684648;-1.6099854;-1.9599915;-0.41999817
1521664684660;-3.8499756;-2.5899658;0.069999695
1521664684669;-4.619995;-2.169983;0.34999847
1521664684684;-1.4699707;-1.6799927;0.6299896
1521664684689;1.6799928;-1.8899841;1.189972
1521664684700;2.6599736;-2.2399902;0.9799957
1521664684708;2.4499516;-1.9599915;-0.13999939
1521664684721;2.729981;-3.079956;-2.0299683
1521664684728;3.149964;-4.199951;-2.3099976
1521664684742;4.409914;-4.2698975;-3.289978
1521664684751;6.5098906;-3.0099487;-3.919983
1521664684762;8.750008;-2.2399902;-3.5
1521664684771;10.569834;-2.169983;-3.3599854
1521664684792;9.099862;-2.3799438;-4.2698975
1521664684802;6.159915;-2.9399414;-6.2299805
1521664684815;3.9199836;-3.079956;-7.9799805
1521664684823;3.7099617;-2.869995;-7.909912
1521664684832;3.2199714;-2.4499512;-7.9799805
1521664684855;2.099976;-2.3099976;-8.259766
1521664684862;-0.48999786;-2.3099976;-8.679932
1521664684877;-0.69999695;-3.8499756;-8.75
1521664684906;1.6099855;-2.169983;-7.0
1521664684910;1.4699708;-0.9799957;-5.669922
1521664684933;2.099976;-0.13999939;-4.6899414
1521664684940;2.519959;-1.539978;-4.829956
1521664684964;3.9199836;-0.27999878;-5.1799316
1521664684977;4.7598896;0.6299896;-4.8999023
1521664684993;4.3399677;1.8199769;-2.4499512
1521664685002;5.879885;0.9799957;-1.539978
