1521664109973;5.8647485;-4.567871;-5.6063232
1521664109992;5.855227;-4.764038;-5.7139893
1521664110000;5.9030786;-4.838257;-5.675659
1521664110012;5.8193383;-4.838257;-5.6781006
1521664110020;5.785769;-4.840576;-5.7211914
1521664110032;5.7690454;-4.807129;-5.788208
1521664110040;5.8144555;-4.783203;-5.692505
1521664110052;5.8839135;-4.8549805;-5.7139893
1521664110060;5.938967;-4.960205;-5.8096924
1521664110072;5.917361;-4.8095703;-5.8216553
1521664110080;5.881472;-4.764038;-5.812134
1521664110106;5.8886743;-4.795166;-5.9245605
1521664110116;5.9270043;-4.730591;-5.9198
1521664110124;5.970095;-4.661133;-5.9101562
1521664110136;5.95801;-4.7425537;-6.029907
1521664110145;5.9484887;-4.6588135;-6.0968018
1521664110157;6.1159697;-4.5845947;-6.135132
1521664110165;6.1087675;-4.6516113;-6.130371
1521664110176;6.1016874;-4.756836;-6.1064453
1521664110184;6.056155;-4.555908;-6.0705566
1521664110204;6.0633574;-4.517578;-6.0441895
1521664110216;6.060916;-4.5845947;-5.9556885
1521664110223;6.111209;-4.6132812;-6.027466
1521664110237;6.180545;-4.7807617;-6.1757812
1521664110245;6.2595243;-4.821533;-6.1470947
1521664110257;6.2404814;-4.730591;-6.2141113
1521664110264;6.23804;-4.706665;-6.115967
1521664110275;6.104007;-4.6204834;-5.9365234
1521664110283;6.056155;-4.6898193;-5.838379
1521664110304;6.2978544;-4.8789062;-5.7666016
1521664110316;6.427005;-4.9578857;-6.2213135
1521664110324;6.3122587;-5.0966797;-6.400757
1521664110336;6.4055204;-5.0009766;-6.400757
1521664110345;6.295413;-4.89563;-6.6208496
1521664110357;6.226077;-4.7904053;-6.699829
1521664110364;6.2858915;-4.768799;-6.7070312
1521664110376;6.3671904;-4.890869;-6.611328
1521664110384;6.2547636;-4.9818115;-7.0300293
1521664110402;6.053836;-5.2354736;-7.470337
1521664110417;6.144656;-4.749634;-7.326782
1521664110425;6.2404814;-5.0009766;-7.3674316
1521664110447;5.8144555;-5.4627686;-8.212158
1521664110467;5.766604;-5.8814697;-8.932373
1521664110477;5.86719;-5.7211914;-9.032715
1521664110486;6.099246;-5.8671875;-8.642822
1521664110504;6.1351347;-6.156616;-8.348389
1521664110509;6.0394316;-6.4055176;-8.173828
1521664110525;5.323977;-6.984619;-8.944336
1521664110537;4.9746113;-6.8984375;-9.547119
1521664110545;4.9554462;-6.795532;-9.99707
1521664110556;5.158816;-6.5682373;-10.076172
1521664110564;5.33594;-6.431885;-10.487549
1521664110576;5.443606;-6.453369;-10.77002
1521664110584;5.3264184;-6.376831;-10.89209
1521664110607;5.33594;-7.0706787;-11.045166
1521664110616;5.0631127;-7.477539;-11.466309
1521664110624;4.941164;-7.3865967;-12.287109
1521664110636;4.7807636;-7.3482666;-12.404297
1521664110644;4.8669453;-7.173584;-11.495117
1521664110657;4.699465;-7.250244;-11.267578
1521664110664;4.3428974;-7.288452;-11.344238
1521664110676;3.7040412;-7.477539;-11.925781
1521664110684;3.4097297;-7.4033203;-12.107666
1521664110706;3.4216926;-7.8603516;-12.638672
1521664110716;3.4479988;-8.061279;-12.516846
1521664110724;3.4504402;-7.4918213;-12.514404
1521664110736;3.3140266;-6.5251465;-11.854004
1521664110743;2.9838262;-6.3720703;-11.112061
1521664110756;2.5579228;-6.762085;-10.059326
1521664110765;1.9501344;-7.0946045;-10.140625
1521664110776;1.299286;-7.2453613;-10.296143
1521664110784;0.6939087;-7.053955;-9.803223
1521664110807;0.11964035;-6.2452393;-9.348633
1521664110816;-0.035891533;-5.75708;-8.944336
1521664110824;-0.0885334;-5.3431396;-8.216797
1521664110836;-0.2656021;-5.110962;-8.3029785
1521664110844;-0.62690735;-4.1658936;-6.9248047
1521664110856;-0.6316986;-3.7184448;-7.4296875
1521664110865;-0.7082672;-3.952942;-6.9989014
1521664110876;-0.76330566;-3.5509033;-6.453369
1521664110884;-1.0001831;-3.2757568;-6.0179443
1521664110906;-1.6940918;-3.4910889;-5.218628
1521664110916;-1.8257141;-3.5341797;-4.5821533
1521664110924;-1.7443542;-3.4360352;-3.7782593
1521664110936;-1.6079712;-3.3762207;-3.2996826
1521664110944;-1.5792542;-3.3547363;-3.1034546
1521664110957;-1.6725769;-3.093872;-2.6679688
1521664110965;-1.9501343;-2.71344;-2.5028687
1521664110977;-2.0697632;-2.574646;-2.1726685
1521664110986;-2.251587;-2.474121;-2.0195312
1521664111007;-2.7182007;-2.251587;-2.0195312
1521664111017;-2.9024658;-2.093689;-1.2418518
1521664111024;-3.163269;-1.8568115;-1.0001831
1521664111036;-3.5581055;-2.3329468;-0.29431152
1521664111044;-4.017456;-2.0266724;-0.22492218
1521664111056;-5.091919;-1.5864258;-0.30867004
1521664111064;-5.446045;-1.3591003;0.031106472
1521664111076;-5.749878;-1.2777405;0.26320648
1521664111084;-5.9317627;-1.2921143;0.37088013
1521664111107;-6.5108643;-1.7491455;0.5479431
1521664111117;-7.022827;-1.739563;0.40677643
1521664111124;-7.4750977;-1.4308777;0.16270828
1521664111136;-7.427246;-1.7084656;0.8853302
1521664111145;-7.6569824;-1.7730713;0.69869995
1521664111157;-7.628296;-1.4404602;0.07417679
1521664111165;-7.8867188;-1.258606;0.04067707
1521664111176;-8.022949;-0.90208435;0.14356613
1521664111184;-7.8867188;-1.3423462;0.21295929
1521664111204;-8.114014;-1.698883;0.08135414
1521664111216;-8.135498;-2.0338745;-0.028713703
1521664111224;-8.226318;-1.8711853;-0.035891533
1521664111236;-8.135498;-1.8783569;-0.043070793
1521664111245;-8.085205;-1.9190369;0.062212944
1521664111257;-8.164307;-1.7563171;-0.0765686
1521664111265;-8.039795;-1.7299805;-0.55033875
1521664111276;-8.061279;-1.8592224;-1.2849426
1521664111285;-8.010986;-1.8951111;-1.3830261
1521664111305;-7.231079;-2.201355;-0.7920227
1521664111317;-6.9487305;-2.4909058;-0.7800598
1521664111325;-6.7860107;-2.6201172;-0.52641296
1521664111336;-6.477295;-2.5148315;-0.61494446
1521664111345;-6.4414062;-2.1989746;-2.821106
1521664111367;-6.8912354;-1.6917114;-3.251831
1521664111385;-6.1087646;-1.7898254;-2.840271
1521664111391;-5.218628;-1.8496399;-1.9405518
1521664111417;-4.338135;-2.182251;-1.3710632
1521664111424;-3.9959717;-3.1585083;-5.3287354
1521664111434;-4.7545166;-3.2805176;-6.654419
1521664111442;-5.010498;-3.3164062;-6.699829
1521664111455;-4.661133;-2.801941;-6.7907715
1521664111462;-3.4624023;-2.6105347;-4.460205
1521664111475;-2.0578003;-2.7062378;-3.9385376
1521664111482;-1.3495483;-3.1297607;-5.584839
1521664111503;-2.1965942;-2.7254028;-8.118652
1521664111526;-2.093689;-4.2783203;-8.188232
1521664111546;-0.59820557;-4.498413;-7.2333984
1521664111566;-0.43309784;-3.6849365;-7.52771
1521664111576;-0.7704773;-3.6226807;-9.059082
1521664111585;-0.9810486;-3.9553223;-10.269775
1521664111604;-0.727417;-3.6801147;-9.408447
1521664111617;0.8996887;-4.182617;-7.685669
1521664111625;1.3830262;-4.07251;-7.3674316
1521664111645;1.6342775;-4.0701904;-8.932373
1521664111665;1.5170289;-3.53656;-10.904053
1521664111677;2.1343389;-4.1610107;-10.140625
1521664111685;3.1297615;-4.641968;-9.92041
1521664111705;4.182619;-4.106079;-10.710205
1521664111717;4.359621;-3.574829;-10.954102
1521664111725;4.4266376;-3.333191;-11.528564
1521664111737;4.4649677;-3.586792;-11.770264
1521664111745;4.7784443;-3.7279663;-10.468506
1521664111757;4.967409;-4.201782;-10.384766
1521664111765;5.05115;-4.364502;-9.592773
1521664111777;5.192385;-4.4171143;-9.700439
1521664111785;5.2449975;-4.4505615;-10.030518
1521664111805;6.281131;-4.929199;-11.492676
1521664111817;7.032474;-5.0129395;-11.169678
1521664111825;7.8197055;-5.0272217;-10.466064
1521664111837;8.094734;-5.010498;-9.8845215
1521664111845;7.8651156;-5.175659;-9.580811
1521664111857;7.379398;-5.1827393;-9.00415
1521664111865;6.9056425;-5.2282715;-9.499268
1521664111877;6.541873;-4.8669434;-10.1813965
1521664111885;6.8625517;-4.536743;-9.355713
1521664111904;7.487064;-4.965088;-8.865234
1521664111912;7.589969;-5.788208;-9.358154
1521664111926;7.4392123;-5.3406982;-9.20752
1521664111946;7.2741733;-5.1206055;-8.491943
1521664111966;7.221439;-5.6853027;-8.410645
1521664111986;7.451175;-4.694702;-7.723999
1521664112005;7.202396;-4.421875;-7.642578
1521664112010;6.9487333;-4.3237305;-7.7454834
1521664112026;7.0731235;-4.3428955;-7.508667
1521664112046;7.3530307;-4.1395264;-7.0994873
1521664112066;7.0037875;-4.074951;-7.257324
1521664112086;7.0228305;-4.024658;-7.223877
1521664112105;7.0731235;-4.1610107;-7.2956543
1521664112110;6.927127;-4.2974854;-7.2478027
1521664112126;6.762088;-4.5773926;-7.4918213
1521664112146;6.7668486;-4.8741455;-7.786133
1521664112166;6.838626;-4.9362793;-7.704834
1521664112186;6.7476835;-5.338379;-7.5565186
1521664112205;6.5131865;-5.675659;-7.946533
1521664112210;6.637576;-5.5704346;-7.8339844
1521664112226;6.611331;-5.7666016;-8.405762
1521664112246;6.654422;-5.749878;-8.88208
1521664112267;6.783572;-6.080078;-9.111816
1521664112286;6.6160917;-5.546509;-9.506592
1521664112306;6.5706816;-5.2425537;-9.858398
1521664112326;6.407962;-5.8814697;-10.317627
1521664112345;6.1710234;-6.257202;-11.05957
1521664112365;5.9987817;-5.8934326;-12.071777
1521664112377;5.9532495;-5.826416;-11.686523
1521664112385;5.986819;-5.9940186;-11.327393
1521664112406;5.242556;-6.261963;-11.042725
1521664112417;4.6419697;-6.135132;-11.150391
1521664112426;3.651429;-6.527588;-10.236328
1521664112437;3.2733772;-7.3554688;-10.930176
1521664112446;3.108277;-7.6904297;-11.480713
1521664112466;3.1871955;-6.9248047;-11.265381
1521664112486;2.945557;-7.0683594;-9.712402
1521664112506;1.7060548;-7.077881;-9.963623
1521664112526;0.6197357;-5.2785645;-8.92041
1521664112546;0.26320648;-5.173218;-9.20752
1521664112567;0.3158493;-5.003296;-8.5686035
1521664112586;-0.06460571;-4.3356934;-7.9298096
1521664112607;-0.83987427;-3.6849365;-7.5947266
1521664112626;-1.1868286;-3.7902222;-6.9248047
1521664112646;-1.2227173;-4.1203613;-5.6397705
1521664112667;-1.8520203;-3.182434;-4.414673
1521664112687;-2.2611694;-3.2805176;-4.225708
1521664112706;-2.6918945;-2.9622803;-3.4384766
1521664112717;-2.8115234;-3.3187866;-3.3858032
1521664112725;-2.7875977;-3.3499146;-3.1082764
1521664112737;-2.9455566;-3.0484009;-3.244629
1521664112746;-3.1393433;-3.113037;-2.6273193
1521664112766;-3.7782593;-2.1295776;-2.131958
1521664112786;-4.0844727;-1.875946;-1.366272
1521664112804;-4.390747;-2.074524;-1.464386
1521664112809;-4.9052734;-1.9046631;-1.5170288
1521664112826;-5.6207275;-1.5481262;-0.72502136
1521664112846;-5.7164307;-1.5481262;-0.63648987
1521664112867;-6.4989014;-1.8065796;-0.35652924
1521664112886;-7.2789307;-2.0003662;0.22970963
1521664112912;-7.463135;-2.0027466;0.031106472
1521664112926;-7.678467;-2.0147095;-0.045463562
1521664112932;-7.881958;-1.847229;0.08614159
1521664112943;-8.063721;-1.9190369;0.026320934
1521664112948;-8.020508;-1.9956055;-0.20338821
1521664112967;-8.159424;-2.2276611;-0.45224
1521664112980;-8.188232;-2.46698;-0.60298157
1521664112988;-8.307861;-2.38562;-0.77526855
1521664113005;-8.333984;-2.3999634;-1.012146
1521664113009;-8.257568;-2.505249;-1.1054688
1521664113027;-8.075684;-2.7995605;-1.3064575
1521664113047;-8.015869;-3.0292969;-1.7228088
1521664113067;-7.939331;-2.9335938;-1.847229
1521664113086;-7.6210938;-3.0819092;-1.8998718
1521664113106;-7.061157;-3.1776123;-2.46698
1521664113126;-6.757324;-3.1202393;-2.7230225
1521664113137;-6.4869385;-3.4336548;-3.0436401
1521664113146;-6.293091;-3.5269775;-3.3164062
1521664113166;-5.9868164;-3.567688;-2.890503
1521664113186;-5.737915;-3.637085;-2.7301636
1521664113206;-5.2354736;-3.567688;-2.6201172
1521664113226;-4.9434814;-3.8596191;-4.4051514
1521664113237;-4.9698486;-3.8284912;-5.161255
1521664113246;-4.6348877;-4.0270996;-4.910034
1521664113266;-3.4336548;-4.010254;-4.352539
1521664113286;-2.859375;-4.3620605;-3.883545
1521664113304;-2.8617554;-4.4362793;-3.2757568
1521664113308;-2.9575195;-4.5080566;-4.0964355
1521664113327;-3.4504395;-4.5247803;-6.6280518
1521664113346;-1.7826233;-3.991211;-5.8408203
1521664113366;-0.14835358;-3.8978882;-6.1829834
1521664113387;-0.35173798;-4.086914;-8.061279
1521664113420;-0.49291992;-4.010254;-7.616333
1521664113430;-0.18663788;-5.1158447;-8.281494
1521664113446;1.5672914;-5.3790283;-9.269775
1521664113467;1.9238282;-5.079956;-8.360352
1521664113487;2.1822515;-6.850586;-9.080566
1521664113507;2.4621587;-6.4749756;-8.248047
1521664113508;2.8450322;-6.2021484;-7.56604
1521664113520;3.2302864;-5.661377;-7.5947266
1521664113528;3.4456184;-5.1851807;-8.771973
1521664113547;3.8811042;-5.118164;-9.145264
1521664113567;4.9770527;-5.591919;-9.516113
1521664113581;5.4842553;-5.3598633;-10.377441
1521664113589;6.0394316;-4.795166;-9.978027
1521664113607;6.680667;-4.5654297;-9.724365
1521664113612;7.0228305;-5.591919;-10.166992
1521664113620;7.202396;-6.149536;-9.839111
1521664113628;7.2238803;-6.1375732;-9.3342285
1521664113647;6.795535;-5.300049;-8.7265625
1521664113660;6.7788115;-5.156494;-9.162109
1521664113668;7.0085483;-5.649414;-9.310303
1521664113679;7.3698764;-6.149536;-9.487305
1521664113688;7.829227;-6.932007;-9.571289
1521664113705;7.96326;-6.984619;-9.303223
1521664113710;7.8651156;-6.774048;-9.3654785
1521664113720;7.532596;-6.403076;-9.154785
1521664113728;7.2645297;-6.034668;-8.642822
1521664113740;7.1999545;-6.053833;-7.85791
1521664113749;7.2238803;-6.666382;-7.6138916
1521664113767;6.680667;-7.1401367;-7.8675537
1521664113787;6.3361845;-6.6711426;-7.642578
1521664113806;6.2213163;-6.3983154;-7.697632
1521664113809;6.23804;-6.0441895;-7.5109863
1521664113827;6.194949;-5.764282;-7.609131
1521664113847;6.3481474;-6.0179443;-7.3530273
1521664113867;6.3504667;-5.9317627;-7.288452
1521664113887;6.226077;-5.0631104;-7.2333984
1521664113904;6.314578;-4.7209473;-7.1401367
1521664113909;6.3671904;-4.572632;-7.0683594
1521664113919;6.4007597;-4.606079;-7.02771
1521664113928;6.515628;-4.725708;-7.03479
1521664113947;6.534793;-4.6922607;-6.419922
1521664113967;6.5657988;-5.3311768;-6.754883
1521664113987;6.9320097;-5.4938965;-6.7788086
1521664114006;7.094608;-5.7354736;-6.8553467
1521664114011;7.0228305;-5.8862305;-7.204712
1521664114021;6.941531;-5.9796143;-7.4105225
1521664114029;7.0564;-6.008301;-7.451172
1521664114040;7.109012;-6.104004;-7.465576
1521664114049;7.0683627;-6.2332764;-7.908203
1521664114062;6.927127;-6.3098145;-8.106689
1521664114068;6.8984404;-6.187744;-8.085205
1521664114080;6.8171415;-6.3529053;-8.38916
1521664114089;6.699832;-6.647217;-9.016113
1521664114106;6.6783476;-6.82666;-9.645264
1521664114112;6.7404814;-6.434204;-9.669189
1521664114120;6.850589;-5.970093;-9.549561
1521664114128;6.7548857;-5.958008;-9.669189
1521664114140;6.472537;-5.953247;-9.666992
1521664114148;6.233279;-6.1710205;-10.00415
1521664114162;5.9270043;-6.4989014;-10.384766
1521664114168;5.893435;-6.5323486;-10.585693
1521664114180;5.850344;-6.666382;-11.093018
1521664114189;5.919802;-6.9749756;-11.4782715
1521664114206;5.943728;-7.381836;-11.8203125
1521664114212;6.0753202;-7.661743;-11.822754
1521664114220;6.27637;-8.073242;-11.794189
1521664114228;6.142337;-8.331787;-11.724609
1521664114240;5.3287377;-8.329346;-10.949463
1521664114248;4.936281;-8.432129;-9.322266
1521664114261;4.359621;-8.156982;-8.702637
1521664114269;3.4216926;-8.76001;-9.705078
1521664114280;2.5435185;-8.458496;-10.525879
1521664114289;1.8951112;-7.901001;-10.779541
1521664114304;1.7299806;-7.9368896;-10.437256
1521664114309;1.997986;-7.855591;-9.817627
1521664114320;1.8639833;-7.312378;-9.468262
1521664114328;1.3615113;-6.647217;-9.659668
1521664114340;0.5910187;-5.491455;-8.8845215
1521664114348;-0.10767555;-4.2113037;-8.068359
1521664114361;-0.73698425;-4.256714;-7.9417725
1521664114368;-1.1581116;-5.0942383;-8.855713
1521664114380;-1.2370605;-6.084839;-9.159668
1521664114389;-0.9116516;-5.8288574;-7.72876
1521664114407;-0.29192352;-5.084717;-6.9941406
1521664114412;-0.33259583;-4.6157227;-6.939087
1521664114422;-0.49770355;-3.7351685;-6.769287
1521664114429;-0.7345886;-3.1608887;-5.79541
1521664114440;-0.96191406;-2.979004;-5.345459
1521664114448;-1.2825317;-3.9457397;-5.4316406
1521664114461;-1.6773682;-3.7304077;-4.4003906
1521664114468;-1.7993774;-3.6275024;-3.86438
1521664114480;-1.9597168;-3.7758179;-3.6226807
1521664114488;-2.2252808;-3.2805176;-3.4169312
1521664114506;-2.4526367;-2.6775513;-3.263794
1521664114509;-2.586609;-2.5722656;-2.7875977
1521664114520;-2.644043;-2.6871338;-2.4980469
1521664114528;-2.9646606;-3.0316772;-2.6273193
1521664114540;-3.2565918;-2.7780151;-2.751709
1521664114548;-3.479126;-2.428711;-2.7038574
1521664114561;-3.7160034;-2.1942139;-2.2611694
1521664114568;-3.940979;-2.131958;-1.837677
1521664114580;-4.213745;-1.9908142;-2.1798096
1521664114588;-4.5511475;-1.9190369;-2.340149
1521664114603;-4.7999268;-1.6797485;-2.0960693
1521664114609;-4.9506836;-1.3256226;-1.9118652
1521664114620;-5.1278076;-1.3256226;-1.6845398
1521664114628;-5.295288;-1.3926086;-1.5098572
1521664114640;-5.6158447;-1.3471375;-1.5242004
1521664114648;-6.027466;-1.31604;-1.3327942
1521664114667;-6.5897217;-1.5409546;-1.0671692
1521664114680;-6.6783447;-1.6797485;-1.0289001
1521664114688;-7.204712;-1.6821289;-0.28234863
1521664114703;-7.7263184;-1.7778625;-0.062212944
1521664114708;-7.901001;-1.9812317;0.011964083
1521664114722;-7.9488525;-2.4501953;0.28474426
1521664114728;-8.22168;-2.2803345;0.057427406
1521664114740;-8.645264;-2.2875366;0.52641296
1521664114748;-8.729004;-1.8831482;-0.30149078
1521664114760;-8.858154;-2.347351;-0.50009155
1521664114768;-8.788818;-2.3999634;-0.34456635
1521664114780;-8.807861;-2.4191284;-0.30867004
1521664114788;-8.814941;-2.5794067;-0.38285065
1521664114806;-8.693115;-2.751709;-0.5168457
1521664114810;-8.67627;-2.9000854;-0.933197
1521664114821;-8.781494;-2.8665771;-1.0145264
1521664114828;-8.75293;-2.782837;-1.2825317
1521664114840;-8.72168;-2.789978;-1.5194397
1521664114849;-8.614014;-2.5722656;-1.4955139
1521664114861;-8.4296875;-2.5842285;-1.5385742
1521664114868;-8.219238;-2.6727295;-1.6629944
1521664114880;-8.197754;-2.801941;-2.0769653
1521664114888;-8.22876;-2.9240112;-2.143921
1521664114906;-8.094727;-2.8737793;-2.2156982
1521664114908;-7.9560547;-2.801941;-2.2156982
1521664114921;-7.592407;-2.663208;-2.189392
1521664114929;-7.4727783;-2.517212;-2.277954
1521664114940;-7.3291016;-2.435852;-2.1391602
1521664114948;-7.178467;-2.4526367;-2.081726
1521664114960;-6.9487305;-2.4597778;-2.2635498
1521664114969;-6.9367676;-2.574646;-2.7493286
1521664114981;-6.805176;-2.7110596;-2.71344
1521664114989;-6.5515137;-2.682312;-2.8928833
1521664115007;-6.3671875;-2.7971802;-3.4863281
1521664115010;-6.269165;-2.6966553;-3.6896973
1521664115021;-6.1256104;-2.8043823;-3.6035767
1521664115029;-6.022705;-2.9024658;-3.4767456
1521664115040;-5.9676514;-2.8617554;-3.37146
1521664115048;-5.8288574;-3.0460205;-3.5030518
1521664115062;-5.8480225;-3.1656494;-3.4815063
1521664115068;-5.7666016;-2.9000854;-3.794983
1521664115080;-5.80249;-2.7301636;-4.1275635
1521664115089;-5.675659;-2.720581;-4.857422
1521664115105;-5.422119;-2.6679688;-5.38855
1521664115110;-4.977051;-2.6727295;-5.0511475
1521664115121;-4.4960938;-3.105835;-4.572632
1521664115129;-4.0079346;-3.5030518;-4.553467
1521664115141;-3.6203003;-4.464966;-4.668335
1521664115149;-3.7854004;-4.414673;-5.3406982
1521664115161;-4.0270996;-4.15625;-6.539551
1521664115169;-4.1275635;-3.9122314;-6.539551
1521664115181;-3.8571777;-3.5532837;-5.7020264
1521664115189;-3.024475;-3.656189;-5.491455
1521664115206;-2.1654663;-4.1706543;-5.649414
1521664115212;-1.6151428;-4.498413;-5.300049
1521664115221;-1.3902283;-4.522339;-5.6636963
1521664115229;-1.4524231;-4.3094482;-7.3674316
1521664115241;-1.698883;-4.0821533;-8.279053
1521664115249;-1.8137512;-4.0629883;-8.544678
1521664115260;-1.3878174;-4.390747;-7.89624
1521664115269;-0.76330566;-5.0249023;-7.5684814
1521664115281;-0.1387825;-5.3623047;-7.376953
1521664115289;0.38285065;-5.036865;-7.412964
1521664115313;0.7704773;-4.213745;-7.128174
1521664115320;0.71543884;-4.517578;-9.116455
1521664115328;0.5910187;-5.307251;-10.317627
1521664115341;0.8279114;-5.479492;-9.434814
1521664115349;1.4524232;-5.3479004;-7.680908
1521664115362;2.7971807;-5.4699707;-7.539673
1521664115369;3.0412605;-4.768799;-7.6330566
1521664115381;3.127381;-4.132324;-8.243164
1521664115389;3.0149543;-4.4625244;-8.76709
1521664115411;3.5772102;-6.104004;-9.870361
1521664115421;4.448244;-6.3481445;-9.030273
1521664115429;5.3646264;-6.596924;-8.68335
1521664115440;5.9150414;-6.1375732;-8.503906
1521664115448;6.060916;-5.4890137;-8.609375
1521664115462;5.8024926;-5.122925;-8.917969
1521664115469;5.4914575;-5.1468506;-9.319824
1521664115480;5.2952905;-5.630249;-9.942139
1521664115489;5.496218;-5.9173584;-9.853516
1521664115506;6.4677763;-6.0968018;-9.805664
1521664115512;7.202396;-6.4940186;-10.824951
1521664115523;7.6497836;-6.596924;-11.169678
1521664115530;8.133064;-6.326538;-10.3967285
1521664115542;8.348396;-6.1782227;-10.061768
1521664115550;8.200203;-5.8168945;-9.566406
1521664115564;7.771854;-4.9698486;-8.984863
1521664115570;7.5924106;-4.756836;-7.9226074
1521664115582;7.659427;-5.383789;-7.4608154
1521664115590;7.7694125;-6.2714844;-6.738159
1521664115604;8.018318;-6.927124;-6.577759
1521664115609;8.042244;-6.3529053;-6.434204
1521664115620;8.173836;-5.745117;-6.5323486
1521664115628;8.173836;-5.883911;-6.769287
1521664115641;8.130623;-6.092041;-6.7165527
1521664115649;8.03492;-6.1949463;-7.085083
1521664115661;7.9154086;-6.192505;-7.23584
1521664115669;7.7813754;-6.168579;-7.097046
1521664115681;7.702396;-6.0944824;-7.116211
1521664115690;7.5277133;-5.991577;-7.199951
1521664115713;7.2692904;-5.7785645;-6.5371094
1521664115722;7.221439;-5.6781006;-6.319336
1521664115729;7.152103;-5.390991;-6.142334
1521664115742;7.0611606;-5.0201416;-6.21167
1521664115749;7.0875278;-4.752075;-6.192505
1521664115762;7.197513;-4.484131;-5.8814697
1521664115770;7.3841586;-4.2615967;-5.900635
1521664115781;7.4536166;-4.2352295;-5.8599854
1521664115790;7.628299;-4.338135;-5.781006
1521664115807;7.6856723;-4.5391846;-5.6972656
1521664115811;7.6234164;-4.73291;-5.5704346
1521664115822;7.4536166;-4.680298;-5.3623047
1521664115830;7.4464145;-4.5631104;-5.149292
1521664115842;7.4033237;-4.6396484;-5.1636963
1521664115849;7.6378207;-4.910034;-5.1851807
1521664115862;7.8125033;-5.230591;-5.4508057
1521664115869;7.929813;-5.414917;-5.4436035
1521664115881;7.96326;-5.2210693;-5.1517334
1521664115889;7.8508334;-5.4483643;-5.3239746
1521664115912;7.537357;-5.7354736;-6.077759
1521664115922;7.487064;-5.6828613;-6.33374
1521664115930;7.5349154;-5.692505;-6.592163
1521664115942;7.6353793;-5.6661377;-6.5634766
1521664115950;7.676151;-5.7164307;-6.53479
1521664115963;7.5971713;-5.907837;-6.98938
1521664115970;7.329105;-5.8742676;-7.338745
1521664115982;7.1568637;-5.8480225;-7.5134277
1521664115990;6.907962;-6.1470947;-7.4368896
1521664116012;6.7094755;-6.453369;-8.245605
1521664116021;6.675906;-6.484497;-8.128418
1521664116029;6.6088896;-6.3432617;-8.425049
1521664116041;6.635257;-6.3743896;-8.566162
1521664116050;6.699832;-6.29541;-8.769531
1521664116061;6.6975126;-6.5012207;-9.255371
1521664116069;6.76929;-6.795532;-9.42749
1521664116081;6.7860136;-6.8027344;-9.441895
1521664116089;6.915164;-6.9223633;-9.238525
1521664116107;6.76929;-6.970215;-9.406006
1521664116113;6.5657988;-6.8171387;-9.616699
1521664116127;6.4174833;-6.395996;-9.520996
1521664116131;6.3313017;-6.261963;-9.587891
1521664116142;6.1710234;-6.477295;-10.372803
1521664116149;6.269168;-6.78833;-10.836914
1521664116162;6.510867;-7.4344482;-11.638672
1521664116170;6.884036;-7.554077;-11.169678
1521664116181;7.1544223;-6.884033;-10.973389
1521664116191;6.876956;-6.5802;-11.222168
1521664116207;6.214114;-6.1829834;-10.143066
1521664116210;5.4221215;-6.1398926;-9.772217
1521664116222;4.651613;-6.757324;-9.810547
1521664116229;4.082155;-6.915161;-10.138184
1521664116241;3.7184455;-7.731201;-10.607178
1521664116249;3.6035774;-8.114014;-10.557129
1521664116263;3.41211;-8.078125;-9.999512
1521664116269;3.1441658;-8.161865;-9.966064
1521664116282;2.6512456;-7.2333984;-9.523193
1521664116289;2.1367803;-6.180542;-9.023193
1521664116313;1.0432435;-5.1779785;-8.712158
1521664116323;0.66519165;-5.0750732;-8.738525
1521664116332;0.4307022;-4.967407;-8.556641
1521664116342;0.31345367;-4.19458;-8.171387
1521664116350;0.22492218;-3.7040405;-7.269287
1521664116363;-0.035891533;-3.3499146;-7.192749
1521664116371;-0.29670715;-3.0603638;-6.484497
1521664116382;-0.76330566;-2.8497925;-5.888672
1521664116391;-1.1916199;-2.6273193;-6.1016846
1521664116412;-1.9597168;-2.543518;-5.3742676
1521664116421;-2.258789;-3.194397;-5.3406982
1521664116430;-2.3640747;-3.2063599;-5.434082
1521664116442;-2.347351;-3.6418457;-4.8980713
1521664116450;-2.3234253;-3.725586;-4.555908
1521664116462;-2.435852;-3.960083;-3.9050293
1521664116470;-2.7086182;-3.7495117;-3.9050293
1521664116482;-3.2279053;-3.53656;-3.7710571
1521664116490;-3.5628662;-3.0197144;-2.782837
1521664116512;-4.005493;-3.1273804;-2.6105347
1521664116522;-4.168213;-3.0819092;-2.5339966
1521664116529;-4.283081;-3.175232;-2.847412
1521664116541;-4.3117676;-2.8450317;-2.9503174
1521664116550;-4.3117676;-2.7421265;-2.6799316
1521664116562;-4.5128174;-2.46698;-2.6201172
1521664116570;-4.7856445;-2.170288;-2.46698
1521664116582;-5.029663;-1.9956055;-2.435852
1521664116590;-5.2905273;-2.0841064;-2.1176147
1521664116611;-6.053833;-1.5792542;-1.660614
1521664116622;-6.3624268;-1.2418518;-1.7586975
1521664116630;-6.7165527;-0.8925171;-1.4213257
1521664116641;-7.046753;-0.51924133;-0.9308014
1521664116650;-7.2214355;-0.46420288;-0.22970963
1521664116664;-7.338745;-0.55752563;0.3541336
1521664116670;-7.578003;-0.7824402;0.8925171
1521664116682;-7.89624;-0.6699829;0.8470459
1521664116690;-8.269531;-0.83747864;0.8996887
1521664116705;-8.657227;-0.9690857;0.7345886
1521664116710;-8.925049;-1.0624084;0.122032166
1521664116722;-9.001709;-1.119812;-0.29670715
1521664116730;-8.736084;-1.2035828;-0.3062744
1521664116742;-8.391602;-1.5672913;-0.7465515
1521664116750;-8.3532715;-1.916626;-1.012146
1521664116762;-8.422607;-2.119995;-1.4524231
1521664116770;-8.623535;-2.201355;-1.8137512
1521664116782;-8.738525;-2.100891;-2.0003662
1521664116791;-8.585205;-2.270752;-2.2444458
1521664116810;-8.097168;-2.3832397;-2.1295776
1521664116822;-7.944092;-2.5028687;-1.9381714
1521664116830;-7.8651123;-2.5842285;-1.8280945
1521664116842;-7.9345703;-2.5148315;-2.0170898
1521664116850;-7.996704;-2.4621582;-2.1463013
1521664116862;-7.9871826;-2.4885254;-2.1558838
1521664116870;-7.678467;-2.6273193;-2.0650024
1521664116882;-7.2980957;-2.6871338;-2.0721436
1521664116890;-7.065918;-2.7756348;-1.9836426
1521664116914;-6.69751;-3.125;-1.9022827
1521664116923;-6.5802;-3.1322021;-1.907074
1521664116931;-6.515625;-3.2111206;-2.3114624
1521664116943;-6.4630127;-3.2542114;-2.8139038
1521664116951;-5.953247;-3.2661743;-3.0603638
1521664116963;-5.584839;-3.359497;-3.0986938
1521664116971;-5.314453;-3.5150146;-3.1202393
1521664116984;-5.103882;-3.6107178;-3.0412598
1521664116991;-5.1397705;-3.5796509;-2.555481
1521664117014;-4.89563;-3.7926025;-2.4238892
1521664117023;-4.8430176;-3.9146118;-2.928772
1521664117031;-4.5821533;-3.9696655;-3.4910889
1521664117043;-4.3812256;-3.9553223;-4.168213
1521664117051;-4.1514893;-3.9505005;-4.7042236
1521664117063;-3.8117065;-3.9122314;-4.9865723
1521664117070;-3.4815063;-3.902649;-5.022461
1521664117083;-3.2279053;-3.7471313;-4.6516113
1521664117091;-2.9646606;-3.8093262;-4.256714
1521664117107;-2.7421265;-4.220825;-4.591797
1521664117110;-2.6416626;-4.5462646;-5.67334
1521664117123;-2.8258667;-4.4362793;-6.4869385
1521664117130;-3.017334;-3.9649048;-6.4294434
1521664117143;-2.7995605;-3.883545;-6.5443115
1521664117150;-2.517212;-4.1347656;-6.730957
1521664117164;-1.976471;-4.395508;-6.642456
1521664117171;-1.2777405;-4.967407;-6.7333984
1521664117183;-0.2512436;-6.33374;-6.29541
1521664117189;0.083747864;-6.8027344;-6.2644043
1521664117206;0.16749573;-6.8530273;-7.4536133
1521664117211;-0.15074539;-5.819336;-7.9345703
1521664117223;-0.1890297;-5.0703125;-7.135376
1521664117229;0.031106472;-5.0249023;-7.5565186
1521664117244;0.23449326;-5.0272217;-8.783936
1521664117249;0.8422699;-5.118164;-8.6953125
1521664117264;1.899872;-5.7929688;-8.68335
1521664117269;2.6632085;-5.800171;-8.8342285
1521664117283;3.1824348;-5.491455;-8.156982
1521664117289;3.5318;-5.6087646;-9.26001
1521664117307;3.1632698;-5.38855;-10.358398
1521664117311;2.6990972;-4.7545166;-11.126465
1521664117322;2.5315557;-4.8477783;-11.277344
1521664117330;2.976624;-4.9746094;-10.954102
1521664117342;3.9385383;-5.429199;-9.697998
1521664117350;4.833498;-5.6063232;-8.719238
1521664117364;5.608767;-5.6661377;-8.386719
1521664117370;5.7451196;-5.3981934;-8.946533
1521664117382;5.2905297;-5.015259;-9.528076
1521664117391;4.929201;-5.395752;-11.423096
1521664117406;5.38135;-5.680542;-9.7578125
1521664117412;6.5706816;-6.281128;-9.25293
1521664117423;7.290897;-6.584961;-8.88916
1521664117431;7.5277133;-5.826416;-8.425049
1521664117443;7.097049;-5.079956;-8.168945
1521664117451;6.6208525;-4.6276855;-7.9249268
1521664117463;6.2858915;-4.768799;-7.9226074
1521664117471;6.5084257;-5.22583;-7.685669
1521664117484;7.044437;-5.6254883;-8.963379
1521664117491;7.410526;-5.364624;-9.908447
1521664117505;8.008553;-4.953125;-9.736328
1521664117510;8.479988;-5.2354736;-9.659668
1521664117523;8.523201;-5.3981934;-9.700439
1521664117530;8.307869;-5.1397705;-9.602295
1521664117542;8.085213;-4.429077;-8.886719
1521664117550;7.872318;-4.0653076;-7.8149414
1521664117565;7.802982;-4.3884277;-6.553833
1521664117571;7.912967;-4.9890137;-6.1375732
1521664117583;8.003914;-5.6278076;-6.3935547
1521664117592;7.987186;-5.704468;-7.1376953
1521664117613;7.697635;-5.2282715;-7.85083
1521664117624;7.525394;-5.18042;-7.824463
1521664117631;7.42493;-5.0583496;-7.4439697
1521664117644;7.247806;-4.8789062;-7.307617
1521664117651;6.9941435;-4.89563;-7.2071533
1521664117664;6.7022734;-5.060791;-7.109009
1521664117671;6.611331;-5.465088;-7.001343
1521664117683;6.661502;-5.833618;-7.0061035
1521664117692;6.6519804;-6.065796;-7.266968
1521664117714;6.6208525;-5.319214;-7.6378174
1521664117724;6.517947;-4.845459;-7.3100586
1521664117732;6.5084257;-4.4888916;-7.2094727
1521664117743;6.549075;-4.663574;-7.326782
1521664117752;6.8051786;-4.864502;-6.907959
1521664117764;7.10181;-5.441162;-6.8242188
1521664117771;7.2956576;-5.922119;-6.9726562
1521664117783;7.2453647;-6.1016846;-7.07312
1521664117791;7.0347934;-5.80249;-7.092285
1521664117816;6.7165556;-5.3598633;-7.5181885
1521664117824;6.8291044;-5.1971436;-7.178467
1521664117832;6.97742;-5.1971436;-7.149658
1521664117843;7.0037875;-5.0631104;-7.420044
1521664117852;7.0467563;-5.0560303;-7.680908
1521664117864;6.9630156;-5.3790283;-7.408081
1521664117873;7.0564;-5.8168945;-7.3985596
1521664117884;7.0611606;-6.0944824;-7.6258545
1521664117892;6.8481474;-6.1207275;-8.140381
1521664117914;6.2044706;-5.9365234;-9.42041
1521664117924;6.226077;-6.0322266;-9.985107
1521664117933;6.429446;-6.199707;-10.23877
1521664117944;6.5657988;-6.4127197;-10.645508
1521664117952;6.510867;-6.649536;-10.700684
1521664117964;6.250003;-6.769287;-10.786621
1521664117972;5.792971;-6.7214355;-10.978027
1521664117983;5.2905297;-6.470093;-10.894287
1521664117992;4.80237;-6.1279297;-10.911133
1521664118014;4.5726337;-5.491455;-10.858398
1521664118024;4.5654316;-5.7283936;-10.77002
1521664118032;4.543947;-6.1829834;-10.643066
1521664118044;4.441042;-6.6519775;-10.473145
1521664118052;4.0653095;-6.8936768;-10.427734
1521664118064;3.5939949;-6.723755;-10.095215
1521664118072;3.1920173;-6.314575;-10.212402
1521664118084;2.8139043;-5.9245605;-10.147949
1521664118092;2.945557;-6.331299;-9.927734
1521664118112;2.7086186;-6.4486084;-10.901611
1521664118123;2.5028691;-5.711548;-10.088135
1521664118131;2.3928227;-5.5895996;-9.41333
1521664118143;2.337769;-6.3481445;-9.886963
1521664118152;2.0003667;-6.812256;-9.724365
1521664118164;1.7395631;-6.4940186;-8.838867
1521664118172;1.3303834;-6.2021484;-8.401123
1521664118182;0.85183716;-5.8981934;-8.001465
1521664118191;0.31824493;-5.1660156;-8.14502
1521664118215;-0.35891724;-3.9959717;-9.535156
1521664118224;-0.31106567;-3.979248;-8.4296875
1521664118232;-0.08614159;-3.9863892;-7.2286377
1521664118244;-0.24167252;-4.5582275;-7.901001
1521664118252;-1.0958862;-4.7976074;-8.118652
1521664118264;-1.7850342;-3.5820312;-6.6783447
1521664118272;-2.5267944;-2.9216309;-6.9726562
1521664118284;-2.9503174;-3.2948608;-6.8912354
1521664118292;-2.9431152;-3.5892334;-6.238037
1521664118312;-2.7732544;-4.3668213;-6.04895
1521664118324;-2.5579224;-4.0318604;-5.5943604
1521664118332;-2.7158203;-3.8356934;-5.103882
1521664118344;-2.7230225;-3.4360352;-4.598999
1521664118351;-2.8761597;-3.2661743;-3.8261108
1521664118365;-3.2374878;-3.2350464;-3.5772095
1521664118372;-3.6275024;-3.2422485;-3.175232
1521664118384;-3.8547974;-3.0029907;-2.6727295
1521664118392;-4.0629883;-2.871338;-2.4789429
1521664118413;-4.2974854;-2.5267944;-2.2444458
1521664118425;-4.3500977;-2.2468262;-1.7730713
1521664118432;-4.5582275;-2.005127;-1.591217
1521664118443;-4.7161865;-1.7826233;-1.6940918
1521664118452;-5.0583496;-1.5409546;-1.7539368
1521664118464;-5.4196777;-1.3088684;-1.3088684
1521664118472;-5.706787;-1.4428711;-0.95233154
1521664118484;-6.0441895;-1.5720825;-0.76091003
1521664118492;-6.45105;-1.8544312;-0.64845276
1521664118516;-7.03479;-2.517212;-1.2035828
1521664118526;-7.149658;-2.3640747;-1.040863
1521664118533;-7.192749;-1.916626;-0.5335846
1521664118547;-7.534912;-1.9477539;-0.7058716
1521664118553;-7.8986816;-1.5146484;-0.2895279
1521664118566;-8.149902;-1.3064575;-0.1004982
1521664118574;-8.712158;-1.1150513;0.10767555
1521664118585;-8.858154;-0.7967987;0.6891327
1521664118593;-8.860596;-0.76330566;0.78723145
1521664118614;-8.838867;-0.67237854;-0.057427406
1521664118624;-8.970459;-0.43788147;-0.7393799
1521664118632;-9.006348;-0.6939087;-1.0982971
1521664118644;-8.817383;-0.69151306;-1.138977
1521664118652;-8.475342;-1.0647888;-0.8614044
1521664118664;-8.262207;-1.6223145;-1.1174316
1521664118672;-8.250244;-1.8257141;-1.2657776
1521664118684;-8.381836;-1.9118652;-1.3303833
1521664118692;-8.437012;-1.701294;-1.4763489
1521664118707;-8.491943;-1.6486511;-1.6534119
1521664118712;-8.360352;-1.6294861;-2.0099487
1521664118723;-8.209717;-1.631897;-1.9525146
1521664118731;-7.963257;-1.6677856;-1.7778625
1521664118744;-7.8125;-1.7228088;-1.8735657
1521664118751;-7.7095947;-1.8185425;-1.7922058
1521664118764;-7.532593;-2.0027466;-1.8927002
1521664118771;-7.477539;-1.9214172;-1.8927002
1521664118784;-7.3339844;-1.9692688;-1.9620972
1521664118791;-7.065918;-2.0003662;-2.5698853
1521664118813;-6.807495;-1.9046631;-3.4265137
1521664118824;-6.730957;-1.9285889;-3.5437622
1521664118832;-6.599365;-2.0721436;-3.605957
1521664118844;-6.666382;-2.2301025;-3.4552002
1521664118853;-6.6831055;-2.2946777;-3.2924805
1521664118866;-6.592163;-2.4191284;-3.232666
1521664118874;-6.4630127;-2.1798096;-3.6920776
1521664118885;-6.33374;-2.0458374;-4.536743
1521664118894;-6.307373;-1.9620972;-5.5058594
1521664118915;-6.223633;-2.1080322;-5.1397705
1521664118923;-5.6135254;-2.4980469;-4.8430176
1521664118936;-5.048828;-3.6681519;-4.4577637
1521664118946;-4.8884277;-4.0510254;-4.201782
1521664118954;-5.0966797;-3.802185;-3.902649
1521664118966;-5.0249023;-3.5389404;-3.586792
1521664118975;-4.7161865;-3.4312744;-5.060791
1521664118986;-4.7353516;-3.6992798;-6.5874023
1521664118994;-3.555725;-4.2304688;-6.0250244
1521664119016;-2.7445068;-4.749634;-5.927002
1521664119026;-2.612915;-4.6516113;-6.1064453
1521664119033;-2.6679688;-4.2471924;-5.7714844
1521664119045;-2.6607666;-4.206543;-7.286133
1521664119052;-2.5770264;-4.3189697;-8.817383
1521664119066;-2.0960693;-4.864502;-8.719238
1521664119073;-1.0839233;-5.288086;-8.168945
1521664119084;-0.18663788;-5.9987793;-7.338745
1521664119093;0.35173798;-6.403076;-6.28833
1521664119113;-0.14117432;-5.6254883;-5.742676
1521664119125;-0.9834442;-4.819092;-7.1904297
1521664119133;-1.3710632;-4.4171143;-7.362671
1521664119145;-0.60298157;-4.89563;-7.558838
1521664119153;0.7800598;-6.1136475;-8.738525
1521664119165;2.2276616;-6.8146973;-7.951294
1521664119173;3.3810432;-6.7165527;-6.446167
1521664119185;3.4360359;-6.7165527;-6.046631
1521664119193;2.6440434;-6.1136475;-6.230835
1521664119213;1.2394716;-5.0249023;-8.4296875
1521664119227;2.3209844;-6.369629;-9.453857
1521664119233;3.8428352;-6.522827;-8.410645
1521664119245;5.120608;-6.599365;-7.889038
1521664119253;5.501101;-6.6256104;-8.044434
1521664119265;5.4029565;-6.2547607;-6.115967
1521664119274;4.9459248;-6.503662;-4.8884277
1521664119287;4.156252;-7.2956543;-6.427002
1521664119293;3.3594978;-7.76709;-8.283936
1521664119314;4.2926044;-6.1590576;-8.745605
1521664119326;5.2521996;-6.7261963;-9.662109
1521664119332;6.314578;-6.2213135;-8.520752
1521664119345;7.3315463;-6.261963;-7.6641846
1521664119352;7.582767;-6.9630127;-7.9345703
1521664119364;7.195194;-6.6831055;-7.3985596
1521664119372;6.637576;-6.226074;-6.5946045
1521664119384;6.173465;-6.561035;-7.255005
1521664119392;5.824099;-7.2478027;-8.051758
1521664119417;7.259769;-7.388916;-7.7407227
1521664119425;8.2024;-7.570801;-7.534912
1521664119433;8.693123;-7.393799;-6.9439697
1521664119445;8.207283;-6.5515137;-5.730713
1521664119453;7.544559;-6.7094727;-6.0130615
1521664119465;7.202396;-6.6185303;-5.9509277
1521664119473;7.436893;-6.6088867;-5.7857666
1521664119485;7.817264;-6.74292;-5.237793
1521664119493;8.212166;-6.6903076;-5.0894775
1521664119513;8.121101;-6.3552246;-5.338379
1521664119526;7.912967;-5.977173;-5.7857666
1521664119533;7.987186;-5.6853027;-5.852783
1521664119546;8.255135;-5.54895;-5.7738037
1521664119553;8.396248;-5.414917;-5.460327
1521664119565;8.434578;-5.22583;-5.2019043
1521664119572;8.15699;-5.1517334;-5.3813477
1521664119585;8.02784;-5.149292;-5.2210693
1521664119592;8.121101;-5.137329;-4.9362793
1521664119607;8.267097;-5.067993;-4.9195557
1521664119614;8.274178;-4.7042236;-4.7161865
1521664119624;8.168953;-4.333374;-4.479248
1521664119632;8.075691;-3.8428345;-4.637207
1521664119645;8.104256;-3.687317;-4.5511475
1521664119653;8.14991;-3.732788;-4.503174
1521664119665;8.511238;-4.7735596;-4.8310547
1521664119672;8.503914;-5.175659;-4.9890137
1521664119685;8.530281;-5.2402344;-5.213867
1521664119693;8.508797;-4.9554443;-5.268921
1521664119712;8.525398;-4.6085205;-4.8741455
1521664119725;8.379646;-5.0942383;-5.14209
1521664119733;8.353279;-5.6589355;-5.314453
1521664119744;8.439461;-6.0250244;-5.522583
1521664119752;8.563728;-6.218872;-5.8791504
1521664119765;8.56617;-6.2714844;-6.0202637
1521664119786;8.578133;-6.261963;-6.3529053
1521664119794;8.410652;-6.281128;-6.687866
1521664119799;8.257576;-5.8552246;-6.7716064
1521664119814;8.104256;-5.465088;-7.5875244
1521664119826;8.133064;-6.503662;-7.3339844
1521664119834;8.487312;-6.9678955;-7.1257324
1521664119846;8.68824;-7.6378174;-7.3985596
1521664119854;8.623543;-7.908203;-7.9417725
1521664119866;8.427498;-7.5373535;-7.824463
1521664119874;8.362801;-6.757324;-7.262207
1521664119886;8.106697;-6.1136475;-7.400879
1521664119897;7.84119;-5.2354736;-8.022949
1521664119917;8.061287;-6.477295;-8.906006
1521664119926;8.125984;-7.415283;-9.482666
1521664119934;7.96326;-7.7574463;-10.545166
1521664119946;7.7766147;-6.9223633;-10.466064
1521664119954;7.7048373;-5.8671875;-10.076172
1521664119966;7.43201;-6.2141113;-10.387207
1521664119974;7.109012;-7.058716;-11.155273
1521664119986;6.876956;-7.692871;-11.01416
1521664119994;6.5395536;-7.680908;-10.638428
1521664120016;5.254641;-7.5421143;-10.454102
1521664120025;4.6276875;-7.9919434;-11.217529
1521664120033;4.290285;-8.566162;-11.753418
1521664120046;4.2806416;-8.22168;-11.016357
1521664120053;4.302248;-7.5445557;-10.997314
1521664120066;3.8835456;-7.731201;-11.009277
1521664120073;3.4001472;-7.4033203;-10.6311035
1521664120085;2.8402715;-7.3410645;-10.327393
1521664120094;2.5195928;-7.4942627;-9.803223
1521664120116;1.6773683;-6.9821777;-8.9729
1521664120125;0.3660965;-5.5512695;-7.9417725
1521664120133;0.011964083;-5.206665;-7.843628
1521664120145;-0.3660965;-5.5321045;-9.025635
1521664120154;-0.54556274;-5.38855;-8.575684
1521664120166;-0.2536316;-4.5391846;-7.154419
1521664120173;-0.11724663;-4.11084;-7.427246
1521664120186;-0.32541656;-4.141968;-7.6522217
1521664120193;-0.35652924;-3.4121094;-6.8601074
1521664120214;-0.8949127;-3.3810425;-6.3026123
1521664120225;-1.4213257;-3.201538;-6.118408
1521664120233;-1.5050659;-2.897705;-5.3623047
1521664120245;-1.4739685;-3.005371;-4.929199
1521664120254;-1.5289917;-3.3499146;-4.591797
1521664120266;-1.7132568;-3.1871948;-4.3500977
1521664120274;-1.9788513;-2.8306885;-4.2352295
1521664120286;-2.2564087;-2.3688354;-3.6538086
1521664120294;-2.2276611;-2.2564087;-3.2924805
1521664120315;-2.6009521;-2.751709;-3.4265137
1521664120326;-2.739746;-2.6273193;-3.1322021
1521664120333;-3.0149536;-2.4932861;-2.6966553
1521664120345;-3.2661743;-2.3880005;-2.297058
1521664120354;-3.8165283;-2.024292;-2.143921
1521664120366;-4.079712;-1.8879089;-1.7491455
1521664120373;-4.1921387;-1.8161316;-1.6558228
1521664120385;-4.433838;-1.6749573;-1.5625
1521664120394;-4.7161865;-1.6223145;-1.208374
1521664120413;-5.2856445;-1.631897;-0.5407715
1521664120426;-5.7403564;-1.6031799;-0.4905243
1521664120434;-6.029907;-1.5194397;-0.35652924
1521664120445;-6.293091;-1.3495483;-0.2153511
1521664120455;-6.5874023;-1.2298889;-0.09810448
1521664120466;-6.8410645;-1.2466431;0.078962326
1521664120474;-7.1209717;-1.1652832;0.055034637
1521664120487;-7.269287;-1.4045715;0.0765686
1521664120494;-7.546875;-1.4787598;0.17467499
1521664120527;-8.178467;-1.5983887;-0.51205444
1521664120535;-8.360352;-1.4213257;-0.95233154
1521664120547;-8.43457;-1.4404602;-0.9690857
1521664120555;-8.439453;-1.5696716;-0.7920227
1521664120567;-8.544678;-1.8400574;-1.2633972
1521664120575;-8.707275;-1.9262085;-1.5361633
1521664120587;-8.8029785;-2.0482178;-1.6223145
1521664120595;-8.829346;-2.043457;-1.76828
1521664120617;-8.807861;-2.1415405;-2.2156982
1521664120627;-8.640381;-2.2683716;-1.9956055
1521664120634;-8.525391;-2.3640747;-2.024292
1521664120646;-8.494385;-2.5076294;-2.0864868
1521664120654;-8.355713;-2.536377;-2.2659912
1521664120667;-8.288574;-2.6464233;-2.2444458
1521664120675;-8.137939;-2.732544;-2.435852
1521664120686;-8.010986;-2.782837;-2.6296997
1521664120694;-7.8149414;-2.809143;-2.5985718
1521664120716;-7.61145;-2.8354492;-3.0723267
1521664120726;-7.432007;-2.9575195;-3.105835
1521664120734;-7.3554688;-2.998169;-3.352295
1521664120745;-7.2143555;-3.0628052;-3.1345825
1521664120754;-6.934326;-3.2422485;-3.0842896
1521664120766;-6.8530273;-3.2542114;-3.37146
1521664120774;-6.7214355;-3.175232;-3.7590942
1521664120786;-6.6400146;-2.9024658;-3.821289
1521664120794;-6.515625;-2.847412;-3.7423706
1521664120815;-6.0179443;-2.8737793;-3.8763428
1521664120826;-5.869507;-2.9838257;-3.6801147
1521664120834;-5.737915;-3.2063599;-3.378662
1521664120846;-5.333496;-3.459961;-3.979248
1521664120854;-5.319214;-3.5341797;-5.0249023
1521664120867;-5.288086;-3.663391;-5.0655518
1521664120874;-5.0966797;-3.6896973;-5.5751953
1521664120886;-4.8741455;-3.7997437;-5.3479004
1521664120894;-4.4243164;-3.751892;-4.6778564
1521664120916;-4.098877;-4.2304688;-4.6276855
1521664120927;-4.017456;-4.2352295;-5.0249023
1521664120935;-4.079712;-4.409912;-5.8168945
1521664120947;-4.0821533;-4.2783203;-6.161499
1521664120956;-3.675354;-4.48645;-5.850342
1521664120968;-3.2039795;-4.5845947;-5.711548
1521664120987;-2.1846313;-5.098999;-6.2834473
1521664120995;-2.0147095;-5.173218;-6.2858887
1521664121014;-1.8209229;-5.3120117;-6.616089
1521664121019;-2.0147095;-5.352661;-6.78833
1521664121034;-1.1030884;-5.206665;-6.4820557
1521664121045;-0.72502136;-5.3479004;-6.491699
1521664121054;-0.50009155;-4.948242;-7.3363037
1521664121066;-0.4043808;-4.756836;-7.977661
1521664121075;-0.24406433;-4.491211;-7.539673
1521664121086;0.277565;-4.6898193;-7.2908936
1521664121096;0.7561188;-4.991333;-7.053955
1521664121116;1.6127626;-5.1827393;-7.2980957
1521664121127;1.5816346;-5.4483643;-8.982422
1521664121134;1.5505372;-4.902832;-9.925293
1521664121146;1.7012941;-4.768799;-9.98999
1521664121154;2.1391606;-4.9865723;-9.470703
1521664121176;3.4216926;-5.7475586;-7.6904297
1521664121187;3.8691413;-6.1829834;-6.927124
1521664121195;3.8763435;-6.395996;-7.6881104
1521664121213;3.6442268;-6.4989014;-8.159424
1521664121227;3.3618782;-4.9937744;-7.838867
1521664121237;4.0007343;-5.1660156;-8.094727
1521664121247;4.756838;-5.9293213;-8.405762
1521664121255;6.288333;-6.4940186;-8.506348
1521664121275;6.5562773;-5.541748;-8.709717
1521664121287;6.695071;-5.8599854;-8.539795
1521664121295;6.8361845;-6.6016846;-9.528076
1521664121315;6.8242216;-6.9439697;-9.910889
1521664121320;6.965457;-6.3720703;-9.516113
1521664121336;7.6043735;-5.319214;-8.403564
1521664121356;8.070808;-5.1397705;-7.8100586
1521664121367;7.8770785;-5.3095703;-7.7910156
1521664121375;7.91785;-5.491455;-7.769409
1521664121387;8.291023;-5.567993;-7.173584
1521664121394;8.846199;-5.857544;-6.718994
1521664121417;8.968269;-5.2354736;-7.489502
1521664121427;8.693123;-4.3189697;-7.905884
1521664121435;8.594978;-3.6801147;-7.3985596
1521664121447;8.831795;-3.7088623;-6.300293
1521664121455;9.195565;-4.6539307;-5.8981934
1521664121467;9.195565;-5.498657;-5.8623047
1521664121475;8.886726;-5.4627686;-6.1829834
1521664121487;8.444099;-4.9937744;-5.3095703
1521664121495;8.470467;-5.3095703;-5.579956
1521664121515;8.551765;-5.79541;-5.852783
1521664121526;8.458504;-5.6636963;-5.96521
1521664121535;8.15699;-5.4124756;-5.970093
1521664121546;7.9201694;-5.333496;-5.687622
1521664121555;7.6617465;-5.460327;-5.6326904
1521664121567;7.544559;-5.5560303;-5.7977295
1521664121575;7.482303;-5.4699707;-5.730713
1521664121587;7.362674;-5.3670654;-5.895874
1521664121595;7.252567;-5.2235107;-5.9198
1521664121613;7.2119174;-5.122925;-6.0250244
1521664121618;7.2692904;-4.77124;-6.281128
1521664121636;7.3769565;-4.4769287;-6.3289795
1521664121656;7.3649936;-4.5319824;-6.0250244
1521664121676;7.429691;-4.907593;-6.300293
1521664121696;7.6186557;-5.122925;-6.293091
1521664121715;7.67847;-5.383789;-6.1446533
1521664121720;7.721561;-5.371826;-6.2667236
1521664121735;7.6163363;-5.402954;-6.774048
1521664121747;7.652225;-5.3287354;-6.692627
1521664121755;7.8077426;-5.529785;-6.7668457
1521664121767;7.721561;-5.8862305;-6.5706787
1521664121775;7.6234164;-6.3361816;-6.5515137
1521664121787;7.499027;-6.8553467;-6.7788086
1521664121796;7.336307;-6.642456;-7.312378
1521664121816;7.59473;-5.6469727;-7.8986816
1521664121827;7.810062;-5.80249;-8.216797
1521664121835;7.929813;-5.996338;-9.006348
1521664121847;7.9226108;-6.927124;-9.949219
1521664121855;7.960819;-6.9798584;-10.162109
1521664121867;7.91785;-6.6185303;-10.076172
1521664121875;7.8459506;-6.78125;-9.910889
1521664121887;7.360233;-7.092285;-10.312988
1521664121896;6.7716093;-6.9223633;-10.968506
1521664121916;6.3624296;-6.4414062;-10.379883
1521664121927;6.1925077;-6.805176;-10.657471
1521664121936;5.773806;-7.4488525;-11.4375
1521664121947;5.546511;-7.7072754;-11.279541
1521664121955;5.5178246;-7.5635986;-11.073975
1521664121967;5.4172387;-7.6450195;-11.06665
1521664121975;5.151736;-7.262207;-10.188477
1521664121995;4.0892353;-6.357666;-9.3654785
1521664122016;2.9120488;-6.33374;-9.73877
1521664122036;3.0962532;-7.3602295;-9.623779
1521664122056;2.8928838;-6.805176;-9.363037
1521664122076;1.9836427;-5.098999;-7.7790527
1521664122096;0.830307;-4.857422;-8.463379
1521664122116;0.47377777;-4.929199;-7.8603516
1521664122121;0.42113495;-5.010498;-7.8411865
1521664122136;0.31345367;-6.0202637;-7.912964
1521664122156;-0.1387825;-5.256958;-7.0826416
1521664122176;-1.2322998;-3.3187866;-6.2285156
1521664122196;-1.8592224;-2.9240112;-5.194702
1521664122217;-2.0650024;-3.6466064;-5.1445312
1521664122236;-2.4119263;-3.5772095;-4.9818115
1521664122256;-2.7684937;-2.9000854;-4.2088623
1521664122276;-3.213501;-2.682312;-3.5126343
1521664122296;-3.8069458;-2.3377686;-3.3858032
1521664122315;-4.2160645;-2.5004883;-3.3259888
1521664122318;-4.220825;-2.7875977;-2.4693604
1521664122335;-4.060547;-3.2614136;-1.9620972
1521664122347;-4.359619;-3.2494507;-1.8065796
1521664122356;-4.8046875;-2.9575195;-1.6582031
1521664122376;-5.807373;-2.4310913;-1.366272
1521664122387;-6.415039;-2.1654663;-1.0217285
1521664122396;-6.692627;-1.8257141;-0.8661957
1521664122414;-6.95105;-1.8113403;-0.61016846
1521664122420;-7.1688232;-1.5170288;-0.29431152
1521664122437;-7.6019287;-1.1964111;-0.4139557
1521664122456;-8.018311;-1.3232117;-0.66519165
1521664122476;-8.3220215;-1.179657;-0.5862274
1521664122496;-8.173828;-1.3423462;-0.23210144
1521664122516;-8.444092;-1.4117432;-1.1054688
1521664122536;-8.719238;-1.6462402;-1.2011719
1521664122547;-8.709717;-2.036255;-0.58384705
1521664122555;-8.348389;-1.8951111;-1.2657776
1521664122575;-8.207275;-2.4215088;-1.1964111
1521664122587;-8.3220215;-2.4645996;-1.2801514
1521664122596;-8.489502;-2.397583;-1.5122375
1521664122617;-8.044434;-2.397583;-1.9644775
1521664122637;-7.570801;-2.7158203;-1.9285889
1521664122657;-7.532593;-2.9359741;-1.9381714
1521664122676;-7.4608154;-2.6392822;-2.0913086
1521664122696;-7.0875244;-2.5842285;-2.112854
1521664122717;-6.3720703;-2.8258667;-2.821106
1521664122736;-6.060913;-3.0029907;-2.789978
1521664122757;-6.0010986;-2.916809;-2.9622803
1521664122769;-5.991577;-2.9000854;-3.2398682
1521664122778;-5.907837;-2.9191895;-3.3642578
1521664122797;-5.280884;-3.2661743;-2.8497925
1521664122815;-4.984131;-3.6514282;-2.4885254
1521664122827;-4.541504;-4.0510254;-2.555481
1521664122836;-4.2352295;-4.029419;-3.4647827
1521664122847;-4.2424316;-4.1968994;-3.8955078
1521664122855;-4.0151367;-3.8883057;-4.3428955
1521664122876;-3.6226807;-3.2422485;-5.51062
1521664122896;-2.6727295;-3.663391;-5.706787
1521664122915;-2.2922974;-4.2041016;-6.1973877
1521664122920;-2.0650024;-4.505615;-6.3552246
1521664122937;-2.0530396;-3.663391;-7.1688232
1521664122957;-1.8424683;-3.4312744;-7.3913574
1521664122976;-0.6245117;-5.8742676;-7.8795166
1521664122997;0.09331894;-7.204712;-7.6641846
1521664123017;0.1770668;-5.9125977;-8.039795
1521664123037;0.43788147;-4.8502197;-8.336426
1521664123057;1.43808;-6.661499;-9.094971
1521664123077;2.5746465;-7.173584;-7.958496
1521664123097;2.4119267;-4.840576;-7.9368896
1521664123124;3.0220954;-4.6348877;-9.26001
1521664123135;3.632264;-5.907837;-9.224121
1521664123140;4.2806416;-6.4989014;-9.083008
1521664123155;4.9578876;-6.4820557;-8.44165
1521664123160;5.5297875;-5.687622;-8.372314
1521664123171;5.893435;-5.0463867;-8.386719
1521664123179;6.0083036;-4.802368;-9.059082
1521664123190;6.060916;-5.0249023;-8.989746
1521664123198;6.271487;-5.5058594;-9.238525
1521664123217;6.9104033;-6.6088867;-7.8125
1521664123237;7.6186557;-6.9295654;-7.939331
1521664123257;7.6163363;-5.567993;-8.391602
1521664123277;7.8125033;-6.080078;-7.6378174
1521664123297;8.831795;-6.604126;-7.6019287
1521664123315;8.850838;-6.0705566;-7.393799
1521664123320;8.786385;-6.104004;-7.305176
1521664123329;8.628426;-6.1207275;-7.2645264
1521664123338;8.494392;-5.960449;-6.95105
1521664123357;8.487312;-6.154297;-6.8291016
1521664123377;8.410652;-5.446045;-7.3865967
1521664123396;8.3557205;-5.4819336;-6.9367676
1521664123415;8.3244705;-5.7977295;-6.958252
1521664123420;8.161873;-5.857544;-6.9559326
1521664123437;7.7741733;-5.390991;-6.5897217
1521664123456;7.405765;-4.73291;-5.8671875
1521664123477;7.2956576;-4.644409;-5.769043
1521664123497;7.589969;-4.941162;-5.8216553
1521664123515;7.417728;-5.1971436;-5.8360596
1521664123520;7.2453647;-5.0631104;-5.725952
1521664123537;7.152103;-4.876465;-5.47229
1521664123557;7.255008;-5.122925;-5.446045
1521664123577;7.1760287;-5.256958;-5.6469727
1521664123597;7.2812533;-5.103882;-5.591919
1521664123615;7.3889194;-5.1827393;-5.4244385
1521664123619;7.455936;-5.149292;-5.4699707
1521664123637;7.5493197;-5.149292;-5.654175
1521664123657;7.7382846;-5.3095703;-5.996338
1521664123677;7.979984;-5.357422;-6.142334
1521664123697;8.030281;-5.364624;-6.2452393
1521664123716;7.8627963;-5.173218;-6.503662
1521664123718;7.714359;-4.998535;-6.7094727
1521664123737;7.860355;-5.438843;-7.257324
1521664123757;7.91785;-6.1590576;-8.673828
1521664123777;7.8459506;-5.749878;-8.702637
1521664123797;7.398563;-6.010742;-8.444092
1521664123812;7.1616244;-5.960449;-8.738525
1521664123820;6.996585;-6.369629;-9.183594
1521664123837;6.7094755;-7.147339;-9.755371
1521664123849;6.6591825;-7.300415;-9.985107
1521664123858;6.5657988;-7.2333984;-9.86792
1521664123877;6.163821;-7.2645264;-9.760254
1521664123897;5.2449975;-6.8553467;-10.059326
1521664123915;4.902834;-6.685547;-9.95874
1521664123921;4.7042255;-7.1401367;-9.908447
1521664123930;4.606081;-7.376953;-10.267578
1521664123938;4.5031757;-7.585205;-10.353516
1521664123949;4.4123554;-7.307617;-10.24585
1521664123958;4.1467304;-6.7333984;-9.3654785
1521664123977;2.849793;-7.211914;-10.054443
1521664123996;2.7134404;-6.635254;-10.265137
1521664124016;2.7349858;-5.984375;-9.678955
1521664124020;2.6177373;-5.2546387;-9.566406
1521664124031;2.2635503;-5.2905273;-9.643066
1521664124038;1.9142457;-5.1779785;-8.92041
1521664124057;1.0624086;-5.79541;-9.028076
1521664124069;0.88772583;-5.2736816;-8.690674
1521664124078;0.59580994;-5.333496;-8.236084
1521664124097;0.31345367;-5.5440674;-8.116211
1521664124117;0.14356613;-5.522583;-7.666504
1521664124119;-0.0047855377;-5.3287354;-6.6280518
1521664124130;-0.36849213;-4.97937;-6.5012207
1521664124138;-0.96191406;-4.8669434;-6.314575
1521664124157;-1.8257141;-4.587036;-6.1782227
1521664124177;-1.9620972;-4.6875;-5.996338
1521664124197;-2.3066406;-3.928955;-4.977051
1521664124216;-2.7373657;-3.9553223;-4.6539307
1521664124220;-3.086731;-3.5150146;-4.182617
1521664124237;-3.4934692;-3.6801147;-3.7375488
1521664124257;-3.9649048;-3.0628052;-2.8737793
1521664124277;-4.460205;-2.8067627;-2.7852173
1521664124290;-4.6348877;-2.7612915;-2.8689575
1521664124298;-4.6468506;-2.8163452;-2.6966553
1521664124316;-4.663574;-2.701477;-2.3353882
1521664124321;-4.5821533;-2.6009521;-2.5531006
1521664124330;-4.910034;-2.2348633;-2.9694824
1521664124339;-5.1636963;-2.170288;-1.2681885
1521664124350;-4.9698486;-1.7228088;-0.56469727
1521664124358;-5.3311768;-1.8400574;-0.45702362
1521664124370;-5.838379;-1.4955139;-0.8063812
1521664124378;-6.185425;-1.3902283;-0.277565
1521664124391;-6.5897217;-1.0241089;0.21774673
1521664124399;-6.857788;-0.95233154;0.51924133
1521664124416;-7.1065674;-1.0911255;1.0958863
1521664124421;-7.116211;-1.3495483;1.5935975
1521664124433;-7.199951;-1.8783569;1.947754
1521664124439;-7.451172;-1.701294;1.093506
1521664124449;-7.912964;-1.5816345;0.96429443
1521664124458;-7.9249268;-1.6510315;1.229889
1521664124469;-7.5994873;-1.8041687;0.9762573
1521664124478;-7.286133;-2.1271973;0.559906
1521664124497;-7.35791;-2.3712769;-0.22731781
1521664124513;-7.6569824;-2.3377686;-0.6556244
1521664124519;-7.8172607;-2.2564087;-0.8207245
1521664124530;-7.800537;-2.2659912;-0.9308014
1521664124539;-7.7023926;-2.2922974;-1.2227173
1521664124549;-7.661743;-2.4932861;-1.2992859
1521664124558;-7.609131;-2.5770264;-1.1413574
1521664124570;-7.522949;-2.7469482;-1.2969055
1521664124578;-7.7598877;-2.7780151;-1.7946167
1521664124590;-7.869873;-2.7493286;-1.8831482
1521664124599;-7.72876;-2.7995605;-1.9477539
1521664124616;-7.4823;-2.7875977;-2.1678467
1521664124621;-7.2478027;-2.8617554;-2.2133179
1521664124630;-7.0994873;-2.9024658;-2.3186035
1521664124639;-6.977417;-2.9120483;-2.3377686
1521664124650;-6.666382;-3.2973022;-2.6416626
1521664124658;-6.4127197;-3.459961;-2.720581
1521664124677;-6.156616;-3.751892;-3.0508423
1521664124697;-6.199707;-3.5030518;-2.7947998
1521664124716;-6.077759;-3.2757568;-3.2039795
1521664124721;-5.9101562;-3.2470093;-3.2733765
1521664124730;-5.5440674;-3.5437622;-3.1345825
1521664124739;-5.0583496;-3.7088623;-3.0436401
1521664124750;-4.622925;-4.1921387;-3.074768
1521664124758;-4.4816895;-4.579834;-3.6418457
1521664124770;-4.421875;-4.795166;-4.359619
1521664124778;-4.4194336;-4.637207;-5.0009766
1521664124791;-4.3620605;-4.3428955;-4.814331
1521664124798;-3.9816284;-4.163452;-4.4362793
1521664124816;-3.598755;-4.187378;-4.9578857
1521664124820;-3.4049683;-4.3500977;-5.4005127
1521664124830;-3.2279053;-4.7904053;-5.130127
1521664124839;-3.0699463;-5.173218;-5.0009766
1521664124850;-2.8354492;-5.4938965;-5.8049316
1521664124859;-2.770874;-5.745117;-5.953247
1521664124869;-2.189392;-5.8814697;-6.276367
1521664124879;-1.8520203;-5.876709;-6.0394287
1521664124891;-1.4667969;-5.769043;-7.128174
1521664124899;-1.35672;-5.9868164;-7.8125
1521664124916;-1.2131348;-5.8360596;-7.396118
1521664124921;-0.7130585;-5.8862305;-6.8410645
1521664124929;-0.24885178;-5.725952;-6.8291016
1521664124940;-0.10767555;-5.7595215;-7.015747
1521664124950;-0.13399506;-5.831299;-7.0875244
1521664124959;-0.06460571;-5.192383;-7.0180664
1521664124981;0.3660965;-5.737915;-7.0372314
1521664124989;1.131775;-6.2644043;-6.6567383
1521664124999;1.9262086;-6.6016846;-7.381836
1521664125017;2.5315557;-6.6185303;-7.912964
1521664125019;3.089112;-6.369629;-7.9298096
1521664125030;3.3762214;-6.206909;-9.276855
1521664125038;3.462403;-6.2475586;-8.989746
1521664125049;3.797364;-5.800171;-8.393799
1521664125058;4.0725117;-6.180542;-7.6904297
1521664125070;4.2974873;-6.465332;-7.3171387
1521664125078;4.278322;-6.7094727;-7.465576
1521664125090;4.1801777;-6.472534;-7.039673
1521664125098;4.3931904;-6.3791504;-8.001465
1521664125113;4.790407;-6.2524414;-8.5373535
1521664125119;5.525027;-6.3361816;-8.724121
1521664125132;6.2236357;-6.9869385;-8.925049
1521664125138;6.850589;-6.735718;-7.9560547
1521664125151;7.1688266;-6.6831055;-7.0946045
1521664125159;7.075565;-6.793213;-6.3743896
1521664125170;6.6400175;-6.5179443;-6.611328
1521664125178;6.048953;-6.084839;-7.3602295
1521664125190;5.9293237;-5.9293213;-7.2286377
1521664125199;6.630496;-6.2093506;-6.9176025
1521664125220;8.587654;-7.2908936;-7.5421143
1521664125231;9.315194;-7.6641846;-8.326904
1521664125239;9.645272;-7.7143555;-8.477539
1521664125250;9.667001;-7.3148193;-8.236084
1521664125259;9.583261;-7.0252686;-7.6904297
1521664125270;9.38453;-6.2332764;-6.730957
1521664125278;9.413339;-5.4316406;-5.2402344
1521664125290;9.540048;-5.230591;-4.2591553
1521664125299;9.607186;-5.5632324;-4.4194336
1521664125316;9.556893;-5.991577;-4.77124
1521664125319;9.683602;-5.960449;-4.6970215
1521664125331;9.633309;-5.7403564;-4.6658936
1521664125339;9.580819;-5.7977295;-4.6875
1521664125351;9.46827;-5.852783;-4.787964
1521664125359;9.238534;-5.857544;-4.7999268
1521664125372;8.7649;-5.9484863;-4.859741
1521664125379;8.377205;-5.9796143;-4.8669434
1521664125390;8.18824;-6.080078;-4.795166
1521664125400;8.0588455;-5.9509277;-4.6658936
1521664125417;7.9584994;-5.764282;-4.6348877
1521664125419;7.860355;-5.438843;-4.718628
1521664125429;7.7120395;-5.2402344;-4.5821533
1521664125438;7.5612826;-5.122925;-4.522339
1521664125451;7.4536166;-4.984131;-4.522339
1521664125459;7.405765;-4.6468506;-4.60376
1521664125471;7.5804477;-4.572632;-4.5151367
1521664125479;7.6809115;-4.5439453;-4.2974854
1521664125491;7.7359653;-4.5750732;-4.2663574
1521664125499;7.645023;-4.5200195;-4.287842
1521664125524;7.7000766;-4.448242;-3.8428345
1521664125531;7.728763;-4.7927246;-4.106079
1521664125539;7.84119;-4.8741455;-4.048584
1521664125551;8.013435;-4.8621826;-3.883545
1521664125559;8.307869;-5.14209;-4.067749
1521664125572;8.463387;-5.1827393;-4.1706543
1521664125580;8.587654;-5.345459;-4.244751
1521664125591;8.630867;-5.6853027;-4.249634
1521664125600;8.654793;-5.675659;-4.484131
1521664125620;8.618904;-5.5512695;-4.510376
1521664125631;8.578133;-5.637451;-4.48645
1521664125639;8.599617;-5.9173584;-4.5319824
1521664125651;8.515877;-6.28833;-4.8095703
1521664125659;8.333992;-6.553833;-5.6063232
1521664125671;8.192879;-6.6280518;-6.314575
1521664125680;8.147469;-6.068115;-6.7907715
1521664125691;8.501472;-5.845581;-6.558716
1521664125699;8.64283;-6.0394287;-6.649536
1521664125717;8.583015;-6.276367;-6.9367676
1521664125722;8.276619;-6.4989014;-7.532593
1521664125731;8.015877;-6.3242188;-7.743164
1521664125739;7.948856;-6.2524414;-7.951294
1521664125752;8.003914;-6.5826416;-8.44165
1521664125760;8.106697;-6.776367;-8.678711
1521664125771;8.178474;-7.0706787;-8.599609
1521664125779;8.178474;-7.501465;-9.3342285
1521664125790;7.5540805;-7.2143555;-9.628662
1521664125798;7.513431;-6.845825;-9.587891
1521664125817;7.487064;-7.2094727;-9.475342
1521664125819;7.539676;-7.7766113;-9.8654785
1521664125831;7.42493;-8.295898;-10.044922
1521664125839;7.286136;-8.590088;-10.171875
1521664125850;6.9320097;-8.5876465;-10.537842
1521664125859;6.637576;-7.869873;-10.375244
1521664125872;6.28345;-7.266968;-9.922852
1521664125879;5.986819;-7.3530273;-10.310547
1521664125891;5.6374536;-8.269531;-10.755615
1521664125899;5.438845;-8.697754;-10.674316
1521664125917;5.1109643;-8.855713;-10.836914
1521664125921;4.7976093;-8.386719;-10.102295
1521664125932;4.263918;-8.044434;-10.700684
1521664125940;3.65857;-8.288574;-11.198242
1521664125951;3.3403327;-7.8100586;-10.274658
1521664125960;3.2805183;-7.4536133;-9.49707
1521664125972;2.945557;-7.640259;-9.5998535
1521664125980;2.3903813;-7.5516357;-9.674072
1521664125991;1.682129;-7.015747;-8.783936
1521664126000;1.1868287;-6.477295;-8.439453
1521664126021;0.078962326;-6.3863525;-7.7766113
1521664126032;0.028713703;-5.6397705;-7.3841553
1521664126040;-0.102890015;-5.4196777;-7.065918
1521664126051;-0.21295929;-5.230591;-7.001343
1521664126060;-0.22970963;-4.9937744;-6.6711426
1521664126072;-0.29670715;-5.0080566;-6.273926
1521664126080;-0.42352295;-4.8118896;-5.8719482
1521664126091;-0.56230164;-4.295044;-5.168457
1521664126099;-0.835083;-3.763855;-4.713745
1521664126117;-1.179657;-3.605957;-4.1011963
1521664126120;-1.5696716;-3.2901;-3.6610107
1521664126131;-1.8424683;-3.1895752;-3.5724487
1521664126141;-2.151123;-3.2542114;-3.5916138
1521664126151;-2.2755737;-2.9957886;-3.8787231
1521664126159;-2.4909058;-2.6990967;-3.5796509
1521664126172;-2.5076294;-2.4454346;-2.9957886
1521664126180;-2.624878;-2.2683716;-2.9646606
1521664126190;-2.859375;-2.0793457;-2.770874
1521664126199;-3.0412598;-1.8879089;-2.2061768
1521664126226;-3.6896973;-1.7993774;-1.866394
1521664126232;-3.9122314;-1.8328857;-1.6366882
1521664126240;-4.44104;-1.7539368;-2.05542
1521664126251;-4.675537;-1.6342773;-1.9836426
1521664126260;-4.6468506;-1.5170288;-1.4428711
1521664126272;-4.699463;-1.5146484;-0.92123413
1521664126281;-4.838257;-1.4380798;-0.5335846
1521664126291;-5.149292;-1.3375854;-0.43788147
1521664126300;-5.6469727;-1.1987915;-0.43788147
1521664126314;-6.1518555;-1.0624084;-0.0382843
1521664126320;-6.503662;-0.92840576;0.47616577
1521664126332;-6.8027344;-1.0217285;0.88772583
1521664126340;-7.185547;-0.81355286;1.43808
1521664126353;-7.489502;-0.8853302;1.5912172
1521664126360;-7.9799805;-0.94036865;1.4213258
1521664126374;-8.279053;-0.8661957;1.4715577
1521664126380;-8.425049;-1.0025635;1.8855287
1521664126391;-8.362793;-0.8661957;2.0386357
1521664126400;-8.410645;-0.87098694;1.7276002
1521664126421;-8.645264;-0.8685913;0.122032166
1521664126431;-8.738525;-0.8614044;-0.26081085
1521664126439;-8.848633;-1.1270142;-0.5288086
1521664126450;-8.688232;-1.3615112;-0.4402771
1521664126459;-8.348389;-1.9908142;-0.8231201
1521664126471;-8.468018;-2.143921;-0.87576294
1521664126479;-8.6188965;-2.093689;-0.8614044
1521664126492;-8.8342285;-1.8903198;-1.0624084
1521664126499;-8.9921875;-1.916626;-1.5529175
1521664126515;-9.066162;-2.0721436;-1.7419739
1521664126521;-9.001709;-2.081726;-1.8592224
1521664126532;-8.846191;-2.3042603;-1.8185425
1521664126541;-8.664307;-2.435852;-1.7323914
1521664126552;-8.44165;-2.6273193;-2.1870117
1521664126561;-8.487305;-3.0795288;-1.9429626
1521664126572;-8.209717;-2.8928833;-1.9597168
1521664126581;-8.264648;-3.0460205;-2.1989746
1521664126591;-8.317383;-2.859375;-2.5459595
1521664126599;-8.252686;-2.9120483;-2.4765625
1521664126623;-7.9871826;-3.055603;-2.505249
1521664126633;-7.800537;-3.1967773;-2.8187256
1521664126641;-7.647461;-3.2565918;-2.782837
1521664126652;-7.4823;-3.421692;-2.871338
1521664126660;-7.4439697;-3.3116455;-3.0316772
1521664126672;-7.3721924;-3.2924805;-3.2207031
1521664126680;-7.28125;-3.1322021;-3.3427734
1521664126693;-6.774048;-3.1034546;-3.1776123
1521664126701;-6.4605713;-3.093872;-3.3044434
1521664126722;-6.1279297;-3.706482;-3.644226
1521664126732;-5.8934326;-3.675354;-3.9577026
1521664126741;-5.845581;-3.9457397;-3.9935913
1521664126751;-5.8719482;-3.8261108;-4.271118
1521664126760;-5.9317627;-3.4193115;-4.218506
1521664126772;-5.7092285;-3.2565918;-3.7997437
1521664126780;-5.496216;-3.479126;-3.7662964
1521664126792;-5.1779785;-3.5317993;-3.598755
1521664126800;-4.7807617;-4.0341797;-3.7304077
1521664126820;-4.630005;-4.663574;-4.149048
1521664126832;-4.522339;-5.029663;-4.7904053
1521664126841;-4.517578;-5.0966797;-5.395752
1521664126852;-4.3812256;-4.606079;-4.9554443
1521664126860;-3.9577026;-4.3931885;-3.7399292
1521664126872;-3.5963745;-4.397949;-3.093872
1521664126880;-3.2542114;-4.783203;-3.3690796
1521664126892;-3.201538;-5.156494;-3.9050293
1521664126901;-3.2230835;-5.2354736;-4.572632
1521664126921;-2.8737793;-5.4364014;-7.522949
1521664126931;-2.486084;-4.8477783;-6.919922
1521664126940;-1.6629944;-4.2926025;-5.5968018
1521664126950;-0.8063812;-4.864502;-6.2452393
1521664126961;-0.4785614;-5.7211914;-7.7454834
1521664126972;-0.40677643;-5.845581;-7.666504
1521664126980;-0.26081085;-5.7523193;-7.180786
1521664126991;-0.28474426;-6.0010986;-7.7143555
1521664127000;-0.35173798;-6.154297;-8.159424
1521664127022;-0.18424606;-4.7615967;-6.503662
1521664127032;0.60058594;-5.041626;-6.027466
1521664127040;1.1940004;-6.6591797;-7.0444336
1521664127052;1.6103517;-7.8125;-7.6186523
1521664127060;2.0075688;-8.14502;-7.9368896
1521664127072;2.2348638;-8.142578;-8.276611
1521664127081;2.3018804;-6.757324;-8.360352
1521664127092;2.4550176;-5.503418;-8.288574
1521664127100;2.749329;-4.8095703;-7.388916
1521664127116;3.4887092;-4.852539;-7.23584
1521664127121;3.9385383;-5.7235107;-7.3913574
1521664127132;4.2806416;-6.400757;-7.546875
1521664127141;4.7856464;-7.597168;-7.439209
1521664127152;4.6922626;-7.503784;-9.611816
1521664127160;4.795168;-6.2667236;-9.097412
1521664127175;5.38135;-5.087036;-8.398682
1521664127181;6.056155;-5.9891357;-9.209961
1521664127192;6.6400175;-6.4294434;-8.446533
1521664127201;7.2119174;-5.9940186;-7.508667
1521664127216;7.455936;-6.9104004;-7.2525635
1521664127222;7.4464145;-7.420044;-7.19751
1521664127233;6.972659;-6.8601074;-8.207275
1521664127241;6.726199;-6.477295;-8.437012
1521664127253;6.7788115;-5.953247;-8.291016
1521664127262;7.252567;-6.192505;-8.034912
1521664127274;7.975223;-6.5179443;-7.053955
1521664127281;8.731209;-6.7022705;-6.3432617
1521664127294;9.212167;-7.149658;-5.8599854
1521664127301;9.114266;-7.116211;-5.661377
1521664127325;8.078133;-7.28125;-6.350464
1521664127334;8.161873;-7.36499;-6.28833
1521664127342;8.405769;-7.1018066;-6.204468
1521664127354;8.836678;-6.8410645;-5.888672
1521664127362;8.886726;-6.4749756;-5.888672
1521664127374;8.427498;-5.9173584;-5.8168945
1521664127382;8.31739;-5.8862305;-5.8791504
1521664127394;8.3747635;-6.0179443;-5.9101562
1521664127402;8.503914;-6.1782227;-5.7834473
1521664127423;8.57325;-6.2475586;-5.3933105
1521664127431;8.460945;-6.0897217;-5.3933105
1521664127445;7.9704623;-5.42688;-5.3048096
1521664127454;7.867557;-5.122925;-5.0511475
1521664127462;7.7551303;-5.0057373;-4.977051
1521664127474;7.5612826;-5.3431396;-5.0272217
1521664127482;7.4344516;-5.3598633;-5.015259
1521664127494;7.3698764;-5.429199;-5.084717
1521664127502;7.4583774;-5.383789;-5.0894775
1521664127523;7.4583774;-5.4052734;-5.0655518
1521664127531;7.4416537;-5.5584717;-5.2019043
1521664127545;7.379398;-5.522583;-5.407715
1521664127554;7.4392123;-5.4675293;-5.3981934
1521664127562;7.525394;-5.599121;-5.307251
1521664127575;7.5037875;-5.668579;-5.0463867
1521664127583;7.5493197;-5.96521;-5.0942383
1521664127594;7.5349154;-6.2165527;-5.1397705
1521664127602;7.6665072;-6.508423;-5.199585
1521664127622;7.7502475;-6.5562744;-5.2354736
1521664127633;7.6186557;-6.647217;-5.484253
1521664127641;7.6043735;-6.407959;-5.623047
1521664127652;7.728763;-6.4869385;-5.800171
1521664127661;7.8770785;-6.661499;-6.1710205
1521664127673;7.975223;-6.5515137;-6.3170166
1521664127682;7.9657016;-6.730957;-6.3552246
1521664127693;7.824466;-6.795532;-6.065796
1521664127701;7.6163363;-6.9295654;-6.242798
1521664127725;7.4464145;-6.805176;-7.061157
1521664127734;7.5971713;-6.711792;-7.2406006
1521664127742;7.929813;-6.8338623;-7.166504
1521664127754;8.0900955;-7.3220215;-7.31958
1521664127762;8.238289;-7.7574463;-7.503784
1521664127775;8.022957;-8.061279;-8.231201
1521664127782;7.7502475;-8.054199;-8.697754
1521664127794;7.7263217;-7.8077393;-8.702637
1521664127802;7.798099;-7.654541;-8.437012
1521664127817;7.5086703;-8.068359;-8.944336
1521664127824;7.2764926;-7.9154053;-9.056641
1521664127834;7.0611606;-8.058838;-9.422852
1521664127841;7.006107;-8.085205;-9.25293
1521664127853;7.0108676;-7.8125;-9.035156
1521664127861;6.611331;-7.8914795;-9.86792
1521664127874;6.3050566;-7.6904297;-10.116699
1521664127882;6.041873;-7.6258545;-9.764893
1521664127894;5.7714868;-8.109131;-9.930176
1521664127901;5.5034204;-8.269531;-10.164551
1521664127916;5.103884;-8.207275;-10.052246
1521664127922;4.694704;-7.781372;-9.255371
1521664127934;4.2352314;-7.343506;-8.891602
1521664127942;3.570069;-7.3793945;-8.717041
1521664127953;2.9024663;-8.0563965;-9.300781
1521664127962;2.445435;-8.697754;-9.848633
1521664127974;2.4358525;-8.425049;-9.563965
1521664127982;2.5698857;-8.35083;-9.38208
1521664127993;2.7445073;-8.487305;-8.901123
1521664128002;2.6081548;-7.970459;-8.563721
1521664128025;1.6414491;-6.895996;-7.731201
1521664128034;1.1509401;-6.623291;-7.2214355
1521664128042;0.7537384;-6.7142334;-7.1688232
1521664128053;0.23688889;-6.223633;-7.642578
1521664128062;0.20578003;-5.7403564;-7.27417
1521664128074;0.21295929;-5.491455;-6.838623
1521664128082;0.22492218;-5.3551025;-6.6208496
1521664128093;0.05264187;-5.048828;-6.3743896
1521664128102;-0.17228317;-4.522339;-5.781006
1521664128125;-0.92123413;-3.78302;-5.1636963
1521664128134;-1.4428711;-3.5772095;-4.9243164
1521664128142;-1.8065796;-3.6226807;-4.6276855
1521664128153;-2.0984497;-3.706482;-4.6396484
1521664128162;-2.2037354;-3.840454;-4.2783203
1521664128174;-2.2755737;-4.0510254;-3.8308716
1521664128182;-2.3712769;-3.9816284;-3.5198364
1521664128194;-2.5483398;-3.8859253;-3.6705322
1521664128202;-2.840271;-3.3618774;-3.637085
1521664128216;-3.113037;-2.7875977;-2.9550781
1521664128222;-3.3307495;-2.6201172;-2.4454346
1521664128234;-3.3738403;-2.7301636;-2.6273193
1521664128242;-3.5963745;-3.0197144;-3.0029907
1521664128253;-3.8476562;-2.9526978;-2.7780151
1521664128262;-4.024658;-2.5459595;-2.682312
1521664128274;-4.4074707;-2.1032715;-2.4310913
1521664128282;-4.5462646;-2.1678467;-1.9285889
1521664128293;-4.783203;-2.3568726;-1.4452515
1521664128302;-5.14209;-2.7110596;-1.1581116
1521664128325;-5.9245605;-2.7038574;-0.45941925
1521664128334;-6.4486084;-2.2109375;-0.29431152
1521664128342;-6.932007;-2.012329;0.01914215
1521664128353;-7.166504;-1.5768433;0.20338821
1521664128362;-7.305176;-1.5433655;0.53837585
1521664128375;-7.3482666;-1.6629944;0.62690735
1521664128383;-7.539673;-1.847229;0.57666016
1521664128394;-7.793335;-2.0386353;0.58862305
1521664128402;-8.142578;-1.9118652;0.49770355
1521664128427;-8.5686035;-1.6031799;0.9164429
1521664128434;-8.599609;-1.6079712;1.0887147
1521664128442;-8.614014;-1.670166;0.4019928
1521664128454;-8.913086;-1.7323914;-0.35652924
1521664128462;-9.186035;-1.6175232;-0.4307022
1521664128473;-9.159668;-1.5744629;0.19142532
1521664128482;-8.944336;-1.4907227;0.15074539
1521664128493;-8.602051;-2.2156982;0.37088013
1521664128502;-8.628418;-2.63208;0.19142532
1521664128523;-9.186035;-2.2372437;-0.38285065
1521664128532;-9.178711;-2.05542;-0.5431671
1521664128541;-8.774414;-2.1917725;-0.3924179
1521664128553;-8.324463;-2.4885254;-0.56230164
1521664128561;-8.018311;-2.7924194;-0.73698425
1521664128573;-7.9106445;-2.9622803;-0.9188385
1521664128581;-8.039795;-2.9957886;-0.95951843
1521664128592;-8.123535;-2.9311523;-1.2155457
1521664128601;-8.118652;-2.6990967;-1.2992859
1521664128617;-7.9034424;-2.6775513;-1.4524231
1521664128625;-7.680908;-2.6966553;-1.5074768
1521664128634;-7.4033203;-2.789978;-1.5170288
1521664128642;-7.2478027;-2.8833008;-1.6510315
1521664128654;-7.19751;-2.9814453;-1.7180176
1521664128663;-7.039673;-3.0651855;-1.7252197
1521664128675;-7.0444336;-3.0340576;-1.9285889
1521664128682;-6.8601074;-3.1393433;-1.9094543
1521664128694;-6.7404785;-3.0579834;-1.7706604
1521664128702;-6.623291;-2.9407349;-1.7826233
1521664128717;-6.422241;-3.244629;-2.1080322
1521664128734;-5.946045;-3.763855;-2.9599
1521664128742;-5.900635;-3.7590942;-2.8641968
1521664128753;-5.7595215;-3.8237305;-2.7445068
1521664128762;-5.7475586;-3.802185;-3.0914917
1521664128775;-5.7977295;-3.7088623;-2.8617554
1521664128782;-5.71875;-3.8428345;-2.751709
1521664128793;-5.4699707;-4.15625;-2.562683
1521664128802;-5.1540527;-4.3884277;-2.8857422
1521664128817;-4.8477783;-5.0009766;-3.8093262
1521664128822;-4.845459;-5.0321045;-4.460205
1521664128834;-4.591797;-5.010498;-4.5270996
1521664128842;-4.4888916;-4.826294;-4.453003
1521664128853;-4.421875;-4.218506;-4.263916
1521664128862;-4.1347656;-4.055786;-3.8883057
1521664128874;-3.6514282;-4.694702;-4.275879
1521664128882;-3.213501;-5.75708;-4.9123535
1521664128893;-2.7660522;-6.539551;-4.7281494
1521664128902;-2.3377686;-7.015747;-5.0750732
1521664128917;-2.4813232;-7.0826416;-6.6065674
1521664128923;-2.998169;-6.1256104;-7.0133057
1521664128934;-3.1585083;-4.460205;-5.7235107
1521664128944;-2.7565308;-3.7734375;-4.902832
1521664128954;-1.217926;-5.4101562;-5.9748535
1521664128964;-0.3541336;-7.1018066;-6.6256104
1521664128975;0.11485481;-8.180908;-6.7979736
1521664128983;0.38285065;-8.420166;-7.2980957
1521664128994;0.26320648;-7.52771;-8.219238
1521664129003;0.045463562;-6.3791504;-7.7000732
1521664129026;0.5742645;-5.781006;-7.4033203
1521664129034;1.0982972;-6.7596436;-7.463135
1521664129043;1.6606141;-7.8292236;-7.135376
1521664129054;2.1583257;-8.910645;-7.3148193
1521664129063;2.3425298;-8.84375;-7.6066895
1521664129076;2.4047856;-7.9417725;-8.202393
1521664129084;2.1893926;-7.1568604;-7.5635986
1521664129095;2.268372;-6.4869385;-6.9223633
1521664129103;2.526795;-6.5179443;-6.915161
1521664129126;3.1991584;-7.585205;-6.850586
1521664129137;3.5844123;-7.7263184;-8.114014
1521664129144;3.7327888;-7.932129;-9.305664
1521664129154;4.113161;-6.8984375;-8.422607
1521664129163;4.6085224;-6.5323486;-7.642578
1521664129175;4.859743;-6.7979736;-7.3793945
1521664129183;4.7927265;-6.900879;-6.934326
1521664129194;4.6013203;-7.1329346;-6.7453613
1521664129203;4.613283;-6.9918213;-6.895996
1521664129217;4.795168;-6.958252;-7.616333
1521664129224;5.101443;-6.6328125;-8.642822
1521664129235;5.766604;-6.6208496;-8.374756
1521664129241;6.388797;-6.2404785;-7.6569824
1521664129253;6.7932158;-6.4174805;-7.3913574
1521664129261;6.783572;-6.7668457;-7.173584
1521664129274;6.599368;-6.8218994;-7.0994873
1521664129282;6.23804;-7.0061035;-8.027832
1521664129295;6.230838;-7.11145;-7.9226074
1521664129302;6.718997;-6.7022705;-7.9345703
1521664129326;7.3866;-6.69751;-7.231079
1521664129335;7.4200473;-6.28833;-6.934326
1521664129344;7.2119174;-6.261963;-7.2764893
1521664129354;6.891238;-6.1518555;-7.2980957
1521664129364;6.972659;-6.1326904;-7.0300293
1521664129375;7.2310824;-6.4558105;-6.805176
1521664129383;7.537357;-6.793213;-6.5897217
1521664129396;7.544559;-7.020508;-6.553833
1521664129404;6.97742;-6.9487305;-6.9869385
1521664129425;7.0085483;-6.5131836;-7.243042
1521664129434;7.2502475;-6.326538;-6.8481445
1521664129442;7.4200473;-6.3242188;-6.572998
1521664129455;7.286136;-6.331299;-6.491699
1521664129464;6.984622;-6.28833;-6.3863525
1521664129474;6.695071;-6.068115;-6.446167
1521664129482;6.6447783;-5.915039;-6.273926
1521664129494;6.718997;-5.838379;-6.034668
1521664129502;6.8481474;-5.7092285;-6.1518555
1521664129526;6.802737;-5.3048096;-6.666382
1521664129535;6.872073;-4.9937744;-6.503662
1521664129544;6.996585;-4.9698486;-6.199707
1521664129555;6.97742;-5.003296;-6.0179443
1521664129563;6.9487333;-5.029663;-5.9198
1521664129575;6.9559355;-4.97937;-5.776245
1521664129582;6.7860136;-4.8238525;-5.623047
1521664129594;6.833865;-4.852539;-5.5968018
1521664129603;6.857791;-4.9387207;-5.6517334
1521664129624;7.1807895;-4.991333;-5.67334
1521664129634;7.1927524;-4.89563;-5.5393066
1521664129643;7.17847;-4.9387207;-5.541748
1521664129655;7.2836947;-5.161255;-5.47229
1521664129663;7.360233;-5.498657;-5.541748
1521664129675;7.463138;-5.6589355;-5.587158
1521664129683;7.3459506;-5.7164307;-5.8862305
1521664129695;7.2764926;-5.776245;-6.123169
1521664129702;7.360233;-5.7139893;-6.649536
1521664129724;7.6737094;-5.522583;-6.82666
1521664129735;7.7454867;-5.603882;-6.4869385
1521664129744;7.525394;-6.345703;-6.4246826
1521664129755;7.0300326;-6.668701;-6.8864746
1521664129763;6.5587187;-6.8242188;-7.326782
1521664129775;6.369632;-6.7022705;-7.6210938
1521664129784;6.5562773;-6.7979736;-7.805298
1521664129797;6.7907743;-7.130493;-8.166504
1521664129803;6.833865;-7.3913574;-8.271973
1521664129824;6.6831083;-7.609131;-9.052002
1521664129835;6.384036;-7.7910156;-9.439453
1521664129844;6.1829863;-7.843628;-9.375
1521664129855;6.2285185;-7.836426;-9.274414
1521664129863;5.8981957;-7.8603516;-9.501709
1521664129875;5.7690454;-7.6569824;-9.8654785
1521664129884;5.7187524;-7.893921;-9.9921875
1521664129896;5.7954125;-8.073242;-10.061768
1521664129904;5.919802;-8.298096;-10.190918
1521664129924;5.723513;-8.446533;-10.461182
1521664129935;5.5297875;-8.094727;-10.0234375
1521664129942;5.2186303;-7.8100586;-10.2578125
1521664129955;4.9195576;-7.723999;-10.382324
1521664129962;4.744875;-7.4990234;-10.578613
1521664129975;4.5773945;-7.654541;-10.89917
1521664129983;4.4936543;-7.769409;-10.260254
1521664129995;4.3931904;-8.018311;-10.336914
1521664130003;4.0916767;-8.669189;-9.839111
1521664130027;3.062806;-7.7335205;-9.351074
1521664130035;2.3975835;-7.4296875;-9.4921875
1521664130044;2.0386357;-6.9821777;-9.363037
1521664130055;1.9046632;-7.1688232;-9.607178
1521664130062;1.9094545;-7.647461;-9.805664
1521664130075;1.9908143;-6.82666;-8.34375
1521664130083;1.5983888;-6.6256104;-7.743164
1521664130095;1.0647889;-5.960449;-7.8077393
1521664130103;0.47377777;-5.5440674;-8.075684
1521664130126;0.083747864;-5.1445312;-7.2645264
1521664130136;0.0765686;-5.429199;-7.216675
1521664130144;0.10528374;-5.395752;-6.927124
1521664130155;0.043070793;-4.89563;-6.762085
1521664130164;-0.14117432;-4.598999;-6.0394287
1521664130175;-0.4426651;-4.182617;-5.7977295
1521664130184;-0.79919434;-4.1228027;-5.3431396
1521664130195;-0.9954071;-4.19458;-5.376587
1521664130204;-1.3351746;-4.5319824;-5.2856445
1521664130224;-1.7347717;-4.244751;-4.737671
1521664130235;-2.024292;-4.0964355;-4.7281494
1521664130243;-2.2540283;-3.5628662;-4.4697266
1521664130254;-2.4215088;-3.3307495;-4.290283
1521664130263;-2.562683;-3.2853394;-4.2113037
1521664130276;-2.9335938;-2.9144287;-4.1778564
1521664130284;-3.3762207;-2.5339966;-3.2350464
1521664130295;-3.6992798;-2.1607056;-2.5076294
1521664130304;-4.149048;-2.1798096;-2.0960693
1521664130322;-4.8118896;-2.701477;-2.100891
1521664130336;-4.9626465;-2.9646606;-2.2659912
1521664130345;-5.048828;-2.5603027;-2.0960693
1521664130356;-5.2474365;-2.3258057;-1.7826233
1521664130364;-5.4436035;-2.1583252;-1.414154
1521664130376;-5.7666016;-2.1271973;-1.119812
1521664130382;-6.077759;-1.976471;-0.7585144
1521664130392;-6.45105;-1.7850342;-0.48095703
1521664130401;-6.7835693;-1.8544312;-0.19860077
1521664130416;-6.965454;-1.6247253;0.2536316
1521664130421;-7.097046;-1.533783;0.7896271
1521664130432;-7.3721924;-1.4739685;1.0025636
1521664130441;-7.7454834;-1.3591003;1.0911256
1521664130455;-8.075684;-1.1078491;1.2562257
1521664130461;-8.408203;-0.7704773;1.7730714
1521664130474;-8.748047;-0.35652924;2.280335
1521664130482;-8.939453;-0.1004982;2.8283086
1521664130493;-9.032715;-0.2153511;2.907227
1521664130501;-9.157227;-0.33738708;2.395203
1521664130525;-9.432373;-0.37327576;1.3495485
1521664130546;-8.420166;-0.96429443;0.72979736
1521664130556;-8.216797;-1.1437683;0.3637085
1521664130565;-8.30542;-1.35672;0.28234863
1521664130576;-8.30542;-1.2705688;-0.07417679
1521664130584;-8.68335;-1.119812;-0.65083313
1521664130595;-8.625977;-1.3088684;-0.34456635
1521664130604;-8.513428;-1.1126404;-0.5312042
1521664130625;-8.420166;-1.1916199;-0.9810486
1521664130637;-8.453613;-1.385437;-1.1413574
1521664130644;-8.413086;-1.5218201;-1.2131348
1521664130656;-8.377197;-1.8065796;-1.2442627
1521664130665;-8.377197;-1.8927002;-1.3088684
1521664130677;-8.35791;-1.9309998;-1.3423462
1521664130684;-8.401123;-1.7634888;-1.366272
1521664130696;-8.499268;-1.7299805;-1.3016663
1521664130705;-8.47998;-1.7874146;-1.4117432
1521664130724;-8.116211;-1.9620972;-1.5744629
1521664130735;-7.9608154;-2.1798096;-1.6773682
1521664130743;-7.7766113;-2.3688354;-1.7874146
1521664130755;-7.712036;-2.5579224;-2.012329
1521664130764;-7.6761475;-2.455017;-2.2659912
1521664130776;-7.501465;-2.3832397;-2.201355
1521664130784;-7.2333984;-2.5985718;-2.258789
1521664130796;-7.0491943;-2.789978;-2.5579224
1521664130804;-6.9989014;-2.8546143;-2.5100708
1521664130825;-6.953491;-3.0029907;-3.3044434
1521664130835;-6.953491;-2.9957886;-3.5581055
1521664130844;-6.8146973;-2.8354492;-3.3187866
1521664130855;-6.553833;-2.7875977;-3.1848145
1521664130864;-6.331299;-2.9431152;-3.5509033
1521664130876;-6.3743896;-3.074768;-3.3930054
1521664130884;-6.3624268;-3.1728516;-3.0197144
1521664130895;-6.2475586;-3.2111206;-2.7349854
1521664130904;-6.0897217;-3.3499146;-3.1177979
1521664130921;-6.1136475;-3.282898;-3.7351685
1521664130937;-5.907837;-3.352295;-4.2543945
1521664130946;-5.2354736;-3.4575806;-3.6394653
1521664130956;-4.6085205;-3.94812;-3.201538
1521664130964;-4.1156006;-4.6539307;-3.8596191
1521664130976;-3.9122314;-5.0440674;-4.890869
1521664130986;-3.8165283;-4.9746094;-5.156494
1521664130996;-3.7399292;-4.9123535;-5.5250244
1521664131004;-3.7614746;-4.503174;-5.927002
1521664131024;-3.0699463;-4.498413;-5.2617188
1521664131036;-2.586609;-4.9698486;-5.769043
1521664131045;-2.112854;-5.491455;-6.491699
1521664131056;-1.7204285;-6.1398926;-7.11145
1521664131064;-1.493103;-6.080078;-7.269287
1521664131076;-1.35672;-5.9053955;-7.166504
1521664131085;-1.3471375;-5.5201416;-7.31958
1521664131096;-1.3710632;-5.1468506;-7.300415
1521664131105;-1.3423462;-4.876465;-6.8146973
1521664131123;-0.9236145;-4.864502;-6.584961
1521664131137;-0.08614159;-5.38855;-6.86499
1521664131146;0.39720154;-5.8599854;-7.400879
1521664131157;0.7561188;-6.45105;-8.044434
1521664131166;1.172455;-6.649536;-7.4344482
1521664131187;2.2707524;-6.78125;-7.85083
1521664131197;2.4813237;-6.666382;-8.501465
1521664131206;2.5889897;-6.269165;-8.26709
1521664131224;2.880921;-6.180542;-7.9560547
1521664131235;3.0675666;-6.1398926;-8.18335
1521664131244;3.3522956;-6.3289795;-8.171387
1521664131265;4.3189716;-6.529907;-8.386719
1521664131276;4.80237;-6.8146973;-8.542236
1521664131284;5.2761254;-7.2597656;-9.255371
1521664131297;5.443606;-7.4823;-9.2265625
1521664131304;5.6925073;-6.884033;-8.446533
1521664131326;5.9412866;-6.1470947;-8.231201
1521664131336;5.8144555;-6.149536;-7.4750977
1521664131344;5.9724145;-6.1398926;-7.0133057
1521664131355;6.2667265;-6.49646;-7.192749
1521664131365;6.515628;-6.776367;-7.532593
1521664131376;6.76929;-6.876953;-8.3125
1521664131384;7.2645297;-7.1760254;-8.171387
1521664131397;7.783817;-6.946289;-8.331787
1521664131404;8.125984;-6.596924;-8.518311
1521664131426;8.494392;-5.611084;-7.1209717
1521664131436;8.288582;-5.599121;-6.7214355
1521664131444;7.8459506;-5.4938965;-6.6447754
1521664131456;7.9273715;-5.5369873;-6.7285156
1521664131465;8.274178;-5.661377;-6.400757
1521664131476;8.659431;-5.7164307;-6.381592
1521664131484;9.032723;-5.857544;-5.9484863
1521664131495;9.142831;-5.7546387;-5.953247
1521664131505;8.972908;-5.345459;-5.915039
1521664131526;8.740974;-5.087036;-5.3790283
1521664131537;8.712166;-5.2785645;-5.491455
1521664131545;8.755135;-5.3742676;-5.4508057
1521664131566;8.913094;-5.3406982;-5.3359375
1521664131585;8.425056;-4.8358154;-5.048828
1521664131597;8.283943;-4.8118896;-4.787964
1521664131606;8.051765;-5.0511475;-5.0463867
1521664131626;8.484871;-5.2785645;-5.402954
1521664131637;8.479988;-5.2976074;-5.321533
1521664131646;8.389168;-5.2521973;-4.907593
1521664131666;7.9776645;-4.9890137;-4.498413
1521664131686;7.944095;-5.407715;-4.359619
1521664131697;8.06617;-5.4627686;-4.4074707
1521664131706;8.099617;-5.79541;-4.6827393
1521664131726;8.042244;-5.706787;-4.7592773
1521664131736;8.022957;-5.7092285;-5.0440674
1521664131745;8.135506;-5.587158;-4.756836
1521664131757;8.226326;-5.642212;-4.730591
1521664131765;8.24073;-5.958008;-4.6348877
1521664131777;8.161873;-5.9940186;-4.8621826
1521664131785;8.054207;-5.972412;-4.795166
1521664131796;8.087654;-6.0944824;-4.7927246
1521664131805;8.070808;-6.3432617;-5.034424
1521664131825;8.085213;-6.8242188;-5.9173584
1521664131836;8.128426;-6.529907;-6.2547607
1521664131844;8.23365;-6.1973877;-6.314575
1521664131856;8.310066;-6.099243;-6.3552246
1521664131865;8.31739;-6.180542;-6.3361816
1521664131876;8.302986;-6.5251465;-6.438965
1521664131885;8.243172;-7.0898438;-6.4677734
1521664131896;8.022957;-7.1593018;-7.266968
1521664131905;8.032478;-6.7476807;-7.343506
1521664131923;8.125984;-6.757324;-7.2094727
1521664131937;8.192879;-7.2333984;-7.9034424
1521664131946;8.106697;-7.216675;-8.216797
1521664131966;8.147469;-6.8673096;-8.630859
1521664131985;7.9776645;-7.199951;-8.79834
1521664131996;7.786136;-7.6953125;-9.353516
1521664132004;7.6569858;-7.6761475;-9.358154
1521664132024;7.563602;-7.3100586;-9.114258
1521664132037;7.0491977;-7.374634;-9.152344
1521664132046;6.6831083;-7.053955;-9.240967
1521664132057;6.352908;-6.9056396;-9.379639
1521664132066;6.0513945;-6.7142334;-9.023193
1521664132086;5.1325707;-6.98938;-9.578369
1521664132106;4.560671;-6.25;-9.166748
1521664132126;3.4599617;-6.381592;-9.217041
1521664132137;3.3187873;-6.415039;-9.86792
1521664132145;3.2757576;-6.649536;-10.092773
1521664132156;3.4073493;-6.718994;-9.212158
1521664132165;3.2996833;-6.6400146;-8.664307
1521664132177;2.849793;-6.453369;-8.006348
1521664132186;2.2252812;-6.168579;-7.2382812
1521664132197;1.4787599;-6.1638184;-7.4296875
1521664132205;0.7130585;-6.2404785;-8.185791
1521664132225;0.2512436;-5.9940186;-8.602051
1521664132228;0.12921143;-5.6708984;-9.063965
1521664132246;0.82551575;-5.1134033;-8.197754
1521664132257;0.9930115;-4.6658936;-7.755127
1521664132266;0.7393799;-4.4505615;-6.9869385
1521664132286;-0.5431671;-4.460205;-7.0898438
1521664132297;-1.1557312;-3.802185;-6.6400146
1521664132306;-1.6510315;-3.105835;-6.9630127
1521664132326;-1.8974915;-2.1870117;-6.6903076
1521664132337;-1.8568115;-1.8328857;-5.814453
1521664132346;-2.3162231;-1.4835205;-6.053833
1521664132357;-2.8163452;-0.76808167;-5.711548
1521664132366;-3.2877197;-0.5359802;-5.584839
1521664132377;-3.7926025;-0.46420288;-5.769043
1521664132385;-3.9265747;-0.5670929;-5.053589
1521664132397;-3.940979;-1.3638916;-4.7161865
1521664132405;-4.1706543;-2.1415405;-4.7904053
1521664132426;-4.749634;-2.828308;-2.9311523
1521664132437;-4.9865723;-3.6466064;-2.6273193
1521664132446;-5.2785645;-3.960083;-2.6488037
1521664132457;-5.4699707;-3.833252;-2.0673828
1521664132466;-5.434082;-4.0510254;-1.5983887
1521664132477;-5.572876;-4.2591553;-1.7778625
1521664132486;-5.807373;-4.098877;-0.6819458
1521664132497;-5.838379;-3.8117065;-0.39959717
1521664132506;-6.2141113;-3.8045654;-0.4139557
1521664132525;-6.5826416;-3.644226;0.3660965
1521664132537;-6.723755;-3.4240723;-0.01914215
1521664132545;-7.1257324;-3.0436401;-0.01914215
1521664132566;-7.408081;-2.5411377;0.5814514
1521664132577;-7.4416504;-2.0410767;0.87576294
1521664132585;-7.5612793;-2.0913086;0.8470459
1521664132597;-7.654541;-2.3353882;0.9571228
1521664132605;-7.623413;-2.5387573;0.83987427
1521664132624;-7.642578;-2.3880005;0.3038864
1521664132629;-7.640259;-2.1032715;-0.0382843
1521664132646;-7.489502;-1.9214172;-0.25842285
1521664132666;-7.3554688;-1.9788513;-0.43549347
1521664132687;-7.4105225;-2.0027466;-0.56469727
1521664132706;-7.3100586;-2.3807983;-1.0528259
1521664132725;-7.388916;-2.4693604;-1.3806458
1521664132728;-7.393799;-2.3880005;-1.2753601
1521664132747;-7.2382812;-2.7493286;-1.631897
1521664132766;-6.8242188;-3.1322021;-1.8616028
1521664132787;-6.7524414;-3.2565918;-2.6105347
1521664132806;-6.465332;-2.770874;-2.4717407
1521664132826;-6.1782227;-3.182434;-2.258789
1521664132837;-6.092041;-3.4839478;-2.2850952
1521664132846;-6.072876;-3.7160034;-2.4956665
1521664132857;-6.0633545;-3.5006714;-3.498291
1521664132866;-6.3217773;-3.4336548;-3.9169922
1521664132877;-6.1016846;-3.105835;-3.5078735
1521664132886;-5.3598633;-3.067566;-3.0101318
1521664132897;-4.706665;-3.378662;-3.1393433
1521664132906;-4.4266357;-3.7614746;-3.5222168
1521664132927;-4.3356934;-4.491211;-4.333374
1521664132946;-4.290283;-5.0894775;-4.9315186
1521664132966;-3.6968994;-4.694702;-5.567993
1521664132978;-3.3547363;-4.409912;-5.0822754
1521664132988;-2.9335938;-4.644409;-5.8480225
1521664133007;-2.6583862;-5.0057373;-6.1757812
1521664133025;-1.976471;-5.654175;-5.599121
1521664133030;-1.5792542;-5.8288574;-5.5178223
1521664133047;-1.4284973;-5.876709;-5.958008
1521664133067;-1.2944946;-5.546509;-8.171387
1521664133087;-0.1770668;-5.883911;-7.628296
1521664133107;1.4284974;-6.029907;-6.1638184
1521664133127;1.9812318;-7.2453613;-6.5802
1521664133147;1.3208314;-6.9223633;-9.367676
1521664133167;1.6749574;-6.185425;-8.705078
1521664133187;3.4456184;-6.472534;-7.231079
1521664133207;4.3812275;-6.539551;-5.9556885
1521664133227;3.3379524;-6.723755;-9.568848
1521664133246;3.5389411;-5.8911133;-8.661865
1521664133266;6.3552275;-7.6330566;-6.977417
1521664133287;6.541873;-7.4416504;-7.4750977
1521664133306;5.54407;-6.95105;-7.8077393
1521664133325;5.824099;-6.6328125;-8.001465
1521664133328;6.8625517;-6.5634766;-7.369873
1521664133347;9.322274;-7.712036;-6.82666
1521664133367;9.80079;-7.369873;-5.9437256
1521664133387;8.693123;-6.78833;-6.1256104
1521664133407;9.46827;-6.6280518;-6.0369873
1521664133425;9.956307;-6.98938;-5.71875
1521664133429;10.133554;-6.738159;-5.7211914
1521664133446;9.645272;-6.805176;-5.383789
1521664133457;9.303231;-6.7261963;-5.515381
1521664133466;9.063973;-6.7404785;-5.4819336
1521664133486;8.468025;-5.8408203;-5.3551025
1521664133506;8.11866;-5.565674;-5.30249
1521664133525;7.867557;-5.5178223;-5.2546387
1521664133529;7.84119;-5.42688;-5.1540527
1521664133546;7.6737094;-5.4244385;-4.869385
1521664133557;7.7454867;-5.2617188;-4.5821533
1521664133567;7.7072787;-5.1086426;-4.5319824
1521664133587;7.5229526;-4.706665;-4.4074707
1521664133606;7.575565;-4.7592773;-4.11084
1521664133625;7.6306186;-4.807129;-4.1658936
1521664133629;7.702396;-4.852539;-4.137085
1521664133646;7.867557;-4.7161865;-3.8093262
1521664133666;7.9010043;-4.8358154;-3.5317993
1521664133687;8.092293;-4.857422;-3.321228
1521664133707;8.484871;-4.5439453;-3.1034546
1521664133725;8.506355;-4.5343018;-3.086731
1521664133730;8.511238;-4.622925;-2.9742432
1521664133739;8.491951;-4.567871;-2.9526978
1521664133748;8.535164;-4.505615;-2.732544
1521664133759;8.515877;-4.3812256;-2.6990967
1521664133768;8.575691;-4.302246;-2.694275
1521664133781;8.616463;-4.2088623;-2.624878
1521664133788;8.633308;-4.15625;-2.63208
1521664133799;8.614021;-4.0007324;-2.8115234
1521664133809;8.755135;-4.0844727;-2.7158203
1521664133826;8.805428;-4.0821533;-2.8665771
1521664133830;8.824715;-4.251953;-2.9526978
1521664133839;8.831795;-4.2998047;-2.909668
1521664133848;8.834236;-4.2304688;-2.7947998
1521664133866;8.556648;-4.163452;-2.6799316
1521664133887;8.381844;-4.2974854;-2.6152954
1521664133906;8.302986;-4.460205;-2.7158203
1521664133927;8.226326;-4.376465;-2.6536255
1521664133947;8.164314;-4.2783203;-2.801941
1521664133967;8.192879;-4.287842;-2.6799316
1521664133979;8.137947;-4.364502;-2.7110596
1521664133988;8.044441;-4.187378;-2.7086182
1521664134007;8.104256;-4.2160645;-2.644043
1521664134022;8.176277;-4.2424316;-2.6081543
1521664134030;8.228767;-4.19458;-2.675171
1521664134039;8.262215;-4.175415;-2.7445068
1521664134048;8.214363;-4.2424316;-2.7421265
1521664134059;8.197762;-4.163452;-2.847412
1521664134068;8.264656;-4.055786;-2.8569946
1521664134080;8.360359;-4.0079346;-2.7182007
1521664134088;8.329353;-4.0126953;-2.6152954
1521664134099;8.341316;-4.074951;-2.6201172
1521664134108;8.329353;-4.1467285;-2.6655884
1521664134122;8.28614;-4.1467285;-2.7756348
1521664134129;8.281502;-4.244751;-2.6201172
1521664134139;8.345955;-4.225708;-2.6105347
1521664134148;8.269539;-4.263916;-2.6871338
1521664134160;8.302986;-4.1347656;-2.7732544
1521664134168;8.2480545;-4.2232666;-2.8187256
1521664134180;8.154549;-4.3884277;-2.8115234
1521664134188;8.121101;-4.390747;-2.7947998
1521664134200;8.125984;-4.3740234;-2.847412
1521664134208;8.094734;-4.271118;-2.7924194
1521664134223;8.054207;-4.3548584;-2.8617554
1521664134229;8.025398;-4.429077;-2.8187256
1521664134240;8.049324;-4.5008545;-2.770874
1521664134248;8.015877;-4.5343018;-2.8306885
1521664134259;8.008553;-4.5270996;-2.8833008
1521664134268;7.956058;-4.510376;-2.859375
1521664134280;7.912967;-4.40271;-2.7971802
1521664134290;7.936893;-4.390747;-2.7852173
1521664134300;7.9584994;-4.4123535;-2.8881226
1521664134308;7.8890414;-4.4960938;-2.8761597
1521664134326;7.960819;-4.5773926;-2.8809204
1521664134331;7.8651156;-4.5270996;-2.8306885
1521664134340;7.9273715;-4.4553223;-2.7421265
1521664134348;7.9010043;-4.5008545;-2.8139038
1521664134359;7.872318;-4.4936523;-2.8881226
1521664134368;7.836429;-4.5582275;-2.8809204
1521664134380;7.960819;-4.536743;-2.9742432
1521664134388;7.9345737;-4.5343018;-2.967041
1521664134399;7.982425;-4.503174;-2.9575195
1521664134408;7.999149;-4.44104;-2.909668
1521664134431;7.9393344;-4.390747;-2.909668
1521664134440;7.960819;-4.371582;-2.8665771
1521664134448;7.9393344;-4.390747;-2.8809204
1521664134460;7.912967;-4.3931885;-2.9383545
1521664134468;7.9537387;-4.433838;-2.9431152
1521664134479;8.044441;-4.390747;-2.9311523
1521664134489;8.078133;-4.4577637;-2.9718628
1521664134500;8.015877;-4.479248;-2.9885864
1521664134508;8.022957;-4.4194336;-2.8546143
1521664134537;8.078133;-4.3356934;-2.840271
1521664134542;8.013435;-4.364502;-2.9646606
1521664134556;8.037361;-4.4266357;-3.0197144
1521664134571;8.001472;-4.479248;-3.0197144
1521664134581;7.979984;-4.484131;-3.0579834
1521664134593;8.018318;-4.453003;-2.8689575
