1521664358558;0.0;16.9;3.0;-2.4;21.6;-20.800001
1521664358568;0.0;17.0;2.9;-2.4;21.6;-20.800001
1521664358589;0.0;17.2;3.0;-2.4;21.6;-20.800001
1521664358598;0.0;17.300001;3.1000001;-2.4;21.6;-20.800001
1521664358609;0.1;17.300001;3.1000001;-2.4;21.6;-20.800001
1521664358618;0.1;17.4;3.0;-2.4;21.6;-20.800001
1521664358629;0.1;17.4;3.1000001;-2.4;21.6;-20.800001
1521664358637;0.2;17.5;3.0;-2.4;21.6;-20.800001
1521664358649;0.2;17.6;2.9;-2.4;21.6;-20.800001
1521664358658;0.3;17.6;2.8;-2.4;21.6;-20.800001
1521664358678;0.4;17.7;2.8;-2.4;21.6;-20.800001
1521664358689;0.4;17.7;2.9;-2.4;21.6;-20.800001
1521664358718;0.4;17.800001;2.9;-2.4;21.6;-20.800001
1521664358729;0.3;17.800001;2.9;-2.4;21.6;-20.800001
1521664358771;0.3;17.800001;2.8;-2.4;21.6;-20.800001
1521664358798;0.3;17.800001;2.7;-2.4;21.6;-20.800001
1521664358830;0.4;17.800001;2.7;-2.4;21.6;-20.800001
1521664358838;0.4;17.800001;2.6000001;-2.4;21.6;-20.800001
1521664358880;0.4;17.800001;2.7;-2.4;21.6;-20.800001
1521664358892;0.5;17.7;2.7;-2.4;21.6;-20.800001
1521664358902;0.5;17.7;2.6000001;-2.4;21.6;-20.800001
1521664358911;0.5;17.7;2.5;-2.4;21.6;-20.800001
1521664358949;0.5;17.7;2.6000001;-2.4;21.6;-20.800001
1521664358958;0.5;17.7;2.7;-2.4;21.6;-20.800001
1521664358989;0.5;17.6;2.6000001;-2.4;21.6;-20.800001
1521664359029;0.4;17.7;2.8;-2.4;21.6;-20.800001
1521664359038;0.3;17.7;2.8;-2.4;21.6;-20.800001
1521664359058;0.3;17.800001;3.0;-2.4;21.6;-20.800001
1521664359078;0.2;17.9;3.1000001;-2.4;21.6;-20.800001
1521664359099;0.1;18.0;3.3;-2.4;21.6;-20.800001
1521664359112;0.0;18.1;3.4;-2.4;21.6;-20.800001
1521664359127;0.0;18.2;3.5;-2.4;21.6;-20.800001
1521664359132;-0.1;18.2;3.5;-2.4;21.6;-20.800001
1521664359139;-0.1;18.300001;3.5;-2.4;21.6;-20.800001
1521664359150;-0.2;18.300001;3.7;-2.4;21.6;-20.800001
1521664359178;-0.3;18.4;3.8;-2.4;21.6;-20.800001
1521664359189;-0.3;18.5;3.9;-2.4;21.6;-20.800001
1521664359198;-0.4;18.6;4.0;-2.4;21.6;-20.800001
1521664359218;-0.4;18.7;4.0;-2.4;21.6;-20.800001
1521664359229;-0.5;18.7;4.1;-2.4;21.6;-20.800001
1521664359240;-0.5;18.7;4.2000003;-2.4;21.6;-20.800001
1521664359250;-0.6;18.800001;4.2000003;-2.4;21.6;-20.800001
1521664359271;-0.7;18.800001;4.3;-2.4;21.6;-20.800001
1521664359279;-0.7;18.9;4.4;-2.4;21.6;-20.800001
1521664359290;-0.7;18.9;4.5;-2.4;21.6;-20.800001
1521664359309;-0.8;19.1;4.6;-2.4;21.6;-20.800001
1521664359318;-0.8;19.0;4.6;-2.4;21.6;-20.800001
1521664359329;-0.8;19.0;4.5;-2.4;21.6;-20.800001
1521664359338;-0.7;19.0;4.5;-2.4;21.6;-20.800001
1521664359378;-0.7;19.0;4.6;-2.4;21.6;-20.800001
1521664359390;-0.7;19.0;4.7000003;-2.4;21.6;-20.800001
1521664359418;-0.7;18.9;4.7000003;-2.4;21.6;-20.800001
1521664359438;-0.7;18.9;4.6;-2.4;21.6;-20.800001
1521664359449;-0.6;18.9;4.7000003;-2.4;21.6;-20.800001
1521664359458;-0.7;18.9;4.7000003;-2.4;21.6;-20.800001
1521664359479;-0.6;18.9;4.7000003;-2.4;21.6;-20.800001
1521664359498;-0.6;18.9;4.8;-2.4;21.6;-20.800001
1521664359558;-0.5;18.9;5.0;-2.4;21.6;-20.800001
1521664359578;-0.4;18.9;5.0;-2.4;21.6;-20.800001
1521664359638;-0.3;18.9;5.0;-2.4;21.6;-20.800001
1521664359650;-0.3;18.800001;5.1;-2.4;21.6;-20.800001
1521664359729;-0.1;18.800001;5.1;-2.4;21.6;-20.800001
1521664359739;-0.1;18.800001;5.2000003;-2.4;21.6;-20.800001
1521664359759;-0.1;18.800001;5.1;-2.4;21.6;-20.800001
1521664359779;0.0;18.800001;5.1;-2.4;21.6;-20.800001
1521664359790;0.0;18.800001;5.2000003;-2.4;21.6;-20.800001
1521664359819;0.0;18.800001;5.3;-2.4;21.6;-20.800001
1521664359839;0.0;18.800001;5.2000003;-2.4;21.6;-20.800001
1521664359859;0.1;18.7;5.2000003;-2.4;21.6;-20.800001
1521664359918;0.1;18.7;5.1;-2.4;21.6;-20.800001
1521664359938;0.1;18.7;5.2000003;-2.4;21.6;-20.800001
1521664359949;0.1;18.7;5.1;-2.4;21.6;-20.800001
1521664359958;0.1;18.7;5.2000003;-2.4;21.6;-20.800001
1521664359978;0.2;18.6;5.0;-2.4;21.6;-20.800001
1521664360049;0.2;18.6;5.1;-2.4;21.6;-20.800001
1521664360098;0.3;18.5;5.0;-2.4;21.6;-20.800001
1521664360138;0.4;18.5;5.0;-2.4;21.6;-20.800001
1521664360169;0.3;18.5;5.0;-2.4;21.6;-20.800001
1521664360178;0.4;18.5;4.9;-2.4;21.6;-20.800001
1521664360194;0.4;18.5;5.0;-2.4;21.6;-20.800001
1521664360218;0.5;18.4;4.9;-2.4;21.6;-20.800001
1521664360238;0.5;18.300001;4.8;-2.4;21.6;-20.800001
1521664360249;0.6;18.2;4.7000003;-2.4;21.6;-20.800001
1521664360258;0.6;18.2;4.6;-2.4;21.6;-20.800001
1521664360271;0.7;18.1;4.6;-2.4;21.6;-20.800001
1521664360279;0.7;18.1;4.5;-2.4;21.6;-20.800001
1521664360299;0.90000004;17.9;4.5;-2.4;21.6;-20.800001
1521664360318;1.0;17.800001;4.3;-2.4;21.6;-20.800001
1521664360343;1.1;17.7;4.3;-2.4;21.6;-20.800001
1521664360350;1.1;17.6;4.2000003;-2.4;21.6;-20.800001
1521664360359;1.2;17.6;4.1;-2.4;21.6;-20.800001
1521664360379;1.3000001;17.4;4.0;-2.4;21.6;-20.800001
1521664360398;1.3000001;17.300001;3.9;-2.4;21.6;-20.800001
1521664360409;1.4;17.300001;3.8;-2.4;21.6;-20.800001
1521664360423;1.4;17.2;3.8;-2.4;21.6;-20.800001
1521664360438;1.5;17.2;3.7;-2.4;21.6;-20.800001
1521664360450;1.5;17.1;3.6000001;-2.4;21.6;-20.800001
1521664360459;1.5;17.0;3.6000001;-2.4;21.6;-20.800001
1521664360469;1.6;16.9;3.6000001;-2.4;21.6;-20.800001
1521664360479;1.7;16.9;3.6000001;-2.4;21.6;-20.800001
1521664360518;1.8000001;16.800001;3.5;-2.4;21.6;-20.800001
1521664360529;1.8000001;16.7;3.5;-2.4;21.6;-20.800001
1521664360558;1.8000001;16.800001;3.5;-2.4;21.6;-20.800001
1521664360609;1.8000001;16.800001;3.4;-2.4;21.6;-20.800001
1521664360618;1.8000001;16.800001;3.5;-2.4;21.6;-20.800001
1521664360638;1.8000001;16.800001;3.4;-2.4;21.6;-20.800001
1521664360649;1.7;16.800001;3.4;-2.4;21.6;-20.800001
1521664360659;1.7;16.800001;3.5;-2.4;21.6;-20.800001
1521664360678;1.7;16.9;3.4;-2.4;21.6;-20.800001
1521664360689;1.7;16.800001;3.5;-2.4;21.6;-20.800001
1521664360698;1.6;16.9;3.5;-2.4;21.6;-20.800001
1521664360738;1.6;16.800001;3.5;-2.4;21.6;-20.800001
1521664360749;1.5;17.0;3.5;-2.4;21.6;-20.800001
1521664360778;1.5;17.0;3.4;-2.4;21.6;-20.800001
1521664360789;1.4;17.0;3.4;-2.4;21.6;-20.800001
1521664360809;1.4;17.0;3.3;-2.4;21.6;-20.800001
1521664360831;1.4;17.0;3.2;-2.4;21.6;-20.800001
1521664360839;1.4;17.0;3.3;-2.4;21.6;-20.800001
1521664360859;1.2;17.1;3.4;-2.4;21.6;-20.800001
1521664360879;1.2;17.1;3.5;-2.4;21.6;-20.800001
1521664360893;1.1;17.1;3.5;-2.4;21.6;-20.800001
1521664360998;1.2;17.0;3.5;-2.4;21.6;-20.800001
1521664361018;1.1;17.0;3.5;-2.4;21.6;-20.800001
1521664361041;1.2;17.0;3.4;-2.4;21.6;-20.800001
1521664361058;1.2;16.9;3.6000001;-2.4;21.6;-20.800001
1521664361089;1.3000001;16.800001;3.6000001;-2.4;21.6;-20.800001
1521664361118;1.3000001;16.800001;3.7;-2.4;21.6;-20.800001
1521664361138;1.3000001;16.7;3.6000001;-2.4;21.6;-20.800001
1521664361158;1.3000001;16.7;3.5;-2.4;21.6;-20.800001
1521664361178;1.3000001;16.6;3.4;-2.4;21.6;-20.800001
1521664361198;1.2;16.6;3.4;-2.4;21.6;-20.800001
1521664361232;1.2;16.5;3.4;-2.4;21.6;-20.800001
1521664361249;1.2;16.6;3.5;-2.4;21.6;-20.800001
1521664361258;1.1;16.6;3.5;-2.4;21.6;-20.800001
1521664361298;1.1;16.5;3.4;-2.4;21.6;-20.800001
1521664361314;1.1;16.6;3.4;-2.4;21.6;-20.800001
1521664361320;1.0;16.5;3.4;-2.4;21.6;-20.800001
1521664361349;1.0;16.4;3.3;-2.4;21.6;-20.800001
1521664361369;1.0;16.5;3.4;-2.4;21.6;-20.800001
1521664361418;1.0;16.5;3.3;-2.4;21.6;-20.800001
1521664361452;1.1;16.5;3.3;-2.4;21.6;-20.800001
1521664361469;1.2;16.5;3.4;-2.4;21.6;-20.800001
1521664361479;1.2;16.5;3.5;-2.4;21.6;-20.800001
1521664361490;1.2;16.6;3.5;-2.4;21.6;-20.800001
1521664361509;1.3000001;16.6;3.5;-2.4;21.6;-20.800001
1521664361518;1.3000001;16.6;3.6000001;-2.4;21.6;-20.800001
1521664361549;1.3000001;16.7;3.4;-2.4;21.6;-20.800001
1521664361569;1.4;16.800001;3.5;-2.4;21.6;-20.800001
1521664361578;1.3000001;16.9;3.5;-2.4;21.6;-20.800001
1521664361599;1.3000001;17.0;3.5;-2.4;21.6;-20.800001
1521664361609;1.4;17.0;3.5;-2.4;21.6;-20.800001
1521664361618;1.5;17.1;3.5;-2.4;21.6;-20.800001
1521664361638;1.5;17.2;3.5;-2.4;21.6;-20.800001
1521664361649;1.6;17.2;3.5;-2.4;21.6;-20.800001
1521664361658;1.6;17.300001;3.5;-2.4;21.6;-20.800001
1521664361678;1.6;17.4;3.6000001;-2.4;21.6;-20.800001
1521664361689;1.5;17.5;3.6000001;-2.4;21.6;-20.800001
1521664361698;1.6;17.5;3.6000001;-2.4;21.6;-20.800001
1521664361719;1.6;17.6;3.7;-2.4;21.6;-20.800001
1521664361730;1.5;17.7;3.7;-2.4;21.6;-20.800001
1521664361758;1.6;17.7;3.7;-2.4;21.6;-20.800001
1521664361780;1.5;17.9;3.7;-2.4;21.6;-20.800001
1521664361790;1.5;17.9;3.8;-2.4;21.6;-20.800001
1521664361798;1.5;18.0;3.8;-2.4;21.6;-20.800001
1521664361813;1.5;18.0;3.7;-2.4;21.6;-20.800001
1521664361824;1.5;18.0;3.8;-2.4;21.6;-20.800001
1521664361870;1.5;17.9;3.8;-2.4;21.6;-20.800001
1521664361901;1.5;17.9;3.9;-2.4;21.6;-20.800001
1521664361918;1.4;17.9;3.8;-2.4;21.6;-20.800001
1521664361931;1.4;17.9;3.9;-2.4;21.6;-20.800001
1521664361939;1.3000001;17.9;3.8;-2.4;21.6;-20.800001
1521664361958;1.3000001;17.800001;3.7;-2.4;21.6;-20.800001
1521664361979;1.3000001;17.800001;3.6000001;-2.4;21.6;-20.800001
1521664361999;1.2;17.7;3.5;-2.4;21.6;-20.800001
1521664362021;1.2;17.7;3.4;-2.4;21.6;-20.800001
1521664362058;1.2;17.6;3.4;-2.4;21.6;-20.800001
1521664362079;1.1;17.6;3.4;-2.4;21.6;-20.800001
1521664362098;1.1;17.5;3.4;-2.4;21.6;-20.800001
1521664362109;1.1;17.5;3.3;-2.4;21.6;-20.800001
1521664362130;1.0;17.4;3.2;-2.4;21.6;-20.800001
1521664362158;1.0;17.300001;3.1000001;-2.4;21.6;-20.800001
1521664362209;0.90000004;17.300001;3.1000001;-2.4;21.6;-20.800001
1521664362218;0.90000004;17.2;3.1000001;-2.4;21.6;-20.800001
1521664362229;0.90000004;17.300001;3.1000001;-2.4;21.6;-20.800001
1521664362238;0.90000004;17.2;3.1000001;-2.4;21.6;-20.800001
1521664362249;0.90000004;17.2;3.2;-2.4;21.6;-20.800001
1521664362278;0.8;17.2;3.2;-2.4;21.6;-20.800001
1521664362290;0.8;17.2;3.3;-2.4;21.6;-20.800001
1521664362301;0.8;17.2;3.4;-2.4;21.6;-20.800001
1521664362339;0.8;17.2;3.3;-2.4;21.6;-20.800001
1521664362353;0.8;17.1;3.3;-2.4;21.6;-20.800001
1521664362373;0.8;17.1;3.2;-2.4;21.6;-20.800001
1521664362382;0.8;17.1;3.3;-2.4;21.6;-20.800001
1521664362391;0.8;17.1;3.4;-2.4;21.6;-20.800001
1521664362420;0.8;17.0;3.4;-2.4;21.6;-20.800001
1521664362433;0.8;17.1;3.4;-2.4;21.6;-20.800001
1521664362463;0.7;17.0;3.4;-2.4;21.6;-20.800001
1521664362479;0.8;17.0;3.4;-2.4;21.6;-20.800001
1521664362496;0.8;17.1;3.5;-2.4;21.6;-20.800001
1521664362519;0.7;17.1;3.5;-2.4;21.6;-20.800001
1521664362530;0.7;17.0;3.5;-2.4;21.6;-20.800001
1521664362578;0.8;16.9;3.4;-2.4;21.6;-20.800001
1521664362589;0.8;16.9;3.3;-2.4;21.6;-20.800001
1521664362598;0.7;16.9;3.3;-2.4;21.6;-20.800001
1521664362609;0.8;16.9;3.3;-2.4;21.6;-20.800001
1521664362618;0.8;16.800001;3.2;-2.4;21.6;-20.800001
1521664362638;0.7;16.800001;3.3;-2.4;21.6;-20.800001
1521664362659;0.6;16.800001;3.2;-2.4;21.6;-20.800001
1521664362679;0.7;16.7;3.2;-2.4;21.6;-20.800001
1521664362698;0.6;16.800001;3.2;-2.4;21.6;-20.800001
1521664362721;0.6;16.800001;3.3;-2.4;21.6;-20.800001
1521664362731;0.5;16.800001;3.1000001;-2.4;21.6;-20.800001
1521664362753;0.5;16.800001;3.2;-2.4;21.6;-20.800001
1521664362760;0.5;16.800001;3.1000001;-2.4;21.6;-20.800001
1521664362774;0.4;16.800001;3.1000001;-2.4;21.6;-20.800001
1521664362786;0.5;16.7;3.1000001;-2.4;21.6;-20.800001
1521664362883;0.5;16.6;3.0;-2.4;21.6;-20.800001
1521664362913;0.5;16.6;3.1000001;-2.4;21.6;-20.800001
1521664362921;0.4;16.6;3.1000001;-2.4;21.6;-20.800001
1521664362932;0.5;16.6;3.1000001;-2.4;21.6;-20.800001
1521664362940;0.5;16.6;3.0;-2.4;21.6;-20.800001
1521664362951;0.5;16.6;3.1000001;-2.4;21.6;-20.800001
1521664363019;0.5;16.5;3.1000001;-2.4;21.6;-20.800001
1521664363030;0.5;16.5;3.2;-2.4;21.6;-20.800001
1521664363041;0.6;16.5;3.3;-2.4;21.6;-20.800001
1521664363053;0.5;16.5;3.3;-2.4;21.6;-20.800001
1521664363080;0.5;16.5;3.4;-2.4;21.6;-20.800001
1521664363099;0.5;16.5;3.3;-2.4;21.6;-20.800001
1521664363119;0.5;16.5;3.4;-2.4;21.6;-20.800001
1521664363139;0.5;16.6;3.4;-2.4;21.6;-20.800001
1521664363198;0.5;16.7;3.5;-2.4;21.6;-20.800001
1521664363218;0.6;16.7;3.6000001;-2.4;21.6;-20.800001
1521664363229;0.5;16.7;3.6000001;-2.4;21.6;-20.800001
1521664363258;0.5;16.7;3.5;-2.4;21.6;-20.800001
1521664363269;0.5;16.7;3.6000001;-2.4;21.6;-20.800001
1521664363299;0.6;16.800001;3.7;-2.4;21.6;-20.800001
1521664363309;0.6;16.800001;3.6000001;-2.4;21.6;-20.800001
1521664363338;0.6;16.800001;3.5;-2.4;21.6;-20.800001
1521664363399;0.6;16.7;3.5;-2.4;21.6;-20.800001
1521664363418;0.6;16.7;3.4;-2.4;21.6;-20.800001
1521664363433;0.7;16.7;3.4;-2.4;21.6;-20.800001
1521664363439;0.6;16.7;3.4;-2.4;21.6;-20.800001
1521664363515;0.6;16.7;3.3;-2.4;21.6;-20.800001
1521664363519;0.6;16.7;3.4;-2.4;21.6;-20.800001
1521664363570;0.5;16.7;3.3;-2.4;21.6;-20.800001
1521664363584;0.5;16.800001;3.3;-2.4;21.6;-20.800001
1521664363598;0.5;16.800001;3.2;-2.4;21.6;-20.800001
1521664363618;0.4;16.800001;3.4;-2.4;21.6;-20.800001
1521664363649;0.4;16.800001;3.3;-2.4;21.6;-20.800001
1521664363658;0.4;16.800001;3.4;-2.4;21.6;-20.800001
1521664363676;0.4;16.800001;3.3;-2.4;21.6;-20.800001
1521664363704;0.4;16.800001;3.2;-2.4;21.6;-20.800001
1521664363719;0.3;16.800001;3.2;-2.4;21.6;-20.800001
1521664363743;0.3;16.9;3.2;-2.4;21.6;-20.800001
1521664363752;0.3;16.9;3.3;-2.4;21.6;-20.800001
1521664363800;0.3;16.9;3.2;-2.4;21.6;-20.800001
1521664363813;0.3;16.9;3.3;-2.4;21.6;-20.800001
1521664363823;0.2;17.0;3.3;-2.4;21.6;-20.800001
1521664363853;0.2;17.0;3.4;-2.4;21.6;-20.800001
1521664363859;0.3;17.0;3.4;-2.4;21.6;-20.800001
1521664363893;0.3;17.0;3.3;-2.4;21.6;-20.800001
1521664363900;0.3;16.9;3.2;-2.4;21.6;-20.800001
1521664363914;0.3;17.0;3.1000001;-2.4;21.6;-20.800001
1521664363939;0.3;17.0;3.0;-2.4;21.6;-20.800001
1521664363950;0.3;17.0;3.1000001;-2.4;21.6;-20.800001
1521664363979;0.2;17.1;3.1000001;-2.4;21.6;-20.800001
1521664363990;0.2;17.1;3.2;-2.4;21.6;-20.800001
1521664364010;0.2;17.1;3.3;-2.4;21.6;-20.800001
1521664364043;0.1;17.1;3.3;-2.4;21.6;-20.800001
1521664364053;0.1;17.1;3.2;-2.4;21.6;-20.800001
1521664364063;0.1;17.1;3.1000001;-2.4;21.6;-20.800001
1521664364098;0.1;17.2;3.1000001;-2.4;21.6;-20.800001
1521664364119;0.1;17.2;3.0;-2.4;21.6;-20.800001
1521664364138;0.0;17.300001;3.1000001;-2.4;21.6;-20.800001
1521664364161;-0.1;17.4;3.1000001;-2.4;21.6;-20.800001
1521664364174;-0.1;17.4;3.2;-2.4;21.6;-20.800001
1521664364184;-0.1;17.5;3.3;-2.4;21.6;-20.800001
1521664364199;-0.2;17.6;3.5;-2.4;21.6;-20.800001
1521664364210;-0.3;17.6;3.6000001;-2.4;21.6;-20.800001
1521664364220;-0.3;17.7;3.6000001;-2.4;21.6;-20.800001
1521664364238;-0.4;17.800001;3.7;-2.4;21.6;-20.800001
1521664364258;-0.5;17.9;3.7;-2.4;21.6;-20.800001
1521664364272;-0.5;18.0;3.7;-2.4;21.6;-20.800001
1521664364281;-0.5;18.0;3.8;-2.4;21.6;-20.800001
1521664364293;-0.6;18.1;3.8;-2.4;21.6;-20.800001
1521664364311;-0.6;18.2;3.8;-2.4;21.6;-20.800001
1521664364332;-0.7;18.2;3.8;-2.4;21.6;-20.800001
1521664364362;-0.6;18.2;3.9;-2.4;21.6;-20.800001
1521664364374;-0.6;18.2;3.8;-2.4;21.6;-20.800001
1521664364381;-0.6;18.300001;3.9;-2.4;21.6;-20.800001
1521664364392;-0.7;18.2;3.9;-2.4;21.6;-20.800001
1521664364409;-0.6;18.2;3.9;-2.4;21.6;-20.800001
1521664364439;-0.5;18.0;3.8;-2.4;21.6;-20.800001
1521664364459;-0.4;18.0;3.7;-2.4;21.6;-20.800001
1521664364473;-0.4;17.9;3.7;-2.4;21.6;-20.800001
1521664364481;-0.4;17.800001;3.6000001;-2.4;21.6;-20.800001
1521664364509;-0.4;17.7;3.5;-2.4;21.6;-20.800001
1521664364516;-0.3;17.7;3.5;-2.4;21.6;-20.800001
1521664364530;-0.3;17.6;3.5;-2.4;21.6;-20.800001
1521664364559;-0.1;17.5;3.3;-2.4;21.6;-20.800001
1521664364578;0.0;17.300001;3.3;-2.4;21.6;-20.800001
1521664364598;0.1;17.2;3.2;-2.4;21.6;-20.800001
1521664364609;0.1;17.1;3.1000001;-2.4;21.6;-20.800001
1521664364618;0.2;17.1;3.1000001;-2.4;21.6;-20.800001
1521664364658;0.3;17.1;3.1000001;-2.4;21.6;-20.800001
1521664364679;0.3;17.1;3.2;-2.4;21.6;-20.800001
1521664364762;0.3;17.1;3.3;-2.4;21.6;-20.800001
1521664364773;0.3;17.2;3.3;-2.4;21.6;-20.800001
1521664364785;0.3;17.2;3.4;-2.4;21.6;-20.800001
1521664364812;0.3;17.2;3.3;-2.4;21.6;-20.800001
1521664364820;0.4;17.2;3.3;-2.4;21.6;-20.800001
1521664364834;0.3;17.2;3.3;-2.4;21.6;-20.800001
1521664364839;0.3;17.2;3.2;-2.4;21.6;-20.800001
1521664364851;0.3;17.2;3.3;-2.4;21.6;-20.800001
1521664364863;0.3;17.2;3.2;-2.4;21.6;-20.800001
1521664364871;0.3;17.2;3.3;-2.4;21.6;-20.800001
1521664364883;0.2;17.2;3.3;-2.4;21.6;-20.800001
1521664364899;0.2;17.300001;3.2;-2.4;21.6;-20.800001
1521664364929;0.1;17.300001;3.2;-2.4;21.6;-20.800001
1521664364939;0.1;17.4;3.3;-2.4;21.6;-20.800001
1521664364962;0.1;17.4;3.2;-2.4;21.6;-20.800001
1521664364979;0.0;17.4;3.1000001;-2.4;21.6;-20.800001
1521664365019;0.0;17.300001;3.2;-2.4;21.6;-20.800001
1521664365030;0.0;17.300001;3.1000001;-2.4;21.6;-20.800001
1521664365039;-0.1;17.4;3.2;-2.4;21.6;-20.800001
1521664365060;-0.1;17.4;3.1000001;-2.4;21.6;-20.800001
1521664365073;-0.1;17.4;3.2;-2.4;21.6;-20.800001
1521664365090;0.0;17.300001;3.2;-2.4;21.6;-20.800001
1521664365110;-0.1;17.300001;3.2;-2.4;21.6;-20.800001
1521664365133;0.0;17.300001;3.2;-2.4;21.6;-20.800001
1521664365141;0.0;17.300001;3.3;-2.4;21.6;-20.800001
1521664365153;0.0;17.300001;3.4;-2.4;21.6;-20.800001
1521664365162;-0.1;17.300001;3.4;-2.4;21.6;-20.800001
1521664365174;0.0;17.300001;3.5;-2.4;21.6;-20.800001
1521664365202;-0.1;17.2;3.5;-2.4;21.6;-20.800001
1521664365213;-0.1;17.2;3.6000001;-2.4;21.6;-20.800001
1521664365223;-0.1;17.2;3.7;-2.4;21.6;-20.800001
1521664365232;0.0;17.2;3.6000001;-2.4;21.6;-20.800001
1521664365259;0.1;17.1;3.6000001;-2.4;21.6;-20.800001
1521664365279;0.1;17.1;3.7;-2.4;21.6;-20.800001
1521664365291;0.1;17.1;3.6000001;-2.4;21.6;-20.800001
1521664365333;0.1;17.0;3.6000001;-2.4;21.6;-20.800001
1521664365345;0.2;16.9;3.5;-2.4;21.6;-20.800001
1521664365409;0.2;16.9;3.4;-2.4;21.6;-20.800001
1521664365418;0.3;16.9;3.4;-2.4;21.6;-20.800001
1521664365438;0.3;16.9;3.3;-2.4;21.6;-20.800001
1521664365449;0.3;16.800001;3.2;-2.4;21.6;-20.800001
1521664365480;0.4;16.800001;3.2;-2.4;21.6;-20.800001
1521664365506;0.4;16.800001;3.1000001;-2.4;21.6;-20.800001
1521664365529;0.4;16.9;3.0;-2.4;21.6;-20.800001
1521664365578;0.4;16.9;2.8;-2.4;21.6;-20.800001
1521664365590;0.4;16.9;2.9;-2.4;21.6;-20.800001
1521664365679;0.4;17.0;2.8;-2.4;21.6;-20.800001
1521664365699;0.4;17.0;2.9;-2.4;21.6;-20.800001
1521664365719;0.3;17.0;2.8;-2.4;21.6;-20.800001
1521664365751;0.3;17.0;2.7;-2.4;21.6;-20.800001
1521664365773;0.3;17.0;2.8;-2.4;21.6;-20.800001
1521664365799;0.2;17.0;2.9;-2.4;21.6;-20.800001
1521664365810;0.2;17.0;2.8;-2.4;21.6;-20.800001
1521664365839;0.2;16.9;2.7;-2.4;21.6;-20.800001
1521664365859;0.1;17.0;2.8;-2.4;21.6;-20.800001
1521664365871;0.1;16.9;2.9;-2.4;21.6;-20.800001
1521664365879;0.1;17.0;2.9;-2.4;21.6;-20.800001
1521664365898;0.2;16.9;2.9;-2.4;21.6;-20.800001
1521664365911;0.2;17.0;2.9;-2.4;21.6;-20.800001
1521664365929;0.1;16.9;2.9;-2.4;21.6;-20.800001
1521664365949;0.2;16.9;2.9;-2.4;21.6;-20.800001
1521664365958;0.1;17.0;3.0;-2.4;21.6;-20.800001
1521664365969;0.1;17.0;3.1000001;-2.4;21.6;-20.800001
1521664365978;0.1;17.0;3.0;-2.4;21.6;-20.800001
1521664365989;0.1;16.9;3.0;-2.4;21.6;-20.800001
1521664366039;0.2;16.9;3.1000001;-2.4;21.6;-20.800001
1521664366075;0.2;16.9;3.0;-2.4;21.6;-20.800001
1521664366119;0.2;17.0;3.1000001;-2.4;21.6;-20.800001
1521664366131;0.2;17.0;3.2;-2.4;21.6;-20.800001
1521664366162;0.2;16.9;3.2;-2.4;21.6;-20.800001
1521664366174;0.2;17.0;3.2;-2.4;21.6;-20.800001
1521664366243;0.3;16.9;3.2;-2.4;21.6;-20.800001
1521664366263;0.4;16.9;3.1000001;-2.4;21.6;-20.800001
1521664366273;0.3;16.9;3.0;-2.4;21.6;-20.800001
1521664366292;0.3;16.9;3.1000001;-2.4;21.6;-20.800001
1521664366301;0.3;17.0;3.1000001;-2.4;21.6;-20.800001
1521664366339;0.3;17.0;3.0;-2.4;21.6;-20.800001
1521664366359;0.3;16.9;3.0;-2.4;21.6;-20.800001
1521664366370;0.3;17.0;3.0;-2.4;21.6;-20.800001
1521664366379;0.4;16.9;3.0;-2.4;21.6;-20.800001
1521664366419;0.4;16.9;3.1000001;-2.4;21.6;-20.800001
1521664366432;0.4;16.9;3.0;-2.4;21.6;-20.800001
1521664366459;0.5;16.9;3.0;-2.4;21.6;-20.800001
1521664366478;0.4;16.9;3.0;-2.4;21.6;-20.800001
1521664366490;0.4;16.9;3.1000001;-2.4;21.6;-20.800001
1521664366518;0.4;17.0;3.1000001;-2.4;21.6;-20.800001
1521664366529;0.3;17.0;3.1000001;-2.4;21.6;-20.800001
1521664366578;0.2;17.1;3.1000001;-2.4;21.6;-20.800001
1521664366601;0.2;17.0;3.1000001;-2.4;21.6;-20.800001
1521664366618;0.2;17.1;3.1000001;-2.4;21.6;-20.800001
1521664366638;0.2;17.1;3.2;-2.4;21.6;-20.800001
1521664366658;0.2;17.1;3.1000001;-2.4;21.6;-20.800001
1521664366669;0.2;17.0;3.2;-2.4;21.6;-20.800001
1521664366678;0.2;17.1;3.3;-2.4;21.6;-20.800001
1521664366691;0.2;17.1;3.2;-2.4;21.6;-20.800001
1521664366699;0.1;17.1;3.2;-2.4;21.6;-20.800001
1521664366738;0.1;17.1;3.1000001;-2.4;21.6;-20.800001
1521664366749;0.1;17.1;3.2;-2.4;21.6;-20.800001
1521664366773;0.1;17.0;3.2;-2.4;21.6;-20.800001
1521664366838;0.2;16.9;3.1000001;-2.4;21.6;-20.800001
1521664366878;0.3;16.800001;3.1000001;-2.4;21.6;-20.800001
1521664366893;0.3;16.7;3.0;-2.4;21.6;-20.800001
1521664366912;0.2;16.7;3.0;-2.4;21.6;-20.800001
1521664366920;0.2;16.7;2.9;-2.4;21.6;-20.800001
1521664366931;0.3;16.6;2.9;-2.4;21.6;-20.800001
1521664366962;0.3;16.6;2.8;-2.4;21.6;-20.800001
1521664366979;0.3;16.5;2.7;-2.4;21.6;-20.800001
1521664366991;0.3;16.6;2.8;-2.4;21.6;-20.800001
1521664366999;0.3;16.6;2.7;-2.4;21.6;-20.800001
1521664367019;0.3;16.6;2.6000001;-2.4;21.6;-20.800001
1521664367043;0.3;16.6;2.5;-2.4;21.6;-20.800001
1521664367051;0.3;16.5;2.5;-2.4;21.6;-20.800001
1521664367061;0.3;16.5;2.4;-2.4;21.6;-20.800001
1521664367071;0.3;16.5;2.3;-2.4;21.6;-20.800001
1521664367080;0.3;16.5;2.2;-2.4;21.6;-20.800001
1521664367118;0.3;16.5;2.1000001;-2.4;21.6;-20.800001
1521664367200;0.3;16.6;2.2;-2.4;21.6;-20.800001
1521664367233;0.3;16.6;2.3;-2.4;21.6;-20.800001
1521664367252;0.4;16.6;2.2;-2.4;21.6;-20.800001
1521664367262;0.4;16.6;2.3;-2.4;21.6;-20.800001
1521664367273;0.4;16.5;2.3;-2.4;21.6;-20.800001
1521664367292;0.4;16.4;2.3;-2.4;21.6;-20.800001
1521664367301;0.5;16.4;2.3;-2.4;21.6;-20.800001
1521664367322;0.5;16.4;2.4;-2.4;21.6;-20.800001
1521664367333;0.6;16.300001;2.4;-2.4;21.6;-20.800001
1521664367342;0.7;16.300001;2.4;-2.4;21.6;-20.800001
1521664367362;0.7;16.2;2.4;-2.4;21.6;-20.800001
1521664367374;0.8;16.2;2.5;-2.4;21.6;-20.800001
1521664367380;0.8;16.2;2.4;-2.4;21.6;-20.800001
1521664367393;0.8;16.1;2.5;-2.4;21.6;-20.800001
1521664367402;0.90000004;16.1;2.5;-2.4;21.6;-20.800001
1521664367419;0.90000004;16.1;2.6000001;-2.4;21.6;-20.800001
1521664367438;0.8;16.1;2.6000001;-2.4;21.6;-20.800001
1521664367473;0.90000004;16.1;2.6000001;-2.4;21.6;-20.800001
1521664367480;0.90000004;16.1;2.7;-2.4;21.6;-20.800001
1521664367493;0.90000004;16.1;2.8;-2.4;21.6;-20.800001
1521664367506;0.90000004;16.0;2.7;-2.4;21.6;-20.800001
1521664367513;1.0;16.1;2.7;-2.4;21.6;-20.800001
1521664367530;1.0;16.1;2.8;-2.4;21.6;-20.800001
1521664367549;1.1;16.300001;2.8;-2.4;21.6;-20.800001
1521664367589;1.1;16.5;2.8;-2.4;21.6;-20.800001
1521664367598;1.1;16.6;2.8;-2.4;21.6;-20.800001
1521664367618;1.1;16.7;2.8;-2.4;21.6;-20.800001
1521664367629;1.1;16.800001;2.8;-2.4;21.6;-20.800001
1521664367638;1.0;16.9;2.8;-2.4;21.6;-20.800001
1521664367649;1.0;17.0;2.8;-2.4;21.6;-20.800001
1521664367658;1.0;17.1;2.9;-2.4;21.6;-20.800001
1521664367669;1.1;17.1;2.9;-2.4;21.6;-20.800001
1521664367678;1.0;17.2;2.9;-2.4;21.6;-20.800001
1521664367693;1.0;17.300001;2.9;-2.4;21.6;-20.800001
1521664367701;1.1;17.4;2.9;-2.4;21.6;-20.800001
1521664367719;1.1;17.6;2.9;-2.4;21.6;-20.800001
1521664367739;1.2;17.7;2.8;-2.4;21.6;-20.800001
1521664367750;1.2;17.800001;2.8;-2.4;21.6;-20.800001
1521664367759;1.2;17.9;2.8;-2.4;21.6;-20.800001
1521664367773;1.3000001;18.0;2.9;-2.4;21.6;-20.800001
1521664367783;1.3000001;18.0;2.8;-2.4;21.6;-20.800001
1521664367794;1.3000001;18.1;2.8;-2.4;21.6;-20.800001
1521664367803;1.4;18.2;2.8;-2.4;21.6;-20.800001
1521664367816;1.3000001;18.300001;2.9;-2.4;21.6;-20.800001
1521664367824;1.3000001;18.4;2.8;-2.4;21.6;-20.800001
1521664367839;1.3000001;18.5;2.7;-2.4;21.6;-20.800001
1521664367858;1.4;18.5;2.8;-2.4;21.6;-20.800001
1521664367869;1.4;18.6;2.8;-2.4;21.6;-20.800001
1521664367879;1.5;18.6;2.9;-2.4;21.6;-20.800001
1521664367893;1.5;18.6;2.8;-2.4;21.6;-20.800001
1521664367900;1.5;18.7;2.9;-2.4;21.6;-20.800001
1521664367920;1.5;18.800001;3.0;-2.4;21.6;-20.800001
1521664367932;1.5;18.9;3.0;-2.4;21.6;-20.800001
1521664367951;1.6;19.0;3.0;-2.4;21.6;-20.800001
1521664367960;1.6;19.0;3.1000001;-2.4;21.6;-20.800001
1521664367971;1.6;19.0;3.0;-2.4;21.6;-20.800001
1521664367982;1.6;19.1;3.1000001;-2.4;21.6;-20.800001
1521664367999;1.7;19.1;3.2;-2.4;21.6;-20.800001
1521664368015;1.7;19.2;3.2;-2.4;21.6;-20.800001
1521664368021;1.7;19.2;3.3;-2.4;21.6;-20.800001
1521664368032;1.7;19.300001;3.3;-2.4;21.6;-20.800001
1521664368050;1.7;19.300001;3.4;-2.4;21.6;-20.800001
1521664368061;1.8000001;19.300001;3.4;-2.4;21.6;-20.800001
1521664368073;1.8000001;19.300001;3.3;-2.4;21.6;-20.800001
1521664368098;1.8000001;19.4;3.4;-2.4;21.6;-20.800001
1521664368109;1.9;19.300001;3.3;-2.4;21.6;-20.800001
1521664368119;1.8000001;19.300001;3.4;-2.4;21.6;-20.800001
1521664368131;1.9;19.300001;3.5;-2.4;21.6;-20.800001
1521664368159;1.9;19.300001;3.4;-2.4;21.6;-20.800001
1521664368174;1.9;19.300001;3.5;-2.4;21.6;-20.800001
1521664368192;1.9;19.300001;3.6000001;-2.4;21.6;-20.800001
1521664368200;1.9;19.300001;3.5;-2.4;21.6;-20.800001
1521664368221;1.9;19.2;3.4;-2.4;21.6;-20.800001
1521664368236;1.9;19.300001;3.5;-2.4;21.6;-20.800001
1521664368242;2.0;19.2;3.5;-2.4;21.6;-20.800001
1521664368261;2.0;19.2;3.4;-2.4;21.6;-20.800001
1521664368272;2.0;19.2;3.5;-2.4;21.6;-20.800001
1521664368293;2.0;19.2;3.4;-2.4;21.6;-20.800001
1521664368320;2.0;19.1;3.3;-2.4;21.6;-20.800001
1521664368331;2.1000001;19.1;3.3;-2.4;21.6;-20.800001
1521664368353;2.1000001;19.0;3.3;-2.4;21.6;-20.800001
1521664368379;2.1000001;19.0;3.4;-2.4;21.6;-20.800001
1521664368402;2.1000001;19.0;3.3;-2.4;21.6;-20.800001
1521664368413;2.1000001;18.9;3.3;-2.4;21.6;-20.800001
1521664368420;2.2;18.9;3.3;-2.4;21.6;-20.800001
1521664368431;2.2;18.9;3.2;-2.4;21.6;-20.800001
1521664368441;2.2;18.800001;3.2;-2.4;21.6;-20.800001
1521664368472;2.2;18.800001;3.1000001;-2.4;21.6;-20.800001
1521664368481;2.2;18.7;3.1000001;-2.4;21.6;-20.800001
1521664368489;2.2;18.7;3.0;-2.4;21.6;-20.800001
1521664368538;2.1000001;18.7;2.9;-2.4;21.6;-20.800001
1521664368578;1.9;18.800001;3.1000001;-2.4;21.6;-20.800001
1521664368589;1.9;18.9;3.1000001;-2.4;21.6;-20.800001
1521664368598;1.8000001;18.9;3.2;-2.4;21.6;-20.800001
1521664368609;1.7;18.9;3.3;-2.4;21.6;-20.800001
1521664368618;1.7;19.0;3.3;-2.4;21.6;-20.800001
1521664368638;1.6;19.1;3.5;-2.4;21.6;-20.800001
1521664368658;1.4;19.2;3.5;-2.4;21.6;-20.800001
1521664368669;1.4;19.2;3.6000001;-2.4;21.6;-20.800001
1521664368679;1.4;19.300001;3.6000001;-2.4;21.6;-20.800001
1521664368692;1.3000001;19.300001;3.7;-2.4;21.6;-20.800001
1521664368700;1.2;19.300001;3.8;-2.4;21.6;-20.800001
1521664368718;1.1;19.4;3.9;-2.4;21.6;-20.800001
1521664368729;1.1;19.4;4.0;-2.4;21.6;-20.800001
1521664368739;1.0;19.5;4.0;-2.4;21.6;-20.800001
1521664368753;1.0;19.5;4.1;-2.4;21.6;-20.800001
1521664368769;0.8;19.7;4.3;-2.4;21.6;-20.800001
1521664368789;0.8;19.800001;4.4;-2.4;21.6;-20.800001
1521664368798;0.7;19.800001;4.5;-2.4;21.6;-20.800001
1521664368809;0.7;19.9;4.5;-2.4;21.6;-20.800001
1521664368837;0.6;20.0;4.5;-2.4;21.6;-20.800001
1521664368841;0.6;20.0;4.6;-2.4;21.6;-20.800001
1521664368879;0.6;19.9;4.7000003;-2.4;21.6;-20.800001
1521664368929;0.7;19.9;4.6;-2.4;21.6;-20.800001
1521664368958;0.8;19.7;4.5;-2.4;21.6;-20.800001
1521664368979;0.8;19.6;4.2000003;-2.4;21.6;-20.800001
1521664368990;0.90000004;19.5;4.2000003;-2.4;21.6;-20.800001
1521664369001;0.90000004;19.5;4.1;-2.4;21.6;-20.800001
1521664369019;1.0;19.4;3.9;-2.4;21.6;-20.800001
1521664369031;1.1;19.300001;3.9;-2.4;21.6;-20.800001
1521664369059;1.1;19.300001;3.8;-2.4;21.6;-20.800001
1521664369119;1.2;19.2;3.9;-2.4;21.6;-20.800001
1521664369158;1.2;19.2;3.8;-2.4;21.6;-20.800001
1521664369199;1.2;19.1;3.7;-2.4;21.6;-20.800001
1521664369239;1.1;19.2;3.7;-2.4;21.6;-20.800001
1521664369259;1.0;19.300001;3.8;-2.4;21.6;-20.800001
1521664369279;1.0;19.300001;3.9;-2.4;21.6;-20.800001
1521664369291;0.90000004;19.4;3.9;-2.4;21.6;-20.800001
1521664369301;0.90000004;19.4;4.0;-2.4;21.6;-20.800001
1521664369312;0.8;19.4;4.0;-2.4;21.6;-20.800001
1521664369322;0.8;19.5;4.1;-2.4;21.6;-20.800001
1521664369343;0.8;19.5;4.0;-2.4;21.6;-20.800001
1521664369353;0.8;19.5;4.1;-2.4;21.6;-20.800001
1521664369361;0.8;19.5;4.2000003;-2.4;21.6;-20.800001
1521664369389;0.8;19.4;4.2000003;-2.4;21.6;-20.800001
1521664369429;0.8;19.4;4.1;-2.4;21.6;-20.800001
1521664369438;0.8;19.4;4.2000003;-2.4;21.6;-20.800001
1521664369459;0.8;19.5;4.3;-2.4;21.6;-20.800001
1521664369478;0.8;19.4;4.3;-2.4;21.6;-20.800001
1521664369489;0.90000004;19.4;4.3;-2.4;21.6;-20.800001
1521664369515;0.90000004;19.4;4.4;-2.4;21.6;-20.800001
1521664369538;0.90000004;19.5;4.4;-2.4;21.6;-20.800001
1521664369590;0.90000004;19.5;4.5;-2.4;21.6;-20.800001
1521664369598;0.90000004;19.5;4.4;-2.4;21.6;-20.800001
1521664369618;0.90000004;19.5;4.5;-2.4;21.6;-20.800001
1521664369638;0.90000004;19.6;4.5;-2.4;21.6;-20.800001
1521664369649;0.90000004;19.6;4.4;-2.4;21.6;-20.800001
1521664369669;0.90000004;19.6;4.3;-2.4;21.6;-20.800001
1521664369738;0.90000004;19.6;4.4;-2.4;21.6;-20.800001
1521664369753;1.0;19.6;4.3;-2.4;21.6;-20.800001
1521664369769;1.0;19.6;4.4;-2.4;21.6;-20.800001
1521664369778;1.0;19.6;4.3;-2.4;21.6;-20.800001
1521664369799;1.0;19.6;4.4;-2.4;21.6;-20.800001
1521664369809;0.90000004;19.6;4.5;-2.4;21.6;-20.800001
1521664369818;1.0;19.6;4.4;-2.4;21.6;-20.800001
1521664369832;1.1;19.5;4.5;-2.4;21.6;-20.800001
1521664369840;1.1;19.4;4.4;-2.4;21.6;-20.800001
1521664369851;1.2;19.4;4.4;-2.4;21.6;-20.800001
1521664369863;1.3000001;19.300001;4.4;-2.4;21.6;-20.800001
1521664369883;1.3000001;19.2;4.3;-2.4;21.6;-20.800001
1521664369893;1.4;19.2;4.4;-2.4;21.6;-20.800001
1521664369900;1.4;19.1;4.4;-2.4;21.6;-20.800001
1521664369912;1.5;19.1;4.3;-2.4;21.6;-20.800001
1521664369933;1.6;19.0;4.3;-2.4;21.6;-20.800001
1521664369942;1.6;18.9;4.2000003;-2.4;21.6;-20.800001
1521664369953;1.6;18.9;4.3;-2.4;21.6;-20.800001
1521664369964;1.7;18.800001;4.2000003;-2.4;21.6;-20.800001
1521664369972;1.7;18.800001;4.1;-2.4;21.6;-20.800001
1521664369980;1.7;18.7;4.1;-2.4;21.6;-20.800001
1521664370001;1.9;18.6;4.0;-2.4;21.6;-20.800001
1521664370019;1.9;18.5;3.9;-2.4;21.6;-20.800001
1521664370039;2.0;18.4;3.8;-2.4;21.6;-20.800001
1521664370051;2.0;18.300001;3.8;-2.4;21.6;-20.800001
1521664370073;2.1000001;18.2;3.7;-2.4;21.6;-20.800001
1521664370092;2.1000001;18.2;3.6000001;-2.4;21.6;-20.800001
1521664370111;2.2;18.0;3.4;-2.4;21.6;-20.800001
1521664370119;2.2;18.0;3.3;-2.4;21.6;-20.800001
1521664370131;2.2;18.1;3.4;-2.4;21.6;-20.800001
1521664370150;2.2;18.1;3.3;-2.4;21.6;-20.800001
1521664370162;2.2;18.1;3.2;-2.4;21.6;-20.800001
1521664370171;2.1000001;18.1;3.3;-2.4;21.6;-20.800001
1521664370181;2.1000001;18.2;3.3;-2.4;21.6;-20.800001
1521664370194;2.2;18.1;3.3;-2.4;21.6;-20.800001
1521664370202;2.1000001;18.2;3.3;-2.4;21.6;-20.800001
1521664370238;2.2;18.2;3.4;-2.4;21.6;-20.800001
1521664370304;2.3;18.2;3.4;-2.4;21.6;-20.800001
1521664370339;2.3;18.300001;3.4;-2.4;21.6;-20.800001
1521664370380;2.3;18.300001;3.3;-2.4;21.6;-20.800001
1521664370420;2.3;18.300001;3.4;-2.4;21.6;-20.800001
1521664370434;2.4;18.300001;3.3;-2.4;21.6;-20.800001
1521664370473;2.4;18.2;3.2;-2.4;21.6;-20.800001
1521664370503;2.4;18.2;3.1000001;-2.4;21.6;-20.800001
1521664370527;2.3;18.300001;3.0;-2.4;21.6;-20.800001
1521664370538;2.3;18.300001;3.1000001;-2.4;21.6;-20.800001
1521664370578;2.2;18.4;3.1000001;-2.4;21.6;-20.800001
1521664370589;2.2;18.4;3.0;-2.4;21.6;-20.800001
1521664370598;2.1000001;18.4;2.9;-2.4;21.6;-20.800001
1521664370618;2.0;18.4;3.0;-2.4;21.6;-20.800001
1521664370629;2.0;18.5;3.0;-2.4;21.6;-20.800001
1521664370638;2.1000001;18.5;3.0;-2.4;21.6;-20.800001
1521664370658;2.1000001;18.5;2.9;-2.4;21.6;-20.800001
1521664370679;1.9;18.6;3.0;-2.4;21.6;-20.800001
1521664370699;1.9;18.6;3.1000001;-2.4;21.6;-20.800001
1521664370714;1.9;18.6;3.0;-2.4;21.6;-20.800001
1521664370729;1.9;18.7;3.1000001;-2.4;21.6;-20.800001
1521664370738;1.8000001;18.7;3.1000001;-2.4;21.6;-20.800001
1521664370769;1.8000001;18.7;3.2;-2.4;21.6;-20.800001
1521664370780;1.7;18.800001;3.2;-2.4;21.6;-20.800001
1521664370844;1.7;18.800001;3.1000001;-2.4;21.6;-20.800001
1521664370873;1.8000001;18.800001;3.1000001;-2.4;21.6;-20.800001
1521664370902;1.7;18.800001;3.2;-2.4;21.6;-20.800001
1521664370912;1.8000001;18.800001;3.1000001;-2.4;21.6;-20.800001
1521664370941;1.7;18.800001;3.2;-2.4;21.6;-20.800001
1521664370961;1.7;18.7;3.2;-2.4;21.6;-20.800001
1521664370991;1.8000001;18.7;3.1000001;-2.4;21.6;-20.800001
1521664371019;1.8000001;18.7;3.2;-2.4;21.6;-20.800001
1521664371031;1.8000001;18.7;3.1000001;-2.4;21.6;-20.800001
1521664371051;1.8000001;18.6;3.1000001;-2.4;21.6;-20.800001
1521664371060;1.9;18.6;3.2;-2.4;21.6;-20.800001
1521664371072;1.8000001;18.6;3.2;-2.4;21.6;-20.800001
1521664371083;1.9;18.6;3.1000001;-2.4;21.6;-20.800001
1521664371132;1.9;18.5;3.1000001;-2.4;21.6;-20.800001
1521664371139;1.9;18.6;3.1000001;-2.4;21.6;-20.800001
1521664371151;1.8000001;18.6;3.2;-2.4;21.6;-20.800001
1521664371161;1.9;18.6;3.1000001;-2.4;21.6;-20.800001
1521664371174;1.9;18.6;3.2;-2.4;21.6;-20.800001
1521664371220;1.9;18.6;3.3;-2.4;21.6;-20.800001
1521664371231;1.9;18.6;3.2;-2.4;21.6;-20.800001
1521664371271;1.9;18.6;3.1000001;-2.4;21.6;-20.800001
1521664371299;1.8000001;18.6;3.1000001;-2.4;21.6;-20.800001
1521664371312;1.9;18.6;3.1000001;-2.4;21.6;-20.800001
1521664371331;1.8000001;18.6;3.1000001;-2.4;21.6;-20.800001
1521664371340;1.9;18.6;3.0;-2.4;21.6;-20.800001
1521664371353;1.9;18.6;3.1000001;-2.4;21.6;-20.800001
1521664371363;1.9;18.7;3.1000001;-2.4;21.6;-20.800001
1521664371383;1.8000001;18.6;3.0;-2.4;21.6;-20.800001
1521664371393;1.8000001;18.7;3.0;-2.4;21.6;-20.800001
1521664371400;1.8000001;18.7;3.1000001;-2.4;21.6;-20.800001
1521664371416;1.9;18.7;3.1000001;-2.4;21.6;-20.800001
1521664371423;1.8000001;18.7;3.1000001;-2.4;21.6;-20.800001
1521664371492;1.8000001;18.7;3.2;-2.4;21.6;-20.800001
1521664371511;1.7;18.7;3.2;-2.4;21.6;-20.800001
1521664371589;1.7;18.7;3.3;-2.4;21.6;-20.800001
1521664371598;1.7;18.800001;3.4;-2.4;21.6;-20.800001
1521664371618;1.6;18.800001;3.4;-2.4;21.6;-20.800001
1521664371638;1.6;18.800001;3.5;-2.4;21.6;-20.800001
1521664371649;1.6;18.800001;3.4;-2.4;21.6;-20.800001
1521664371670;1.6;18.800001;3.5;-2.4;21.6;-20.800001
1521664371689;1.6;18.800001;3.6000001;-2.4;21.6;-20.800001
1521664371718;1.6;18.800001;3.7;-2.4;21.6;-20.800001
1521664371729;1.6;18.800001;3.6000001;-2.4;21.6;-20.800001
1521664371738;1.6;18.800001;3.7;-2.4;21.6;-20.800001
1521664371760;1.6;18.800001;3.8;-2.4;21.6;-20.800001
1521664371799;1.6;18.800001;3.7;-2.4;21.6;-20.800001
1521664371819;1.6;18.800001;3.6000001;-2.4;21.6;-20.800001
1521664371833;1.6;18.800001;3.8;-2.4;21.6;-20.800001
1521664371853;1.6;18.800001;3.7;-2.4;21.6;-20.800001
1521664371873;1.6;18.800001;3.8;-2.4;21.6;-20.800001
1521664371894;1.7;18.7;3.8;-2.4;21.6;-20.800001
1521664371901;1.7;18.7;3.7;-2.4;21.6;-20.800001
1521664371913;1.7;18.6;3.7;-2.4;21.6;-20.800001
1521664371922;1.6;18.6;3.7;-2.4;21.6;-20.800001
1521664371953;1.6;18.7;3.6000001;-2.4;21.6;-20.800001
1521664371973;1.6;18.7;3.5;-2.4;21.6;-20.800001
1521664371984;1.6;18.7;3.6000001;-2.4;21.6;-20.800001
1521664371999;1.6;18.6;3.5;-2.4;21.6;-20.800001
1521664372019;1.5;18.6;3.6000001;-2.4;21.6;-20.800001
1521664372053;1.5;18.6;3.5;-2.4;21.6;-20.800001
1521664372062;1.4;18.6;3.5;-2.4;21.6;-20.800001
1521664372119;1.4;18.5;3.4;-2.4;21.6;-20.800001
1521664372131;1.4;18.5;3.3;-2.4;21.6;-20.800001
1521664372140;1.4;18.4;3.3;-2.4;21.6;-20.800001
1521664372193;1.4;18.4;3.2;-2.4;21.6;-20.800001
1521664372221;1.4;18.4;3.3;-2.4;21.6;-20.800001
1521664372259;1.4;18.300001;3.4;-2.4;21.6;-20.800001
1521664372309;1.4;18.300001;3.3;-2.4;21.6;-20.800001
1521664372319;1.4;18.2;3.3;-2.4;21.6;-20.800001
1521664372339;1.4;18.2;3.2;-2.4;21.6;-20.800001
1521664372380;1.4;18.1;3.2;-2.4;21.6;-20.800001
1521664372414;1.4;18.0;3.2;-2.4;21.6;-20.800001
1521664372423;1.4;18.1;3.2;-2.4;21.6;-20.800001
1521664372441;1.4;18.0;3.3;-2.4;21.6;-20.800001
1521664372480;1.4;18.1;3.3;-2.4;21.6;-20.800001
1521664372493;1.4;18.0;3.4;-2.4;21.6;-20.800001
1521664372515;1.3000001;18.0;3.4;-2.4;21.6;-20.800001
1521664372523;1.3000001;18.1;3.4;-2.4;21.6;-20.800001
1521664372538;1.2;18.1;3.4;-2.4;21.6;-20.800001
1521664372549;1.3000001;18.1;3.3;-2.4;21.6;-20.800001
1521664372578;1.2;18.1;3.2;-2.4;21.6;-20.800001
1521664372598;1.3000001;18.1;3.2;-2.4;21.6;-20.800001
1521664372610;1.4;18.0;3.1000001;-2.4;21.6;-20.800001
1521664372629;1.4;18.0;3.2;-2.4;21.6;-20.800001
1521664372638;1.3000001;18.0;3.2;-2.4;21.6;-20.800001
1521664372649;1.3000001;18.1;3.3;-2.4;21.6;-20.800001
1521664372658;1.4;18.1;3.3;-2.4;21.6;-20.800001
1521664372669;1.3000001;18.1;3.2;-2.4;21.6;-20.800001
1521664372693;1.3000001;18.1;3.3;-2.4;21.6;-20.800001
1521664372709;1.4;18.1;3.2;-2.4;21.6;-20.800001
1521664372718;1.4;18.1;3.3;-2.4;21.6;-20.800001
1521664372738;1.4;18.2;3.3;-2.4;21.6;-20.800001
1521664372749;1.4;18.2;3.2;-2.4;21.6;-20.800001
1521664372772;1.3000001;18.2;3.2;-2.4;21.6;-20.800001
1521664372780;1.4;18.2;3.3;-2.4;21.6;-20.800001
1521664372798;1.3000001;18.2;3.2;-2.4;21.6;-20.800001
1521664372810;1.4;18.2;3.2;-2.4;21.6;-20.800001
1521664372820;1.4;18.2;3.1000001;-2.4;21.6;-20.800001
1521664372853;1.4;18.300001;3.1000001;-2.4;21.6;-20.800001
1521664372862;1.3000001;18.300001;3.2;-2.4;21.6;-20.800001
1521664372874;1.4;18.300001;3.2;-2.4;21.6;-20.800001
1521664372893;1.4;18.4;3.2;-2.4;21.6;-20.800001
1521664372900;1.4;18.4;3.3;-2.4;21.6;-20.800001
1521664372912;1.4;18.5;3.3;-2.4;21.6;-20.800001
1521664372924;1.3000001;18.5;3.3;-2.4;21.6;-20.800001
1521664372941;1.4;18.5;3.3;-2.4;21.6;-20.800001
1521664372962;1.4;18.6;3.3;-2.4;21.6;-20.800001
1521664372999;1.4;18.7;3.3;-2.4;21.6;-20.800001
1521664373010;1.4;18.7;3.4;-2.4;21.6;-20.800001
1521664373019;1.5;18.7;3.4;-2.4;21.6;-20.800001
1521664373039;1.4;18.800001;3.3;-2.4;21.6;-20.800001
1521664373051;1.5;18.800001;3.4;-2.4;21.6;-20.800001
1521664373061;1.5;18.9;3.4;-2.4;21.6;-20.800001
1521664373119;1.5;19.0;3.4;-2.4;21.6;-20.800001
1521664373130;1.6;19.0;3.4;-2.4;21.6;-20.800001
1521664373150;1.6;19.0;3.5;-2.4;21.6;-20.800001
1521664373198;1.6;19.1;3.5;-2.4;21.6;-20.800001
1521664373219;1.7;19.1;3.5;-2.4;21.6;-20.800001
1521664373238;1.6;19.1;3.4;-2.4;21.6;-20.800001
1521664373249;1.6;19.1;3.5;-2.4;21.6;-20.800001
1521664373258;1.6;19.1;3.4;-2.4;21.6;-20.800001
1521664373274;1.6;19.1;3.5;-2.4;21.6;-20.800001
1521664373378;1.6;19.1;3.6000001;-2.4;21.6;-20.800001
1521664373398;1.6;19.1;3.5;-2.4;21.6;-20.800001
1521664373418;1.6;19.1;3.6000001;-2.4;21.6;-20.800001
1521664373433;1.6;19.1;3.5;-2.4;21.6;-20.800001
1521664373449;1.5;19.1;3.6000001;-2.4;21.6;-20.800001
1521664373479;1.5;19.1;3.5;-2.4;21.6;-20.800001
1521664373489;1.6;19.1;3.5;-2.4;21.6;-20.800001
1521664373498;1.6;19.0;3.5;-2.4;21.6;-20.800001
1521664373514;1.6;19.1;3.5;-2.4;21.6;-20.800001
1521664373538;1.6;19.1;3.6000001;-2.4;21.6;-20.800001
1521664373598;1.7;19.1;3.6000001;-2.4;21.6;-20.800001
1521664373618;1.7;19.1;3.5;-2.4;21.6;-20.800001
1521664373638;1.7;19.0;3.5;-2.4;21.6;-20.800001
1521664373658;1.7;19.1;3.5;-2.4;21.6;-20.800001
1521664373669;1.7;19.1;3.6000001;-2.4;21.6;-20.800001
1521664373678;1.7;19.1;3.5;-2.4;21.6;-20.800001
1521664373699;1.7;19.1;3.4;-2.4;21.6;-20.800001
1521664373732;1.7;19.1;3.5;-2.4;21.6;-20.800001
1521664373750;1.8000001;19.1;3.5;-2.4;21.6;-20.800001
1521664373772;1.7;19.1;3.5;-2.4;21.6;-20.800001
1521664373792;1.7;19.2;3.5;-2.4;21.6;-20.800001
1521664373811;1.6;19.2;3.5;-2.4;21.6;-20.800001
1521664373832;1.6;19.2;3.4;-2.4;21.6;-20.800001
1521664373874;1.6;19.2;3.3;-2.4;21.6;-20.800001
1521664373920;1.6;19.2;3.4;-2.4;21.6;-20.800001
1521664373932;1.6;19.2;3.3;-2.4;21.6;-20.800001
1521664373962;1.5;19.2;3.3;-2.4;21.6;-20.800001
1521664373973;1.6;19.2;3.3;-2.4;21.6;-20.800001
1521664373980;1.6;19.2;3.4;-2.4;21.6;-20.800001
1521664374010;1.7;19.1;3.5;-2.4;21.6;-20.800001
1521664374032;1.6;19.1;3.4;-2.4;21.6;-20.800001
1521664374039;1.7;19.0;3.4;-2.4;21.6;-20.800001
1521664374059;1.6;19.1;3.5;-2.4;21.6;-20.800001
1521664374079;1.6;19.0;3.5;-2.4;21.6;-20.800001
1521664374119;1.7;18.9;3.5;-2.4;21.6;-20.800001
1521664374159;1.7;19.0;3.5;-2.4;21.6;-20.800001
1521664374170;1.7;19.0;3.6000001;-2.4;21.6;-20.800001
1521664374179;1.6;19.0;3.6000001;-2.4;21.6;-20.800001
1521664374199;1.7;18.9;3.6000001;-2.4;21.6;-20.800001
1521664374211;1.6;18.9;3.6000001;-2.4;21.6;-20.800001
1521664374232;1.7;18.9;3.6000001;-2.4;21.6;-20.800001
1521664374250;1.7;18.800001;3.5;-2.4;21.6;-20.800001
1521664374259;1.7;18.9;3.5;-2.4;21.6;-20.800001
1521664374272;1.7;18.800001;3.5;-2.4;21.6;-20.800001
1521664374281;1.7;18.800001;3.4;-2.4;21.6;-20.800001
1521664374351;1.7;18.800001;3.3;-2.4;21.6;-20.800001
1521664374392;1.8000001;18.800001;3.3;-2.4;21.6;-20.800001
1521664374421;1.8000001;18.800001;3.2;-2.4;21.6;-20.800001
1521664374442;1.8000001;18.800001;3.1000001;-2.4;21.6;-20.800001
1521664374450;1.8000001;18.7;3.2;-2.4;21.6;-20.800001
1521664374459;1.8000001;18.7;3.1000001;-2.4;21.6;-20.800001
1521664374529;1.7;18.800001;3.0;-2.4;21.6;-20.800001
1521664374538;1.7;18.7;3.0;-2.4;21.6;-20.800001
1521664374549;1.7;18.800001;3.0;-2.4;21.6;-20.800001
1521664374579;1.7;18.7;3.0;-2.4;21.6;-20.800001
1521664374598;1.7;18.800001;3.0;-2.4;21.6;-20.800001
1521664374609;1.6;18.800001;2.9;-2.4;21.6;-20.800001
1521664374629;1.6;18.800001;2.8;-2.4;21.6;-20.800001
1521664374638;1.7;18.800001;2.8;-2.4;21.6;-20.800001
1521664374669;1.6;18.800001;2.9;-2.4;21.6;-20.800001
1521664374678;1.6;18.9;2.9;-2.4;21.6;-20.800001
1521664374698;1.5;19.0;2.8;-2.4;21.6;-20.800001
1521664374718;1.4;19.0;2.9;-2.4;21.6;-20.800001
1521664374729;1.5;19.0;2.9;-2.4;21.6;-20.800001
1521664374739;1.4;19.0;3.0;-2.4;21.6;-20.800001
1521664374759;1.4;19.0;2.9;-2.4;21.6;-20.800001
1521664374809;1.4;19.0;2.8;-2.4;21.6;-20.800001
1521664374818;1.4;19.0;2.9;-2.4;21.6;-20.800001
1521664374838;1.3000001;19.2;3.1000001;-2.4;21.6;-20.800001
1521664374849;1.2;19.2;3.1000001;-2.4;21.6;-20.800001
1521664374858;1.2;19.300001;3.2;-2.4;21.6;-20.800001
1521664374878;1.0;19.4;3.2;-2.4;21.6;-20.800001
1521664374898;1.0;19.5;3.4;-2.4;21.6;-20.800001
1521664374919;0.90000004;19.5;3.6000001;-2.4;21.6;-20.800001
1521664374929;0.8;19.6;3.7;-2.4;21.6;-20.800001
1521664374949;0.7;19.7;3.7;-2.4;21.6;-20.800001
1521664374957;0.6;19.800001;3.7;-2.4;21.6;-20.800001
1521664374988;0.5;19.800001;3.8;-2.4;21.6;-20.800001
1521664374998;0.5;19.9;3.8;-2.4;21.6;-20.800001
1521664375008;0.4;19.9;3.9;-2.4;21.6;-20.800001
1521664375018;0.4;20.0;3.9;-2.4;21.6;-20.800001
1521664375029;0.3;20.0;4.0;-2.4;21.6;-20.800001
1521664375038;0.3;20.1;4.1;-2.4;21.6;-20.800001
1521664375057;0.2;20.2;4.2000003;-2.4;21.6;-20.800001
1521664375078;0.2;20.2;4.3;-2.4;21.6;-20.800001
1521664375089;0.1;20.300001;4.4;-2.4;21.6;-20.800001
1521664375098;0.1;20.300001;4.3;-2.4;21.6;-20.800001
1521664375109;0.0;20.4;4.4;-2.4;21.6;-20.800001
1521664375118;0.1;20.4;4.4;-2.4;21.6;-20.800001
1521664375129;0.1;20.300001;4.3;-2.4;21.6;-20.800001
1521664375137;0.2;20.2;4.3;-2.4;21.6;-20.800001
1521664375149;0.3;20.2;4.2000003;-2.4;21.6;-20.800001
1521664375158;0.3;20.2;4.1;-2.4;21.6;-20.800001
1521664375168;0.4;20.1;4.1;-2.4;21.6;-20.800001
1521664375178;0.4;20.1;4.2000003;-2.4;21.6;-20.800001
1521664375188;0.4;20.1;4.1;-2.4;21.6;-20.800001
1521664375198;0.4;20.0;4.1;-2.4;21.6;-20.800001
1521664375218;0.5;20.0;4.1;-2.4;21.6;-20.800001
1521664375229;0.5;20.0;4.0;-2.4;21.6;-20.800001
1521664375238;0.5;20.0;4.1;-2.4;21.6;-20.800001
1521664375258;0.6;20.0;4.2000003;-2.4;21.6;-20.800001
1521664375268;0.6;19.9;4.1;-2.4;21.6;-20.800001
1521664375278;0.6;19.9;4.2000003;-2.4;21.6;-20.800001
1521664375298;0.7;19.9;4.1;-2.4;21.6;-20.800001
1521664375309;0.7;19.800001;4.2000003;-2.4;21.6;-20.800001
1521664375329;0.7;19.800001;4.1;-2.4;21.6;-20.800001
1521664375349;0.8;19.800001;4.2000003;-2.4;21.6;-20.800001
1521664375369;0.90000004;19.7;4.3;-2.4;21.6;-20.800001
1521664375380;0.90000004;19.800001;4.3;-2.4;21.6;-20.800001
1521664375391;0.90000004;19.7;4.3;-2.4;21.6;-20.800001
1521664375401;0.90000004;19.7;4.4;-2.4;21.6;-20.800001
1521664375418;0.90000004;19.800001;4.5;-2.4;21.6;-20.800001
1521664375438;0.8;19.800001;4.6;-2.4;21.6;-20.800001
1521664375449;0.8;19.9;4.7000003;-2.4;21.6;-20.800001
1521664375458;0.8;19.9;4.8;-2.4;21.6;-20.800001
1521664375470;0.7;20.0;4.9;-2.4;21.6;-20.800001
1521664375478;0.7;20.0;4.8;-2.4;21.6;-20.800001
1521664375489;0.8;20.0;4.9;-2.4;21.6;-20.800001
1521664375510;0.8;20.0;4.8;-2.4;21.6;-20.800001
1521664375518;0.8;20.0;4.9;-2.4;21.6;-20.800001
1521664375598;0.90000004;20.0;5.0;-2.4;21.6;-20.800001
1521664375609;0.90000004;20.0;4.9;-2.4;21.6;-20.800001
1521664375629;1.0;19.9;4.8;-2.4;21.6;-20.800001
1521664375649;1.1;19.9;4.6;-2.4;21.6;-20.800001
1521664375658;1.1;19.800001;4.5;-2.4;21.6;-20.800001
1521664375669;1.1;19.800001;4.4;-2.4;21.6;-20.800001
1521664375678;1.2;19.7;4.3;-2.4;21.6;-20.800001
1521664375689;1.2;19.7;4.2000003;-2.4;21.6;-20.800001
1521664375698;1.3000001;19.7;4.1;-2.4;21.6;-20.800001
1521664375709;1.3000001;19.6;4.0;-2.4;21.6;-20.800001
1521664375718;1.4;19.5;4.0;-2.4;21.6;-20.800001
1521664375738;1.5;19.5;3.8;-2.4;21.6;-20.800001
1521664375750;1.5;19.4;3.7;-2.4;21.6;-20.800001
1521664375759;1.6;19.300001;3.7;-2.4;21.6;-20.800001
1521664375778;1.7;19.2;3.6000001;-2.4;21.6;-20.800001
1521664375789;1.7;19.2;3.5;-2.4;21.6;-20.800001
1521664375798;1.8000001;19.1;3.4;-2.4;21.6;-20.800001
1521664375819;1.9;19.0;3.3;-2.4;21.6;-20.800001
1521664375838;2.0;18.9;3.2;-2.4;21.6;-20.800001
1521664375849;2.0;18.800001;3.1000001;-2.4;21.6;-20.800001
1521664375858;2.0;18.800001;3.0;-2.4;21.6;-20.800001
1521664375868;2.1000001;18.7;2.9;-2.4;21.6;-20.800001
1521664375878;2.1000001;18.6;2.8;-2.4;21.6;-20.800001
1521664375888;2.2;18.6;2.7;-2.4;21.6;-20.800001
1521664375897;2.2;18.5;2.7;-2.4;21.6;-20.800001
1521664375908;2.2;18.5;2.6000001;-2.4;21.6;-20.800001
1521664375918;2.3;18.5;2.6000001;-2.4;21.6;-20.800001
1521664375948;2.3;18.4;2.7;-2.4;21.6;-20.800001
1521664375958;2.4;18.4;2.7;-2.4;21.6;-20.800001
1521664375989;2.5;18.300001;2.8;-2.4;21.6;-20.800001
1521664375998;2.4;18.4;2.8;-2.4;21.6;-20.800001
1521664376008;2.4;18.4;2.9;-2.4;21.6;-20.800001
1521664376018;2.4;18.4;2.8;-2.4;21.6;-20.800001
1521664376037;2.4;18.4;2.7;-2.4;21.6;-20.800001
1521664376058;2.4;18.300001;2.6000001;-2.4;21.6;-20.800001
1521664376098;2.3;18.4;2.7;-2.4;21.6;-20.800001
1521664376109;2.3;18.4;2.6000001;-2.4;21.6;-20.800001
1521664376158;2.3;18.4;2.7;-2.4;21.6;-20.800001
1521664376169;2.3;18.4;2.6000001;-2.4;21.6;-20.800001
1521664376198;2.3;18.5;2.6000001;-2.4;21.6;-20.800001
1521664376209;2.2;18.5;2.6000001;-2.4;21.6;-20.800001
1521664376229;2.2;18.5;2.5;-2.4;21.6;-20.800001
1521664376238;2.1000001;18.5;2.5;-2.4;21.6;-20.800001
1521664376249;2.0;18.6;2.5;-2.4;21.6;-20.800001
1521664376258;2.0;18.7;2.6000001;-2.4;21.6;-20.800001
1521664376269;1.9;18.7;2.7;-2.4;21.6;-20.800001
1521664376278;1.9;18.800001;2.8;-2.4;21.6;-20.800001
1521664376292;1.8000001;18.9;2.8;-2.4;21.6;-20.800001
1521664376310;1.7;19.0;2.9;-2.4;21.6;-20.800001
1521664376330;1.6;19.1;3.1000001;-2.4;21.6;-20.800001
1521664376349;1.5;19.2;3.3;-2.4;21.6;-20.800001
1521664376358;1.5;19.300001;3.4;-2.4;21.6;-20.800001
1521664376369;1.4;19.4;3.4;-2.4;21.6;-20.800001
1521664376378;1.4;19.4;3.5;-2.4;21.6;-20.800001
1521664376390;1.3000001;19.5;3.5;-2.4;21.6;-20.800001
1521664376398;1.3000001;19.5;3.6000001;-2.4;21.6;-20.800001
1521664376409;1.2;19.5;3.7;-2.4;21.6;-20.800001
1521664376419;1.2;19.6;3.7;-2.4;21.6;-20.800001
1521664376429;1.1;19.7;3.7;-2.4;21.6;-20.800001
1521664376441;1.1;19.7;3.8;-2.4;21.6;-20.800001
1521664376449;1.0;19.800001;3.8;-2.4;21.6;-20.800001
1521664376458;1.0;19.800001;3.9;-2.4;21.6;-20.800001
1521664376469;0.90000004;19.9;4.0;-2.4;21.6;-20.800001
1521664376478;0.8;19.9;4.1;-2.4;21.6;-20.800001
1521664376490;0.7;20.0;4.2000003;-2.4;21.6;-20.800001
1521664376519;0.6;20.2;4.4;-2.4;21.6;-20.800001
1521664376529;0.6;20.2;4.6;-2.4;21.6;-20.800001
1521664376538;0.5;20.300001;4.6;-2.4;21.6;-20.800001
1521664376589;0.5;20.300001;4.4;-2.4;21.6;-20.800001
1521664376610;0.5;20.300001;4.3;-2.4;21.6;-20.800001
1521664376618;0.4;20.300001;4.3;-2.4;21.6;-20.800001
1521664376638;0.5;20.2;4.3;-2.4;21.6;-20.800001
1521664376659;0.4;20.2;4.3;-2.4;21.6;-20.800001
1521664376698;0.4;20.300001;4.2000003;-2.4;21.6;-20.800001
1521664376711;0.4;20.2;4.3;-2.4;21.6;-20.800001
1521664376738;0.5;20.2;4.4;-2.4;21.6;-20.800001
1521664376750;0.5;20.1;4.3;-2.4;21.6;-20.800001
1521664376758;0.6;20.1;4.3;-2.4;21.6;-20.800001
1521664376770;0.7;20.0;4.2000003;-2.4;21.6;-20.800001
1521664376781;0.8;19.9;4.1;-2.4;21.6;-20.800001
1521664376790;0.90000004;19.800001;4.1;-2.4;21.6;-20.800001
1521664376798;1.0;19.7;4.1;-2.4;21.6;-20.800001
1521664376811;1.0;19.7;4.0;-2.4;21.6;-20.800001
1521664376831;1.1;19.6;4.0;-2.4;21.6;-20.800001
1521664376839;1.1;19.5;3.9;-2.4;21.6;-20.800001
1521664376852;1.2;19.5;3.9;-2.4;21.6;-20.800001
1521664376860;1.2;19.4;3.9;-2.4;21.6;-20.800001
1521664376871;1.3000001;19.4;3.8;-2.4;21.6;-20.800001
1521664376880;1.4;19.300001;3.8;-2.4;21.6;-20.800001
1521664376891;1.5;19.2;3.8;-2.4;21.6;-20.800001
1521664376915;1.7;19.1;3.7;-2.4;21.6;-20.800001
1521664376919;1.7;19.1;3.6000001;-2.4;21.6;-20.800001
1521664376940;1.7;19.0;3.6000001;-2.4;21.6;-20.800001
1521664376950;1.8000001;19.0;3.5;-2.4;21.6;-20.800001
1521664376962;1.8000001;18.9;3.4;-2.4;21.6;-20.800001
1521664376982;1.9;18.800001;3.4;-2.4;21.6;-20.800001
1521664376989;2.0;18.7;3.4;-2.4;21.6;-20.800001
1521664376999;2.1000001;18.6;3.3;-2.4;21.6;-20.800001
1521664377009;2.1000001;18.6;3.2;-2.4;21.6;-20.800001
1521664377018;2.1000001;18.6;3.3;-2.4;21.6;-20.800001
1521664377029;2.2;18.5;3.2;-2.4;21.6;-20.800001
1521664377038;2.2;18.5;3.1000001;-2.4;21.6;-20.800001
1521664377050;2.2;18.4;3.2;-2.4;21.6;-20.800001
1521664377059;2.2;18.4;3.1000001;-2.4;21.6;-20.800001
1521664377069;2.2;18.4;3.0;-2.4;21.6;-20.800001
1521664377100;2.2;18.4;3.1000001;-2.4;21.6;-20.800001
1521664377110;2.2;18.4;3.0;-2.4;21.6;-20.800001
1521664377118;2.2;18.300001;3.0;-2.4;21.6;-20.800001
1521664377149;2.2;18.300001;2.9;-2.4;21.6;-20.800001
1521664377160;2.3;18.300001;2.9;-2.4;21.6;-20.800001
1521664377169;2.2;18.300001;2.9;-2.4;21.6;-20.800001
1521664377189;2.2;18.2;3.0;-2.4;21.6;-20.800001
1521664377199;2.2;18.2;3.1000001;-2.4;21.6;-20.800001
1521664377229;2.3;18.2;3.2;-2.4;21.6;-20.800001
1521664377239;2.3;18.1;3.2;-2.4;21.6;-20.800001
1521664377249;2.3;18.1;3.1000001;-2.4;21.6;-20.800001
1521664377311;2.4;18.1;3.1000001;-2.4;21.6;-20.800001
1521664377319;2.4;18.0;3.0;-2.4;21.6;-20.800001
1521664377331;2.4;18.1;3.1000001;-2.4;21.6;-20.800001
1521664377339;2.4;18.0;3.1000001;-2.4;21.6;-20.800001
1521664377360;2.4;18.1;3.1000001;-2.4;21.6;-20.800001
1521664377370;2.4;18.1;3.2;-2.4;21.6;-20.800001
1521664377379;2.3;18.1;3.2;-2.4;21.6;-20.800001
1521664377390;2.3;18.1;3.3;-2.4;21.6;-20.800001
1521664377399;2.3;18.1;3.2;-2.4;21.6;-20.800001
1521664377419;2.4;18.0;3.2;-2.4;21.6;-20.800001
1521664377431;2.3;18.0;3.2;-2.4;21.6;-20.800001
1521664377479;2.3;18.0;3.3;-2.4;21.6;-20.800001
1521664377499;2.3;18.0;3.2;-2.4;21.6;-20.800001
1521664377522;2.3;18.0;3.1000001;-2.4;21.6;-20.800001
1521664377541;2.2;18.1;3.1000001;-2.4;21.6;-20.800001
1521664377550;2.2;18.0;3.2;-2.4;21.6;-20.800001
1521664377609;2.2;18.0;3.1000001;-2.4;21.6;-20.800001
1521664377629;2.1000001;18.1;3.1000001;-2.4;21.6;-20.800001
1521664377649;2.1000001;18.1;3.2;-2.4;21.6;-20.800001
1521664377658;2.0;18.1;3.2;-2.4;21.6;-20.800001
1521664377671;2.1000001;18.1;3.1000001;-2.4;21.6;-20.800001
1521664377698;2.1000001;18.2;3.1000001;-2.4;21.6;-20.800001
1521664377710;2.0;18.2;3.2;-2.4;21.6;-20.800001
1521664377719;2.0;18.2;3.1000001;-2.4;21.6;-20.800001
1521664377739;2.0;18.300001;3.2;-2.4;21.6;-20.800001
1521664377759;1.9;18.4;3.3;-2.4;21.6;-20.800001
1521664377771;1.9;18.5;3.3;-2.4;21.6;-20.800001
1521664377780;1.9;18.5;3.1000001;-2.4;21.6;-20.800001
1521664377799;1.9;18.6;3.1000001;-2.4;21.6;-20.800001
1521664377810;2.0;18.6;3.1000001;-2.4;21.6;-20.800001
1521664377830;2.0;18.6;3.0;-2.4;21.6;-20.800001
1521664377839;1.9;18.7;3.2;-2.4;21.6;-20.800001
1521664377873;1.9;18.800001;3.1000001;-2.4;21.6;-20.800001
1521664377879;1.9;18.9;3.1000001;-2.4;21.6;-20.800001
1521664377899;1.9;18.9;3.2;-2.4;21.6;-20.800001
1521664377909;1.8000001;19.0;3.3;-2.4;21.6;-20.800001
1521664377930;1.9;19.0;3.2;-2.4;21.6;-20.800001
1521664377939;1.8000001;19.1;3.3;-2.4;21.6;-20.800001
1521664377950;1.8000001;19.2;3.3;-2.4;21.6;-20.800001
1521664377970;1.8000001;19.2;3.4;-2.4;21.6;-20.800001
1521664377979;1.8000001;19.300001;3.4;-2.4;21.6;-20.800001
1521664378019;1.8000001;19.4;3.4;-2.4;21.6;-20.800001
1521664378031;1.8000001;19.4;3.5;-2.4;21.6;-20.800001
1521664378041;1.9;19.4;3.4;-2.4;21.6;-20.800001
1521664378060;1.9;19.300001;3.3;-2.4;21.6;-20.800001
1521664378079;1.9;19.300001;3.4;-2.4;21.6;-20.800001
1521664378090;1.9;19.4;3.6000001;-2.4;21.6;-20.800001
1521664378110;1.9;19.4;3.7;-2.4;21.6;-20.800001
1521664378140;1.9;19.4;3.6000001;-2.4;21.6;-20.800001
1521664378151;1.9;19.300001;3.6000001;-2.4;21.6;-20.800001
1521664378159;1.9;19.4;3.7;-2.4;21.6;-20.800001
1521664378170;1.8000001;19.5;3.8;-2.4;21.6;-20.800001
1521664378178;1.8000001;19.5;3.9;-2.4;21.6;-20.800001
1521664378199;1.9;19.4;3.8;-2.4;21.6;-20.800001
1521664378210;1.9;19.5;3.8;-2.4;21.6;-20.800001
1521664378218;1.9;19.4;3.8;-2.4;21.6;-20.800001
1521664378230;1.9;19.4;3.9;-2.4;21.6;-20.800001
1521664378238;1.9;19.4;3.8;-2.4;21.6;-20.800001
1521664378250;1.9;19.4;3.7;-2.4;21.6;-20.800001
1521664378259;1.9;19.4;3.8;-2.4;21.6;-20.800001
1521664378270;1.9;19.4;3.7;-2.4;21.6;-20.800001
1521664378329;1.9;19.4;3.6000001;-2.4;21.6;-20.800001
1521664378339;1.9;19.4;3.7;-2.4;21.6;-20.800001
1521664378350;2.0;19.4;3.7;-2.4;21.6;-20.800001
1521664378361;1.9;19.5;3.8;-2.4;21.6;-20.800001
1521664378380;1.9;19.5;3.7;-2.4;21.6;-20.800001
1521664378390;1.9;19.5;3.6000001;-2.4;21.6;-20.800001
1521664378410;1.9;19.5;3.5;-2.4;21.6;-20.800001
1521664378418;1.8000001;19.5;3.5;-2.4;21.6;-20.800001
1521664378429;1.8000001;19.6;3.6000001;-2.4;21.6;-20.800001
1521664378461;1.9;19.5;3.4;-2.4;21.6;-20.800001
1521664378479;1.9;19.5;3.3;-2.4;21.6;-20.800001
1521664378489;2.0;19.5;3.3;-2.4;21.6;-20.800001
1521664378519;2.0;19.5;3.4;-2.4;21.6;-20.800001
1521664378538;2.0;19.5;3.3;-2.4;21.6;-20.800001
1521664378550;2.0;19.5;3.4;-2.4;21.6;-20.800001
1521664378589;1.9;19.5;3.4;-2.4;21.6;-20.800001
1521664378659;2.0;19.5;3.3;-2.4;21.6;-20.800001
1521664378672;2.0;19.4;3.3;-2.4;21.6;-20.800001
1521664378678;1.9;19.5;3.5;-2.4;21.6;-20.800001
1521664378690;1.9;19.6;3.6000001;-2.4;21.6;-20.800001
1521664378709;1.8000001;19.6;3.7;-2.4;21.6;-20.800001
1521664378718;1.8000001;19.7;3.7;-2.4;21.6;-20.800001
1521664378729;1.8000001;19.7;3.8;-2.4;21.6;-20.800001
1521664378738;1.7;19.800001;3.8;-2.4;21.6;-20.800001
1521664378758;1.6;19.800001;3.9;-2.4;21.6;-20.800001
1521664378769;1.5;19.9;3.9;-2.4;21.6;-20.800001
1521664378779;1.4;20.0;4.0;-2.4;21.6;-20.800001
1521664378799;1.3000001;20.1;4.0;-2.4;21.6;-20.800001
1521664378811;1.3000001;20.1;4.1;-2.4;21.6;-20.800001
1521664378821;1.2;20.1;4.1;-2.4;21.6;-20.800001
1521664378830;1.2;20.2;4.2000003;-2.4;21.6;-20.800001
1521664378851;1.1;20.300001;4.2000003;-2.4;21.6;-20.800001
1521664378859;1.2;20.300001;4.2000003;-2.4;21.6;-20.800001
1521664378880;1.1;20.300001;4.3;-2.4;21.6;-20.800001
1521664378890;1.1;20.4;4.4;-2.4;21.6;-20.800001
1521664378899;1.0;20.5;4.5;-2.4;21.6;-20.800001
1521664378910;1.0;20.5;4.6;-2.4;21.6;-20.800001
1521664378919;1.0;20.6;4.7000003;-2.4;21.6;-20.800001
1521664378931;0.90000004;20.6;4.7000003;-2.4;21.6;-20.800001
1521664378939;0.8;20.6;4.7000003;-2.4;21.6;-20.800001
1521664378961;0.8;20.7;4.7000003;-2.4;21.6;-20.800001
1521664378989;0.8;20.7;4.6;-2.4;21.6;-20.800001
1521664379009;0.7;20.7;4.6;-2.4;21.6;-20.800001
1521664379018;0.8;20.7;4.6;-2.4;21.6;-20.800001
1521664379058;0.8;20.800001;4.7000003;-2.4;21.6;-20.800001
1521664379069;0.8;20.7;4.7000003;-2.4;21.6;-20.800001
1521664379078;0.8;20.800001;4.7000003;-2.4;21.6;-20.800001
1521664379089;0.8;20.7;4.7000003;-2.4;21.6;-20.800001
1521664379098;0.90000004;20.7;4.7000003;-2.4;21.6;-20.800001
1521664379119;0.90000004;20.800001;4.8;-2.4;21.6;-20.800001
1521664379131;0.8;20.800001;4.7000003;-2.4;21.6;-20.800001
1521664379139;0.8;20.800001;4.8;-2.4;21.6;-20.800001
1521664379161;0.8;20.800001;4.7000003;-2.4;21.6;-20.800001
1521664379172;0.7;20.800001;4.8;-2.4;21.6;-20.800001
1521664379181;0.8;20.800001;4.8;-2.4;21.6;-20.800001
1521664379230;0.8;20.800001;4.9;-2.4;21.6;-20.800001
1521664379250;0.8;20.800001;5.0;-2.4;21.6;-20.800001
1521664379279;0.8;20.800001;5.1;-2.4;21.6;-20.800001
1521664379311;0.90000004;20.7;5.1;-2.4;21.6;-20.800001
1521664379322;0.90000004;20.6;5.1;-2.4;21.6;-20.800001
1521664379340;1.0;20.5;4.9;-2.4;21.6;-20.800001
1521664379351;1.1;20.4;4.9;-2.4;21.6;-20.800001
1521664379361;1.2;20.300001;4.8;-2.4;21.6;-20.800001
1521664379379;1.3000001;20.2;4.7000003;-2.4;21.6;-20.800001
1521664379391;1.4;20.1;4.7000003;-2.4;21.6;-20.800001
1521664379399;1.5;20.0;4.6;-2.4;21.6;-20.800001
1521664379410;1.6;20.0;4.6;-2.4;21.6;-20.800001
1521664379419;1.6;19.9;4.5;-2.4;21.6;-20.800001
1521664379439;1.8000001;19.7;4.4;-2.4;21.6;-20.800001
1521664379453;1.8000001;19.7;4.3;-2.4;21.6;-20.800001
1521664379469;1.9;19.6;4.3;-2.4;21.6;-20.800001
1521664379482;2.0;19.4;4.2000003;-2.4;21.6;-20.800001
1521664379489;2.0;19.4;4.0;-2.4;21.6;-20.800001
1521664379499;2.1000001;19.300001;3.9;-2.4;21.6;-20.800001
1521664379519;2.1000001;19.300001;3.8;-2.4;21.6;-20.800001
1521664379538;2.1000001;19.2;3.8;-2.4;21.6;-20.800001
1521664379560;2.2;19.2;3.8;-2.4;21.6;-20.800001
1521664379622;2.1000001;19.300001;3.8;-2.4;21.6;-20.800001
1521664379630;2.1000001;19.300001;3.9;-2.4;21.6;-20.800001
1521664379639;2.1000001;19.4;3.9;-2.4;21.6;-20.800001
1521664379659;1.9;19.5;4.0;-2.4;21.6;-20.800001
1521664379669;1.9;19.6;4.0;-2.4;21.6;-20.800001
1521664379678;1.8000001;19.7;4.1;-2.4;21.6;-20.800001
1521664379689;1.7;19.7;4.2000003;-2.4;21.6;-20.800001
1521664379698;1.6;19.800001;4.2000003;-2.4;21.6;-20.800001
1521664379709;1.6;19.9;4.3;-2.4;21.6;-20.800001
1521664379718;1.5;19.9;4.3;-2.4;21.6;-20.800001
1521664379729;1.4;20.0;4.4;-2.4;21.6;-20.800001
1521664379738;1.4;20.0;4.5;-2.4;21.6;-20.800001
1521664379749;1.3000001;20.1;4.6;-2.4;21.6;-20.800001
1521664379759;1.3000001;20.2;4.6;-2.4;21.6;-20.800001
1521664379771;1.2;20.2;4.7000003;-2.4;21.6;-20.800001
1521664379780;1.1;20.300001;4.7000003;-2.4;21.6;-20.800001
1521664379792;1.1;20.300001;4.8;-2.4;21.6;-20.800001
1521664379799;1.0;20.4;4.8;-2.4;21.6;-20.800001
1521664379840;0.90000004;20.4;4.8;-2.4;21.6;-20.800001
1521664379858;0.90000004;20.5;4.7000003;-2.4;21.6;-20.800001
1521664379891;0.8;20.5;4.7000003;-2.4;21.6;-20.800001
1521664379909;0.90000004;20.5;4.7000003;-2.4;21.6;-20.800001
1521664379918;0.90000004;20.4;4.6;-2.4;21.6;-20.800001
1521664379931;0.90000004;20.4;4.5;-2.4;21.6;-20.800001
1521664379938;0.90000004;20.300001;4.5;-2.4;21.6;-20.800001
1521664379951;0.90000004;20.300001;4.4;-2.4;21.6;-20.800001
1521664379961;1.0;20.2;4.3;-2.4;21.6;-20.800001
1521664379970;1.1;20.1;4.3;-2.4;21.6;-20.800001
1521664379990;1.2;20.0;4.3;-2.4;21.6;-20.800001
1521664379999;1.2;20.0;4.2000003;-2.4;21.6;-20.800001
1521664380019;1.3000001;19.9;4.2000003;-2.4;21.6;-20.800001
1521664380030;1.4;19.800001;4.1;-2.4;21.6;-20.800001
1521664380050;1.5;19.7;4.0;-2.4;21.6;-20.800001
1521664380058;1.5;19.6;4.0;-2.4;21.6;-20.800001
1521664380079;1.6;19.5;4.0;-2.4;21.6;-20.800001
1521664380089;1.6;19.5;3.9;-2.4;21.6;-20.800001
1521664380099;1.6;19.5;4.0;-2.4;21.6;-20.800001
1521664380111;1.7;19.4;4.0;-2.4;21.6;-20.800001
1521664380118;1.8000001;19.4;3.9;-2.4;21.6;-20.800001
1521664380131;1.9;19.300001;3.8;-2.4;21.6;-20.800001
1521664380138;2.0;19.2;3.8;-2.4;21.6;-20.800001
1521664380158;2.1000001;19.1;3.8;-2.4;21.6;-20.800001
1521664380169;2.1000001;19.0;3.7;-2.4;21.6;-20.800001
1521664380178;2.2;18.9;3.6000001;-2.4;21.6;-20.800001
1521664380189;2.3;18.9;3.6000001;-2.4;21.6;-20.800001
1521664380199;2.3;18.800001;3.5;-2.4;21.6;-20.800001
1521664380218;2.4;18.800001;3.5;-2.4;21.6;-20.800001
1521664380270;2.5;18.800001;3.5;-2.4;21.6;-20.800001
1521664380278;2.5;18.7;3.5;-2.4;21.6;-20.800001
1521664380311;2.6000001;18.6;3.5;-2.4;21.6;-20.800001
1521664380318;2.6000001;18.6;3.6000001;-2.4;21.6;-20.800001
1521664380331;2.6000001;18.6;3.5;-2.4;21.6;-20.800001
1521664380341;2.6000001;18.6;3.6000001;-2.4;21.6;-20.800001
1521664380350;2.6000001;18.6;3.5;-2.4;21.6;-20.800001
1521664380372;2.7;18.6;3.4;-2.4;21.6;-20.800001
1521664380391;2.7;18.5;3.4;-2.4;21.6;-20.800001
1521664380420;2.7;18.5;3.3;-2.4;21.6;-20.800001
1521664380430;2.7;18.4;3.3;-2.4;21.6;-20.800001
1521664380470;2.6000001;18.4;3.3;-2.4;21.6;-20.800001
1521664380491;2.6000001;18.300001;3.3;-2.4;21.6;-20.800001
1521664380524;2.5;18.2;3.3;-2.4;21.6;-20.800001
1521664380558;2.5;18.1;3.4;-2.4;21.6;-20.800001
1521664380569;2.4;18.1;3.4;-2.4;21.6;-20.800001
1521664380612;2.3;18.0;3.4;-2.4;21.6;-20.800001
1521664380621;2.3;18.0;3.3;-2.4;21.6;-20.800001
1521664380638;2.3;18.0;3.2;-2.4;21.6;-20.800001
1521664380650;2.3;17.9;3.2;-2.4;21.6;-20.800001
1521664380658;2.2;17.9;3.2;-2.4;21.6;-20.800001
1521664380698;2.1000001;17.800001;3.1000001;-2.4;21.6;-20.800001
1521664380713;2.0;17.9;3.2;-2.4;21.6;-20.800001
1521664380730;2.0;17.9;3.3;-2.4;21.6;-20.800001
1521664380739;1.9;17.9;3.2;-2.4;21.6;-20.800001
1521664380792;2.0;17.800001;3.2;-2.4;21.6;-20.800001
1521664380799;1.9;17.800001;3.2;-2.4;21.6;-20.800001
1521664380810;1.9;17.9;3.3;-2.4;21.6;-20.800001
1521664380860;1.8000001;17.9;3.3;-2.4;21.6;-20.800001
1521664380922;1.7;17.9;3.5;-2.4;21.6;-20.800001
1521664380940;1.7;17.9;3.6000001;-2.4;21.6;-20.800001
1521664380950;1.6;17.9;3.7;-2.4;21.6;-20.800001
1521664381010;1.7;17.9;3.6000001;-2.4;21.6;-20.800001
1521664381030;1.7;17.800001;3.5;-2.4;21.6;-20.800001
1521664381050;1.7;17.9;3.6000001;-2.4;21.6;-20.800001
1521664381058;1.6;17.9;3.6000001;-2.4;21.6;-20.800001
1521664381100;1.5;17.9;3.6000001;-2.4;21.6;-20.800001
1521664381111;1.5;17.9;3.5;-2.4;21.6;-20.800001
1521664381130;1.6;17.9;3.4;-2.4;21.6;-20.800001
1521664381138;1.5;17.9;3.4;-2.4;21.6;-20.800001
1521664381158;1.4;17.9;3.4;-2.4;21.6;-20.800001
1521664381171;1.4;17.9;3.2;-2.4;21.6;-20.800001
1521664381210;1.4;17.9;3.1000001;-2.4;21.6;-20.800001
1521664381218;1.5;17.9;3.0;-2.4;21.6;-20.800001
1521664381230;1.4;17.9;3.0;-2.4;21.6;-20.800001
1521664381238;1.3000001;18.0;3.0;-2.4;21.6;-20.800001
1521664381250;1.4;18.0;3.0;-2.4;21.6;-20.800001
1521664381258;1.3000001;18.0;3.0;-2.4;21.6;-20.800001
1521664381269;1.3000001;18.0;2.9;-2.4;21.6;-20.800001
1521664381278;1.3000001;18.0;3.0;-2.4;21.6;-20.800001
1521664381309;1.2;18.0;3.0;-2.4;21.6;-20.800001
1521664381318;1.3000001;18.0;3.0;-2.4;21.6;-20.800001
1521664381331;1.3000001;18.0;3.1000001;-2.4;21.6;-20.800001
1521664381338;1.2;18.1;3.2;-2.4;21.6;-20.800001
1521664381371;1.2;18.1;3.1000001;-2.4;21.6;-20.800001
1521664381381;1.2;18.1;3.2;-2.4;21.6;-20.800001
1521664381392;1.2;18.1;3.3;-2.4;21.6;-20.800001
1521664381400;1.2;18.2;3.3;-2.4;21.6;-20.800001
1521664381413;1.2;18.1;3.2;-2.4;21.6;-20.800001
1521664381424;1.2;18.2;3.2;-2.4;21.6;-20.800001
1521664381451;1.2;18.2;3.3;-2.4;21.6;-20.800001
1521664381471;1.1;18.2;3.4;-2.4;21.6;-20.800001
1521664381511;1.0;18.2;3.5;-2.4;21.6;-20.800001
1521664381523;1.0;18.2;3.6000001;-2.4;21.6;-20.800001
1521664381541;1.0;18.1;3.6000001;-2.4;21.6;-20.800001
1521664381550;0.90000004;18.1;3.6000001;-2.4;21.6;-20.800001
1521664381569;0.90000004;18.0;3.7;-2.4;21.6;-20.800001
1521664381600;0.8;18.0;3.8;-2.4;21.6;-20.800001
1521664381619;0.7;18.0;3.9;-2.4;21.6;-20.800001
1521664381629;0.7;18.0;3.8;-2.4;21.6;-20.800001
1521664381639;0.6;17.9;3.9;-2.4;21.6;-20.800001
1521664381649;0.6;18.0;3.9;-2.4;21.6;-20.800001
1521664381658;0.5;18.0;4.0;-2.4;21.6;-20.800001
1521664381678;0.4;18.0;4.0;-2.4;21.6;-20.800001
1521664381698;0.4;17.9;4.0;-2.4;21.6;-20.800001
1521664381718;0.3;17.9;4.0;-2.4;21.6;-20.800001
1521664381739;0.3;17.9;4.1;-2.4;21.6;-20.800001
1521664381749;0.3;17.800001;4.1;-2.4;21.6;-20.800001
1521664381758;0.2;17.800001;4.1;-2.4;21.6;-20.800001
1521664381789;0.2;17.800001;4.0;-2.4;21.6;-20.800001
1521664381801;0.2;17.7;4.0;-2.4;21.6;-20.800001
1521664381839;0.2;17.7;3.9;-2.4;21.6;-20.800001
1521664381860;0.2;17.6;3.9;-2.4;21.6;-20.800001
1521664381872;0.2;17.6;3.8;-2.4;21.6;-20.800001
1521664381922;0.1;17.7;3.8;-2.4;21.6;-20.800001
1521664381932;0.2;17.6;3.7;-2.4;21.6;-20.800001
1521664381943;0.2;17.5;3.6000001;-2.4;21.6;-20.800001
1521664381961;0.2;17.4;3.5;-2.4;21.6;-20.800001
1521664381991;0.2;17.4;3.4;-2.4;21.6;-20.800001
1521664382011;0.2;17.4;3.3;-2.4;21.6;-20.800001
1521664382019;0.1;17.4;3.4;-2.4;21.6;-20.800001
1521664382030;0.2;17.300001;3.4;-2.4;21.6;-20.800001
1521664382039;0.1;17.300001;3.3;-2.4;21.6;-20.800001
1521664382079;0.0;17.300001;3.3;-2.4;21.6;-20.800001
1521664382131;0.0;17.300001;3.4;-2.4;21.6;-20.800001
1521664382140;-0.1;17.300001;3.5;-2.4;21.6;-20.800001
1521664382170;-0.2;17.300001;3.5;-2.4;21.6;-20.800001
1521664382181;-0.2;17.300001;3.4;-2.4;21.6;-20.800001
1521664382200;-0.2;17.300001;3.3;-2.4;21.6;-20.800001
1521664382213;-0.3;17.300001;3.3;-2.4;21.6;-20.800001
1521664382223;-0.3;17.300001;3.4;-2.4;21.6;-20.800001
1521664382241;-0.3;17.2;3.3;-2.4;21.6;-20.800001
1521664382251;-0.3;17.300001;3.3;-2.4;21.6;-20.800001
1521664382273;-0.4;17.300001;3.3;-2.4;21.6;-20.800001
1521664382282;-0.4;17.300001;3.4;-2.4;21.6;-20.800001
1521664382303;-0.5;17.300001;3.4;-2.4;21.6;-20.800001
1521664382330;-0.4;17.300001;3.4;-2.4;21.6;-20.800001
1521664382340;-0.5;17.300001;3.4;-2.4;21.6;-20.800001
1521664382350;-0.5;17.4;3.4;-2.4;21.6;-20.800001
1521664382359;-0.6;17.4;3.5;-2.4;21.6;-20.800001
1521664382392;-0.6;17.5;3.5;-2.4;21.6;-20.800001
1521664382402;-0.6;17.5;3.6000001;-2.4;21.6;-20.800001
1521664382420;-0.6;17.5;3.5;-2.4;21.6;-20.800001
1521664382431;-0.6;17.5;3.4;-2.4;21.6;-20.800001
1521664382451;-0.6;17.4;3.4;-2.4;21.6;-20.800001
1521664382461;-0.6;17.5;3.3;-2.4;21.6;-20.800001
1521664382471;-0.6;17.5;3.4;-2.4;21.6;-20.800001
1521664382500;-0.6;17.6;3.4;-2.4;21.6;-20.800001
1521664382513;-0.6;17.5;3.4;-2.4;21.6;-20.800001
1521664382531;-0.6;17.6;3.4;-2.4;21.6;-20.800001
1521664382550;-0.7;17.7;3.6000001;-2.4;21.6;-20.800001
1521664382558;-0.7;17.7;3.5;-2.4;21.6;-20.800001
1521664382630;-0.7;17.7;3.3;-2.4;21.6;-20.800001
1521664382650;-0.6;17.7;3.2;-2.4;21.6;-20.800001
1521664382658;-0.6;17.7;3.1000001;-2.4;21.6;-20.800001
1521664382698;-0.6;17.7;3.0;-2.4;21.6;-20.800001
1521664382719;-0.6;17.7;3.1000001;-2.4;21.6;-20.800001
1521664382731;-0.7;17.7;3.0;-2.4;21.6;-20.800001
1521664382739;-0.6;17.7;3.1000001;-2.4;21.6;-20.800001
1521664382752;-0.6;17.7;3.0;-2.4;21.6;-20.800001
1521664382779;-0.6;17.7;3.1000001;-2.4;21.6;-20.800001
1521664382790;-0.6;17.7;3.0;-2.4;21.6;-20.800001
1521664382799;-0.7;17.7;3.0;-2.4;21.6;-20.800001
1521664382833;-0.7;17.7;3.1000001;-2.4;21.6;-20.800001
1521664382851;-0.7;17.7;3.0;-2.4;21.6;-20.800001
1521664382859;-0.7;17.7;3.1000001;-2.4;21.6;-20.800001
1521664382879;-0.7;17.7;3.0;-2.4;21.6;-20.800001
1521664382892;-0.7;17.7;3.1000001;-2.4;21.6;-20.800001
1521664382901;-0.7;17.800001;3.1000001;-2.4;21.6;-20.800001
1521664382920;-0.7;17.800001;3.2;-2.4;21.6;-20.800001
1521664382942;-0.7;17.7;3.3;-2.4;21.6;-20.800001
1521664382960;-0.7;17.7;3.4;-2.4;21.6;-20.800001
1521664383000;-0.7;17.6;3.4;-2.4;21.6;-20.800001
1521664383011;-0.7;17.7;3.4;-2.4;21.6;-20.800001
1521664383042;-0.7;17.7;3.5;-2.4;21.6;-20.800001
1521664383079;-0.7;17.7;3.4;-2.4;21.6;-20.800001
1521664383091;-0.7;17.7;3.6000001;-2.4;21.6;-20.800001
1521664383119;-0.6;17.7;3.6000001;-2.4;21.6;-20.800001
1521664383139;-0.7;17.7;3.6000001;-2.4;21.6;-20.800001
1521664383178;-0.7;17.7;3.7;-2.4;21.6;-20.800001
1521664383199;-0.6;17.6;3.6000001;-2.4;21.6;-20.800001
1521664383209;-0.7;17.6;3.7;-2.4;21.6;-20.800001
1521664383230;-0.7;17.7;3.7;-2.4;21.6;-20.800001
1521664383239;-0.7;17.6;3.7;-2.4;21.6;-20.800001
1521664383249;-0.7;17.7;3.6000001;-2.4;21.6;-20.800001
1521664383281;-0.8;17.7;3.6000001;-2.4;21.6;-20.800001
1521664383299;-0.8;17.7;3.7;-2.4;21.6;-20.800001
1521664383353;-0.8;17.7;3.8;-2.4;21.6;-20.800001
1521664383372;-0.90000004;17.7;3.7;-2.4;21.6;-20.800001
1521664383380;-0.90000004;17.7;3.8;-2.4;21.6;-20.800001
1521664383400;-0.90000004;17.7;3.7;-2.4;21.6;-20.800001
1521664383470;-1.0;17.800001;3.7;-2.4;21.6;-20.800001
1521664383499;-1.1;17.800001;3.7;-2.4;21.6;-20.800001
1521664383533;-1.0;17.9;3.7;-2.4;21.6;-20.800001
1521664383541;-1.1;17.9;3.8;-2.4;21.6;-20.800001
1521664383570;-1.1;17.9;3.9;-2.4;21.6;-20.800001
1521664383610;-1.1;18.0;3.9;-2.4;21.6;-20.800001
1521664383639;-1.2;18.1;3.8;-2.4;21.6;-20.800001
1521664383689;-1.2;18.1;3.9;-2.4;21.6;-20.800001
1521664383698;-1.2;18.2;3.9;-2.4;21.6;-20.800001
1521664383709;-1.2;18.2;3.8;-2.4;21.6;-20.800001
1521664383718;-1.2;18.2;3.9;-2.4;21.6;-20.800001
1521664383739;-1.3000001;18.2;3.8;-2.4;21.6;-20.800001
1521664383770;-1.2;18.2;3.8;-2.4;21.6;-20.800001
1521664383779;-1.2;18.2;3.9;-2.4;21.6;-20.800001
1521664383790;-1.3000001;18.2;3.9;-2.4;21.6;-20.800001
1521664383832;-1.3000001;18.2;3.8;-2.4;21.6;-20.800001
1521664383843;-1.4;18.2;3.8;-2.4;21.6;-20.800001
1521664383850;-1.4;18.2;3.7;-2.4;21.6;-20.800001
1521664383871;-1.5;18.2;3.7;-2.4;21.6;-20.800001
1521664383880;-1.5;18.2;3.6000001;-2.4;21.6;-20.800001
1521664383890;-1.5;18.300001;3.7;-2.4;21.6;-20.800001
1521664383941;-1.6;18.300001;3.7;-2.4;21.6;-20.800001
1521664383981;-1.7;18.300001;3.7;-2.4;21.6;-20.800001
1521664383993;-1.7;18.300001;3.6000001;-2.4;21.6;-20.800001
1521664384019;-1.8000001;18.300001;3.7;-2.4;21.6;-20.800001
1521664384038;-1.8000001;18.4;3.7;-2.4;21.6;-20.800001
1521664384058;-1.8000001;18.4;3.8;-2.4;21.6;-20.800001
