1521664714333;-0.8;17.0;3.5;-2.4;21.6;-20.800001
1521664714342;-0.7;17.0;3.5;-2.4;21.6;-20.800001
1521664714362;-0.6;17.0;3.6000001;-2.4;21.6;-20.800001
1521664714372;-0.5;17.1;3.6000001;-2.4;21.6;-20.800001
1521664714383;-0.4;17.1;3.6000001;-2.4;21.6;-20.800001
1521664714392;-0.3;17.1;3.7;-2.4;21.6;-20.800001
1521664714403;-0.2;17.1;3.7;-2.4;21.6;-20.800001
1521664714422;-0.1;17.1;3.8;-2.4;21.6;-20.800001
1521664714432;0.0;17.1;3.8;-2.4;21.6;-20.800001
1521664714443;0.0;17.2;3.8;-2.4;21.6;-20.800001
1521664714462;-0.1;17.1;3.8;-2.4;21.6;-20.800001
1521664714472;-0.1;17.2;3.8;-2.4;21.6;-20.800001
1521664714483;-0.1;17.2;3.9;-2.4;21.6;-20.800001
1521664714493;-0.1;17.2;3.8;-2.4;21.6;-20.800001
1521664714512;-0.2;17.300001;3.9;-2.4;21.6;-20.800001
1521664714522;-0.2;17.2;3.9;-2.4;21.6;-20.800001
1521664714542;-0.3;17.300001;4.0;-2.4;21.6;-20.800001
1521664714553;-0.3;17.4;3.9;-2.4;21.6;-20.800001
1521664714582;-0.3;17.4;4.0;-2.4;21.6;-20.800001
1521664714593;-0.3;17.4;3.9;-2.4;21.6;-20.800001
1521664714603;-0.4;17.4;4.0;-2.4;21.6;-20.800001
1521664714643;-0.4;17.4;3.9;-2.4;21.6;-20.800001
1521664714684;-0.4;17.4;4.0;-2.4;21.6;-20.800001
1521664714692;-0.3;17.4;4.0;-2.4;21.6;-20.800001
1521664714702;-0.4;17.4;4.0;-2.4;21.6;-20.800001
1521664714722;-0.3;17.4;4.0;-2.4;21.6;-20.800001
1521664714743;-0.3;17.4;4.1;-2.4;21.6;-20.800001
1521664714753;-0.4;17.4;4.0;-2.4;21.6;-20.800001
1521664714793;-0.4;17.4;4.1;-2.4;21.6;-20.800001
1521664714803;-0.4;17.5;4.2000003;-2.4;21.6;-20.800001
1521664714813;-0.5;17.5;4.2000003;-2.4;21.6;-20.800001
1521664714822;-0.5;17.6;4.3;-2.4;21.6;-20.800001
1521664714833;-0.6;17.6;4.3;-2.4;21.6;-20.800001
1521664714865;-0.6;17.7;4.5;-2.4;21.6;-20.800001
1521664714873;-0.6;17.800001;4.5;-2.4;21.6;-20.800001
1521664714882;-0.7;17.800001;4.6;-2.4;21.6;-20.800001
1521664714892;-0.7;17.9;4.7000003;-2.4;21.6;-20.800001
1521664714913;-0.7;18.0;4.8;-2.4;21.6;-20.800001
1521664714924;-0.8;18.0;4.8;-2.4;21.6;-20.800001
1521664714932;-0.90000004;18.1;4.8;-2.4;21.6;-20.800001
1521664714942;-0.90000004;18.1;5.0;-2.4;21.6;-20.800001
1521664714952;-0.90000004;18.2;5.0;-2.4;21.6;-20.800001
1521664714963;-0.90000004;18.2;5.1;-2.4;21.6;-20.800001
1521664714973;-0.90000004;18.300001;5.1;-2.4;21.6;-20.800001
1521664714983;-1.0;18.300001;5.1;-2.4;21.6;-20.800001
1521664714995;-1.1;18.4;5.2000003;-2.4;21.6;-20.800001
1521664715013;-1.1;18.5;5.3;-2.4;21.6;-20.800001
1521664715022;-1.2;18.6;5.3;-2.4;21.6;-20.800001
1521664715053;-1.2;18.6;5.4;-2.4;21.6;-20.800001
1521664715062;-1.2;18.6;5.5;-2.4;21.6;-20.800001
1521664715073;-1.2;18.7;5.5;-2.4;21.6;-20.800001
1521664715083;-1.2;18.7;5.6;-2.4;21.6;-20.800001
1521664715092;-1.2;18.7;5.5;-2.4;21.6;-20.800001
1521664715112;-1.2;18.6;5.5;-2.4;21.6;-20.800001
1521664715123;-1.1;18.6;5.5;-2.4;21.6;-20.800001
1521664715163;-1.1;18.6;5.4;-2.4;21.6;-20.800001
1521664715185;-1.1;18.5;5.4;-2.4;21.6;-20.800001
1521664715232;-1.0;18.5;5.4;-2.4;21.6;-20.800001
1521664715253;-1.0;18.5;5.5;-2.4;21.6;-20.800001
1521664715303;-1.0;18.4;5.4;-2.4;21.6;-20.800001
1521664715312;-0.90000004;18.4;5.5;-2.4;21.6;-20.800001
1521664715332;-0.90000004;18.4;5.6;-2.4;21.6;-20.800001
1521664715354;-0.90000004;18.4;5.5;-2.4;21.6;-20.800001
1521664715382;-0.8;18.4;5.5;-2.4;21.6;-20.800001
1521664715412;-0.8;18.4;5.6;-2.4;21.6;-20.800001
1521664715502;-0.6;18.300001;5.6;-2.4;21.6;-20.800001
1521664715533;-0.6;18.300001;5.5;-2.4;21.6;-20.800001
1521664715543;-0.6;18.2;5.6;-2.4;21.6;-20.800001
1521664715553;-0.5;18.2;5.5;-2.4;21.6;-20.800001
1521664715573;-0.5;18.2;5.4;-2.4;21.6;-20.800001
1521664715603;-0.5;18.2;5.5;-2.4;21.6;-20.800001
1521664715633;-0.5;18.2;5.6;-2.4;21.6;-20.800001
1521664715653;-0.5;18.1;5.7000003;-2.4;21.6;-20.800001
1521664715683;-0.5;18.1;5.8;-2.4;21.6;-20.800001
1521664715693;-0.5;18.1;5.9;-2.4;21.6;-20.800001
1521664715723;-0.4;18.1;5.8;-2.4;21.6;-20.800001
1521664715733;-0.4;18.1;5.9;-2.4;21.6;-20.800001
1521664715754;-0.4;18.1;5.8;-2.4;21.6;-20.800001
1521664715773;-0.4;18.1;5.9;-2.4;21.6;-20.800001
1521664715784;-0.4;18.0;5.9;-2.4;21.6;-20.800001
1521664715813;-0.3;18.0;5.9;-2.4;21.6;-20.800001
1521664715844;-0.3;18.1;5.8;-2.4;21.6;-20.800001
1521664715863;-0.3;18.0;5.9;-2.4;21.6;-20.800001
1521664715893;-0.2;18.0;5.9;-2.4;21.6;-20.800001
1521664715903;-0.2;18.0;5.7000003;-2.4;21.6;-20.800001
1521664715914;-0.1;17.9;5.7000003;-2.4;21.6;-20.800001
1521664715923;-0.1;17.800001;5.6;-2.4;21.6;-20.800001
1521664715933;0.0;17.800001;5.5;-2.4;21.6;-20.800001
1521664715948;0.1;17.7;5.4;-2.4;21.6;-20.800001
1521664715963;0.2;17.6;5.1;-2.4;21.6;-20.800001
1521664715983;0.2;17.6;5.0;-2.4;21.6;-20.800001
1521664715996;0.3;17.5;5.0;-2.4;21.6;-20.800001
1521664716013;0.4;17.4;4.8;-2.4;21.6;-20.800001
1521664716033;0.5;17.300001;4.8;-2.4;21.6;-20.800001
1521664716043;0.6;17.300001;4.7000003;-2.4;21.6;-20.800001
1521664716052;0.6;17.2;4.6;-2.4;21.6;-20.800001
1521664716104;0.7;17.1;4.5;-2.4;21.6;-20.800001
1521664716113;0.8;17.0;4.4;-2.4;21.6;-20.800001
1521664716133;0.90000004;16.9;4.4;-2.4;21.6;-20.800001
1521664716145;0.90000004;16.800001;4.3;-2.4;21.6;-20.800001
1521664716156;0.90000004;16.800001;4.2000003;-2.4;21.6;-20.800001
1521664716166;1.0;16.800001;4.2000003;-2.4;21.6;-20.800001
1521664716185;1.0;16.7;4.2000003;-2.4;21.6;-20.800001
1521664716194;1.1;16.7;4.2000003;-2.4;21.6;-20.800001
1521664716204;1.1;16.6;4.2000003;-2.4;21.6;-20.800001
1521664716247;1.1;16.6;4.1;-2.4;21.6;-20.800001
1521664716265;1.1;16.6;4.2000003;-2.4;21.6;-20.800001
1521664716313;1.2;16.5;4.1;-2.4;21.6;-20.800001
1521664716324;1.1;16.5;4.1;-2.4;21.6;-20.800001
1521664716332;1.1;16.5;4.2000003;-2.4;21.6;-20.800001
1521664716364;1.2;16.5;4.2000003;-2.4;21.6;-20.800001
1521664716403;1.2;16.5;4.3;-2.4;21.6;-20.800001
1521664716412;1.1;16.4;4.2000003;-2.4;21.6;-20.800001
1521664716434;1.1;16.4;4.1;-2.4;21.6;-20.800001
1521664716453;1.2;16.4;4.2000003;-2.4;21.6;-20.800001
1521664716474;1.2;16.300001;4.2000003;-2.4;21.6;-20.800001
1521664716486;1.2;16.300001;4.1;-2.4;21.6;-20.800001
1521664716504;1.1;16.300001;4.1;-2.4;21.6;-20.800001
1521664716525;1.1;16.300001;4.2000003;-2.4;21.6;-20.800001
1521664716534;1.0;16.4;4.1;-2.4;21.6;-20.800001
1521664716554;1.0;16.4;4.3;-2.4;21.6;-20.800001
1521664716565;1.0;16.300001;4.3;-2.4;21.6;-20.800001
1521664716592;1.0;16.300001;4.2000003;-2.4;21.6;-20.800001
1521664716603;0.90000004;16.300001;4.2000003;-2.4;21.6;-20.800001
1521664716633;1.0;16.300001;4.1;-2.4;21.6;-20.800001
1521664716672;1.0;16.2;3.9;-2.4;21.6;-20.800001
1521664716683;1.0;16.1;3.8;-2.4;21.6;-20.800001
1521664716704;1.0;16.1;3.7;-2.4;21.6;-20.800001
1521664716743;1.0;16.1;3.6000001;-2.4;21.6;-20.800001
1521664716753;1.0;16.0;3.6000001;-2.4;21.6;-20.800001
1521664716786;1.0;16.0;3.5;-2.4;21.6;-20.800001
1521664716804;1.0;15.900001;3.5;-2.4;21.6;-20.800001
1521664716823;1.0;15.8;3.5;-2.4;21.6;-20.800001
1521664716853;0.90000004;15.7;3.4;-2.4;21.6;-20.800001
1521664716873;1.0;15.7;3.4;-2.4;21.6;-20.800001
1521664716913;1.0;15.6;3.3;-2.4;21.6;-20.800001
1521664716933;0.90000004;15.6;3.4;-2.4;21.6;-20.800001
1521664716943;0.90000004;15.5;3.4;-2.4;21.6;-20.800001
1521664716983;0.90000004;15.400001;3.4;-2.4;21.6;-20.800001
1521664716993;0.8;15.400001;3.4;-2.4;21.6;-20.800001
1521664717003;0.8;15.5;3.5;-2.4;21.6;-20.800001
1521664717013;0.8;15.5;3.6000001;-2.4;21.6;-20.800001
1521664717033;0.8;15.400001;3.6000001;-2.4;21.6;-20.800001
1521664717044;0.8;15.3;3.6000001;-2.4;21.6;-20.800001
1521664717093;0.8;15.2;3.6000001;-2.4;21.6;-20.800001
1521664717103;0.8;15.2;3.5;-2.4;21.6;-20.800001
1521664717112;0.8;15.1;3.5;-2.4;21.6;-20.800001
1521664717132;0.8;15.0;3.5;-2.4;21.6;-20.800001
1521664717144;0.8;15.0;3.4;-2.4;21.6;-20.800001
1521664717152;0.90000004;14.900001;3.4;-2.4;21.6;-20.800001
1521664717163;0.90000004;14.900001;3.3;-2.4;21.6;-20.800001
1521664717173;0.90000004;14.8;3.3;-2.4;21.6;-20.800001
1521664717193;0.90000004;14.7;3.3;-2.4;21.6;-20.800001
1521664717223;1.0;14.7;3.3;-2.4;21.6;-20.800001
1521664717243;1.0;14.6;3.2;-2.4;21.6;-20.800001
1521664717253;1.1;14.6;3.2;-2.4;21.6;-20.800001
1521664717264;1.1;14.5;3.2;-2.4;21.6;-20.800001
1521664717293;1.3000001;14.5;3.1000001;-2.4;21.6;-20.800001
1521664717312;1.4;14.400001;3.0;-2.4;21.6;-20.800001
1521664717323;1.5;14.400001;2.9;-2.4;21.6;-20.800001
1521664717333;1.5;14.400001;2.8;-2.4;21.6;-20.800001
1521664717343;1.6;14.400001;2.7;-2.4;21.6;-20.800001
1521664717353;1.6;14.400001;2.6000001;-2.4;21.6;-20.800001
1521664717372;1.8000001;14.3;2.6000001;-2.4;21.6;-20.800001
1521664717393;2.0;14.3;2.6000001;-2.4;21.6;-20.800001
1521664717403;2.0;14.3;2.5;-2.4;21.6;-20.800001
1521664717413;2.1000001;14.3;2.5;-2.4;21.6;-20.800001
1521664717423;2.2;14.3;2.6000001;-2.4;21.6;-20.800001
1521664717432;2.3;14.3;2.5;-2.4;21.6;-20.800001
1521664717453;2.4;14.3;2.6000001;-2.4;21.6;-20.800001
1521664717463;2.5;14.3;2.6000001;-2.4;21.6;-20.800001
1521664717473;2.6000001;14.3;2.5;-2.4;21.6;-20.800001
1521664717493;2.8;14.400001;2.4;-2.4;21.6;-20.800001
1521664717504;3.0;14.3;2.4;-2.4;21.6;-20.800001
1521664717514;3.1000001;14.3;2.3;-2.4;21.6;-20.800001
1521664717534;3.3;14.3;2.2;-2.4;21.6;-20.800001
1521664717545;3.4;14.3;2.2;-2.4;21.6;-20.800001
1521664717554;3.5;14.3;2.1000001;-2.4;21.6;-20.800001
1521664717566;3.6000001;14.3;2.1000001;-2.4;21.6;-20.800001
1521664717583;3.8;14.3;2.0;-2.4;21.6;-20.800001
1521664717595;3.9;14.3;1.9;-2.4;21.6;-20.800001
1521664717604;4.1;14.2;1.9;-2.4;21.6;-20.800001
1521664717614;4.2000003;14.3;1.9;-2.4;21.6;-20.800001
1521664717624;4.3;14.3;1.9;-2.4;21.6;-20.800001
1521664717634;4.4;14.3;1.9;-2.4;21.6;-20.800001
1521664717644;4.5;14.3;1.9;-2.4;21.6;-20.800001
1521664717655;4.7000003;14.3;1.8000001;-2.4;21.6;-20.800001
1521664717665;4.8;14.3;1.8000001;-2.4;21.6;-20.800001
1521664717676;4.9;14.400001;1.7;-2.4;21.6;-20.800001
1521664717693;5.1;14.400001;1.6;-2.4;21.6;-20.800001
1521664717704;5.2000003;14.400001;1.5;-2.4;21.6;-20.800001
1521664717713;5.2000003;14.5;1.6;-2.4;21.6;-20.800001
1521664717724;5.3;14.5;1.5;-2.4;21.6;-20.800001
1521664717734;5.4;14.6;1.5;-2.4;21.6;-20.800001
1521664717753;5.7000003;14.6;1.4;-2.4;21.6;-20.800001
1521664717763;5.7000003;14.7;1.3000001;-2.4;21.6;-20.800001
1521664717774;5.8;14.7;1.3000001;-2.4;21.6;-20.800001
1521664717784;6.0;14.7;1.4;-2.4;21.6;-20.800001
1521664717794;6.1;14.7;1.3000001;-2.4;21.6;-20.800001
1521664717813;6.3;14.900001;1.3000001;-2.4;21.6;-20.800001
1521664717833;6.5;15.0;1.2;-2.4;21.6;-20.800001
1521664717844;6.6;15.0;1.2;-2.4;21.6;-20.800001
1521664717853;6.7000003;15.0;1.2;-2.4;21.6;-20.800001
1521664717867;6.8;15.1;1.1;-2.4;21.6;-20.800001
1521664717883;6.9;15.3;1.0;-2.4;21.6;-20.800001
1521664717892;7.1;15.400001;1.0;-2.4;21.6;-20.800001
1521664717903;7.2000003;15.400001;0.90000004;-2.4;21.6;-20.800001
1521664717912;7.3;15.5;0.90000004;-2.4;21.6;-20.800001
1521664717933;7.4;15.7;0.90000004;-2.4;21.6;-20.800001
1521664717944;7.6;15.8;0.8;-2.4;21.6;-20.800001
1521664717963;7.8;16.0;0.6;-2.4;21.6;-20.800001
1521664717972;8.0;16.1;0.6;-2.4;21.6;-20.800001
1521664717993;8.3;16.300001;0.5;-2.4;21.6;-20.800001
1521664718012;8.6;16.4;0.3;-2.4;21.6;-20.800001
1521664718023;8.7;16.5;0.2;-2.4;21.6;-20.800001
1521664718032;8.900001;16.6;0.1;-2.4;21.6;-20.800001
1521664718043;9.0;16.7;0.1;-2.4;21.6;-20.800001
1521664718053;9.1;16.800001;-0.1;-2.4;21.6;-20.800001
1521664718063;9.3;16.800001;-0.1;-2.4;21.6;-20.800001
1521664718072;9.5;16.9;-0.3;-2.4;21.6;-20.800001
1521664718086;9.6;17.1;-0.4;-2.4;21.6;-20.800001
1521664718095;9.8;17.2;-0.5;-2.4;21.6;-20.800001
1521664718107;9.900001;17.300001;-0.6;-2.4;21.6;-20.800001
1521664718116;10.1;17.300001;-0.7;-2.4;21.6;-20.800001
1521664718128;10.2;17.5;-0.8;-2.4;21.6;-20.800001
1521664718135;10.400001;17.6;-0.90000004;-2.4;21.6;-20.800001
1521664718144;10.6;17.7;-1.1;-2.4;21.6;-20.800001
1521664718155;10.8;17.800001;-1.1;-2.4;21.6;-20.800001
1521664718168;11.0;17.9;-1.3000001;-2.4;21.6;-20.800001
1521664718174;11.2;18.0;-1.4;-2.4;21.6;-20.800001
1521664718186;11.400001;18.1;-1.5;-2.4;21.6;-20.800001
1521664718194;11.5;18.2;-1.6;-2.4;21.6;-20.800001
1521664718204;11.7;18.2;-1.8000001;-2.4;21.6;-20.800001
1521664718216;12.0;18.300001;-2.0;-2.4;21.6;-20.800001
1521664718227;12.2;18.300001;-2.3;-2.4;21.6;-20.800001
1521664718234;12.400001;18.4;-2.4;-2.4;21.6;-20.800001
1521664718245;12.5;18.5;-2.6000001;-2.4;21.6;-20.800001
1521664718256;12.6;18.5;-2.7;-2.4;21.6;-20.800001
1521664718266;12.8;18.6;-2.8;-2.4;21.6;-20.800001
1521664718323;13.6;18.800001;-3.5;-2.4;21.6;-20.800001
1521664718332;13.7;18.800001;-3.5;-2.4;21.6;-20.800001
1521664718343;13.8;18.9;-3.6000001;-2.4;21.6;-20.800001
1521664718353;13.900001;18.9;-3.6000001;-2.4;21.6;-20.800001
1521664718362;13.900001;19.0;-3.7;-2.4;21.6;-20.800001
1521664718373;14.0;19.1;-3.8;-2.4;21.6;-20.800001
1521664718393;14.0;19.2;-3.8;-2.4;21.6;-20.800001
1521664718404;14.1;19.2;-3.8;-2.4;21.6;-20.800001
1521664718414;14.1;19.2;-3.9;-2.4;21.6;-20.800001
1521664718423;14.2;19.1;-3.9;-2.4;21.6;-20.800001
1521664718433;14.1;19.1;-3.9;-2.4;21.6;-20.800001
1521664718476;14.0;19.0;-3.9;-2.4;21.6;-20.800001
1521664718502;13.900001;19.0;-3.7;-2.4;21.6;-20.800001
1521664718533;13.7;19.0;-3.5;-2.4;21.6;-20.800001
1521664718543;13.7;18.9;-3.4;-2.4;21.6;-20.800001
1521664718553;13.6;18.9;-3.4;-2.4;21.6;-20.800001
1521664718563;13.5;18.9;-3.2;-2.4;21.6;-20.800001
1521664718574;13.400001;18.9;-3.2;-2.4;21.6;-20.800001
1521664718588;13.400001;18.9;-3.1000001;-2.4;21.6;-20.800001
1521664718594;13.3;18.9;-3.1000001;-2.4;21.6;-20.800001
1521664718607;13.2;18.9;-3.0;-2.4;21.6;-20.800001
1521664718615;13.1;18.9;-2.8;-2.4;21.6;-20.800001
1521664718627;13.0;18.800001;-2.8;-2.4;21.6;-20.800001
1521664718637;12.8;18.9;-2.7;-2.4;21.6;-20.800001
1521664718646;12.7;18.800001;-2.7;-2.4;21.6;-20.800001
1521664718654;12.6;18.800001;-2.6000001;-2.4;21.6;-20.800001
1521664718667;12.6;18.7;-2.4;-2.4;21.6;-20.800001
1521664718674;12.5;18.6;-2.3;-2.4;21.6;-20.800001
1521664718685;12.400001;18.6;-2.3;-2.4;21.6;-20.800001
1521664718696;12.3;18.5;-2.3;-2.4;21.6;-20.800001
1521664718705;12.2;18.5;-2.3;-2.4;21.6;-20.800001
1521664718716;12.1;18.4;-2.2;-2.4;21.6;-20.800001
1521664718734;11.900001;18.300001;-2.0;-2.4;21.6;-20.800001
1521664718743;11.8;18.300001;-1.9;-2.4;21.6;-20.800001
1521664718753;11.7;18.2;-1.8000001;-2.4;21.6;-20.800001
1521664718774;11.5;18.1;-1.7;-2.4;21.6;-20.800001
1521664718784;11.3;18.1;-1.7;-2.4;21.6;-20.800001
1521664718794;11.2;18.1;-1.7;-2.4;21.6;-20.800001
1521664718807;11.1;18.0;-1.6;-2.4;21.6;-20.800001
1521664718816;10.900001;18.0;-1.5;-2.4;21.6;-20.800001
1521664718833;10.6;17.800001;-1.3000001;-2.4;21.6;-20.800001
1521664718843;10.5;17.800001;-1.2;-2.4;21.6;-20.800001
1521664718853;10.400001;17.7;-1.1;-2.4;21.6;-20.800001
1521664718863;10.2;17.7;-1.1;-2.4;21.6;-20.800001
1521664718874;10.1;17.6;-1.0;-2.4;21.6;-20.800001
1521664718893;9.900001;17.5;-0.90000004;-2.4;21.6;-20.800001
1521664718905;9.8;17.4;-0.90000004;-2.4;21.6;-20.800001
1521664718916;9.7;17.300001;-0.8;-2.4;21.6;-20.800001
1521664718926;9.6;17.2;-0.8;-2.4;21.6;-20.800001
1521664718937;9.6;17.1;-0.7;-2.4;21.6;-20.800001
1521664718947;9.400001;17.0;-0.6;-2.4;21.6;-20.800001
1521664718955;9.3;16.9;-0.6;-2.4;21.6;-20.800001
1521664718965;9.2;16.800001;-0.7;-2.4;21.6;-20.800001
1521664718976;9.1;16.6;-0.7;-2.4;21.6;-20.800001
1521664718988;9.0;16.5;-0.7;-2.4;21.6;-20.800001
1521664719005;8.900001;16.4;-0.7;-2.4;21.6;-20.800001
1521664719023;8.7;16.2;-0.6;-2.4;21.6;-20.800001
1521664719044;8.6;15.900001;-0.7;-2.4;21.6;-20.800001
1521664719053;8.5;15.8;-0.7;-2.4;21.6;-20.800001
1521664719073;8.400001;15.7;-0.7;-2.4;21.6;-20.800001
1521664719087;8.3;15.6;-0.7;-2.4;21.6;-20.800001
1521664719102;8.3;15.400001;-0.90000004;-2.4;21.6;-20.800001
1521664719123;8.3;15.3;-1.0;-2.4;21.6;-20.800001
1521664719133;8.3;15.2;-1.1;-2.4;21.6;-20.800001
1521664719143;8.3;15.1;-1.2;-2.4;21.6;-20.800001
1521664719153;8.3;15.0;-1.3000001;-2.4;21.6;-20.800001
1521664719165;8.3;14.900001;-1.3000001;-2.4;21.6;-20.800001
1521664719193;8.3;14.7;-1.3000001;-2.4;21.6;-20.800001
1521664719202;8.3;14.7;-1.4;-2.4;21.6;-20.800001
1521664719213;8.3;14.7;-1.5;-2.4;21.6;-20.800001
1521664719223;8.400001;14.6;-1.5;-2.4;21.6;-20.800001
1521664719233;8.400001;14.6;-1.6;-2.4;21.6;-20.800001
1521664719243;8.5;14.5;-1.7;-2.4;21.6;-20.800001
1521664719253;8.6;14.5;-1.7;-2.4;21.6;-20.800001
1521664719312;8.6;14.6;-1.8000001;-2.4;21.6;-20.800001
1521664719322;8.6;14.7;-1.7;-2.4;21.6;-20.800001
1521664719343;8.6;14.7;-1.8000001;-2.4;21.6;-20.800001
1521664719356;8.5;14.8;-1.8000001;-2.4;21.6;-20.800001
1521664719372;8.6;14.8;-1.8000001;-2.4;21.6;-20.800001
1521664719393;8.6;14.8;-1.7;-2.4;21.6;-20.800001
1521664719403;8.5;14.900001;-1.6;-2.4;21.6;-20.800001
1521664719433;8.5;14.900001;-1.5;-2.4;21.6;-20.800001
1521664719446;8.400001;14.900001;-1.5;-2.4;21.6;-20.800001
1521664719463;8.3;14.900001;-1.5;-2.4;21.6;-20.800001
1521664719473;8.3;15.0;-1.4;-2.4;21.6;-20.800001
1521664719485;8.2;15.0;-1.5;-2.4;21.6;-20.800001
1521664719493;8.2;15.0;-1.4;-2.4;21.6;-20.800001
1521664719513;8.1;14.900001;-1.3000001;-2.4;21.6;-20.800001
1521664719525;8.0;14.900001;-1.3000001;-2.4;21.6;-20.800001
1521664719534;7.9;14.900001;-1.3000001;-2.4;21.6;-20.800001
1521664719564;7.7000003;15.0;-1.2;-2.4;21.6;-20.800001
1521664719584;7.5;15.1;-1.0;-2.4;21.6;-20.800001
1521664719593;7.4;15.1;-0.90000004;-2.4;21.6;-20.800001
1521664719613;7.2000003;15.2;-0.8;-2.4;21.6;-20.800001
1521664719633;7.1;15.3;-0.7;-2.4;21.6;-20.800001
1521664719655;7.1;15.3;-0.6;-2.4;21.6;-20.800001
1521664719666;7.0;15.3;-0.6;-2.4;21.6;-20.800001
1521664719683;6.9;15.3;-0.5;-2.4;21.6;-20.800001
1521664719713;6.8;15.3;-0.4;-2.4;21.6;-20.800001
1521664719754;6.8;15.3;-0.3;-2.4;21.6;-20.800001
1521664719768;6.8;15.3;-0.2;-2.4;21.6;-20.800001
1521664719793;6.7000003;15.3;-0.3;-2.4;21.6;-20.800001
1521664719813;6.7000003;15.3;-0.4;-2.4;21.6;-20.800001
1521664719823;6.7000003;15.400001;-0.4;-2.4;21.6;-20.800001
1521664719844;6.7000003;15.400001;-0.3;-2.4;21.6;-20.800001
1521664719854;6.7000003;15.3;-0.4;-2.4;21.6;-20.800001
1521664719863;6.7000003;15.3;-0.5;-2.4;21.6;-20.800001
1521664719874;6.8;15.2;-0.6;-2.4;21.6;-20.800001
1521664719887;6.8;15.2;-0.7;-2.4;21.6;-20.800001
1521664719895;6.9;15.1;-0.8;-2.4;21.6;-20.800001
1521664719914;6.9;15.0;-0.90000004;-2.4;21.6;-20.800001
1521664719934;7.0;14.900001;-0.90000004;-2.4;21.6;-20.800001
1521664719945;7.0;14.8;-1.0;-2.4;21.6;-20.800001
1521664719955;7.1;14.8;-1.1;-2.4;21.6;-20.800001
1521664719966;7.0;14.8;-1.0;-2.4;21.6;-20.800001
1521664719974;7.0;14.8;-1.1;-2.4;21.6;-20.800001
1521664719984;7.0;14.7;-1.2;-2.4;21.6;-20.800001
1521664719994;7.0;14.7;-1.1;-2.4;21.6;-20.800001
1521664720009;7.0;14.7;-1.2;-2.4;21.6;-20.800001
1521664720033;7.1;14.6;-1.2;-2.4;21.6;-20.800001
1521664720043;7.0;14.6;-1.3000001;-2.4;21.6;-20.800001
1521664720053;7.1;14.5;-1.3000001;-2.4;21.6;-20.800001
1521664720077;7.1;14.400001;-1.4;-2.4;21.6;-20.800001
1521664720114;7.0;14.3;-1.4;-2.4;21.6;-20.800001
1521664720144;7.0;14.2;-1.4;-2.4;21.6;-20.800001
1521664720153;6.9;14.2;-1.3000001;-2.4;21.6;-20.800001
1521664720183;6.9;14.1;-1.2;-2.4;21.6;-20.800001
1521664720193;6.8;14.1;-1.2;-2.4;21.6;-20.800001
1521664720213;6.7000003;14.1;-1.2;-2.4;21.6;-20.800001
1521664720223;6.6;14.1;-1.1;-2.4;21.6;-20.800001
1521664720233;6.5;14.0;-1.1;-2.4;21.6;-20.800001
1521664720253;6.3;14.1;-1.0;-2.4;21.6;-20.800001
1521664720266;6.2000003;14.1;-1.0;-2.4;21.6;-20.800001
1521664720277;6.1;14.1;-0.90000004;-2.4;21.6;-20.800001
1521664720323;5.4;14.2;-0.6;-2.4;21.6;-20.800001
1521664720332;5.3;14.2;-0.6;-2.4;21.6;-20.800001
1521664720343;5.1;14.3;-0.5;-2.4;21.6;-20.800001
1521664720353;5.0;14.3;-0.4;-2.4;21.6;-20.800001
1521664720363;4.8;14.400001;-0.3;-2.4;21.6;-20.800001
1521664720373;4.6;14.5;-0.2;-2.4;21.6;-20.800001
1521664720384;4.4;14.6;-0.1;-2.4;21.6;-20.800001
1521664720393;4.2000003;14.7;0.0;-2.4;21.6;-20.800001
1521664720403;4.1;14.8;0.1;-2.4;21.6;-20.800001
1521664720423;3.8;14.900001;0.3;-2.4;21.6;-20.800001
1521664720433;3.6000001;15.0;0.4;-2.4;21.6;-20.800001
1521664720453;3.4;15.2;0.6;-2.4;21.6;-20.800001
1521664720463;3.3;15.3;0.7;-2.4;21.6;-20.800001
1521664720474;3.0;15.400001;0.8;-2.4;21.6;-20.800001
1521664720488;2.9;15.5;0.90000004;-2.4;21.6;-20.800001
1521664720495;2.8;15.6;1.0;-2.4;21.6;-20.800001
1521664720508;2.7;15.7;1.1;-2.4;21.6;-20.800001
1521664720518;2.6000001;15.8;1.1;-2.4;21.6;-20.800001
1521664720525;2.4;15.8;1.2;-2.4;21.6;-20.800001
1521664720543;2.2;16.0;1.4;-2.4;21.6;-20.800001
1521664720553;2.1000001;16.1;1.4;-2.4;21.6;-20.800001
1521664720573;1.9;16.300001;1.6;-2.4;21.6;-20.800001
1521664720593;1.8000001;16.5;1.8000001;-2.4;21.6;-20.800001
1521664720613;1.7;16.6;1.9;-2.4;21.6;-20.800001
1521664720633;1.6;16.800001;2.0;-2.4;21.6;-20.800001
1521664720643;1.5;16.800001;2.0;-2.4;21.6;-20.800001
1521664720653;1.4;16.9;2.0;-2.4;21.6;-20.800001
1521664720663;1.4;16.9;2.1000001;-2.4;21.6;-20.800001
1521664720673;1.4;16.9;2.0;-2.4;21.6;-20.800001
1521664720687;1.3000001;17.0;2.1000001;-2.4;21.6;-20.800001
1521664720696;1.3000001;17.0;2.2;-2.4;21.6;-20.800001
1521664720705;1.2;17.0;2.2;-2.4;21.6;-20.800001
1521664720723;1.1;17.2;2.2;-2.4;21.6;-20.800001
1521664720753;0.90000004;17.300001;2.2;-2.4;21.6;-20.800001
1521664720764;0.90000004;17.300001;2.3;-2.4;21.6;-20.800001
1521664720786;0.8;17.4;2.4;-2.4;21.6;-20.800001
1521664720807;0.7;17.5;2.4;-2.4;21.6;-20.800001
1521664720815;0.7;17.6;2.5;-2.4;21.6;-20.800001
1521664720834;0.6;17.7;2.4;-2.4;21.6;-20.800001
1521664720853;0.6;17.7;2.5;-2.4;21.6;-20.800001
1521664720864;0.6;17.800001;2.5;-2.4;21.6;-20.800001
1521664720873;0.7;17.800001;2.5;-2.4;21.6;-20.800001
1521664720883;0.7;17.800001;2.6000001;-2.4;21.6;-20.800001
1521664720895;0.6;17.9;2.6000001;-2.4;21.6;-20.800001
1521664720916;0.6;18.0;2.6000001;-2.4;21.6;-20.800001
1521664720945;0.6;18.1;2.6000001;-2.4;21.6;-20.800001
1521664720964;0.6;18.2;2.6000001;-2.4;21.6;-20.800001
1521664720974;0.7;18.2;2.7;-2.4;21.6;-20.800001
1521664720987;0.6;18.300001;2.6000001;-2.4;21.6;-20.800001
1521664720997;0.6;18.4;2.7;-2.4;21.6;-20.800001
1521664721013;0.6;18.4;2.8;-2.4;21.6;-20.800001
1521664721024;0.7;18.5;2.9;-2.4;21.6;-20.800001
1521664721033;0.7;18.6;2.9;-2.4;21.6;-20.800001
1521664721063;0.7;18.6;2.8;-2.4;21.6;-20.800001
1521664721073;0.7;18.7;2.8;-2.4;21.6;-20.800001
1521664721083;0.8;18.7;2.7;-2.4;21.6;-20.800001
1521664721123;0.90000004;18.7;2.7;-2.4;21.6;-20.800001
1521664721143;0.90000004;18.7;2.8;-2.4;21.6;-20.800001
1521664721152;0.90000004;18.7;2.7;-2.4;21.6;-20.800001
1521664721184;0.8;18.7;2.7;-2.4;21.6;-20.800001
1521664721193;0.8;18.800001;2.7;-2.4;21.6;-20.800001
1521664721213;0.8;18.800001;2.8;-2.4;21.6;-20.800001
1521664721233;0.8;18.800001;2.7;-2.4;21.6;-20.800001
1521664721245;0.8;18.800001;2.8;-2.4;21.6;-20.800001
1521664721264;0.8;18.800001;2.9;-2.4;21.6;-20.800001
1521664721275;0.7;18.800001;2.8;-2.4;21.6;-20.800001
1521664721286;0.7;18.7;2.9;-2.4;21.6;-20.800001
1521664721344;0.5;18.5;2.7;-2.4;21.6;-20.800001
1521664721352;0.4;18.5;2.8;-2.4;21.6;-20.800001
1521664721363;0.4;18.6;3.0;-2.4;21.6;-20.800001
1521664721373;0.3;18.5;3.0;-2.4;21.6;-20.800001
1521664721393;0.2;18.5;3.1000001;-2.4;21.6;-20.800001
1521664721404;0.1;18.5;3.1000001;-2.4;21.6;-20.800001
1521664721413;0.0;18.5;3.2;-2.4;21.6;-20.800001
1521664721433;-0.2;18.5;3.2;-2.4;21.6;-20.800001
1521664721443;-0.3;18.5;3.2;-2.4;21.6;-20.800001
1521664721453;-0.3;18.5;3.3;-2.4;21.6;-20.800001
1521664721474;-0.5;18.6;3.4;-2.4;21.6;-20.800001
1521664721483;-0.6;18.6;3.3;-2.4;21.6;-20.800001
1521664721493;-0.6;18.6;3.4;-2.4;21.6;-20.800001
1521664721503;-0.8;18.6;3.5;-2.4;21.6;-20.800001
1521664721515;-0.90000004;18.7;3.5;-2.4;21.6;-20.800001
1521664721533;-1.1;18.7;3.7;-2.4;21.6;-20.800001
1521664721546;-1.2;18.7;3.7;-2.4;21.6;-20.800001
1521664721556;-1.3000001;18.7;3.7;-2.4;21.6;-20.800001
1521664721566;-1.3000001;18.800001;3.7;-2.4;21.6;-20.800001
1521664721574;-1.4;18.800001;3.8;-2.4;21.6;-20.800001
1521664721585;-1.5;18.800001;3.8;-2.4;21.6;-20.800001
1521664721596;-1.6;18.800001;3.9;-2.4;21.6;-20.800001
1521664721605;-1.7;18.9;4.0;-2.4;21.6;-20.800001
1521664721614;-1.8000001;18.9;4.1;-2.4;21.6;-20.800001
1521664721625;-1.8000001;19.0;4.1;-2.4;21.6;-20.800001
1521664721634;-1.9;19.0;4.1;-2.4;21.6;-20.800001
1521664721646;-2.0;19.0;4.1;-2.4;21.6;-20.800001
1521664721654;-2.1000001;19.0;4.1;-2.4;21.6;-20.800001
1521664721666;-2.1000001;19.1;4.0;-2.4;21.6;-20.800001
1521664721676;-2.2;19.1;4.0;-2.4;21.6;-20.800001
1521664721686;-2.3;19.1;4.0;-2.4;21.6;-20.800001
1521664721695;-2.3;19.1;3.9;-2.4;21.6;-20.800001
1521664721706;-2.4;19.1;4.0;-2.4;21.6;-20.800001
1521664721717;-2.4;19.2;4.0;-2.4;21.6;-20.800001
1521664721725;-2.4;19.2;4.1;-2.4;21.6;-20.800001
1521664721736;-2.5;19.2;4.0;-2.4;21.6;-20.800001
1521664721755;-2.6000001;19.2;4.0;-2.4;21.6;-20.800001
1521664721765;-2.7;19.2;3.9;-2.4;21.6;-20.800001
1521664721795;-2.8;19.1;3.9;-2.4;21.6;-20.800001
1521664721832;-2.9;19.0;3.8;-2.4;21.6;-20.800001
1521664721844;-2.9;19.0;3.7;-2.4;21.6;-20.800001
1521664721864;-3.0;19.0;3.6000001;-2.4;21.6;-20.800001
1521664721893;-3.1000001;18.9;3.6000001;-2.4;21.6;-20.800001
1521664721903;-3.1000001;18.9;3.5;-2.4;21.6;-20.800001
1521664721913;-3.1000001;18.800001;3.5;-2.4;21.6;-20.800001
1521664721954;-3.1000001;18.800001;3.4;-2.4;21.6;-20.800001
1521664721973;-3.3;18.800001;3.4;-2.4;21.6;-20.800001
1521664721983;-3.3;18.800001;3.5;-2.4;21.6;-20.800001
1521664722002;-3.3;18.800001;3.6000001;-2.4;21.6;-20.800001
1521664722023;-3.4;18.800001;3.6000001;-2.4;21.6;-20.800001
1521664722043;-3.5;18.800001;3.6000001;-2.4;21.6;-20.800001
1521664722083;-3.6000001;18.800001;3.7;-2.4;21.6;-20.800001
1521664722103;-3.7;18.800001;3.6000001;-2.4;21.6;-20.800001
1521664722133;-3.8;18.800001;3.6000001;-2.4;21.6;-20.800001
1521664722153;-3.9;18.800001;3.6000001;-2.4;21.6;-20.800001
1521664722174;-3.9;18.7;3.6000001;-2.4;21.6;-20.800001
1521664722195;-3.9;18.7;3.5;-2.4;21.6;-20.800001
1521664722207;-4.0;18.7;3.5;-2.4;21.6;-20.800001
1521664722216;-4.0;18.800001;3.5;-2.4;21.6;-20.800001
1521664722234;-4.1;18.800001;3.5;-2.4;21.6;-20.800001
1521664722253;-4.2000003;18.7;3.6000001;-2.4;21.6;-20.800001
1521664722274;-4.2000003;18.7;3.5;-2.4;21.6;-20.800001
1521664722313;-4.2000003;18.6;3.3;-2.4;21.6;-20.800001
1521664722333;-4.3;18.6;3.3;-2.4;21.6;-20.800001
1521664722363;-4.3;18.5;3.3;-2.4;21.6;-20.800001
1521664722373;-4.3;18.6;3.3;-2.4;21.6;-20.800001
1521664722383;-4.3;18.5;3.3;-2.4;21.6;-20.800001
1521664722426;-4.3;18.5;3.4;-2.4;21.6;-20.800001
1521664722433;-4.3;18.6;3.4;-2.4;21.6;-20.800001
1521664722445;-4.3;18.5;3.4;-2.4;21.6;-20.800001
1521664722455;-4.3;18.6;3.4;-2.4;21.6;-20.800001
1521664722488;-4.2000003;18.6;3.4;-2.4;21.6;-20.800001
1521664722516;-4.1;18.5;3.3;-2.4;21.6;-20.800001
1521664722525;-4.2000003;18.6;3.4;-2.4;21.6;-20.800001
1521664722546;-4.1;18.6;3.5;-2.4;21.6;-20.800001
1521664722559;-4.1;18.6;3.4;-2.4;21.6;-20.800001
1521664722583;-4.1;18.6;3.5;-2.4;21.6;-20.800001
1521664722623;-4.0;18.6;3.5;-2.4;21.6;-20.800001
1521664722633;-3.9;18.7;3.6000001;-2.4;21.6;-20.800001
1521664722644;-3.9;18.7;3.5;-2.4;21.6;-20.800001
1521664722664;-3.8;18.7;3.5;-2.4;21.6;-20.800001
1521664722674;-3.8;18.7;3.6000001;-2.4;21.6;-20.800001
1521664722694;-3.7;18.6;3.6000001;-2.4;21.6;-20.800001
1521664722705;-3.8;18.6;3.6000001;-2.4;21.6;-20.800001
1521664722716;-3.7;18.6;3.5;-2.4;21.6;-20.800001
1521664722733;-3.6000001;18.6;3.4;-2.4;21.6;-20.800001
1521664722773;-3.5;18.6;3.3;-2.4;21.6;-20.800001
1521664722815;-3.4;18.6;3.3;-2.4;21.6;-20.800001
1521664722844;-3.4;18.6;3.2;-2.4;21.6;-20.800001
1521664722852;-3.4;18.6;3.3;-2.4;21.6;-20.800001
1521664722863;-3.3;18.6;3.4;-2.4;21.6;-20.800001
1521664722883;-3.2;18.6;3.4;-2.4;21.6;-20.800001
1521664722923;-3.1000001;18.6;3.3;-2.4;21.6;-20.800001
1521664722965;-3.1000001;18.6;3.2;-2.4;21.6;-20.800001
1521664722984;-3.1000001;18.7;3.1000001;-2.4;21.6;-20.800001
1521664723006;-3.1000001;18.800001;3.1000001;-2.4;21.6;-20.800001
1521664723019;-3.1000001;18.800001;3.2;-2.4;21.6;-20.800001
1521664723033;-3.1000001;18.800001;3.3;-2.4;21.6;-20.800001
1521664723053;-3.1000001;18.800001;3.4;-2.4;21.6;-20.800001
1521664723063;-3.2;18.800001;3.4;-2.4;21.6;-20.800001
1521664723084;-3.1000001;18.800001;3.3;-2.4;21.6;-20.800001
1521664723112;-3.2;18.800001;3.3;-2.4;21.6;-20.800001
1521664723123;-3.1000001;18.800001;3.3;-2.4;21.6;-20.800001
1521664723133;-3.1000001;18.800001;3.4;-2.4;21.6;-20.800001
1521664723153;-3.1000001;18.800001;3.3;-2.4;21.6;-20.800001
1521664723173;-3.1000001;18.800001;3.2;-2.4;21.6;-20.800001
1521664723186;-3.2;18.800001;3.2;-2.4;21.6;-20.800001
1521664723204;-3.2;18.800001;3.3;-2.4;21.6;-20.800001
1521664723223;-3.2;18.800001;3.2;-2.4;21.6;-20.800001
1521664723233;-3.2;18.7;3.2;-2.4;21.6;-20.800001
1521664723243;-3.3;18.800001;3.3;-2.4;21.6;-20.800001
1521664723253;-3.2;18.800001;3.3;-2.4;21.6;-20.800001
1521664723266;-3.3;18.800001;3.3;-2.4;21.6;-20.800001
1521664723313;-3.3;18.7;3.3;-2.4;21.6;-20.800001
1521664723332;-3.3;18.7;3.2;-2.4;21.6;-20.800001
1521664723343;-3.4;18.800001;3.3;-2.4;21.6;-20.800001
1521664723353;-3.3;18.800001;3.2;-2.4;21.6;-20.800001
1521664723372;-3.3;18.800001;3.3;-2.4;21.6;-20.800001
1521664723403;-3.3;18.800001;3.4;-2.4;21.6;-20.800001
1521664723433;-3.3;18.800001;3.3;-2.4;21.6;-20.800001
1521664723453;-3.3;18.9;3.5;-2.4;21.6;-20.800001
1521664723494;-3.3;18.800001;3.5;-2.4;21.6;-20.800001
1521664723516;-3.3;18.9;3.4;-2.4;21.6;-20.800001
1521664723537;-3.2;18.9;3.5;-2.4;21.6;-20.800001
1521664723546;-3.2;18.9;3.4;-2.4;21.6;-20.800001
1521664723613;-3.2;18.9;3.3;-2.4;21.6;-20.800001
1521664723624;-3.2;18.9;3.4;-2.4;21.6;-20.800001
1521664723633;-3.2;18.9;3.3;-2.4;21.6;-20.800001
1521664723645;-3.1000001;18.9;3.3;-2.4;21.6;-20.800001
1521664723675;-3.1000001;18.9;3.2;-2.4;21.6;-20.800001
1521664723715;-3.1000001;19.0;3.1000001;-2.4;21.6;-20.800001
1521664723753;-3.0;19.0;3.0;-2.4;21.6;-20.800001
1521664723774;-3.0;19.0;3.1000001;-2.4;21.6;-20.800001
1521664723813;-3.0;19.0;3.2;-2.4;21.6;-20.800001
1521664723832;-3.0;19.1;3.2;-2.4;21.6;-20.800001
1521664723843;-2.9;19.0;3.2;-2.4;21.6;-20.800001
1521664723873;-2.8;19.1;3.2;-2.4;21.6;-20.800001
1521664723907;-2.7;19.1;3.2;-2.4;21.6;-20.800001
1521664723925;-2.7;19.1;3.3;-2.4;21.6;-20.800001
1521664723956;-2.6000001;19.1;3.4;-2.4;21.6;-20.800001
1521664723975;-2.6000001;19.2;3.4;-2.4;21.6;-20.800001
1521664723995;-2.5;19.2;3.4;-2.4;21.6;-20.800001
1521664724013;-2.5;19.2;3.5;-2.4;21.6;-20.800001
1521664724032;-2.4;19.2;3.5;-2.4;21.6;-20.800001
1521664724063;-2.4;19.2;3.4;-2.4;21.6;-20.800001
1521664724122;-2.4;19.2;3.3;-2.4;21.6;-20.800001
1521664724133;-2.4;19.2;3.4;-2.4;21.6;-20.800001
1521664724152;-2.3;19.2;3.4;-2.4;21.6;-20.800001
1521664724163;-2.4;19.300001;3.4;-2.4;21.6;-20.800001
1521664724187;-2.3;19.2;3.4;-2.4;21.6;-20.800001
1521664724232;-2.2;19.2;3.2;-2.4;21.6;-20.800001
1521664724243;-2.1000001;19.1;3.2;-2.4;21.6;-20.800001
1521664724263;-2.2;19.2;3.3;-2.4;21.6;-20.800001
1521664724283;-2.2;19.2;3.4;-2.4;21.6;-20.800001
1521664724304;-2.3;19.300001;3.4;-2.4;21.6;-20.800001
1521664724323;-2.4;19.4;3.5;-2.4;21.6;-20.800001
1521664724333;-2.4;19.5;3.6000001;-2.4;21.6;-20.800001
1521664724353;-2.4;19.5;3.7;-2.4;21.6;-20.800001
1521664724373;-2.4;19.6;3.8;-2.4;21.6;-20.800001
1521664724383;-2.4;19.6;3.9;-2.4;21.6;-20.800001
1521664724393;-2.5;19.7;4.0;-2.4;21.6;-20.800001
1521664724413;-2.6000001;19.7;4.0;-2.4;21.6;-20.800001
1521664724423;-2.6000001;19.800001;4.1;-2.4;21.6;-20.800001
1521664724433;-2.7;19.9;4.1;-2.4;21.6;-20.800001
1521664724453;-2.8;19.9;4.2000003;-2.4;21.6;-20.800001
1521664724483;-2.9;20.0;4.3;-2.4;21.6;-20.800001
1521664724493;-2.9;20.1;4.4;-2.4;21.6;-20.800001
1521664724504;-3.0;20.1;4.5;-2.4;21.6;-20.800001
1521664724515;-3.1000001;20.2;4.5;-2.4;21.6;-20.800001
1521664724528;-3.2;20.300001;4.6;-2.4;21.6;-20.800001
1521664724534;-3.2;20.300001;4.7000003;-2.4;21.6;-20.800001
1521664724544;-3.3;20.4;4.8;-2.4;21.6;-20.800001
1521664724573;-3.3;20.4;4.9;-2.4;21.6;-20.800001
1521664724585;-3.4;20.4;4.8;-2.4;21.6;-20.800001
1521664724594;-3.4;20.4;4.9;-2.4;21.6;-20.800001
1521664724663;-3.4;20.5;4.8;-2.4;21.6;-20.800001
1521664724673;-3.4;20.5;4.9;-2.4;21.6;-20.800001
1521664724684;-3.4;20.5;4.8;-2.4;21.6;-20.800001
1521664724723;-3.3;20.5;4.7000003;-2.4;21.6;-20.800001
1521664724733;-3.3;20.5;4.8;-2.4;21.6;-20.800001
1521664724765;-3.2;20.5;4.8;-2.4;21.6;-20.800001
1521664724783;-3.2;20.6;4.8;-2.4;21.6;-20.800001
1521664724803;-3.1000001;20.6;4.7000003;-2.4;21.6;-20.800001
1521664724863;-3.0;20.6;4.7000003;-2.4;21.6;-20.800001
1521664724872;-3.0;20.6;4.6;-2.4;21.6;-20.800001
1521664724884;-3.0;20.6;4.7000003;-2.4;21.6;-20.800001
1521664724892;-2.9;20.6;4.7000003;-2.4;21.6;-20.800001
1521664724903;-2.9;20.5;4.6;-2.4;21.6;-20.800001
1521664724928;-2.8;20.5;4.6;-2.4;21.6;-20.800001
1521664724937;-2.8;20.5;4.7000003;-2.4;21.6;-20.800001
1521664724953;-2.7;20.5;4.7000003;-2.4;21.6;-20.800001
1521664724963;-2.6000001;20.5;4.8;-2.4;21.6;-20.800001
1521664724973;-2.7;20.5;4.7000003;-2.4;21.6;-20.800001
1521664724984;-2.6000001;20.5;4.8;-2.4;21.6;-20.800001
1521664724993;-2.6000001;20.5;4.7000003;-2.4;21.6;-20.800001
1521664725023;-2.6000001;20.4;4.8;-2.4;21.6;-20.800001
1521664725033;-2.5;20.4;4.8;-2.4;21.6;-20.800001
1521664725053;-2.5;20.4;4.9;-2.4;21.6;-20.800001
1521664725064;-2.5;20.4;4.8;-2.4;21.6;-20.800001
1521664725094;-2.5;20.4;4.9;-2.4;21.6;-20.800001
1521664725103;-2.5;20.300001;4.9;-2.4;21.6;-20.800001
1521664725132;-2.4;20.300001;5.0;-2.4;21.6;-20.800001
1521664725143;-2.4;20.2;4.9;-2.4;21.6;-20.800001
1521664725164;-2.4;20.1;4.9;-2.4;21.6;-20.800001
1521664725173;-2.3;20.0;4.8;-2.4;21.6;-20.800001
1521664725194;-2.3;19.9;4.7000003;-2.4;21.6;-20.800001
1521664725203;-2.2;19.800001;4.7000003;-2.4;21.6;-20.800001
1521664725234;-2.1000001;19.6;4.6;-2.4;21.6;-20.800001
1521664725244;-2.0;19.5;4.5;-2.4;21.6;-20.800001
1521664725263;-1.9;19.4;4.4;-2.4;21.6;-20.800001
1521664725273;-1.8000001;19.300001;4.3;-2.4;21.6;-20.800001
1521664725293;-1.8000001;19.300001;4.2000003;-2.4;21.6;-20.800001
1521664725333;-1.5;19.0;3.8;-2.4;21.6;-20.800001
1521664725343;-1.5;18.9;3.8;-2.4;21.6;-20.800001
1521664725352;-1.4;18.800001;3.6000001;-2.4;21.6;-20.800001
1521664725373;-1.3000001;18.7;3.5;-2.4;21.6;-20.800001
1521664725383;-1.2;18.6;3.3;-2.4;21.6;-20.800001
1521664725392;-1.1;18.6;3.2;-2.4;21.6;-20.800001
1521664725403;-1.1;18.5;3.1000001;-2.4;21.6;-20.800001
1521664725413;-1.0;18.5;3.0;-2.4;21.6;-20.800001
1521664725423;-1.0;18.4;3.0;-2.4;21.6;-20.800001
1521664725433;-1.0;18.300001;2.9;-2.4;21.6;-20.800001
1521664725443;-0.90000004;18.300001;2.8;-2.4;21.6;-20.800001
1521664725463;-0.90000004;18.300001;2.7;-2.4;21.6;-20.800001
1521664725477;-0.90000004;18.2;2.7;-2.4;21.6;-20.800001
1521664725493;-0.90000004;18.2;2.6000001;-2.4;21.6;-20.800001
1521664725504;-0.90000004;18.2;2.5;-2.4;21.6;-20.800001
1521664725524;-0.90000004;18.2;2.4;-2.4;21.6;-20.800001
1521664725564;-0.90000004;18.300001;2.5;-2.4;21.6;-20.800001
1521664725622;-1.0;18.300001;2.5;-2.4;21.6;-20.800001
1521664725644;-1.0;18.300001;2.4;-2.4;21.6;-20.800001
1521664725653;-1.0;18.300001;2.5;-2.4;21.6;-20.800001
1521664725673;-1.0;18.300001;2.6000001;-2.4;21.6;-20.800001
1521664725696;-1.0;18.4;2.6000001;-2.4;21.6;-20.800001
1521664725714;-1.1;18.4;2.7;-2.4;21.6;-20.800001
1521664725743;-1.1;18.5;2.6000001;-2.4;21.6;-20.800001
1521664725753;-1.1;18.5;2.7;-2.4;21.6;-20.800001
1521664725773;-1.1;18.6;2.8;-2.4;21.6;-20.800001
1521664725793;-1.1;18.5;2.8;-2.4;21.6;-20.800001
1521664725804;-1.1;18.6;2.9;-2.4;21.6;-20.800001
1521664725824;-1.2;18.7;2.9;-2.4;21.6;-20.800001
1521664725854;-1.2;18.7;2.8;-2.4;21.6;-20.800001
1521664725913;-1.3000001;18.800001;2.8;-2.4;21.6;-20.800001
1521664725943;-1.4;18.800001;2.9;-2.4;21.6;-20.800001
1521664725973;-1.5;18.9;2.9;-2.4;21.6;-20.800001
1521664725995;-1.5;18.9;3.0;-2.4;21.6;-20.800001
1521664726005;-1.6;19.0;3.1000001;-2.4;21.6;-20.800001
1521664726093;-1.6;19.1;3.2;-2.4;21.6;-20.800001
1521664726105;-1.7;19.1;3.2;-2.4;21.6;-20.800001
1521664726144;-1.7;19.0;3.3;-2.4;21.6;-20.800001
1521664726153;-1.7;19.1;3.3;-2.4;21.6;-20.800001
1521664726163;-1.7;19.0;3.3;-2.4;21.6;-20.800001
1521664726183;-1.7;19.0;3.4;-2.4;21.6;-20.800001
1521664726193;-1.7;19.0;3.3;-2.4;21.6;-20.800001
1521664726214;-1.7;19.1;3.4;-2.4;21.6;-20.800001
1521664726243;-1.7;19.1;3.3;-2.4;21.6;-20.800001
1521664726273;-1.7;19.1;3.2;-2.4;21.6;-20.800001
1521664726313;-1.6;19.0;3.1000001;-2.4;21.6;-20.800001
1521664726324;-1.6;18.9;3.0;-2.4;21.6;-20.800001
1521664726343;-1.6;18.9;3.1000001;-2.4;21.6;-20.800001
1521664726352;-1.6;19.0;3.1000001;-2.4;21.6;-20.800001
1521664726363;-1.6;19.0;3.0;-2.4;21.6;-20.800001
1521664726393;-1.6;19.0;2.9;-2.4;21.6;-20.800001
1521664726403;-1.6;19.0;2.8;-2.4;21.6;-20.800001
1521664726413;-1.6;19.0;2.9;-2.4;21.6;-20.800001
1521664726433;-1.7;19.0;2.8;-2.4;21.6;-20.800001
1521664726463;-1.7;19.0;2.7;-2.4;21.6;-20.800001
1521664726473;-1.7;19.0;2.6000001;-2.4;21.6;-20.800001
1521664726493;-1.8000001;19.0;2.6000001;-2.4;21.6;-20.800001
1521664726504;-1.7;19.0;2.6000001;-2.4;21.6;-20.800001
1521664726533;-1.8000001;19.0;2.6000001;-2.4;21.6;-20.800001
1521664726573;-1.9;19.0;2.7;-2.4;21.6;-20.800001
1521664726593;-2.0;19.0;2.7;-2.4;21.6;-20.800001
1521664726602;-2.0;19.1;2.7;-2.4;21.6;-20.800001
1521664726612;-2.0;19.0;2.7;-2.4;21.6;-20.800001
1521664726623;-2.0;19.1;2.7;-2.4;21.6;-20.800001
1521664726633;-2.0;19.1;2.6000001;-2.4;21.6;-20.800001
1521664726662;-2.1000001;19.1;2.6000001;-2.4;21.6;-20.800001
1521664726672;-2.1000001;19.1;2.7;-2.4;21.6;-20.800001
1521664726703;-2.2;19.1;2.7;-2.4;21.6;-20.800001
1521664726712;-2.2;19.1;2.6000001;-2.4;21.6;-20.800001
1521664726754;-2.3;19.1;2.7;-2.4;21.6;-20.800001
1521664726763;-2.3;19.0;2.6000001;-2.4;21.6;-20.800001
1521664726784;-2.3;19.0;2.7;-2.4;21.6;-20.800001
1521664726813;-2.4;19.0;2.7;-2.4;21.6;-20.800001
1521664726833;-2.4;19.0;2.8;-2.4;21.6;-20.800001
1521664726873;-2.4;18.9;2.7;-2.4;21.6;-20.800001
1521664726885;-2.4;18.9;2.8;-2.4;21.6;-20.800001
1521664726903;-2.4;18.9;2.7;-2.4;21.6;-20.800001
1521664726925;-2.5;19.0;2.8;-2.4;21.6;-20.800001
1521664726933;-2.5;18.9;2.8;-2.4;21.6;-20.800001
1521664726947;-2.5;18.9;2.7;-2.4;21.6;-20.800001
1521664726955;-2.5;18.9;2.8;-2.4;21.6;-20.800001
1521664726966;-2.5;18.9;2.7;-2.4;21.6;-20.800001
1521664726975;-2.5;18.800001;2.7;-2.4;21.6;-20.800001
1521664727033;-2.6000001;18.9;2.8;-2.4;21.6;-20.800001
1521664727053;-2.6000001;18.9;2.9;-2.4;21.6;-20.800001
1521664727128;-2.6000001;18.9;2.8;-2.4;21.6;-20.800001
1521664727135;-2.6000001;18.9;2.9;-2.4;21.6;-20.800001
1521664727174;-2.6000001;19.0;2.9;-2.4;21.6;-20.800001
1521664727193;-2.6000001;18.9;2.9;-2.4;21.6;-20.800001
1521664727205;-2.6000001;18.9;2.8;-2.4;21.6;-20.800001
1521664727214;-2.6000001;18.9;2.9;-2.4;21.6;-20.800001
1521664727229;-2.6000001;18.9;2.8;-2.4;21.6;-20.800001
1521664727243;-2.7;18.9;2.9;-2.4;21.6;-20.800001
1521664727293;-2.8;18.9;2.9;-2.4;21.6;-20.800001
1521664727333;-2.9;18.7;2.9;-2.4;21.6;-20.800001
1521664727344;-2.9;18.6;2.8;-2.4;21.6;-20.800001
1521664727362;-3.0;18.6;2.8;-2.4;21.6;-20.800001
1521664727374;-3.0;18.6;2.7;-2.4;21.6;-20.800001
1521664727382;-3.1000001;18.5;2.7;-2.4;21.6;-20.800001
1521664727392;-3.1000001;18.5;2.6000001;-2.4;21.6;-20.800001
1521664727413;-3.2;18.4;2.6000001;-2.4;21.6;-20.800001
1521664727433;-3.2;18.300001;2.5;-2.4;21.6;-20.800001
1521664727445;-3.3;18.2;2.5;-2.4;21.6;-20.800001
1521664727454;-3.3;18.1;2.5;-2.4;21.6;-20.800001
1521664727473;-3.3;18.0;2.5;-2.4;21.6;-20.800001
1521664727483;-3.4;18.0;2.5;-2.4;21.6;-20.800001
1521664727493;-3.3;17.9;2.5;-2.4;21.6;-20.800001
1521664727517;-3.3;17.800001;2.5;-2.4;21.6;-20.800001
1521664727528;-3.2;17.7;2.5;-2.4;21.6;-20.800001
1521664727536;-3.2;17.6;2.4;-2.4;21.6;-20.800001
1521664727546;-3.1000001;17.6;2.5;-2.4;21.6;-20.800001
1521664727567;-3.0;17.5;2.5;-2.4;21.6;-20.800001
1521664727574;-3.0;17.5;2.6000001;-2.4;21.6;-20.800001
1521664727594;-2.8;17.300001;2.5;-2.4;21.6;-20.800001
1521664727604;-2.7;17.300001;2.4;-2.4;21.6;-20.800001
1521664727615;-2.6000001;17.2;2.4;-2.4;21.6;-20.800001
1521664727624;-2.5;17.2;2.4;-2.4;21.6;-20.800001
1521664727634;-2.4;17.1;2.4;-2.4;21.6;-20.800001
1521664727656;-2.4;17.0;2.4;-2.4;21.6;-20.800001
1521664727667;-2.3;16.9;2.3;-2.4;21.6;-20.800001
1521664727676;-2.2;16.9;2.4;-2.4;21.6;-20.800001
1521664727685;-2.1000001;16.800001;2.3;-2.4;21.6;-20.800001
1521664727704;-1.9;16.7;2.3;-2.4;21.6;-20.800001
1521664727713;-1.8000001;16.6;2.3;-2.4;21.6;-20.800001
1521664727724;-1.8000001;16.5;2.3;-2.4;21.6;-20.800001
1521664727744;-1.6;16.4;2.3;-2.4;21.6;-20.800001
1521664727753;-1.5;16.300001;2.3;-2.4;21.6;-20.800001
1521664727774;-1.4;16.2;2.2;-2.4;21.6;-20.800001
1521664727785;-1.4;16.1;2.2;-2.4;21.6;-20.800001
1521664727796;-1.4;16.0;2.2;-2.4;21.6;-20.800001
1521664727808;-1.3000001;15.900001;2.2;-2.4;21.6;-20.800001
1521664727816;-1.3000001;15.8;2.2;-2.4;21.6;-20.800001
1521664727827;-1.2;15.8;2.2;-2.4;21.6;-20.800001
1521664727844;-1.1;15.6;2.0;-2.4;21.6;-20.800001
1521664727854;-1.0;15.5;2.0;-2.4;21.6;-20.800001
1521664727864;-1.0;15.400001;2.1000001;-2.4;21.6;-20.800001
1521664727874;-1.0;15.400001;2.0;-2.4;21.6;-20.800001
1521664727884;-1.0;15.3;1.9;-2.4;21.6;-20.800001
1521664727903;-0.90000004;15.2;1.9;-2.4;21.6;-20.800001
1521664727924;-0.90000004;15.1;1.8000001;-2.4;21.6;-20.800001
1521664727933;-0.90000004;15.0;1.8000001;-2.4;21.6;-20.800001
1521664727974;-0.8;14.900001;1.7;-2.4;21.6;-20.800001
1521664728016;-0.7;14.8;1.8000001;-2.4;21.6;-20.800001
1521664728043;-0.6;14.900001;1.8000001;-2.4;21.6;-20.800001
1521664728053;-0.7;14.900001;1.8000001;-2.4;21.6;-20.800001
1521664728063;-0.7;14.900001;1.7;-2.4;21.6;-20.800001
1521664728073;-0.6;14.900001;1.8000001;-2.4;21.6;-20.800001
1521664728083;-0.6;14.900001;1.7;-2.4;21.6;-20.800001
1521664728114;-0.5;15.0;1.7;-2.4;21.6;-20.800001
1521664728125;-0.6;15.0;1.8000001;-2.4;21.6;-20.800001
1521664728134;-0.6;15.0;1.7;-2.4;21.6;-20.800001
1521664728148;-0.6;15.0;1.8000001;-2.4;21.6;-20.800001
1521664728188;-0.7;15.0;1.8000001;-2.4;21.6;-20.800001
1521664728214;-0.8;15.0;1.7;-2.4;21.6;-20.800001
1521664728225;-0.8;15.0;1.8000001;-2.4;21.6;-20.800001
1521664728246;-0.8;15.0;1.9;-2.4;21.6;-20.800001
1521664728267;-0.90000004;15.0;1.8000001;-2.4;21.6;-20.800001
1521664728276;-0.90000004;15.0;1.9;-2.4;21.6;-20.800001
1521664728286;-1.0;15.0;1.9;-2.4;21.6;-20.800001
1521664728333;-1.3000001;15.0;1.8000001;-2.4;21.6;-20.800001
1521664728342;-1.3000001;15.0;1.7;-2.4;21.6;-20.800001
1521664728373;-1.5;15.2;1.8000001;-2.4;21.6;-20.800001
1521664728384;-1.5;15.1;1.8000001;-2.4;21.6;-20.800001
1521664728393;-1.5;15.2;1.8000001;-2.4;21.6;-20.800001
1521664728403;-1.6;15.2;1.8000001;-2.4;21.6;-20.800001
1521664728413;-1.6;15.1;1.8000001;-2.4;21.6;-20.800001
1521664728443;-1.7;15.1;1.8000001;-2.4;21.6;-20.800001
1521664728453;-1.7;15.1;1.7;-2.4;21.6;-20.800001
1521664728465;-1.8000001;15.1;1.7;-2.4;21.6;-20.800001
1521664728513;-1.8000001;15.0;1.7;-2.4;21.6;-20.800001
1521664728533;-1.9;15.0;1.7;-2.4;21.6;-20.800001
1521664728573;-1.9;15.0;1.6;-2.4;21.6;-20.800001
1521664728583;-1.8000001;15.0;1.7;-2.4;21.6;-20.800001
1521664728593;-1.8000001;14.900001;1.6;-2.4;21.6;-20.800001
1521664728606;-1.8000001;14.900001;1.7;-2.4;21.6;-20.800001
1521664728653;-1.8000001;14.8;1.6;-2.4;21.6;-20.800001
1521664728663;-1.8000001;14.8;1.5;-2.4;21.6;-20.800001
1521664728673;-1.8000001;14.6;1.5;-2.4;21.6;-20.800001
1521664728683;-1.8000001;14.7;1.5;-2.4;21.6;-20.800001
1521664728704;-1.8000001;14.6;1.5;-2.4;21.6;-20.800001
1521664728725;-1.9;14.7;1.5;-2.4;21.6;-20.800001
1521664728744;-1.9;14.6;1.5;-2.4;21.6;-20.800001
1521664728773;-1.9;14.7;1.6;-2.4;21.6;-20.800001
1521664728784;-2.0;14.7;1.7;-2.4;21.6;-20.800001
1521664728837;-2.0;14.7;1.8000001;-2.4;21.6;-20.800001
1521664728853;-2.0;14.8;1.7;-2.4;21.6;-20.800001
1521664728873;-2.1000001;14.900001;1.8000001;-2.4;21.6;-20.800001
1521664728883;-2.1000001;14.8;1.7;-2.4;21.6;-20.800001
1521664728893;-2.2;14.900001;1.7;-2.4;21.6;-20.800001
1521664728913;-2.1000001;14.900001;1.7;-2.4;21.6;-20.800001
1521664728935;-2.2;14.900001;1.7;-2.4;21.6;-20.800001
1521664728954;-2.2;15.0;1.7;-2.4;21.6;-20.800001
1521664728973;-2.2;15.1;1.8000001;-2.4;21.6;-20.800001
1521664729003;-2.2;15.1;1.9;-2.4;21.6;-20.800001
1521664729016;-2.2;15.2;1.9;-2.4;21.6;-20.800001
1521664729043;-2.2;15.2;1.8000001;-2.4;21.6;-20.800001
1521664729053;-2.2;15.3;1.8000001;-2.4;21.6;-20.800001
1521664729073;-2.2;15.2;1.8000001;-2.4;21.6;-20.800001
1521664729087;-2.2;15.2;1.7;-2.4;21.6;-20.800001
1521664729114;-2.2;15.2;1.6;-2.4;21.6;-20.800001
1521664729139;-2.3;15.3;1.6;-2.4;21.6;-20.800001
1521664729148;-2.3;15.2;1.5;-2.4;21.6;-20.800001
1521664729163;-2.3;15.2;1.6;-2.4;21.6;-20.800001
1521664729173;-2.2;15.2;1.6;-2.4;21.6;-20.800001
1521664729213;-2.3;15.2;1.6;-2.4;21.6;-20.800001
1521664729253;-2.3;15.2;1.7;-2.4;21.6;-20.800001
1521664729273;-2.3;15.2;1.6;-2.4;21.6;-20.800001
1521664729292;-2.3;15.2;1.7;-2.4;21.6;-20.800001
1521664729343;-2.3;15.2;1.6;-2.4;21.6;-20.800001
1521664729392;-2.4;15.3;1.7;-2.4;21.6;-20.800001
1521664729423;-2.4;15.400001;1.7;-2.4;21.6;-20.800001
1521664729433;-2.4;15.3;1.7;-2.4;21.6;-20.800001
1521664729463;-2.4;15.400001;1.8000001;-2.4;21.6;-20.800001
1521664729473;-2.4;15.3;1.8000001;-2.4;21.6;-20.800001
1521664729493;-2.4;15.400001;1.9;-2.4;21.6;-20.800001
1521664729503;-2.4;15.400001;1.8000001;-2.4;21.6;-20.800001
1521664729527;-2.4;15.400001;1.9;-2.4;21.6;-20.800001
1521664729543;-2.4;15.3;2.0;-2.4;21.6;-20.800001
1521664729553;-2.4;15.3;1.9;-2.4;21.6;-20.800001
1521664729626;-2.4;15.400001;1.9;-2.4;21.6;-20.800001
1521664729643;-2.4;15.400001;2.0;-2.4;21.6;-20.800001
1521664729686;-2.4;15.3;2.0;-2.4;21.6;-20.800001
1521664729724;-2.4;15.3;2.1000001;-2.4;21.6;-20.800001
1521664729744;-2.4;15.400001;2.1000001;-2.4;21.6;-20.800001
1521664729793;-2.4;15.5;2.0;-2.4;21.6;-20.800001
1521664729816;-2.4;15.5;2.1000001;-2.4;21.6;-20.800001
1521664729884;-2.4;15.6;2.2;-2.4;21.6;-20.800001
1521664729966;-2.4;15.6;2.3;-2.4;21.6;-20.800001
1521664729974;-2.4;15.6;2.2;-2.4;21.6;-20.800001
1521664729993;-2.3;15.5;2.2;-2.4;21.6;-20.800001
1521664730004;-2.3;15.5;2.1000001;-2.4;21.6;-20.800001
1521664730034;-2.3;15.400001;2.1000001;-2.4;21.6;-20.800001
1521664730044;-2.2;15.400001;2.1000001;-2.4;21.6;-20.800001
1521664730083;-2.2;15.400001;2.2;-2.4;21.6;-20.800001
1521664730093;-2.1000001;15.400001;2.2;-2.4;21.6;-20.800001
1521664730125;-2.0;15.3;2.2;-2.4;21.6;-20.800001
1521664730135;-2.0;15.3;2.1000001;-2.4;21.6;-20.800001
1521664730157;-2.0;15.3;2.2;-2.4;21.6;-20.800001
1521664730175;-2.0;15.3;2.1000001;-2.4;21.6;-20.800001
1521664730204;-2.0;15.2;2.1000001;-2.4;21.6;-20.800001
1521664730263;-2.0;15.2;2.0;-2.4;21.6;-20.800001
1521664730274;-2.0;15.2;2.1000001;-2.4;21.6;-20.800001
1521664730293;-2.0;15.2;2.0;-2.4;21.6;-20.800001
1521664730333;-2.0;15.2;2.1000001;-2.4;21.6;-20.800001
1521664730393;-1.9;15.2;2.1000001;-2.4;21.6;-20.800001
1521664730404;-2.0;15.2;2.1000001;-2.4;21.6;-20.800001
1521664730413;-2.1000001;15.2;2.2;-2.4;21.6;-20.800001
1521664730443;-2.0;15.2;2.3;-2.4;21.6;-20.800001
1521664730464;-2.0;15.3;2.2;-2.4;21.6;-20.800001
1521664730473;-2.0;15.3;2.3;-2.4;21.6;-20.800001
1521664730483;-2.0;15.2;2.4;-2.4;21.6;-20.800001
1521664730493;-2.0;15.3;2.3;-2.4;21.6;-20.800001
1521664730513;-2.0;15.3;2.2;-2.4;21.6;-20.800001
1521664730535;-2.0;15.3;2.3;-2.4;21.6;-20.800001
1521664730613;-2.1000001;15.3;2.4;-2.4;21.6;-20.800001
1521664730623;-2.0;15.3;2.4;-2.4;21.6;-20.800001
1521664730633;-2.0;15.3;2.3;-2.4;21.6;-20.800001
1521664730646;-2.1000001;15.3;2.3;-2.4;21.6;-20.800001
1521664730663;-2.0;15.3;2.3;-2.4;21.6;-20.800001
1521664730684;-2.1000001;15.3;2.3;-2.4;21.6;-20.800001
1521664730713;-2.1000001;15.3;2.1000001;-2.4;21.6;-20.800001
1521664730723;-2.0;15.3;2.1000001;-2.4;21.6;-20.800001
1521664730804;-1.9;15.2;2.0;-2.4;21.6;-20.800001
1521664730814;-2.0;15.3;2.1000001;-2.4;21.6;-20.800001
1521664730827;-2.0;15.3;2.0;-2.4;21.6;-20.800001
1521664730837;-2.0;15.3;2.1000001;-2.4;21.6;-20.800001
1521664730853;-2.0;15.3;2.0;-2.4;21.6;-20.800001
1521664730893;-2.0;15.3;2.1000001;-2.4;21.6;-20.800001
1521664730904;-2.0;15.3;2.0;-2.4;21.6;-20.800001
1521664730914;-1.9;15.3;1.9;-2.4;21.6;-20.800001
1521664730924;-2.0;15.3;1.9;-2.4;21.6;-20.800001
1521664730936;-1.9;15.3;2.0;-2.4;21.6;-20.800001
1521664730984;-1.9;15.3;2.1000001;-2.4;21.6;-20.800001
1521664731016;-1.9;15.3;2.2;-2.4;21.6;-20.800001
1521664731054;-1.9;15.3;2.1000001;-2.4;21.6;-20.800001
1521664731073;-1.9;15.3;2.2;-2.4;21.6;-20.800001
1521664731084;-2.0;15.400001;2.2;-2.4;21.6;-20.800001
1521664731114;-2.0;15.3;2.2;-2.4;21.6;-20.800001
1521664731126;-2.0;15.400001;2.3;-2.4;21.6;-20.800001
1521664731135;-2.0;15.3;2.2;-2.4;21.6;-20.800001
1521664731144;-2.0;15.3;2.1000001;-2.4;21.6;-20.800001
1521664731154;-2.0;15.3;2.2;-2.4;21.6;-20.800001
1521664731175;-2.0;15.3;2.3;-2.4;21.6;-20.800001
1521664731225;-2.0;15.2;2.3;-2.4;21.6;-20.800001
1521664731234;-2.0;15.3;2.3;-2.4;21.6;-20.800001
1521664731247;-1.9;15.3;2.3;-2.4;21.6;-20.800001
1521664731275;-1.9;15.3;2.2;-2.4;21.6;-20.800001
1521664731285;-2.0;15.3;2.2;-2.4;21.6;-20.800001
1521664731306;-2.0;15.2;2.1000001;-2.4;21.6;-20.800001
1521664731364;-2.0;15.2;2.2;-2.4;21.6;-20.800001
1521664731374;-2.0;15.2;2.1000001;-2.4;21.6;-20.800001
1521664731413;-1.9;15.2;2.0;-2.4;21.6;-20.800001
1521664731433;-2.0;15.3;2.1000001;-2.4;21.6;-20.800001
1521664731443;-1.9;15.2;2.1000001;-2.4;21.6;-20.800001
1521664731453;-1.9;15.3;2.1000001;-2.4;21.6;-20.800001
1521664731473;-1.9;15.2;2.1000001;-2.4;21.6;-20.800001
1521664731487;-1.9;15.2;2.0;-2.4;21.6;-20.800001
1521664731514;-2.0;15.3;2.1000001;-2.4;21.6;-20.800001
1521664731524;-1.9;15.3;2.0;-2.4;21.6;-20.800001
1521664731534;-2.0;15.3;2.1000001;-2.4;21.6;-20.800001
1521664731548;-2.1000001;15.400001;2.1000001;-2.4;21.6;-20.800001
1521664731567;-2.1000001;15.400001;2.2;-2.4;21.6;-20.800001
1521664731626;-2.0;15.400001;2.1000001;-2.4;21.6;-20.800001
1521664731634;-2.0;15.3;2.1000001;-2.4;21.6;-20.800001
1521664731653;-2.0;15.400001;2.2;-2.4;21.6;-20.800001
1521664731707;-2.0;15.400001;2.3;-2.4;21.6;-20.800001
1521664731733;-1.9;15.3;2.3;-2.4;21.6;-20.800001
1521664731744;-1.9;15.3;2.2;-2.4;21.6;-20.800001
1521664731753;-1.9;15.3;2.3;-2.4;21.6;-20.800001
1521664731763;-1.9;15.400001;2.3;-2.4;21.6;-20.800001
1521664731773;-1.9;15.400001;2.2;-2.4;21.6;-20.800001
1521664731803;-1.8000001;15.400001;2.2;-2.4;21.6;-20.800001
1521664731814;-1.8000001;15.3;2.2;-2.4;21.6;-20.800001
1521664731833;-1.8000001;15.3;2.1000001;-2.4;21.6;-20.800001
1521664731845;-1.8000001;15.2;1.9;-2.4;21.6;-20.800001
1521664731854;-1.7;15.2;1.9;-2.4;21.6;-20.800001
1521664731873;-1.7;15.2;1.8000001;-2.4;21.6;-20.800001
1521664731895;-1.7;15.2;1.9;-2.4;21.6;-20.800001
1521664731913;-1.7;15.2;1.8000001;-2.4;21.6;-20.800001
1521664731945;-1.7;15.1;1.7;-2.4;21.6;-20.800001
1521664731954;-1.7;15.2;1.7;-2.4;21.6;-20.800001
1521664731968;-1.7;15.2;1.8000001;-2.4;21.6;-20.800001
1521664732004;-1.6;15.2;1.8000001;-2.4;21.6;-20.800001
1521664732020;-1.7;15.2;1.8000001;-2.4;21.6;-20.800001
1521664732053;-1.7;15.2;1.7;-2.4;21.6;-20.800001
1521664732073;-1.7;15.1;1.7;-2.4;21.6;-20.800001
1521664732123;-1.6;15.1;1.7;-2.4;21.6;-20.800001
1521664732133;-1.6;15.1;1.8000001;-2.4;21.6;-20.800001
1521664732174;-1.6;15.1;1.7;-2.4;21.6;-20.800001
1521664732193;-1.6;15.1;1.6;-2.4;21.6;-20.800001
1521664732213;-1.6;15.1;1.7;-2.4;21.6;-20.800001
1521664732233;-1.6;15.1;1.8000001;-2.4;21.6;-20.800001
1521664732243;-1.5;15.0;1.7;-2.4;21.6;-20.800001
1521664732273;-1.5;15.0;1.6;-2.4;21.6;-20.800001
1521664732293;-1.5;15.0;1.7;-2.4;21.6;-20.800001
1521664732303;-1.5;15.0;1.6;-2.4;21.6;-20.800001
1521664732313;-1.5;15.0;1.5;-2.4;21.6;-20.800001
1521664732343;-1.5;14.900001;1.5;-2.4;21.6;-20.800001
1521664732353;-1.5;14.900001;1.6;-2.4;21.6;-20.800001
1521664732363;-1.5;15.0;1.6;-2.4;21.6;-20.800001
1521664732373;-1.6;15.0;1.6;-2.4;21.6;-20.800001
1521664732384;-1.5;15.0;1.6;-2.4;21.6;-20.800001
1521664732403;-1.6;15.0;1.6;-2.4;21.6;-20.800001
1521664732413;-1.5;15.0;1.4;-2.4;21.6;-20.800001
1521664732423;-1.6;15.0;1.5;-2.4;21.6;-20.800001
1521664732444;-1.6;15.0;1.4;-2.4;21.6;-20.800001
1521664732453;-1.6;15.0;1.5;-2.4;21.6;-20.800001
1521664732466;-1.6;15.0;1.6;-2.4;21.6;-20.800001
1521664732513;-1.6;15.0;1.5;-2.4;21.6;-20.800001
1521664732523;-1.7;15.0;1.6;-2.4;21.6;-20.800001
1521664732533;-1.6;15.0;1.6;-2.4;21.6;-20.800001
1521664732559;-1.7;15.0;1.5;-2.4;21.6;-20.800001
1521664732594;-1.7;15.1;1.5;-2.4;21.6;-20.800001
1521664732614;-1.8000001;15.1;1.5;-2.4;21.6;-20.800001
1521664732656;-1.7;15.1;1.5;-2.4;21.6;-20.800001
1521664732685;-1.8000001;15.1;1.6;-2.4;21.6;-20.800001
1521664732706;-1.7;15.1;1.6;-2.4;21.6;-20.800001
1521664732715;-1.7;15.1;1.7;-2.4;21.6;-20.800001
1521664732755;-1.6;15.0;1.8000001;-2.4;21.6;-20.800001
1521664732805;-1.6;15.0;1.9;-2.4;21.6;-20.800001
1521664732826;-1.5;15.0;1.9;-2.4;21.6;-20.800001
1521664732873;-1.6;15.0;1.9;-2.4;21.6;-20.800001
1521664732903;-1.5;15.0;1.9;-2.4;21.6;-20.800001
1521664732914;-1.5;15.0;2.0;-2.4;21.6;-20.800001
1521664732949;-1.5;15.0;2.1000001;-2.4;21.6;-20.800001
1521664732965;-1.4;14.900001;2.1000001;-2.4;21.6;-20.800001
1521664732996;-1.4;14.900001;2.2;-2.4;21.6;-20.800001
1521664733053;-1.5;14.900001;2.2;-2.4;21.6;-20.800001
1521664733073;-1.5;14.900001;2.1000001;-2.4;21.6;-20.800001
1521664733083;-1.5;14.900001;2.2;-2.4;21.6;-20.800001
1521664733143;-1.6;14.900001;2.2;-2.4;21.6;-20.800001
1521664733153;-1.5;14.900001;2.2;-2.4;21.6;-20.800001
1521664733203;-1.5;14.8;2.2;-2.4;21.6;-20.800001
1521664733233;-1.5;14.900001;2.1000001;-2.4;21.6;-20.800001
1521664733243;-1.5;14.900001;2.0;-2.4;21.6;-20.800001
1521664733304;-1.6;14.900001;1.9;-2.4;21.6;-20.800001
1521664733353;-1.5;14.8;1.9;-2.4;21.6;-20.800001
1521664733362;-1.5;14.8;1.8000001;-2.4;21.6;-20.800001
1521664733373;-1.6;14.900001;1.9;-2.4;21.6;-20.800001
1521664733412;-1.7;14.900001;1.8000001;-2.4;21.6;-20.800001
1521664733433;-1.7;14.900001;1.7;-2.4;21.6;-20.800001
1521664733453;-1.7;14.900001;1.8000001;-2.4;21.6;-20.800001
1521664733473;-1.7;15.0;1.8000001;-2.4;21.6;-20.800001
1521664733484;-1.7;15.0;1.7;-2.4;21.6;-20.800001
1521664733497;-1.7;15.1;1.8000001;-2.4;21.6;-20.800001
1521664733545;-1.7;15.1;1.9;-2.4;21.6;-20.800001
1521664733567;-1.7;15.1;1.8000001;-2.4;21.6;-20.800001
1521664733575;-1.8000001;15.1;1.8000001;-2.4;21.6;-20.800001
1521664733590;-1.7;15.2;1.8000001;-2.4;21.6;-20.800001
1521664733604;-1.8000001;15.2;1.8000001;-2.4;21.6;-20.800001
1521664733614;-1.9;15.3;1.8000001;-2.4;21.6;-20.800001
1521664733634;-1.9;15.3;1.7;-2.4;21.6;-20.800001
1521664733665;-1.9;15.400001;1.8000001;-2.4;21.6;-20.800001
1521664733674;-1.8000001;15.3;1.8000001;-2.4;21.6;-20.800001
1521664733684;-1.8000001;15.3;1.7;-2.4;21.6;-20.800001
1521664733695;-1.8000001;15.400001;1.8000001;-2.4;21.6;-20.800001
1521664733716;-1.8000001;15.400001;1.9;-2.4;21.6;-20.800001
1521664733745;-1.8000001;15.400001;1.8000001;-2.4;21.6;-20.800001
1521664733765;-1.9;15.400001;1.9;-2.4;21.6;-20.800001
1521664733784;-1.9;15.400001;2.0;-2.4;21.6;-20.800001
1521664733804;-2.0;15.400001;2.0;-2.4;21.6;-20.800001
1521664733835;-2.0;15.400001;1.9;-2.4;21.6;-20.800001
1521664733873;-1.9;15.3;1.8000001;-2.4;21.6;-20.800001
1521664733914;-1.9;15.2;1.7;-2.4;21.6;-20.800001
1521664733935;-1.9;15.2;1.8000001;-2.4;21.6;-20.800001
1521664733946;-1.9;15.2;1.7;-2.4;21.6;-20.800001
1521664733966;-2.0;15.2;1.7;-2.4;21.6;-20.800001
1521664733974;-2.0;15.1;1.8000001;-2.4;21.6;-20.800001
1521664733995;-2.0;15.1;1.6;-2.4;21.6;-20.800001
1521664734005;-2.0;15.1;1.7;-2.4;21.6;-20.800001
1521664734018;-2.1000001;15.1;1.6;-2.4;21.6;-20.800001
1521664734043;-2.2;15.2;1.7;-2.4;21.6;-20.800001
1521664734053;-2.3;15.2;1.8000001;-2.4;21.6;-20.800001
1521664734073;-2.3;15.2;1.7;-2.4;21.6;-20.800001
1521664734083;-2.4;15.2;1.8000001;-2.4;21.6;-20.800001
1521664734093;-2.4;15.3;1.7;-2.4;21.6;-20.800001
1521664734119;-2.5;15.3;1.7;-2.4;21.6;-20.800001
1521664734133;-2.6000001;15.3;1.7;-2.4;21.6;-20.800001
1521664734143;-2.6000001;15.3;1.6;-2.4;21.6;-20.800001
1521664734153;-2.7;15.3;1.7;-2.4;21.6;-20.800001
1521664734163;-2.7;15.400001;1.7;-2.4;21.6;-20.800001
1521664734173;-2.8;15.400001;1.7;-2.4;21.6;-20.800001
1521664734187;-2.9;15.400001;1.7;-2.4;21.6;-20.800001
1521664734195;-3.0;15.5;1.8000001;-2.4;21.6;-20.800001
1521664734205;-3.1000001;15.5;1.8000001;-2.4;21.6;-20.800001
1521664734215;-3.2;15.6;1.8000001;-2.4;21.6;-20.800001
1521664734230;-3.3;15.6;1.9;-2.4;21.6;-20.800001
1521664734234;-3.4;15.6;1.8000001;-2.4;21.6;-20.800001
1521664734248;-3.4;15.7;1.9;-2.4;21.6;-20.800001
1521664734263;-3.6000001;15.7;1.9;-2.4;21.6;-20.800001
1521664734273;-3.6000001;15.8;2.0;-2.4;21.6;-20.800001
1521664734283;-3.7;15.8;1.9;-2.4;21.6;-20.800001
1521664734294;-3.7;15.8;2.0;-2.4;21.6;-20.800001
1521664734314;-3.8;15.8;1.9;-2.4;21.6;-20.800001
1521664734353;-4.0;15.8;1.7;-2.4;21.6;-20.800001
1521664734372;-4.0;15.900001;1.7;-2.4;21.6;-20.800001
1521664734403;-4.1;16.0;1.8000001;-2.4;21.6;-20.800001
1521664734423;-4.2000003;16.1;1.9;-2.4;21.6;-20.800001
1521664734463;-4.2000003;16.2;2.0;-2.4;21.6;-20.800001
1521664734475;-4.3;16.2;2.1000001;-2.4;21.6;-20.800001
1521664734502;-4.3;16.300001;2.1000001;-2.4;21.6;-20.800001
1521664734563;-4.3;16.4;2.0;-2.4;21.6;-20.800001
1521664734592;-4.4;16.4;2.0;-2.4;21.6;-20.800001
1521664734623;-4.4;16.6;2.1000001;-2.4;21.6;-20.800001
1521664734633;-4.5;16.6;2.2;-2.4;21.6;-20.800001
1521664734643;-4.6;16.7;2.3;-2.4;21.6;-20.800001
1521664734653;-4.6;16.800001;2.3;-2.4;21.6;-20.800001
1521664734673;-4.7000003;16.800001;2.4;-2.4;21.6;-20.800001
1521664734693;-4.7000003;16.800001;2.5;-2.4;21.6;-20.800001
1521664734703;-4.7000003;16.800001;2.3;-2.4;21.6;-20.800001
1521664734714;-4.7000003;16.7;2.3;-2.4;21.6;-20.800001
1521664734723;-4.6;16.800001;2.2;-2.4;21.6;-20.800001
1521664734743;-4.6;16.800001;2.3;-2.4;21.6;-20.800001
1521664734753;-4.7000003;16.800001;2.3;-2.4;21.6;-20.800001
1521664734763;-4.7000003;16.800001;2.2;-2.4;21.6;-20.800001
1521664734773;-4.7000003;16.7;2.1000001;-2.4;21.6;-20.800001
1521664734793;-4.6;16.7;2.1000001;-2.4;21.6;-20.800001
1521664734813;-4.7000003;16.7;2.1000001;-2.4;21.6;-20.800001
1521664734823;-4.7000003;16.800001;2.2;-2.4;21.6;-20.800001
1521664734833;-4.8;16.9;2.2;-2.4;21.6;-20.800001
1521664734853;-4.8;17.0;2.4;-2.4;21.6;-20.800001
1521664734874;-4.9;17.0;2.5;-2.4;21.6;-20.800001
1521664734883;-4.9;17.1;2.5;-2.4;21.6;-20.800001
1521664734893;-5.0;17.1;2.5;-2.4;21.6;-20.800001
1521664734904;-5.0;17.2;2.6000001;-2.4;21.6;-20.800001
1521664734912;-5.0;17.2;2.7;-2.4;21.6;-20.800001
1521664734963;-5.0;17.2;2.8;-2.4;21.6;-20.800001
1521664734972;-5.0;17.300001;2.8;-2.4;21.6;-20.800001
1521664734992;-5.1;17.300001;2.8;-2.4;21.6;-20.800001
1521664735002;-5.1;17.4;2.9;-2.4;21.6;-20.800001
1521664735012;-5.2000003;17.4;3.0;-2.4;21.6;-20.800001
1521664735024;-5.2000003;17.4;3.1000001;-2.4;21.6;-20.800001
1521664735032;-5.2000003;17.5;3.1000001;-2.4;21.6;-20.800001
1521664735042;-5.2000003;17.4;3.1000001;-2.4;21.6;-20.800001
1521664735052;-5.1;17.4;3.0;-2.4;21.6;-20.800001
1521664735072;-5.1;17.4;3.1000001;-2.4;21.6;-20.800001
1521664735083;-5.1;17.4;3.0;-2.4;21.6;-20.800001
1521664735092;-5.0;17.300001;3.1000001;-2.4;21.6;-20.800001
1521664735112;-4.9;17.2;3.0;-2.4;21.6;-20.800001
1521664735122;-4.9;17.2;2.9;-2.4;21.6;-20.800001
1521664735132;-4.8;17.1;2.9;-2.4;21.6;-20.800001
1521664735143;-4.7000003;17.0;2.8;-2.4;21.6;-20.800001
1521664735152;-4.7000003;16.9;2.7;-2.4;21.6;-20.800001
1521664735172;-4.6;16.800001;2.6000001;-2.4;21.6;-20.800001
1521664735184;-4.5;16.7;2.6000001;-2.4;21.6;-20.800001
1521664735192;-4.4;16.6;2.5;-2.4;21.6;-20.800001
1521664735204;-4.4;16.5;2.4;-2.4;21.6;-20.800001
1521664735212;-4.3;16.5;2.3;-2.4;21.6;-20.800001
1521664735223;-4.3;16.5;2.2;-2.4;21.6;-20.800001
1521664735232;-4.2000003;16.4;2.2;-2.4;21.6;-20.800001
1521664735242;-4.1;16.300001;2.2;-2.4;21.6;-20.800001
1521664735252;-4.1;16.2;2.1000001;-2.4;21.6;-20.800001
1521664735263;-4.0;16.1;2.2;-2.4;21.6;-20.800001
1521664735272;-3.9;16.1;2.0;-2.4;21.6;-20.800001
1521664735282;-3.8;16.0;2.1000001;-2.4;21.6;-20.800001
1521664735292;-3.8;15.900001;2.1000001;-2.4;21.6;-20.800001
1521664735302;-3.7;15.8;2.0;-2.4;21.6;-20.800001
1521664735353;-3.7;15.8;2.1000001;-2.4;21.6;-20.800001
1521664735366;-3.7;15.900001;2.2;-2.4;21.6;-20.800001
1521664735374;-3.8;15.900001;2.2;-2.4;21.6;-20.800001
1521664735393;-3.9;16.1;2.3;-2.4;21.6;-20.800001
1521664735423;-4.0;16.1;2.5;-2.4;21.6;-20.800001
1521664735433;-4.0;16.2;2.5;-2.4;21.6;-20.800001
1521664735443;-4.0;16.2;2.6000001;-2.4;21.6;-20.800001
1521664735453;-4.0;16.300001;2.6000001;-2.4;21.6;-20.800001
1521664735473;-4.1;16.4;2.9;-2.4;21.6;-20.800001
1521664735493;-4.2000003;16.5;3.0;-2.4;21.6;-20.800001
1521664735505;-4.2000003;16.5;3.1000001;-2.4;21.6;-20.800001
1521664735513;-4.2000003;16.5;3.2;-2.4;21.6;-20.800001
1521664735536;-4.3;16.6;3.2;-2.4;21.6;-20.800001
1521664735543;-4.3;16.6;3.3;-2.4;21.6;-20.800001
1521664735553;-4.3;16.7;3.3;-2.4;21.6;-20.800001
1521664735573;-4.3;16.6;3.3;-2.4;21.6;-20.800001
1521664735584;-4.3;16.7;3.3;-2.4;21.6;-20.800001
1521664735624;-4.2000003;16.7;3.3;-2.4;21.6;-20.800001
1521664735644;-4.2000003;16.6;3.1000001;-2.4;21.6;-20.800001
1521664735664;-4.1;16.5;3.1000001;-2.4;21.6;-20.800001
1521664735684;-4.0;16.300001;3.0;-2.4;21.6;-20.800001
1521664735693;-3.9;16.2;3.0;-2.4;21.6;-20.800001
1521664735703;-3.9;16.2;2.9;-2.4;21.6;-20.800001
1521664735713;-3.8;16.2;2.8;-2.4;21.6;-20.800001
1521664735723;-3.8;16.1;2.8;-2.4;21.6;-20.800001
1521664735746;-3.8;16.1;2.7;-2.4;21.6;-20.800001
1521664735763;-3.8;16.2;2.7;-2.4;21.6;-20.800001
1521664735773;-3.8;16.2;2.8;-2.4;21.6;-20.800001
1521664735804;-3.7;16.2;2.8;-2.4;21.6;-20.800001
1521664735823;-3.7;16.2;2.9;-2.4;21.6;-20.800001
1521664735873;-3.8;16.4;3.0;-2.4;21.6;-20.800001
1521664735883;-3.9;16.4;3.0;-2.4;21.6;-20.800001
1521664735904;-4.0;16.5;3.1000001;-2.4;21.6;-20.800001
1521664735913;-4.1;16.5;3.2;-2.4;21.6;-20.800001
1521664735928;-4.1;16.6;3.2;-2.4;21.6;-20.800001
1521664735937;-4.2000003;16.6;3.3;-2.4;21.6;-20.800001
1521664735946;-4.2000003;16.7;3.3;-2.4;21.6;-20.800001
1521664735958;-4.2000003;16.7;3.4;-2.4;21.6;-20.800001
1521664735964;-4.2000003;16.7;3.5;-2.4;21.6;-20.800001
1521664735974;-4.2000003;16.800001;3.5;-2.4;21.6;-20.800001
1521664736003;-4.1;16.800001;3.5;-2.4;21.6;-20.800001
1521664736014;-4.1;16.800001;3.6000001;-2.4;21.6;-20.800001
1521664736038;-4.0;16.7;3.5;-2.4;21.6;-20.800001
1521664736053;-3.9;16.6;3.4;-2.4;21.6;-20.800001
1521664736063;-3.8;16.5;3.4;-2.4;21.6;-20.800001
1521664736073;-3.8;16.5;3.2;-2.4;21.6;-20.800001
1521664736083;-3.7;16.4;3.1000001;-2.4;21.6;-20.800001
1521664736093;-3.7;16.4;3.0;-2.4;21.6;-20.800001
1521664736113;-3.6000001;16.300001;3.0;-2.4;21.6;-20.800001
1521664736126;-3.5;16.2;2.9;-2.4;21.6;-20.800001
1521664736137;-3.4;16.1;2.8;-2.4;21.6;-20.800001
1521664736154;-3.4;16.2;2.8;-2.4;21.6;-20.800001
1521664736212;-3.3;16.2;2.8;-2.4;21.6;-20.800001
1521664736232;-3.2;16.2;2.7;-2.4;21.6;-20.800001
1521664736242;-3.2;16.2;2.6000001;-2.4;21.6;-20.800001
1521664736272;-3.3;16.300001;2.6000001;-2.4;21.6;-20.800001
1521664736293;-3.4;16.4;2.6000001;-2.4;21.6;-20.800001
1521664736303;-3.5;16.5;2.6000001;-2.4;21.6;-20.800001
1521664736363;-3.6000001;16.7;2.7;-2.4;21.6;-20.800001
1521664736383;-3.6000001;16.7;2.8;-2.4;21.6;-20.800001
1521664736423;-3.6000001;16.7;2.7;-2.4;21.6;-20.800001
1521664736443;-3.5;16.7;2.7;-2.4;21.6;-20.800001
1521664736453;-3.5;16.6;2.6000001;-2.4;21.6;-20.800001
1521664736474;-3.4;16.5;2.5;-2.4;21.6;-20.800001
1521664736483;-3.3;16.5;2.4;-2.4;21.6;-20.800001
1521664736494;-3.3;16.4;2.5;-2.4;21.6;-20.800001
1521664736504;-3.3;16.300001;2.5;-2.4;21.6;-20.800001
1521664736513;-3.2;16.300001;2.4;-2.4;21.6;-20.800001
1521664736533;-3.1000001;16.2;2.3;-2.4;21.6;-20.800001
1521664736553;-3.0;16.1;2.2;-2.4;21.6;-20.800001
1521664736573;-2.9;16.0;2.1000001;-2.4;21.6;-20.800001
1521664736593;-2.8;15.900001;2.1000001;-2.4;21.6;-20.800001
1521664736603;-2.7;15.8;2.0;-2.4;21.6;-20.800001
1521664736613;-2.7;15.7;1.9;-2.4;21.6;-20.800001
1521664736623;-2.6000001;15.7;1.9;-2.4;21.6;-20.800001
1521664736632;-2.6000001;15.7;1.8000001;-2.4;21.6;-20.800001
1521664736644;-2.6000001;15.6;1.8000001;-2.4;21.6;-20.800001
1521664736652;-2.6000001;15.6;1.7;-2.4;21.6;-20.800001
1521664736662;-2.6000001;15.6;1.8000001;-2.4;21.6;-20.800001
1521664736672;-2.6000001;15.6;1.7;-2.4;21.6;-20.800001
1521664736712;-2.6000001;15.6;1.6;-2.4;21.6;-20.800001
1521664736732;-2.6000001;15.6;1.7;-2.4;21.6;-20.800001
1521664736743;-2.6000001;15.6;1.6;-2.4;21.6;-20.800001
1521664736763;-2.6000001;15.6;1.5;-2.4;21.6;-20.800001
1521664736772;-2.6000001;15.6;1.6;-2.4;21.6;-20.800001
1521664736792;-2.6000001;15.6;1.5;-2.4;21.6;-20.800001
1521664736824;-2.7;15.6;1.4;-2.4;21.6;-20.800001
1521664736832;-2.7;15.6;1.5;-2.4;21.6;-20.800001
1521664736843;-2.6000001;15.6;1.5;-2.4;21.6;-20.800001
1521664736852;-2.7;15.7;1.5;-2.4;21.6;-20.800001
1521664736872;-2.7;15.7;1.6;-2.4;21.6;-20.800001
1521664736892;-2.7;15.7;1.5;-2.4;21.6;-20.800001
1521664736902;-2.8;15.8;1.5;-2.4;21.6;-20.800001
1521664736922;-2.8;15.8;1.6;-2.4;21.6;-20.800001
1521664736932;-2.8;15.8;1.7;-2.4;21.6;-20.800001
1521664736943;-2.8;15.7;1.6;-2.4;21.6;-20.800001
1521664736952;-2.8;15.8;1.6;-2.4;21.6;-20.800001
1521664737013;-2.9;15.8;1.5;-2.4;21.6;-20.800001
1521664737035;-2.8;15.8;1.5;-2.4;21.6;-20.800001
1521664737044;-2.9;15.900001;1.5;-2.4;21.6;-20.800001
1521664737065;-2.9;16.0;1.6;-2.4;21.6;-20.800001
1521664737086;-3.0;16.0;1.7;-2.4;21.6;-20.800001
1521664737104;-3.0;16.0;1.6;-2.4;21.6;-20.800001
1521664737114;-2.9;16.0;1.7;-2.4;21.6;-20.800001
1521664737145;-3.0;16.0;1.7;-2.4;21.6;-20.800001
1521664737154;-2.9;16.0;1.8000001;-2.4;21.6;-20.800001
1521664737163;-3.0;16.0;1.9;-2.4;21.6;-20.800001
1521664737185;-3.0;16.0;2.0;-2.4;21.6;-20.800001
1521664737193;-3.0;16.0;2.1000001;-2.4;21.6;-20.800001
1521664737233;-3.0;16.0;2.0;-2.4;21.6;-20.800001
1521664737243;-3.0;16.0;2.1000001;-2.4;21.6;-20.800001
1521664737253;-3.0;16.0;2.2;-2.4;21.6;-20.800001
1521664737262;-3.0;16.0;2.3;-2.4;21.6;-20.800001
1521664737273;-3.1000001;16.0;2.3;-2.4;21.6;-20.800001
1521664737282;-3.1000001;16.1;2.3;-2.4;21.6;-20.800001
1521664737313;-3.1000001;16.1;2.4;-2.4;21.6;-20.800001
1521664737344;-3.1000001;16.0;2.5;-2.4;21.6;-20.800001
1521664737365;-3.0;15.900001;2.5;-2.4;21.6;-20.800001
1521664737384;-3.0;15.900001;2.4;-2.4;21.6;-20.800001
1521664737393;-3.0;15.900001;2.5;-2.4;21.6;-20.800001
1521664737403;-3.1000001;15.900001;2.4;-2.4;21.6;-20.800001
1521664737424;-3.1000001;16.0;2.5;-2.4;21.6;-20.800001
1521664737443;-3.1000001;16.0;2.6000001;-2.4;21.6;-20.800001
1521664737455;-3.1000001;16.0;2.5;-2.4;21.6;-20.800001
1521664737463;-3.1000001;15.900001;2.4;-2.4;21.6;-20.800001
1521664737486;-3.1000001;15.900001;2.3;-2.4;21.6;-20.800001
1521664737493;-3.1000001;15.900001;2.2;-2.4;21.6;-20.800001
1521664737503;-3.1000001;15.900001;2.3;-2.4;21.6;-20.800001
1521664737513;-3.1000001;15.900001;2.2;-2.4;21.6;-20.800001
1521664737546;-3.2;15.900001;2.3;-2.4;21.6;-20.800001
1521664737558;-3.2;15.900001;2.2;-2.4;21.6;-20.800001
1521664737583;-3.3;16.0;2.3;-2.4;21.6;-20.800001
1521664737593;-3.4;16.0;2.3;-2.4;21.6;-20.800001
1521664737605;-3.4;15.900001;2.2;-2.4;21.6;-20.800001
1521664737613;-3.5;15.900001;2.2;-2.4;21.6;-20.800001
1521664737633;-3.6000001;15.900001;2.2;-2.4;21.6;-20.800001
1521664737653;-3.7;15.900001;2.3;-2.4;21.6;-20.800001
1521664737664;-3.7;15.900001;2.2;-2.4;21.6;-20.800001
1521664737674;-3.8;15.900001;2.1000001;-2.4;21.6;-20.800001
1521664737694;-3.9;15.900001;2.1000001;-2.4;21.6;-20.800001
1521664737705;-4.0;15.900001;2.1000001;-2.4;21.6;-20.800001
1521664737725;-4.1;15.900001;2.1000001;-2.4;21.6;-20.800001
1521664737733;-4.1;15.900001;2.0;-2.4;21.6;-20.800001
1521664737744;-4.2000003;15.900001;2.0;-2.4;21.6;-20.800001
1521664737756;-4.3;15.900001;2.0;-2.4;21.6;-20.800001
1521664737774;-4.4;15.900001;2.0;-2.4;21.6;-20.800001
1521664737784;-4.5;16.0;2.1000001;-2.4;21.6;-20.800001
1521664737793;-4.6;15.900001;2.1000001;-2.4;21.6;-20.800001
1521664737813;-4.6;15.900001;2.2;-2.4;21.6;-20.800001
1521664737823;-4.7000003;15.900001;2.2;-2.4;21.6;-20.800001
1521664737845;-4.8;15.900001;2.1000001;-2.4;21.6;-20.800001
1521664737873;-4.8;15.900001;2.2;-2.4;21.6;-20.800001
1521664737885;-4.8;15.8;2.1000001;-2.4;21.6;-20.800001
1521664737916;-4.8;15.8;2.2;-2.4;21.6;-20.800001
1521664737935;-4.9;15.900001;2.1000001;-2.4;21.6;-20.800001
1521664737945;-4.9;15.8;2.1000001;-2.4;21.6;-20.800001
1521664737956;-4.9;15.8;2.0;-2.4;21.6;-20.800001
1521664737977;-4.9;15.8;2.1000001;-2.4;21.6;-20.800001
1521664737986;-4.9;15.900001;2.2;-2.4;21.6;-20.800001
1521664737994;-5.0;15.900001;2.1000001;-2.4;21.6;-20.800001
1521664738016;-4.9;16.0;2.1000001;-2.4;21.6;-20.800001
1521664738029;-5.0;16.0;2.2;-2.4;21.6;-20.800001
1521664738053;-4.9;16.0;2.2;-2.4;21.6;-20.800001
1521664738086;-4.9;16.0;2.1000001;-2.4;21.6;-20.800001
1521664738095;-4.9;16.1;2.1000001;-2.4;21.6;-20.800001
1521664738103;-4.9;16.0;2.1000001;-2.4;21.6;-20.800001
1521664738114;-4.9;16.1;2.0;-2.4;21.6;-20.800001
1521664738133;-5.0;16.1;2.0;-2.4;21.6;-20.800001
1521664738144;-5.0;16.1;1.9;-2.4;21.6;-20.800001
1521664738165;-5.0;16.2;1.9;-2.4;21.6;-20.800001
1521664738184;-5.1;16.2;2.0;-2.4;21.6;-20.800001
1521664738208;-5.1;16.2;1.9;-2.4;21.6;-20.800001
1521664738214;-5.1;16.300001;1.9;-2.4;21.6;-20.800001
1521664738243;-5.2000003;16.300001;1.9;-2.4;21.6;-20.800001
1521664738265;-5.2000003;16.300001;2.0;-2.4;21.6;-20.800001
1521664738283;-5.2000003;16.300001;1.9;-2.4;21.6;-20.800001
1521664738364;-5.3;16.300001;1.9;-2.4;21.6;-20.800001
1521664738403;-5.3;16.300001;2.0;-2.4;21.6;-20.800001
1521664738423;-5.4;16.300001;2.0;-2.4;21.6;-20.800001
1521664738433;-5.4;16.300001;2.1000001;-2.4;21.6;-20.800001
1521664738483;-5.4;16.300001;2.0;-2.4;21.6;-20.800001
1521664738493;-5.4;16.300001;2.1000001;-2.4;21.6;-20.800001
1521664738506;-5.5;16.300001;2.0;-2.4;21.6;-20.800001
1521664738527;-5.5;16.4;2.0;-2.4;21.6;-20.800001
1521664738545;-5.5;16.4;2.1000001;-2.4;21.6;-20.800001
1521664738573;-5.5;16.300001;2.1000001;-2.4;21.6;-20.800001
1521664738644;-5.5;16.300001;2.0;-2.4;21.6;-20.800001
1521664738686;-5.5;16.300001;1.9;-2.4;21.6;-20.800001
1521664738695;-5.5;16.2;1.8000001;-2.4;21.6;-20.800001
1521664738706;-5.5;16.300001;1.8000001;-2.4;21.6;-20.800001
1521664738716;-5.5;16.2;1.8000001;-2.4;21.6;-20.800001
1521664738736;-5.5;16.2;1.7;-2.4;21.6;-20.800001
1521664738805;-5.6;16.2;1.8000001;-2.4;21.6;-20.800001
1521664738816;-5.6;16.300001;1.9;-2.4;21.6;-20.800001
1521664738825;-5.6;16.2;1.9;-2.4;21.6;-20.800001
1521664738833;-5.6;16.300001;1.9;-2.4;21.6;-20.800001
1521664738865;-5.7000003;16.300001;1.8000001;-2.4;21.6;-20.800001
1521664738874;-5.6;16.2;1.8000001;-2.4;21.6;-20.800001
1521664738903;-5.7000003;16.300001;1.8000001;-2.4;21.6;-20.800001
1521664738985;-5.7000003;16.300001;1.9;-2.4;21.6;-20.800001
1521664738994;-5.7000003;16.300001;1.8000001;-2.4;21.6;-20.800001
1521664739038;-5.8;16.300001;1.9;-2.4;21.6;-20.800001
1521664739044;-5.7000003;16.4;2.0;-2.4;21.6;-20.800001
1521664739104;-5.6;16.300001;2.0;-2.4;21.6;-20.800001
1521664739116;-5.6;16.300001;1.9;-2.4;21.6;-20.800001
1521664739146;-5.6;16.2;1.9;-2.4;21.6;-20.800001
1521664739153;-5.5;16.300001;1.9;-2.4;21.6;-20.800001
1521664739166;-5.5;16.2;1.9;-2.4;21.6;-20.800001
1521664739204;-5.4;16.2;1.9;-2.4;21.6;-20.800001
1521664739227;-5.4;16.1;1.9;-2.4;21.6;-20.800001
1521664739272;-5.4;16.1;1.8000001;-2.4;21.6;-20.800001
1521664739292;-5.4;16.0;2.0;-2.4;21.6;-20.800001
1521664739302;-5.3;15.900001;2.0;-2.4;21.6;-20.800001
1521664739312;-5.3;16.0;2.1000001;-2.4;21.6;-20.800001
1521664739323;-5.3;15.900001;2.0;-2.4;21.6;-20.800001
1521664739332;-5.4;15.900001;2.1000001;-2.4;21.6;-20.800001
1521664739344;-5.4;15.900001;2.0;-2.4;21.6;-20.800001
1521664739363;-5.4;15.900001;1.9;-2.4;21.6;-20.800001
