1521664450347;-0.16149521;0.010571718;-0.021346092
1521664450363;-0.23514938;-0.19431305;0.33711243
1521664450383;-0.17132568;-0.19427109;0.25637817
1521664450403;-0.25745392;-0.19298935;0.22275925
1521664450422;-0.2419281;-0.20345306;0.28637695
1521664450426;-0.21910095;-0.13983154;0.26995087
1521664450439;-0.24429703;-0.11129379;0.17060852
1521664450446;-0.26494598;-0.08561325;0.12372589
1521664450458;-0.26424408;-0.09674835;0.030187607
1521664450470;-0.29732513;-0.13907242;0.013586044
1521664450493;-0.17277908;-0.012948751;-0.12519836
1521664450501;-0.18278503;-0.15473175;0.144207
1521664450509;-0.17493057;-0.049466133;0.13081741
1521664450524;-0.21763611;-0.1861229;-0.043745995
1521664450527;-0.258049;-0.17343903;0.0908432
1521664450547;-0.45352936;0.16260529;0.08004379
1521664450561;-0.4127884;-0.021389484;0.44193268
1521664450567;-0.44005585;-0.25695038;0.42695618
1521664450592;-0.20817566;-0.5950165;0.28524017
1521664450602;-0.24381256;-0.65779114;0.19836807
1521664450610;-0.40110016;-0.68885803;0.49578857
1521664450622;-0.4205551;-0.8674469;0.4793396
1521664450631;-0.43496704;-0.99295044;0.47329712
1521664450643;-0.5018158;-1.1235962;0.4274826
1521664450649;-0.45105743;-1.2227478;0.4657135
1521664450659;-0.56495667;-1.1170654;0.53393555
1521664450668;-0.5588989;-1.0986328;0.42103577
1521664450693;-0.67718506;-1.1471863;0.020991802
1521664450702;-0.5530853;-1.1927185;-0.12205124
1521664450710;-0.31963348;-1.1247864;-0.21429443
1521664450721;-0.13030243;-1.1476135;-0.1863823
1521664450729;0.0012874603;-1.1395874;-0.119342804
1521664450742;0.061644554;-0.97154236;-0.2596283
1521664450747;0.037711143;-0.76823425;-0.4385376
1521664450760;-0.018367767;-0.5644684;-0.50279236
1521664450768;0.07808113;-0.43854523;-0.47203827
1521664450787;0.110967636;-0.3711319;-0.3022461
1521664450801;0.13402939;-0.23408127;-0.28274536
1521664450810;0.09963417;-0.09939003;-0.29878998
1521664450823;0.079704285;0.08393669;-0.25980377
1521664450831;-0.016654015;0.40592194;-0.40389252
1521664450841;0.06287575;0.5370941;-0.25566864
1521664450850;-0.04183674;0.5588074;-0.25281525
1521664450862;-0.052659035;0.62527466;-0.2837448
1521664450870;-0.18580627;0.658905;-0.30683136
1521664450890;-0.1878891;0.5538635;-0.11968613
1521664450902;-0.20450974;0.6963043;-0.0076494217
1521664450905;-0.1419487;0.7600403;-0.039003372
1521664450917;-0.087322235;0.78196716;-0.1945839
1521664450925;0.08611679;0.68984985;-0.16343307
1521664450938;0.16866302;0.6455231;-0.27867126
1521664450946;0.10477257;0.5186157;-0.29836273
1521664450957;0.16332626;0.33123016;-0.35095978
1521664450967;0.0906086;0.3406601;-0.43958282
1521664450982;0.0533123;0.32806396;-0.4150772
1521664450987;0.0063934326;0.37461853;-0.42181396
1521664450999;-0.0072422028;0.45806122;-0.36826324
1521664451010;0.04372692;0.3619156;-0.25699615
1521664451021;0.009050369;0.27733612;-0.3438797
1521664451031;-0.0065994263;0.18528366;-0.29644012
1521664451043;-0.15843582;0.048923492;-0.24712372
1521664451050;-0.15912247;0.048819542;-0.24197388
1521664451062;-0.3130188;0.25626373;-0.20806503
1521664451070;-0.22794724;0.24341202;-0.27414703
1521664451082;-0.25850677;0.22160721;-0.17064285
1521664451088;-0.2530136;0.28777313;-0.21949005
1521664451103;-0.17137527;0.26381683;-0.14907074
1521664451107;-0.15430069;0.11724472;-0.20854187
1521664451119;-0.20175934;0.035962105;-0.17728043
1521664451128;-0.21023941;-0.001406908;-0.24438858
1521664451141;-0.1831932;-0.0077621937;-0.102760315
1521664451147;-0.07463837;-0.070791245;0.0051552057
1521664451160;-0.044708252;-0.091890335;-0.12302399
1521664451170;0.030387878;-0.09215927;-0.13476181
1521664451190;0.13855743;-0.082574844;-0.042406082
1521664451201;0.061959267;-0.08373451;0.1500969
1521664451208;-0.013228416;-0.1931305;0.17903519
1521664451220;0.05829811;-0.3040619;0.029790401
1521664451229;0.019514084;-0.5001221;-0.15723038
1521664451251;0.08755684;-0.43019867;-0.05631733
1521664451261;0.0016307831;-0.26452637;0.04136467
1521664451268;-0.08391571;-0.30134583;0.0032041073
1521664451288;-0.06387329;-1.0898743;-0.071611404
1521664451300;-0.07349396;-1.1845703;-0.25845337
1521664451309;0.11598015;-1.3274536;-0.054638863
1521664451321;0.24942017;-1.5791626;0.12296486
1521664451327;0.37070465;-1.8042603;0.40470886
1521664451342;0.39675903;-1.9229736;0.59161377
1521664451348;0.37264252;-1.8917542;0.66708374
1521664451360;0.45549774;-1.9486694;0.76335144
1521664451368;0.419487;-2.1679688;0.8836212
1521664451391;0.41944122;-2.453064;1.1260988
1521664451400;0.3692093;-2.5839233;1.0512086
1521664451409;0.4540863;-2.8880005;0.9838562
1521664451421;0.45819855;-3.319519;1.1086122
1521664451430;0.44193268;-3.3155518;0.6971283
1521664451442;0.465065;-3.2543335;0.38796234
1521664451450;0.64224243;-3.4672852;0.6471863
1521664451461;0.72535706;-3.8728027;1.1753846
1521664451469;0.7610321;-3.7946777;1.0889589
1521664451490;0.90696716;-3.361084;0.7186737
1521664451501;1.0421449;-3.6159058;1.3568422
1521664451508;1.5292665;-4.4261475;0.8943939
1521664451521;1.918274;-4.7957764;0.18202972
1521664451529;2.3038335;-4.790039;-0.2627945
1521664451542;2.6807256;-5.047119;0.08560181
1521664451548;2.7689214;-5.3598633;0.30503082
1521664451560;2.5977788;-5.781372;0.16812515
1521664451568;2.5110478;-5.5651855;-0.41337585
1521664451590;2.843079;-4.4904785;-0.8304291
1521664451602;3.3414314;-4.4230957;-0.3659134
1521664451610;3.4168708;-4.798828;-0.7873535
1521664451622;3.3365486;-4.970459;-1.4377747
1521664451630;3.3193367;-5.0093994;-1.5974731
1521664451642;3.3551643;-4.888794;-1.2609863
1521664451650;3.3679206;-5.2247314;-0.9151001
1521664451662;2.9771733;-4.9658203;-1.5787354
1521664451670;2.8421636;-4.2907715;-1.7937317
1521664451691;3.0928962;-3.5534668;-2.1045532
1521664451701;3.0865486;-3.861206;-2.2300415
1521664451708;3.0979621;-3.7281494;-2.2962646
1521664451721;3.2531745;-3.475769;-2.034851
1521664451729;3.2354743;-3.3637695;-1.4802856
1521664451742;2.5081792;-1.6169739;-1.4439087
1521664451749;2.2809453;-0.6890564;-1.0382996
1521664451761;1.9216615;-0.04582119;-0.56648254
1521664451780;1.4958192;0.44277954;-0.7394409
1521664451795;1.1477662;0.34407043;-0.9425812
1521664451811;-3.0881348;-3.0056152;-4.3084717
1521664451821;-3.4088135;-2.9239502;-5.147339
1521664451832;-3.6710205;-2.6586304;-5.393799
1521664451852;-4.932617;-0.90042114;-4.052124
1521664451863;-5.7110596;-0.6867523;-4.4490967
1521664451870;-6.109497;-0.4584427;-4.9375
1521664451890;-6.590454;0.85572815;-5.260742
1521664451901;-6.8049316;1.1402284;-4.982422
1521664451910;-6.7938232;0.59861755;-4.673706
1521664451921;-6.8216553;0.27890778;-4.904907
1521664451929;-7.205078;1.0786439;-5.56958
1521664451942;-7.2504883;1.6545106;-4.8150635
1521664451949;-7.095093;1.5329286;-5.0045166
1521664451962;-7.199951;2.2483525;-5.2165527
1521664451970;-7.6674805;3.4347541;-5.2441406
1521664451989;-8.145752;3.6259162;-5.5578613
1521664452000;-8.338135;3.5592048;-6.229004
1521664452009;-8.297363;3.339112;-6.5996094
1521664452020;-8.266846;3.3432014;-7.041748
1521664452028;-8.355713;3.3364875;-7.277588
1521664452041;-8.442383;3.3612678;-7.290039
1521664452048;-8.487549;3.7563484;-7.8479004
1521664452060;-8.415039;4.0390644;-7.8206787
1521664452068;-8.5061035;4.3222675;-7.9127197
1521664452092;-9.04834;5.3946557;-8.368652
1521664452103;-9.330078;6.055789;-8.737305
1521664452111;-9.525879;6.993411;-9.013672
1521664452122;-9.595459;7.8772006;-9.334961
1521664452131;-9.6875;8.214119;-9.3984375
1521664452144;-9.718506;7.844974;-9.438477
1521664452151;-9.431641;6.9160185;-9.573242
1521664452162;-9.212158;5.8304467;-9.304443
1521664452171;-9.191162;5.3339868;-9.12207
1521664452193;-9.394531;4.4907246;-7.9659424
1521664452202;-9.208252;4.1177998;-7.8708496
1521664452211;-8.892822;4.0238056;-7.795288
1521664452223;-8.737549;4.135622;-7.7822266
1521664452231;-8.599121;4.21509;-7.720093
1521664452243;-8.423584;4.2392597;-7.662842
1521664452251;-8.3359375;4.166628;-7.744507
1521664452262;-8.258301;3.969239;-7.8791504
1521664452271;-8.192139;3.7708137;-8.056641
1521664452293;-8.194336;3.1694343;-8.630615
1521664452302;-8.11084;2.761475;-8.612793
1521664452311;-7.9746094;2.3840337;-8.8654785
1521664452323;-7.7199707;2.1235967;-8.766602
1521664452331;-7.5290527;1.8731385;-8.577148
1521664452343;-7.3737793;1.6666871;-8.265381
1521664452350;-7.1905518;1.3612672;-7.777588
1521664452361;-7.057495;1.3207093;-7.616455
1521664452370;-6.9525146;1.1330568;-7.605957
1521664452390;-6.8344727;1.1354676;-7.599243
1521664452403;-6.6903076;1.4968568;-7.203247
1521664452411;-6.5270996;1.7812806;-7.4154053
1521664452423;-5.682007;0.96095276;-7.560791
1521664452431;-5.3933105;0.7862549;-7.651245
1521664452451;-4.59729;-0.86717224;-7.132202
1521664452463;-4.2547607;-1.3119812;-7.2279053
1521664452471;-4.1535645;-1.2487183;-7.7165527
1521664452491;-3.871704;-2.6501465;-7.5288086
1521664452503;-3.5670776;-3.4139404;-7.28479
1521664452511;-3.1743164;-3.6742554;-7.125122
1521664452524;-2.8651733;-4.3532715;-7.131592
1521664452529;-2.607483;-5.026123;-6.97876
1521664452542;-2.4975586;-4.7783203;-7.8554688
1521664452550;-2.4691162;-4.3585205;-8.298096
1521664452562;-2.590332;-3.6237183;-8.376465
1521664452570;-2.388794;-3.3759766;-7.6794434
1521664452592;-1.4401855;-4.1088867;-7.4501953
1521664452603;-1.0358887;-3.2750854;-7.8085938
1521664452611;-0.43105316;-3.2599487;-6.887085
1521664452622;0.16122055;-3.9943848;-5.659668
1521664452631;0.35237122;-4.4593506;-5.706665
1521664452643;0.05769062;-4.7105713;-8.438477
1521664452650;0.032273293;-3.926941;-8.218506
1521664452661;0.24130249;-2.911438;-8.711182
1521664452670;1.5641481;1.8050843;-4.277466
1521664452689;2.8540044;1.3823549;-4.42334
1521664452702;4.067751;-0.34375;-3.3047485
1521664452710;4.9786396;-1.7142029;-3.3695679
1521664452722;5.480105;-2.6021118;-4.2491455
1521664452730;5.676028;-3.279419;-4.8725586
1521664452742;5.7744164;-3.638733;-4.7053223
1521664452750;5.91907;-4.012329;-4.3618164
1521664452762;5.896853;-4.3986816;-4.602295
1521664452770;5.8251977;-3.7312622;-5.3762207
1521664452792;6.608035;-2.3442993;-4.652954
1521664452802;7.1669955;-1.7943115;-4.0008545
1521664452810;7.5937533;-2.0725708;-3.2750854
1521664452822;7.613895;-2.9696045;-2.9624634
1521664452831;7.079349;-3.1900024;-3.182251
1521664452842;6.470584;-2.7928467;-3.434204
1521664452849;6.0771513;-2.6021729;-3.1484375
1521664452861;5.3333764;-1.5598755;-3.4624023
1521664452869;6.4823027;-1.0696106;-1.7284851
1521664452894;5.596438;-1.938385;-2.1452026
1521664452903;5.0162377;-2.12323;-2.3078613
1521664452911;4.2943134;-2.091858;-2.689392
1521664452923;3.719056;-1.7606812;-2.7003174
1521664452931;3.380555;-1.6291809;-2.5161743
1521664452944;3.2871711;-1.5221863;-2.3989258
1521664452951;3.2831428;-1.6132507;-2.3358154
1521664452963;3.215943;-1.4601746;-2.3406982
1521664452971;3.0639045;-1.257019;-2.0914307
1521664452990;2.5610356;-0.76664734;-1.9961548
1521664453001;2.325623;-0.7497711;-1.9155273
1521664453009;2.0953374;-0.86265564;-2.2901611
1521664453021;1.9534913;-1.137207;-2.3433838
1521664453030;1.8437806;-1.3622742;-2.3814087
1521664453043;1.7965394;-1.6525879;-2.3914185
1521664453050;1.6171571;-1.7100525;-2.385437
1521664453062;1.5829774;-1.744873;-2.1981812
1521664453070;1.5089113;-1.6943359;-2.0670776
1521664453092;1.5928041;-1.2418518;-1.8431702
1521664453102;1.6848756;-1.6984558;-1.7787476
1521664453110;1.6402894;-2.265747;-1.7717285
1521664453122;1.5762025;-2.788208;-1.914917
1521664453131;1.6033937;-2.9552612;-2.1190186
1521664453143;1.6674806;-2.5974731;-2.2731934
1521664453150;1.7775575;-2.211853;-1.8857117
1521664453162;1.8644716;-1.6477661;-1.5779419
1521664453170;1.9342958;-1.5784302;-1.2837219
1521664453190;1.8663636;-1.9440308;-1.4893188
1521664453202;1.8107911;-2.3640747;-1.1507568
1521664453209;1.6988221;-2.5644531;-1.066742
1521664453221;1.6024476;-2.834961;-1.1026306
1521664453230;1.4672242;-2.815979;-1.2796936
1521664453251;1.8356019;-2.4613647;-1.1833191
1521664453263;2.009766;-2.4155884;-1.4212341
1521664453272;2.211121;-2.5994873;-1.7327576
1521664453314;2.5011601;-2.4901733;-1.9786682
1521664453324;3.2935798;-3.1469727;-1.7915039
1521664453330;3.5029304;-3.206604;-1.7783203
1521664453344;3.762757;-3.411316;-1.6981201
1521664453350;3.9132698;-3.9325562;-1.5358582
1521664453362;3.9125984;-3.9985352;-1.9821777
1521664453370;4.095461;-3.6588135;-2.2957764
1521664453393;4.687258;-3.3745728;-1.7533569
1521664453404;4.5653095;-3.2167358;-1.9375
1521664453412;4.6641865;-3.388794;-1.9082642
1521664453424;4.5217304;-3.4596558;-2.073059
1521664453432;4.380617;-3.4677124;-1.8338928
1521664453452;3.6448371;-3.2051392;-1.4893799
1521664453464;3.4142463;-3.2724;-1.1512451
1521664453472;3.1195076;-2.770813;-1.052063
1521664453490;2.4743047;-2.092163;-1.3827515
1521664453502;2.1812139;-2.2975464;-1.6901855
1521664453512;2.1456914;-2.5524292;-1.7463684
1521664453522;2.27179;-2.4380493;-1.71344
1521664453531;2.5647588;-2.0578003;-1.5630493
1521664453543;2.4603276;-0.9052887;-1.0715637
1521664453551;2.4268193;-0.9737549;-1.203064
1521664453563;2.190064;-1.2846985;-1.283905
1521664453571;-0.40600586;-3.076538;-4.237549
1521664453590;-0.6895447;-4.150879;-4.72229
1521664453602;-0.79740906;-3.4404907;-4.9033203
1521664453611;-0.93489075;-2.4893188;-4.9973145
1521664453622;-1.2358093;-1.7281799;-5.0776367
1521664453630;-1.6572266;-1.6569519;-5.224243
1521664453644;-1.9268188;-2.3657227;-5.033203
1521664453651;-2.4614258;-2.2556763;-5.531128
1521664453662;-2.8777466;-1.5306396;-5.397461
1521664453672;-3.2903442;-1.175354;-4.6688232
1521664453692;-4.5374756;-0.11828613;-4.2990723
1521664453702;-5.1690674;0.26371765;-5.0219727
1521664453711;-5.585083;0.49861145;-5.4960938
1521664453723;-5.642578;-0.019558907;-4.7681885
1521664453732;-5.82959;-0.03628826;-4.981079
1521664453744;-6.3048096;0.4474182;-6.4016113
1521664453751;-6.2370605;0.005856991;-6.19751
1521664453763;-6.2226562;0.27763367;-6.074463
1521664453771;-6.8287354;0.72384644;-5.972412
1521664453791;-7.267334;1.7742311;-5.986084
1521664453804;-7.915039;1.754181;-5.961792
1521664453812;-8.0529785;2.002808;-6.0007324
1521664453833;-7.8708496;2.1944585;-6.35791
1521664453843;-7.7697754;2.4255986;-6.636963
1521664453851;-8.29126;3.4321296;-6.7889404
1521664453864;-8.421387;3.3266609;-6.5148926
1521664453872;-8.631592;3.1644294;-6.4970703
1521664453892;-8.741455;3.3726203;-6.618042
1521664453897;-8.8046875;3.5114143;-6.4711914
1521664453912;-8.968018;3.8336189;-6.5406494
1521664453924;-9.05249;4.166872;-6.989502
1521664453933;-9.034912;4.422365;-7.491699
1521664453943;-9.194336;4.9868183;-8.317139
1521664453951;-9.609375;5.789553;-8.927246
1521664453963;-9.843018;6.988162;-9.593262
1521664453971;-9.756592;8.285164;-10.305908
1521664453993;-9.817871;9.973153;-10.342773
1521664454003;-9.658447;7.8319125;-9.206055
1521664454011;-9.315918;7.0526156;-8.566162
1521664454023;-9.196045;6.7576933;-7.678711
1521664454031;-8.921875;6.2253447;-7.0507812
1521664454052;-8.636475;5.6754174;-7.001343
1521664454064;-8.26001;5.5275903;-7.171997
1521664454072;-7.906128;5.358767;-7.6414795
1521664454090;-7.6741943;5.3426538;-7.895874
1521664454103;-7.144287;4.9545918;-8.211914
1521664454112;-6.8566895;4.6054707;-8.2734375
1521664454124;-6.6608887;4.151247;-8.273926
1521664454132;-6.3703613;3.5483406;-8.368408
1521664454152;-6.1796875;2.933289;-8.785645
1521664454164;-6.380493;2.775208;-8.811523
1521664454172;-6.357544;2.5602422;-8.870361
1521664454191;-6.258545;2.1025395;-8.57251
1521664454212;-5.9923096;1.6250612;-8.246582
1521664454231;-5.7714844;0.7976227;-7.9174805
1521664454252;-5.96167;1.0107423;-8.032471
1521664454272;-5.6693115;0.89450073;-8.172607
1521664454291;-5.1065674;0.56066895;-8.21582
1521664454303;-4.881714;0.41966248;-7.8216553
1521664454313;-4.7836914;0.41640472;-7.4490967
1521664454324;-4.720459;0.56385803;-7.2720947
1521664454332;-4.390869;0.47450256;-7.0792236
1521664454352;-3.975769;0.2530136;-7.0823975
1521664454372;-3.5406494;0.48944092;-7.5911865
1521664454392;-2.657837;-0.44521332;-7.472534
1521664454403;-2.1157837;-0.9944458;-7.926758
1521664454412;-1.7372437;-1.198822;-8.268066
1521664454423;-1.3836365;-1.6990356;-7.7646484
1521664454432;-0.80558777;-2.55542;-7.3044434
1521664454451;0.27480316;-5.899048;-7.9194336
1521664454472;0.095443726;-4.926758;-8.869385
1521664454493;0.110048294;-3.8859863;-8.464355
1521664454503;0.43688202;-3.316101;-8.118652
1521664454512;1.0719911;-4.109619;-7.358032
1521664454523;1.6726075;-4.661743;-7.171509
1521664454531;2.0039067;-5.1030273;-7.028076
1521664454551;1.9515992;-5.97937;-7.6551514
1521664454573;1.8720399;-5.8587646;-7.9819336
1521664454592;2.030518;-5.98584;-7.505615
1521664454597;2.690247;-1.3583984;-3.2857056
1521664454613;3.130616;-2.8684082;-3.0750122
1521664454624;3.158448;-3.0805664;-2.9923706
1521664454631;2.8865361;-2.7192383;-4.166748
1521664454651;2.620606;-1.5263977;-4.400879
1521664454663;2.8870244;-1.8044739;-3.831726
1521664454672;3.0917976;-2.5839233;-4.545288
1521664454692;3.856446;-3.8621216;-4.661499
1521664454697;4.102907;-4.090454;-4.60791
1521664454713;3.8818367;-1.9359436;-5.4735107
1521664454733;4.0620136;-0.8115845;-3.3686523
1521664454753;4.1173115;-1.1859131;-3.5751343
1521664454773;4.5725117;-1.8621521;-3.3024292
1521664454792;4.6955585;-0.98828125;-4.244629
1521664454804;4.8884296;-0.7254486;-4.947876
1521664454814;5.4671655;-1.193512;-4.755493
1521664454834;6.015506;-1.5050964;-4.6777344
1521664454852;5.704592;-1.2988892;-3.812317
1521664454873;4.466921;-0.6533203;-3.2313232
1521664454893;3.955201;-0.89990234;-3.1516113
1521664454897;3.743409;-1.1946411;-3.409851
1521664454914;3.6417854;-1.740509;-3.057495
1521664454933;3.179505;-1.4693298;-2.8669434
1521664454953;2.6994634;-1.1044312;-2.9267578
1521664454972;2.4439702;-1.280426;-2.9744263
1521664454991;2.1004643;-1.8841248;-2.8568115
1521664455003;1.8693544;-2.0126343;-2.696106
1521664455011;1.7960817;-2.2005615;-2.5846558
1521664455023;1.6458741;-2.0829468;-2.8910522
1521664455032;1.5094911;-1.9911194;-2.5393066
1521664455044;1.4794923;-1.8392334;-2.3151855
1521664455051;1.4268495;-1.8749084;-2.2724
1521664455063;1.4375612;-2.1644287;-2.1898804
1521664455071;1.41568;-2.3891602;-2.1934204
1521664455093;1.590149;-2.5184937;-2.4424438
1521664455103;1.6868593;-2.3753052;-2.552185
1521664455111;1.8570558;-2.2612305;-2.3394165
1521664455123;1.8529359;-2.2158203;-2.1089478
1521664455132;1.9552919;-2.3687744;-2.1324463
1521664455144;1.919983;-2.394226;-2.0873413
1521664455152;1.8590089;-2.651245;-2.1088257
1521664455163;1.8624269;-2.4873047;-2.3226318
1521664455171;2.0116582;-2.5748901;-2.3009033
1521664455191;2.150208;-2.812439;-2.331482
1521664455196;2.2276006;-2.7138672;-2.456787
1521664455214;2.6354985;-2.4453735;-2.4762573
1521664455234;2.9092412;-1.7709961;-2.2324219
1521664455247;3.129151;-1.8328857;-2.248352
1521664455255;3.2673347;-2.145752;-2.2774658
1521664455267;3.3709114;-2.4675903;-2.5714111
1521664455275;3.5725105;-2.5393677;-2.5012207
1521664455293;4.024416;-2.4577026;-2.7869873
1521664455304;4.2004414;-2.1600952;-2.9367065
1521664455313;4.621584;-2.4363403;-2.50177
1521664455324;4.760866;-2.7160645;-2.414917
1521664455332;4.8084736;-3.0680542;-2.5062256
1521664455352;5.2436547;-3.4711304;-2.088623
1521664455372;5.589846;-2.5965576;-2.841858
1521664455392;5.688601;-2.624817;-2.4780884
1521664455404;5.679568;-2.9724731;-2.0412598
1521664455413;5.3197045;-2.9571533;-2.1063843
1521664455424;4.895632;-2.2888184;-1.6264648
1521664455432;4.6153584;-2.116516;-0.8408966
1521664455452;3.5921638;-0.8526306;-1.0171509
1521664455472;2.6957402;-0.85346985;-2.0534058
1521664455490;2.5627446;-1.712616;-2.2528076
1521664455495;2.455872;-1.6784668;-3.097046
1521664455506;2.6806035;-1.1832275;-3.1784668
1521664455515;1.4751283;-1.4032593;-3.0717163
1521664455534;0.49736786;0.5780182;-3.0495605
1521664455554;-0.91763306;1.4837648;-2.7624512
1521664455574;-2.2529297;0.16347122;-3.1044312
1521664455592;-3.314209;1.6366578;-3.57312
1521664455604;-3.8146973;1.9238588;-3.7824097
1521664455613;-4.6903076;1.8294679;-4.1428223
1521664455624;-5.343994;1.4021608;-4.770508
1521664455632;-5.661743;1.3421632;-5.6242676
1521664455652;-5.6691895;0.9380493;-5.4174805
1521664455664;-5.8468018;1.8904115;-5.5532227
1521664455672;-5.966797;2.2895513;-5.241577
1521664455690;-6.053467;2.3804326;-4.3934326
1521664455695;-6.397339;3.269776;-4.3131104
1521664455706;-6.689209;4.3447285;-4.006714
1521664455715;-6.9647217;4.948244;-3.4956665
1521664455727;-7.4819336;5.228396;-3.6125488
1521664455735;-7.8963623;4.7076435;-3.8370361
1521664455753;-8.50293;4.74695;-5.034912
1521664455773;-8.956299;4.510744;-5.908203
1521664455792;-9.272705;4.7905293;-6.2939453
1521664455804;-9.196533;4.7808857;-6.4294434
1521664455813;-9.703613;4.885866;-6.7039795
1521664455825;-9.879395;5.032351;-6.840332
1521664455835;-10.008301;5.2447534;-7.1347656
1521664455853;-10.285156;5.6178;-7.038452
1521664455873;-10.483154;6.095584;-6.889282
1521664455892;-10.553467;6.3729277;-7.181885
1521664455897;-10.740723;6.4733915;-7.4127197
1521664455914;-10.91626;6.375369;-7.647827
1521664455934;-10.781982;5.6182885;-7.3395996
1521664455953;-10.582764;5.2486596;-7.2629395
1521664455973;-10.454346;4.663454;-7.284912
1521664455992;-10.380127;4.3933125;-7.1723633
1521664455997;-10.154053;4.165285;-7.2141113
1521664456014;-9.924805;3.9027717;-7.3911133
1521664456026;-9.834961;3.8606575;-7.613159
1521664456035;-9.798096;3.611756;-7.7662354
1521664456053;-9.277588;2.6943364;-7.8326416
1521664456065;-9.088135;2.330689;-7.7218018
1521664456075;-9.008789;2.2012334;-7.6677246
1521664456091;-8.740967;1.8180543;-7.607666
1521664456096;-8.586182;1.4132692;-7.4329834
1521664456113;-8.187744;1.2101442;-7.183838
1521664456133;-7.877075;1.1905214;-7.0428467
1521664456152;-7.6619873;1.124817;-7.0582275
1521664456156;-7.5133057;0.9163513;-7.2523193
1521664456174;-6.7231445;-0.03241539;-7.043091
1521664456193;-6.3675537;-0.87272644;-6.8789062
1521664456197;-6.1429443;-2.043396;-6.531372
1521664456206;-6.0253906;-3.1433105;-6.3410645
1521664456216;-5.8789062;-4.1553955;-6.7749023
1521664456233;-5.3721924;-5.837158;-7.045166
1521664456246;-5.2990723;-3.5791016;-7.5145264
1521664456255;-5.3148193;-3.5165405;-7.482788
1521664456266;-4.9084473;0.020268917;-7.106079
1521664456275;-4.254883;0.58847046;-7.225952
1521664456297;-1.9920349;-2.4638062;-6.5480957
1521664456312;-1.2756348;-6.677246;-6.6688232
1521664456324;-1.3614197;-7.7159424;-6.2198486
1521664456333;-1.6846313;-7.2772217;-6.411743
1521664456346;-2.213684;-6.0317383;-6.68396
1521664456355;-2.5412598;-4.2613525;-7.1555176
1521664456373;-2.3765259;-0.45496368;-7.879883
1521664456393;-1.0252991;-1.09552;-6.4902344
1521664456398;0.2274971;-2.944397;-5.607422
1521664456412;3.0081794;-2.40271;-0.48906708
1521664456433;2.1784673;-2.6246948;-3.7640991
1521664456453;1.5394288;0.26273346;-2.7433472
1521664456473;2.0536504;1.9360658;-1.4106445
1521664456492;2.7900395;0.44714355;-0.83883667
1521664456497;3.4371955;-1.3805847;-1.9686584
1521664456507;3.3795173;-2.1486206;-2.614563
1521664456516;3.1352546;-2.4856567;-3.515564
1521664456532;3.3048713;-0.9668579;-3.007141
1521664456553;3.9472053;-0.22411346;-1.1806641
1521664456573;3.7498786;-0.75775146;-1.4187317
1521664456593;3.5870368;-1.4218445;-1.4805908
1521664456614;3.1580818;-2.1847534;-2.5802612
1521664456634;3.2724617;-1.1694336;-1.6323242
1521664456653;3.1195686;-0.15687943;-1.3583679
1521664456674;3.8186042;-1.1054382;-0.8003082
1521664456692;3.7796028;-1.2892151;-0.99409485
1521664456695;3.7251594;-1.4155273;-1.1888733
1521664456714;3.418702;-0.9012604;-1.2220764
1521664456734;3.6755989;-0.5105896;-0.7037201
1521664456754;3.425965;-0.68937683;-0.17828369
1521664456774;2.4597173;-0.4934616;-0.1708107
1521664456793;1.9654542;-0.7193756;-0.19329071
1521664456814;1.7353517;-1.2109375;-0.581131
1521664456834;1.5109559;-1.591095;-0.8461914
1521664456854;1.1828004;-1.2833557;-0.91560364
1521664456874;0.8963928;-0.9011688;-0.8036041
1521664456893;0.70721436;-1.1157837;-0.8261719
1521664456907;0.7599335;-1.2931213;-0.77864075
1521664456916;0.7766266;-1.3761597;-0.77723694
1521664456927;0.67178345;-1.4628296;-0.51864624
1521664456935;0.60427856;-1.5196838;-0.39835358
1521664456948;0.73776245;-1.3416748;-0.32198334
1521664456955;0.9317627;-1.4285889;-0.33028412
1521664456967;1.1522523;-1.2324524;-0.3163452
1521664456975;1.2839357;-0.90260315;-0.26589203
1521664456993;1.5970155;-0.8173828;-0.048220634
1521664456995;1.654236;-1.2196045;0.24653625
1521664457013;1.3159791;-2.0969849;-0.095630646
1521664457033;1.4701539;-2.2545166;0.034902573
1521664457054;1.871338;-1.5924072;0.44782257
1521664457073;1.9888307;-1.7290039;-0.532135
1521664457092;2.1264043;-1.7802734;-0.6545563
1521664457097;2.3609624;-1.9205017;-0.53227234
1521664457108;2.717957;-2.2286377;-0.27398682
1521664457115;3.0010383;-2.4868774;-0.026992798
1521664457128;3.0519416;-2.27417;-0.44049835
1521664457135;3.22461;-1.8656006;-0.6092224
1521664457148;3.6522834;-1.8892212;-0.22782898
1521664457156;4.0913105;-2.2097168;-0.06939697
1521664457167;4.319826;-2.5618896;-0.6580353
1521664457176;5.137942;-2.6951294;-1.4375916
1521664457193;5.802859;-2.3756104;-1.4602661
1521664457197;6.312503;-2.3154297;-1.1738892
1521664457208;6.270999;-2.4509277;-1.0743713
1521664457216;6.0321074;-2.1870728;-1.4142151
1521664457227;6.019412;-2.4658203;-1.2940369
1521664457236;5.7764916;-2.793396;-1.5679626
1521664457248;5.417361;-2.7247925;-1.8469543
1521664457256;5.471682;-2.8779297;-1.2289734
1521664457267;5.5610375;-3.1187744;-0.8835449
1521664457276;5.428469;-2.6304321;-1.1090088
1521664457293;5.3806176;-2.1698608;-0.90737915
1521664457298;5.403689;-2.0090332;-0.6734619
1521664457308;5.079104;-1.2740173;-1.1855164
1521664457316;4.8968525;-1.4312744;-0.9606781
1521664457327;4.5405293;-1.5389404;-0.9563141
1521664457336;4.119875;-1.2625122;-1.2336121
1521664457348;4.015993;-1.3926697;-0.53297424
1521664457356;3.6873176;-0.2616577;-0.73747253
1521664457367;3.5522468;0.09284401;-0.09991264
1521664457376;1.790497;-0.036561966;-1.2201538
1521664457389;1.2146913;0.18627167;-1.5271301
1521664457396;0.08717537;0.50546265;-1.5278625
1521664457408;-0.33283997;0.39146423;-1.8118286
1521664457416;-0.95529175;0.992157;-2.8303833
1521664457427;-1.3157654;1.4385072;-2.7684326
1521664457436;-1.5864868;1.7118531;-2.4847412
1521664457448;-1.9351501;1.7881471;-2.6308594
1521664457456;-2.2391357;1.7102662;-2.590393
1521664457467;-2.6941528;2.6088262;-3.1577148
1521664457476;-2.9562988;3.033387;-3.3552246
1521664457491;-3.3026123;3.1262825;-3.343689
1521664457496;-3.8027954;3.0950325;-3.6326294
1521664457508;-4.2285156;3.1363533;-3.9119263
1521664457516;-4.545044;3.5961921;-4.1918945
1521664457527;-4.5742188;3.8205574;-4.2938232
1521664457536;-4.7506104;3.696839;-4.2851562
1521664457552;-5.1883545;4.1378193;-4.1018066
1521664457557;-5.531006;4.382204;-3.5258179
1521664457568;-5.7630615;4.3347187;-3.4609375
1521664457576;-6.010254;4.7628193;-4.0544434
1521664457594;-6.4212646;5.1652856;-4.704956
1521664457607;-6.5755615;4.8881855;-5.1469727
1521664457616;-6.7625732;4.7490253;-5.1672363
1521664457627;-7.0821533;4.7077656;-5.8442383
1521664457636;-7.1220703;5.144778;-6.1101074
1521664457648;-7.2701416;5.5891137;-6.35437
1521664457655;-7.334839;5.980349;-6.3583984
1521664457667;-7.408203;6.3427763;-6.2418213
1521664457675;-7.467285;6.77283;-6.508423
1521664457693;-7.668335;7.3251987;-6.7645264
1521664457698;-8.007568;8.099373;-7.2543945
1521664457708;-8.30127;8.835457;-7.4263916
1521664457716;-8.527588;9.373055;-7.5579834
1521664457728;-8.783447;9.35035;-7.7181396
1521664457736;-9.012207;9.18287;-7.7176514
1521664457752;-9.183838;9.109628;-7.717041
1521664457756;-9.223633;8.934334;-7.649536
1521664457768;-9.102783;8.459724;-7.729004
1521664457776;-8.918945;7.916019;-7.6219482
1521664457803;-9.053467;7.41785;-7.350952
1521664457808;-8.920166;7.153812;-7.418335
1521664457816;-8.69751;6.99512;-7.503662
1521664457828;-8.52002;6.7235136;-7.4959717
1521664457837;-8.257568;6.7055693;-7.6157227
1521664457851;-8.3029785;6.371829;-7.873657
1521664457856;-8.244141;6.2524443;-7.9608154
1521664457868;-8.065674;5.9096704;-7.9492188
1521664457876;-7.8632812;5.5068383;-7.7943115
1521664457901;-7.6674805;4.8758564;-7.6986084
1521664457909;-7.5197754;4.496584;-7.63855
1521664457917;-7.4176025;4.1818867;-7.8378906
1521664457928;-7.4450684;3.8193367;-8.044434
1521664457937;-7.353882;3.5917976;-7.908081
1521664457948;-7.357422;3.3681037;-7.849243
1521664457955;-7.2021484;3.2410896;-7.691284
1521664457967;-7.0352783;2.9082036;-7.6796875
1521664457975;-6.8482666;2.7708745;-7.6777344
1521664457988;-6.646118;2.551087;-7.850464
1521664457995;-6.6134033;2.5518193;-7.9196777
1521664458014;-6.597046;2.3507085;-7.4506836
1521664458026;-6.371826;1.8724061;-7.1505127
1521664458035;-6.1279297;1.5154725;-6.9680176
1521664458050;-5.9678955;1.2959901;-6.7766113
1521664458056;-5.746582;1.2348634;-6.9735107
1521664458068;-5.6228027;1.216736;-7.0577393
1521664458076;-4.969116;0.4361267;-6.522461
1521664458100;-4.1383057;-0.6150665;-6.071533
1521664458108;-3.9768066;-0.87667847;-6.2597656
1521664458116;-3.9502563;-1.0526733;-6.5841064
1521664458128;-3.7232666;-1.9786682;-6.4578857
1521664458136;-3.4434814;-2.783142;-6.5716553
1521664458150;-3.0234985;-3.0316162;-6.9417725
1521664458156;-2.8100586;-3.355713;-7.0737305
1521664458171;-2.9863892;-2.7470703;-7.927124
1521664458178;-3.102356;-1.9555664;-7.6174316
1521664458200;-2.2521973;-2.2648926;-6.9559326
1521664458207;-1.4239197;-4.3637695;-6.6501465
1521664458215;-0.9466858;-5.7733154;-6.925293
1521664458227;-0.9322052;-5.4779053;-8.90332
1521664458235;-0.98646545;-5.4034424;-8.908691
1521664458251;-0.77438354;-5.538452;-7.2871094
1521664458256;-0.60154724;-5.145996;-6.493408
1521664458268;-0.55822754;-4.468384;-6.434082
1521664458276;-0.23974991;-4.1900635;-6.0914307
1521664458303;0.10577011;-2.8184204;-7.1036377
1521664458308;3.3641365;0.036104202;-0.9234009
1521664458317;3.9559944;-0.8602295;-1.0270691
1521664458328;4.342165;-1.6186829;-0.77145386
1521664458336;4.355837;-2.0444946;-1.1113586
1521664458347;4.156252;-2.0968018;-1.4241333
1521664458355;3.4296272;-1.5179138;-1.8417053
1521664458368;2.6804204;-0.5190277;-2.7730713
1521664458376;2.4034429;-0.3160019;-2.9035645
1521664458391;2.8263555;-1.0281677;-2.1652222
1521664458396;3.3504035;-1.9327393;-2.0054932
1521664458408;3.6267707;-2.048706;-1.8703918
1521664458417;4.0516376;-1.7769775;-1.2907715
1521664458428;4.0357685;-1.4932251;-1.2332153
1521664458436;3.7825325;-0.8886719;-1.6586304
1521664458450;3.5156257;-0.64064026;-1.6045532
1521664458457;3.5452278;-0.6562805;-1.5927734
1521664458470;3.6816413;-1.2601013;-1.3679199
1521664458477;3.7616584;-1.7907715;-1.4298706
1521664458494;3.8363044;-2.2210693;-1.0624695
1521664458499;3.8023078;-2.4975586;-0.94699097
1521664458509;3.6425788;-1.9318848;-1.8250732
1521664458518;3.6805427;-1.0253906;-2.2216187
1521664458530;4.4924335;-0.6150818;-1.9117737
1521664458537;4.8171406;-0.16761398;-1.9770203
1521664458548;4.9122334;-0.65208435;-1.9725647
1521664458556;4.925539;-1.198883;-1.9718018
1521664458568;4.6280537;-1.5280457;-1.6286621
1521664458577;4.1490498;-1.3429565;-1.5769958
1521664458601;3.4583747;-0.58003235;-1.2762146
1521664458607;3.1766975;-0.11833954;-1.1155396
1521664458616;3.206971;0.17297745;-1.0179749
1521664458628;3.1594245;0.21483612;-1.2637024
1521664458637;3.188111;0.05623722;-1.1673889
1521664458652;3.133973;-0.20505142;-1.1571045
1521664458657;2.9268193;-0.30960083;-1.2602234
1521664458670;2.6215825;-0.43618774;-1.2458801
1521664458676;2.356629;-0.45570374;-1.0751038
1521664458697;1.805359;-0.33423615;-1.0150757
1521664458707;1.6383363;-0.4451294;-0.8280792
1521664458715;1.5323793;-0.60702515;-0.99194336
1521664458728;1.4958802;-0.81910706;-1.1438904
1521664458737;1.4942933;-0.9192352;-1.0585022
1521664458749;1.1468812;-1.1044312;-1.3957825
1521664458756;1.0765077;-1.0256958;-1.4044495
1521664458768;0.9985962;-0.86299133;-1.4718323
1521664458776;1.1258546;-0.6798096;-1.3842468
1521664458800;1.1921083;-0.4464264;-1.3725281
1521664458808;1.1599122;-0.36309052;-1.3121338
1521664458816;1.0321351;-0.3562851;-1.2643738
1521664458828;0.91493225;-0.4911728;-1.1329346
1521664458836;0.85798645;-0.73161316;-1.1989136
1521664458849;0.8804779;-0.71321106;-1.2702637
1521664458856;1.0858461;-0.61531067;-1.197876
1521664458868;1.22464;-0.3622818;-1.1230469
1521664458876;1.3613282;-0.1696167;-0.95654297
1521664458894;1.3837281;0.0471344;-0.94151306
1521664458898;1.5756532;-0.022334099;-0.75598145
1521664458908;1.6033021;-0.23725891;-0.66500854
1521664458916;1.5243226;-0.3498993;-1.1151428
1521664458928;1.6102296;-0.3876953;-1.2509766
1521664458936;1.7481996;-0.59280396;-0.8805084
1521664458949;1.7917482;-0.5021057;-0.9855652
1521664458956;1.7582399;-0.31259155;-1.4874878
1521664458968;1.8868715;-0.054146767;-1.8007812
1521664458976;2.3369756;0.11875343;-1.0364075
1521664459000;2.3934941;-1.0882568;-0.6557312
1521664459008;2.329102;-1.3622131;-0.91789246
1521664459016;2.4239507;-1.63797;-0.77931213
1521664459028;2.554932;-1.9060364;-0.6678772
1521664459036;2.736817;-2.1347656;-0.5826416
1521664459049;3.0117805;-2.1098022;-0.5396881
1521664459057;3.384156;-2.0248413;-0.636734
1521664459069;3.7438362;-1.5295105;-1.6543274
1521664459077;4.2454853;-1.435791;-1.6650696
1521664459093;4.694338;-1.5448303;-1.5358887
1521664459095;4.960207;-1.5123901;-1.653656
1521664459110;5.185061;-1.8639526;-1.4161682
1521664459117;5.1809106;-2.4481812;-1.0470581
1521664459128;4.99988;-2.78479;-0.873291
1521664459136;4.869753;-2.5356445;-1.1998291
1521664459149;5.018557;-2.3238525;-1.1963806
1521664459157;5.3886743;-2.5264893;-0.6524353
1521664459168;5.625979;-2.7235107;-0.68296814
1521664459177;5.692385;-2.4656982;-1.4047546
1521664459193;5.780276;-2.3203125;-1.7971497
1521664459196;6.010623;-2.140686;-1.8013306
1521664459210;5.7905297;-2.7670898;-1.4913635
1521664459217;5.606692;-2.5495605;-1.0329285
1521664459230;5.221804;-1.6852112;-0.103328705
1521664459236;4.95508;-1.3487854;1.2405092
1521664459250;4.351198;-1.7666321;1.502472
1521664459257;3.5965583;-1.3856506;0.80345154
1521664459268;3.127259;-0.8125305;0.07830238
1521664459276;3.0168464;-0.5172577;-0.15467834
1521664459300;1.5708619;0.17340088;-0.9390106
1521664459308;1.0575563;0.101465225;-1.3522644
1521664459317;0.5547638;-0.08130455;-1.230133
1521664459330;-0.171669;0.47283936;-1.4364319
1521664459337;-0.951004;0.71990967;-1.375824
1521664459351;-1.8761292;1.4787599;-1.9340515
1521664459357;-2.7755127;1.5181581;-2.2286987
1521664459367;-3.590088;1.1869508;-1.9609985
1521664459377;-4.106201;1.7138368;-2.5287476
1521664459393;-4.4848633;1.3254701;-3.1515503
1521664459398;-4.972534;1.5343019;-3.395874
1521664459410;-5.5758057;2.4651494;-2.9996338
1521664459418;-5.862915;2.941895;-2.3518677
1521664459427;-6.371826;3.1369636;-2.699707
1521664459437;-7.437866;3.8679206;-3.5181274
1521664459450;-8.079102;4.0268574;-3.8666382
1521664459456;-8.627686;3.7531135;-4.092407
1521664459467;-9.052734;3.7467048;-4.6505127
1521664459477;-9.107666;3.8845832;-5.0495605
1521664459501;-9.02832;4.344118;-4.781006
1521664459510;-8.876465;4.348879;-4.678711
1521664459518;-8.981934;4.613283;-4.5769043
1521664459530;-9.176025;4.889162;-4.3410645
1521664459538;-9.403809;4.793581;-4.3499756
1521664459551;-9.678711;4.5163593;-4.4626465
1521664459558;-9.919678;4.517824;-4.5233154
1521664459567;-10.007568;4.807741;-4.8707275
1521664459578;-10.116211;5.4045434;-5.1781006
1521664459601;-10.12915;5.5347924;-5.4591064
1521664459610;-10.240723;5.5246606;-5.779907
1521664459618;-10.422119;5.6755395;-6.3077393
1521664459628;-10.606201;6.0794706;-6.761841
1521664459638;-10.819336;6.637088;-6.976074
1521664459653;-11.372559;7.5869174;-6.98291
1521664459658;-11.329102;7.521732;-7.0596924
1521664459670;-11.403809;7.741092;-6.786743
1521664459678;-11.473389;7.7940707;-6.8238525
1521664459697;-11.78833;7.2082553;-6.14563
1521664459709;-11.757324;6.9876738;-5.908203
1521664459718;-11.591064;6.7600126;-5.7941895
1521664459731;-11.47583;6.616946;-6.0114746
1521664459738;-11.460693;6.51929;-6.0855713
1521664459748;-11.46875;6.406741;-6.3012695
1521664459757;-11.391846;6.1212187;-6.48584
1521664459768;-11.311523;6.0708036;-6.7036133
1521664459777;-11.294678;5.915774;-6.822998
1521664459797;-11.199707;5.6009545;-6.961548
1521664459808;-11.216797;5.3123803;-7.050537
1521664459816;-11.063965;4.9766865;-6.9727783
1521664459828;-10.882568;4.515993;-6.968628
1521664459836;-10.674316;4.0952168;-6.911499
1521664459849;-10.509277;3.7742927;-6.7697754
1521664459856;-10.480957;3.6003425;-6.7487793
1521664459868;-10.439453;3.3446052;-6.7789307
1521664459876;-10.365234;3.1746833;-6.8222656
1521664459897;-9.607666;2.3025517;-7.2268066
1521664459908;-9.278076;2.0645757;-7.4887695
1521664459917;-8.961426;1.98407;-7.5253906
1521664459929;-8.466553;1.3914491;-7.3615723
1521664459937;-8.084473;0.9124756;-7.2458496
1521664459950;-7.8461914;0.79722595;-6.9592285
1521664459956;-7.737793;0.9270325;-6.4074707
1521664459969;-7.56604;0.91041565;-5.6588135
1521664459977;-7.341919;0.6620941;-4.9870605
1521664460000;-6.8494873;1.0797426;-5.692383
1521664460011;-6.661499;0.76309204;-6.1445312
1521664460018;-6.5754395;0.7511749;-6.491089
1521664460030;-6.076172;0.70098877;-6.886841
1521664460038;-5.216675;-0.53582764;-6.722412
1521664460051;-4.6223145;-1.5921326;-7.079468
1521664460058;-4.228882;-2.437439;-6.8970947
1521664460070;-3.9803467;-3.199585;-6.930786
1521664460078;-3.7209473;-3.6088867;-6.8200684
1521664460101;-3.3326416;-2.852356;-6.60791
1521664460111;-3.0943604;-1.7221069;-6.8657227
1521664460118;-2.2391357;-2.1987305;-6.0699463
1521664460130;-1.5574646;-2.491394;-5.7877197
1521664460138;-0.7575989;-3.381897;-5.4294434
1521664460151;-0.23435211;-4.552246;-4.527466
1521664460159;-0.26300812;-4.2091064;-5.1741943
1521664460172;-0.3673935;-3.7050781;-5.6311035
1521664460178;-0.40947723;-3.4140625;-5.088257
1521664460199;1.3704225;-0.7718506;-1.339386
1521664460211;1.3702699;-0.8410492;-0.72805786
1521664460230;1.5672609;-0.35035706;-0.7023468
1521664460242;2.0256352;0.033205032;-1.3570862
1521664460252;2.1750493;0.5554657;-1.9028625
1521664460258;2.631165;0.18060684;-1.457428
1521664460270;3.1016243;-0.561676;-1.4144287
1521664460279;3.3393562;-1.4473572;-1.1291809
1521664460300;3.1206672;-1.8757935;-0.69403076
1521664460309;2.6407475;-1.3666382;-1.5404053
1521664460317;2.3520513;-0.39596558;-2.1773682
1521664460329;2.4485478;0.57203674;-2.4107056
1521664460337;4.4521503;0.39849854;-1.7225952
1521664460351;5.1428246;-0.4566269;-1.3280029
1521664460358;5.481814;-1.2375793;-0.96681213
1521664460370;5.269778;-1.1976929;-1.3848877
1521664460377;4.936037;-1.4215698;-1.1156921
1521664460402;3.557862;-0.4860916;-2.4666138
1521664460411;3.673951;0.038280487;-2.3843384
1521664460419;4.298708;-0.2558365;-1.8913574
1521664460430;4.7861347;-0.3084259;-1.2595825
1521664460438;5.2084985;-0.5529938;-0.4112625
1521664460451;5.228274;-0.57029724;-0.059534073
1521664460459;4.685915;-0.028071404;-0.5964966
1521664460471;4.220705;0.33068085;-0.8417816
1521664460478;3.9956672;0.14104462;-0.84606934
1521664460499;3.6226814;-0.83625793;-1.6905212
1521664460511;3.6207893;-1.14328;-1.6988525
1521664460518;3.556031;-1.355957;-1.3478088
1521664460531;3.1561897;-1.052063;-1.4168701
1521664460538;2.6313481;-0.5505829;-1.2318115
1521664460552;1.8814698;-0.11143494;-0.9693451
1521664460559;1.837494;-0.16966629;-0.950531
1521664460571;1.5592042;-0.8727722;-0.9282837
1521664460579;1.4490358;-1.046814;-0.81832886
1521664460602;1.1266176;-1.2940674;-0.86190796
1521664460611;0.8473511;-1.06781;-1.0293579
1521664460619;0.68556213;-0.8403015;-1.2429199
1521664460631;0.75735474;-0.7522583;-1.1531982
1521664460640;0.8635559;-0.7698364;-1.3915405
1521664460652;0.96762085;-0.96099854;-1.570404
1521664460659;0.8664093;-1.041687;-1.5472412
1521664460670;0.9024811;-1.1773682;-1.0341187
1521664460679;0.90989685;-1.197998;-0.9116516
1521664460702;0.795105;-0.7512665;-0.51734924
1521664460711;1.0109864;-0.40139008;-0.3360138
1521664460719;1.2211;-0.23702621;-0.32535553
1521664460731;1.5187074;-0.21196365;-0.24696732
1521664460739;1.6218263;-0.3846054;-0.3161316
1521664460752;1.7199708;-0.5666199;-0.46445465
1521664460758;1.6559755;-0.40747833;-0.5922699
1521664460771;1.6911317;-0.1868515;-0.414299
1521664460779;1.7743837;-0.27370453;-0.566391
1521664460798;2.1577764;-0.64901733;-0.26737213
1521664460809;2.6163335;-0.436409;-0.0703125
1521664460817;2.7233891;-0.46111298;-0.22296143
1521664460830;2.645142;-0.59762573;-0.47816467
1521664460838;2.5586553;-0.69506836;-0.73542786
1521664460851;2.5487676;-1.0325623;-0.9984131
1521664460859;2.6268315;-1.514801;-1.6403198
1521664460870;2.7343144;-1.9937134;-1.7546082
1521664460878;3.0534065;-2.293579;-1.8379822
1521664460899;3.4492805;-2.2976074;-1.7285767
1521664460914;4.0843525;-1.9026794;-1.2716675
1521664460919;4.2063007;-1.6784668;-1.390625
1521664460932;4.4123554;-1.5684204;-1.3062439
1521664460940;4.613405;-1.4698486;-1.7200317
1521664460954;4.977907;-2.0263062;-1.6784058
1521664460957;5.148318;-2.3725586;-1.829773
1521664460968;5.3454614;-2.3948364;-1.7759094
1521664460976;5.6182885;-2.0492554;-1.696228
1521664460989;5.727175;-1.895935;-1.2228088
1521664460996;5.7709985;-1.6253967;-1.059021
1521664461007;5.6356225;-1.7749634;-1.1763916
1521664461018;5.242678;-2.0958252;-1.6405334
1521664461030;5.2413354;-2.3760376;-2.2440186
1521664461038;5.625735;-2.5615845;-2.3052368
1521664461051;6.059573;-2.9403076;-1.8299866
1521664461058;6.255618;-2.7037964;-1.5748291
1521664461070;6.2341337;-2.130005;-1.4105225
1521664461077;6.243045;-1.9111938;-0.6697693
1521664461097;5.7481713;-1.1060486;-0.6280823
1521664461110;5.2502465;0.043011665;-0.8638458
1521664461120;5.0631127;0.52848816;-0.52415466
1521664461130;4.880495;-0.48823547;-0.17692566
1521664461138;4.691286;-0.58961487;-0.6294403
1521664461152;3.4695442;-0.46453857;-0.66752625
1521664461158;1.8975831;-0.13783264;-0.2654953
1521664461170;-0.45719147;1.2709657;-1.0857544
1521664461178;-2.8608398;1.1012574;-1.086792
1521664461200;-5.0255127;0.48749542;-1.2757874
1521664461211;-7.8548584;-2.0269775;-0.8397827
1521664461219;-7.930176;-2.6975098;-0.031715393
1521664461231;-8.036621;-2.8526;-0.85362244
1521664461238;-8.358398;-2.8776245;-1.445343
1521664461251;-8.741943;-1.6132202;-0.5926819
1521664461260;-8.928711;-0.2266388;-0.83729553
1521664461270;-8.989014;0.13225555;-1.1393433
1521664461278;-9.136719;0.1983223;-1.8904114
1521664461292;-9.325439;0.185009;-2.6208496
1521664461298;-9.538574;0.22185516;-3.229248
1521664461310;-9.799561;0.7907715;-3.6762695
1521664461317;-10.001709;1.3567201;-3.4915771
1521664461332;-10.324219;2.1387334;-3.2580566
1521664461337;-10.718506;2.8677983;-2.899231
1521664461351;-11.101807;3.0398567;-2.5613403
1521664461360;-11.3186035;2.99231;-2.8220825
1521664461371;-11.356445;2.6427617;-3.1104736
1521664461380;-11.475098;2.3928227;-3.5687256
1521664461398;-12.306152;3.3109748;-4.748047
1521664461410;-12.622803;3.4965217;-4.7303467
1521664461418;-12.590576;3.7597663;-4.602295
1521664461432;-12.5095215;3.9478157;-4.493408
1521664461440;-12.518311;3.8748786;-4.3189697
1521664461452;-13.028564;4.1607685;-4.798584
1521664461460;-12.99292;3.984803;-4.9675293
1521664461472;-13.220703;4.1103535;-5.2261963
1521664461477;-13.62207;4.727663;-5.632202
1521664461492;-13.681641;4.833254;-5.6987305
1521664461498;-13.893555;4.9198017;-6.1710205
1521664461511;-14.0234375;5.146731;-6.4259033
1521664461519;-14.063965;5.235476;-6.7177734
1521664461531;-13.939453;5.254763;-6.85437
1521664461539;-13.986328;5.5006127;-7.287842
1521664461552;-14.265137;5.949099;-7.4470215
1521664461558;-14.340088;5.992556;-7.394287
1521664461571;-14.244629;5.755984;-6.99646
1521664461578;-14.113525;5.4342065;-6.894287
1521664461593;-13.800049;5.0211205;-6.4260254
1521664461597;-13.817139;4.967409;-6.111084
1521664461610;-13.805664;4.862917;-5.711914
1521664461619;-13.669434;4.571291;-5.755127
1521664461630;-13.510254;4.1348896;-5.807373
1521664461639;-13.421875;3.8817756;-6.024048
1521664461652;-13.33667;3.673951;-6.3706055
1521664461659;-13.426758;3.4351814;-6.5457764
1521664461671;-13.390625;3.1118782;-6.7543945
1521664461679;-13.369385;3.0742195;-6.850342
1521664461699;-12.903809;2.6074834;-6.652466
1521664461711;-12.849609;2.504578;-6.62854
1521664461719;-12.628662;2.2242436;-6.6501465
1521664461731;-12.389404;1.9243776;-6.686157
1521664461739;-12.235107;1.7982484;-6.8395996
1521664461753;-12.07666;1.6741639;-6.909424
1521664461759;-11.993652;1.6905519;-6.6361084
1521664461771;-11.979736;1.7264711;-6.617798
1521664461779;-11.390381;1.4291383;-6.3519287
1521664461801;-10.64917;-0.0597229;-6.7530518
1521664461811;-10.647949;-0.8796692;-6.46521
1521664461819;-10.690918;-1.2111511;-6.2008057
1521664461831;-10.665283;-1.231842;-5.8983154
1521664461839;-10.581299;-1.0359802;-5.51416
1521664461852;-10.392578;-0.5419922;-5.4056396
1521664461859;-9.949951;-0.35438538;-5.5733643
1521664461871;-9.527344;-0.6924286;-5.7678223
1521664461879;-9.144531;-1.2510986;-5.7664795
1521664461899;-8.764404;-1.3915405;-5.2213135
1521664461912;-8.507324;-1.4694519;-4.975464
1521664461920;-8.383545;-1.2652893;-5.4364014
1521664461932;-7.270996;-3.3197632;-7.2390137
1521664461941;-6.8494873;-4.381714;-8.164795
1521664461953;-6.630615;-5.140869;-7.72583
1521664461960;-6.4959717;-5.1132812;-7.3389893
1521664461972;-6.6972656;-3.6016846;-7.6656494
1521664461980;-6.7678223;-2.1713867;-7.124878
1521664462004;-5.0789795;-2.8028564;-6.2976074
1521664462012;-4.157959;-4.708496;-7.0272217
1521664462021;-3.4315186;-5.9050293;-8.135498
1521664462032;-2.8538208;-6.739624;-7.4158936
1521664462041;-2.5736694;-5.803833;-7.526123
1521664462053;-2.6558838;-4.3077393;-7.243164
1521664462060;-2.5153809;-3.2236938;-5.963257
1521664462072;-2.026001;-3.3847046;-4.9266357
1521664462080;-1.0722351;-6.182617;-3.9386597
1521664462100;-0.5088501;-8.568848;-4.8380127
1521664462112;2.480042;-4.7821045;-2.2161255
1521664462121;2.1080327;-1.9289856;-3.6152344
1521664462132;2.2485356;-0.33029938;-1.9365845
1521664462141;2.4179692;0.31240082;0.06932068
1521664462153;2.7643437;-0.9096985;-0.63952637
1521664462161;3.1014411;-2.5477905;-0.2359047
1521664462173;3.1979377;-4.371826;-0.083789825
1521664462182;2.4879766;-2.9728394;-2.1727905
1521664462203;2.823975;-0.72891235;-0.76441956
1521664462212;2.888245;-0.75105286;-0.24195862
1521664462221;2.8999028;-1.2020264;-0.8449402
1521664462233;2.9442754;-1.8806763;-0.96894836
1521664462242;3.288819;-2.1256104;-0.634964
1521664462254;3.2290046;-2.4771729;-0.37800598
1521664462262;2.9368901;-2.3510742;-0.5614166
1521664462273;2.7277837;-1.9131775;-0.5717926
1521664462281;2.5507817;-1.2745361;-0.7608185
1521664462303;2.948853;-1.111023;-0.38233185
1521664462313;3.2378547;-1.8491516;-0.2864914
1521664462321;3.259278;-2.335205;-0.5382385
1521664462332;3.3264167;-2.7919312;-0.5590668
1521664462341;3.2857673;-3.1864014;-0.3243866
1521664462353;2.9827886;-2.8114014;-0.4080124
1521664462360;2.612122;-2.6061401;-0.25460815
1521664462372;2.2690434;-2.2564697;-0.074359894
1521664462381;2.1281743;-1.5035095;0.44861603
1521664462401;1.8002015;-2.0336304;0.79589844
1521664462412;1.5415345;-2.3256836;0.700058
1521664462421;1.2711793;-2.8759155;0.66290283
1521664462432;0.9718323;-2.819641;0.4878235
1521664462441;0.7059021;-2.7053223;0.3901062
1521664462454;0.6104431;-2.7610474;0.24028015
1521664462461;0.5328827;-2.7024536;0.011611462
1521664462472;0.428627;-2.7925415;-0.1362381
1521664462481;0.39796448;-2.8865356;-0.14279175
1521664462503;0.07919884;-3.0479736;-0.19966125
1521664462512;-0.24049377;-2.7693481;-0.34831238
1521664462521;-0.32221222;-2.5859375;-0.18001938
1521664462532;-0.3867874;-2.4117432;-0.09665489
1521664462541;-0.49279785;-2.40802;-0.13025665
1521664462554;-0.46135712;-2.6185913;-0.1800003
1521664462561;-0.37618256;-2.7860718;-0.036602974
1521664462572;-0.27399445;-2.7780762;-0.073064804
1521664462581;-0.2399826;-2.5247803;0.13814163
1521664462602;0.06202793;-2.2000732;0.3763733
1521664462612;0.4466858;-2.458435;0.21070099
1521664462620;0.4640274;-2.6028442;-0.10141945
1521664462632;0.81510925;-2.767395;-0.09758949
1521664462641;1.0502931;-2.8729858;-0.019370079
1521664462653;1.1835634;-2.692505;-0.19948196
1521664462661;1.4214174;-2.3676147;-0.20498276
1521664462673;1.6497499;-2.0761108;-0.009855509
1521664462681;1.8323976;-1.9975281;0.28791046
1521664462702;2.065186;-2.47052;0.5349579
1521664462713;2.0001225;-2.4951782;0.73342896
1521664462721;2.0359502;-2.4457397;0.52085876
1521664462733;2.1174932;-2.5596924;0.1972847
1521664462741;2.285828;-2.5775757;-0.3473587
1521664462761;2.9050908;-3.5028076;-0.4919815
1521664462773;3.1467292;-3.569336;-0.8602295
1521664462781;3.2910774;-3.442566;-1.4320374
1521664462802;3.9030159;-3.3045044;-0.9147186
1521664462813;4.083498;-3.4071045;-0.9711609
1521664462821;4.128298;-3.9207153;-0.4858322
1521664462833;3.5485237;-4.2962646;-0.6979828
1521664462841;3.3592536;-4.4088135;-0.54530334
1521664462861;2.9742436;-4.3758545;-1.2238159
1521664462873;3.0587165;-4.4749756;-1.6516724
1521664462881;3.1660163;-3.868042;-1.9084473
1521664462900;3.4318855;-2.961792;-1.4847412
1521664462912;3.1300666;-2.4834595;-1.7712097
1521664462920;2.921021;-1.9570618;-1.0091553
1521664462932;2.5950322;-1.6202393;-0.08063698
1521664462940;1.9985658;-1.2007446;-0.1380043
1521664462961;0.91767883;-1.6699829;-1.6956177
1521664462973;-2.9796143;-3.7947388;-4.0892334
1521664462981;-3.1748047;-4.0203857;-3.6252441
1521664463003;-3.3665771;-3.012329;-2.9710083
1521664463013;-3.6607056;-3.2180176;-2.6843262
1521664463021;-4.3292236;-2.3927002;-2.8537598
1521664463033;-4.8964844;-2.260437;-2.6830444
1521664463041;-5.560913;-1.742279;-3.2349854
1521664463053;-6.475708;-1.4008179;-2.1611938
1521664463060;-7.1361084;-0.8059082;-3.1187744
1521664463072;-7.553833;0.035933495;-3.7125244
1521664463081;-7.627075;-0.061322212;-3.5856934
1521664463104;-8.487549;-0.39150238;-4.116211
1521664463111;-8.854004;-0.49556732;-4.496826
1521664463119;-8.902344;-0.5352478;-4.691162
1521664463131;-8.815918;0.040445328;-4.7678223
1521664463140;-8.746582;0.7030487;-4.5618896
1521664463161;-8.781982;1.3918153;-4.48938
1521664463173;-8.90918;1.5277101;-4.528076
1521664463181;-9.088379;1.6755677;-4.723755
1521664463194;-9.184814;1.8176576;-4.6519775
1521664463201;-9.235352;1.889496;-4.394043
1521664463214;-9.305664;2.3988042;-4.5700684
1521664463222;-9.417969;2.983704;-4.798828
1521664463234;-9.585449;3.7169197;-5.3288574
1521664463242;-9.657959;4.00696;-5.307373
1521664463252;-9.604004;3.7439582;-5.2908936
1521664463260;-9.555176;3.365052;-5.7957764
1521664463271;-9.42627;3.0275886;-6.0133057
1521664463280;-9.4104;3.158387;-6.6171875
1521664463302;-10.448486;5.1618676;-6.8466797
1521664463312;-10.592773;5.2656274;-6.819092
1521664463320;-10.592773;5.1630883;-6.8757324
1521664463332;-10.632324;5.3181176;-7.0443115
1521664463340;-10.591553;5.3540063;-7.242798
1521664463353;-10.762939;5.3808618;-7.6936035
1521664463361;-11.145508;5.383303;-7.8498535
1521664463372;-11.496826;5.4429955;-7.8894043
1521664463380;-11.486816;5.400759;-7.9003906
1521664463401;-11.307129;5.277224;-7.7683105
1521664463413;-11.265381;5.5368676;-7.0863037
1521664463421;-10.945557;4.9735126;-6.789795
1521664463434;-10.844238;4.3500996;-6.5637207
1521664463441;-10.664551;3.8210456;-6.7355957
1521664463461;-10.048828;3.2028205;-6.6899414
1521664463472;-9.947754;3.2134407;-6.831787
1521664463480;-9.899902;3.4002693;-7.0023193
1521664463502;-9.562012;3.2528083;-7.3918457
1521664463512;-9.051025;3.2182624;-7.876587
1521664463522;-8.934326;3.0962532;-8.131836
1521664463532;-8.766602;2.9311528;-8.427734
1521664463541;-8.610352;2.6648564;-8.534668
1521664463553;-8.410645;2.3634648;-8.44458
1521664463561;-8.179932;2.2426763;-8.3498535
1521664463573;-8.010742;2.0856938;-8.197266
1521664463582;-8.051514;2.066773;-7.9750977
1521664463600;-7.929199;1.6893007;-7.5493164
1521664463612;-7.6378174;1.3888856;-7.119873
1521664463621;-7.4693604;1.289734;-7.1882324
1521664463633;-7.4699707;1.4116517;-7.1279297
1521664463642;-7.555908;1.3396913;-6.885254
1521664463654;-7.451294;0.95913696;-6.8862305
1521664463661;-7.3552246;0.76086426;-6.9952393
1521664463672;-7.1698;0.81614685;-7.229248
1521664463681;-6.9034424;0.7428131;-7.2111816
1521664463700;-6.7487793;0.7062683;-7.221924
1521664463713;-6.5424805;0.6967926;-7.060791
1521664463721;-6.1586914;0.5676575;-7.1966553
1521664463733;-5.842285;0.64198303;-7.449341
1521664463741;-4.9056396;-0.27509308;-6.8719482
1521664463760;-4.2491455;-0.75849915;-8.483154
1521664463773;-3.7681274;-1.1691284;-8.872314
1521664463781;-3.1989746;-2.6185913;-8.435303
1521664463801;-2.0112305;-5.814331;-8.837891
1521664463812;-1.8311462;-5.635498;-9.612549
1521664463820;-1.6570129;-5.382324;-8.62085
1521664463834;-1.5077515;-4.8393555;-7.433838
1521664463842;-1.1967468;-4.9678955;-6.581665
1521664463862;-0.38163757;-6.2404785;-6.828491
1521664463882;0.3368225;-6.5671387;-7.464966
1521664463902;1.1257936;-7.4781494;-7.2019043
1521664463923;2.1383672;-8.12207;-8.232422
1521664463942;4.4032;-3.3623657;-2.9465332
1521664463962;4.5344257;0.054044724;-1.7200317
1521664463973;4.409548;-0.17705154;-1.4030457
1521664463981;4.2669697;-0.6543274;-2.0725708
1521664464004;4.4780293;-3.156433;-3.2077637
1521664464013;4.8712177;-3.5637817;-3.3623047
1521664464022;5.126345;-3.739746;-3.4330444
1521664464033;5.0573754;-2.4195557;-3.3556519
1521664464041;5.1445336;-1.4466858;-2.5169678
1521664464054;5.036135;-1.2571716;-1.5254822
1521664464061;4.483156;-1.0306091;-1.4126282
1521664464073;4.147951;-1.8530579;-1.5665283
1521664464081;3.7988288;-2.461609;-2.2739258
1521664464101;4.0742207;-2.1065674;-1.9892883
1521664464112;4.10425;-1.6494751;-2.1585083
1521664464120;4.1468525;-1.0349121;-2.04187
1521664464132;4.13196;-1.0317688;-1.9803162
1521664464141;3.8993537;-1.1525269;-1.9820862
1521664464153;3.571778;-1.0798645;-1.7337036
1521664464161;3.495179;-1.0220642;-1.4926147
1521664464182;3.2526252;-1.0429382;-1.0773621
1521664464201;2.9683232;-2.2218628;-1.7335205
1521664464212;3.0886238;-2.576538;-1.5513306
1521664464221;2.9266973;-2.89917;-1.589508
1521664464232;2.740357;-2.779358;-1.5061646
1521664464240;2.5725102;-2.583435;-1.4498596
1521664464253;2.4345708;-2.458313;-1.3457947
1521664464260;2.1784062;-2.4208374;-1.2862244
1521664464273;1.9761354;-2.3034668;-1.4320374
1521664464281;1.6947938;-2.3598633;-1.352478
1521664464301;1.2043153;-2.4822998;-1.8285828
1521664464313;0.99160767;-2.7317505;-1.6899414
1521664464321;0.81918335;-2.9777832;-1.8706055
1521664464332;0.7384796;-2.991272;-2.0004272
1521664464341;0.7140045;-2.9595947;-1.7067261
1521664464354;0.6923218;-2.8375854;-1.3504639
1521664464361;0.6483612;-2.513794;-1.3158569
1521664464373;0.51730347;-2.0165405;-1.2911987
1521664464381;0.5570984;-2.0180664;-1.0337219
1521664464402;0.73928833;-2.209961;-1.58078
1521664464413;0.94621277;-2.536621;-1.5166626
1521664464421;1.3093873;-2.6622925;-0.81340027
1521664464442;1.4851991;-1.9015503;-0.96165466
1521664464462;1.8234864;-1.6944885;-0.9503479
1521664464483;2.0786138;-1.8568726;-1.2935181
1521664464504;2.553101;-2.1262207;-0.93556213
1521664464513;2.6481328;-2.09729;-0.9805603
1521664464522;2.8093266;-1.9030762;-0.9035034
1521664464543;3.0569465;-1.98172;-0.76823425
1521664464562;3.1953743;-1.5132751;-0.99690247
1521664464572;3.576844;-1.8544922;-0.97857666
1521664464582;3.4859016;-2.1329956;-1.6966858
1521664464600;3.7805793;-2.7261963;-2.3480225
1521664464623;3.9055183;-3.3339844;-2.4129639
1521664464643;3.5875862;-4.152832;-1.7464294
1521664464662;4.1468525;-3.9299927;-1.5342712
1521664464674;4.4886494;-4.0390625;-1.9518433
1521664464683;4.9088154;-4.091797;-1.9620361
1521664464702;5.009768;-3.826355;-2.6959229
1521664464708;5.096804;-3.8131714;-2.1331787
1521664464723;4.2597675;-2.8459473;-1.6651001
1521664464733;3.8260505;-2.552185;-1.0665588
1521664464742;3.5048835;-2.208313;-0.49267578
1521664464762;2.4912724;-1.9408569;-0.8726349
1521664464773;2.1302495;-1.175354;-1.6358643
1521664464782;-0.71325684;-3.3875122;-4.147949
1521664464801;-0.9417572;-4.0718994;-4.180298
1521664464807;-1.1475525;-3.34552;-5.0751953
1521664464823;-1.2580872;-1.8251038;-3.5830078
1521664464843;-2.3554688;1.2744142;-2.5454102
1521664464863;-4.209961;2.7898564;-4.192749
1521664464883;-6.3813477;2.2899785;-4.972534
1521664464904;-6.4552;1.489441;-4.930664
1521664464923;-5.723633;3.0477912;-5.315796
1521664464933;-5.234741;3.7861335;-5.3463135
1521664464942;-5.0791016;4.847048;-4.881836
1521664464962;-5.202759;5.0158715;-5.053467
1521664464974;-5.7054443;4.8704853;-5.5269775
1521664464981;-6.2059326;5.0264916;-5.859619
1521664465002;-6.6782227;5.1943383;-5.479126
1521664465014;-6.7338867;5.080813;-5.6292725
1521664465022;-6.7996826;5.202761;-5.9726562
1521664465034;-6.7424316;5.511599;-6.0861816
1521664465042;-6.7493896;5.7346215;-5.935791
1521664465062;-7.2108154;6.0321074;-6.2038574
1521664465074;-7.4882812;6.096072;-6.312622
1521664465083;-7.7355957;6.1557646;-6.626343
1521664465103;-8.362793;7.20972;-7.0283203
1521664465114;-8.498291;7.4378695;-7.0998535
1521664465122;-8.652344;7.506717;-7.0773926
1521664465142;-9.078613;7.7290072;-7.437866
1521664465162;-9.293701;7.6118197;-7.1900635
1521664465174;-9.367432;7.398807;-7.202881
1521664465183;-9.42749;7.0105014;-7.1950684
1521664465202;-9.47168;6.5289335;-7.2128906
1521664465206;-9.442871;6.4110136;-7.1845703
1521664465223;-9.405273;5.999148;-7.272827
1521664465242;-9.183838;5.8043237;-7.074829
1521664465256;-9.21582;5.7464623;-7.048462
1521664465273;-9.257568;5.61426;-7.0667725
1521664465282;-9.102295;4.855715;-7.1740723
1521664465300;-9.056885;4.623415;-7.647583
1521664465305;-8.857422;4.4525166;-8.079102
1521664465324;-8.19043;3.024598;-8.385742
1521664465343;-8.217529;2.5432744;-7.492798
1521664465363;-8.152344;2.0421758;-6.970215
1521664465384;-7.4210205;1.2338258;-6.8598633
1521664465402;-7.102539;0.87908936;-7.3391113
1521664465407;-6.887085;0.7228699;-7.546631
1521664465424;-6.838501;0.8817749;-7.4400635
1521664465444;-6.4293213;0.34456635;-7.0303955
1521664465464;-5.7733154;-0.67033386;-7.8776855
1521664465474;-5.6984863;-1.136383;-7.8565674
1521664465482;-5.657715;-2.197815;-6.979248
1521664465502;-5.5718994;-2.599121;-6.4798584
1521664465507;-5.3967285;-3.2010498;-6.0030518
1521664465523;-4.7474365;-3.389038;-6.609253
1521664465543;-4.2911377;-3.3050537;-7.177368
1521664465563;-2.882019;-4.263672;-7.636963
1521664465583;-2.1566772;-4.9437256;-6.477539
1521664465604;-1.5514221;-5.5880127;-7.397949
1521664465614;-1.1752319;-5.6875;-7.1019287
1521664465622;-0.8251343;-5.206421;-6.798828
1521664465642;-0.5894623;-4.029663;-7.8911133
1521664465654;-0.22406769;-3.4453735;-7.3044434
1521664465662;0.38843536;-3.0983887;-6.4068604
1521664465674;2.3953252;0.20840073;-1.3974915
1521664465682;2.8622441;-0.9050751;-0.63212585
1521664465703;3.1381843;-2.1951294;-0.7668762
1521664465708;2.9127812;-2.4060059;-1.8699341
1521664465724;2.5100102;0.20597076;-1.8795471
1521664465744;2.4664311;2.0051885;-1.0771179
1521664465763;3.3648078;-0.96984863;-1.7573547
1521664465783;4.324709;-4.2614746;-3.1188965
1521664465803;3.6973274;-1.286438;-2.5386963
1521664465823;3.1422737;0.8798065;-1.5276794
1521664465843;3.4974372;-0.5007324;-1.5947876
1521664465862;3.9614265;-1.4493713;-2.0185547
1521664465873;4.034914;-1.5625305;-2.2871704
1521664465882;3.8380744;-1.2332153;-2.5905151
1521664465903;3.5537727;-1.1487122;-2.2616577
1521664465908;3.3559577;-1.3112793;-2.3364868
1521664465924;3.2144783;-2.3635254;-2.3915405
1521664465944;3.427613;-1.3491211;-1.9447632
1521664465964;3.2194831;-0.2647171;-1.3164978
1521664465984;2.966187;-0.66934204;-1.5796204
1521664466002;2.9810185;-1.480072;-1.5936279
1521664466005;2.7426152;-1.3347473;-1.329895
1521664466023;2.3128667;-0.5661926;-0.5493469
1521664466043;1.8798829;-0.6333618;-0.88404846
1521664466062;1.7583314;-1.64505;-1.2814941
1521664466083;1.6483155;-2.0923462;-1.576477
1521664466103;1.2662355;-1.6085205;-1.4320679
1521664466123;0.79785156;-1.618042;-1.3634338
1521664466143;0.78437805;-1.8720703;-1.4083862
1521664466156;0.7800598;-2.0131226;-1.4841614
1521664466165;0.715683;-1.9376221;-1.6388245
1521664466183;0.856308;-1.6340332;-1.3905334
1521664466202;1.1231691;-1.646698;-1.3440857
1521664466223;1.3776857;-1.7774658;-1.2257385
1521664466238;1.7551576;-1.7902527;-1.0272827
1521664466245;1.9112855;-1.6711731;-0.68185425
1521664466264;2.0904546;-1.2370605;-1.0012207
1521664466282;2.2806401;-1.2926941;-1.9342957
1521664466304;2.521912;-1.7150879;-2.0820312
1521664466323;2.702271;-2.2610474;-1.8222046
1521664466336;2.6331792;-2.4976196;-1.6179199
1521664466345;2.6487432;-2.927124;-1.191742
1521664466358;2.5712895;-3.413391;-0.8413391
1521664466365;2.6212773;-4.0756836;-0.14419937
1521664466378;2.690247;-4.2210693;0.14447403
1521664466385;2.9804692;-3.795044;0.2914505
1521664466403;3.5986335;-2.3621216;-1.1448975
1521664466423;4.5510273;-2.8479614;-1.6385193
1521664466434;4.731447;-3.3286743;-1.4845276
1521664466443;4.816286;-4.06958;-0.90423584
1521664466463;3.951905;-3.9378052;-1.1451721
1521664466484;4.6655293;-3.209961;-0.38274384
1521664466503;4.701784;-3.3949585;-1.1986389
1521664466508;4.6727314;-3.4873047;-1.2038574
1521664466517;4.6295185;-2.97406;-1.1124878
1521664466525;4.2860126;-1.8752747;-1.1211243
1521664466537;3.8873909;-1.0865479;-0.36252594
1521664466545;3.4737556;-0.97520447;0.28437805
1521664466558;2.7775273;-0.61183167;0.08454323
1521664466565;2.3215947;-0.7341461;0.38456726
1521664466577;2.0887456;-0.68032837;0.14249802
1521664466587;-0.9109955;-2.111267;-2.890625
1521664466603;-1.6922607;-1.2030334;-3.7260132
1521664466624;-2.1711426;-1.5279541;-3.6063843
1521664466644;-2.657959;-0.39751434;-4.52124
1521664466663;-3.7376099;1.5552675;-4.8825684
1521664466683;-4.9761963;0.4842682;-4.779297
1521664466702;-5.2958984;0.96276855;-5.159424
1521664466706;-5.5461426;0.9398346;-5.148926
1521664466724;-6.1887207;1.2177125;-5.554199
1521664466744;-6.687744;1.6404725;-5.3532715
1521664466764;-6.297119;2.7589726;-5.5753174
1521664466784;-5.890381;3.6417854;-5.300171
1521664466804;-6.576294;3.983094;-5.73645
1521664466823;-6.803711;3.9907234;-6.2976074
1521664466843;-6.408325;3.5349739;-6.5861816
1521664466864;-6.4262695;3.6257331;-7.130249
1521664466883;-6.682495;3.9783943;-7.455078
1521664466901;-6.7508545;4.135622;-7.4315186
1521664466906;-6.9749756;4.8431416;-7.914673
1521664466917;-7.1514893;5.23511;-8.047852
1521664466925;-7.2749023;5.709475;-8.390625
1521664466944;-7.419922;7.114017;-8.822998
1521664466957;-7.6000977;7.8721957;-8.838135
1521664466965;-7.852173;8.499275;-8.591553
1521664466984;-7.781494;8.5136795;-8.474121
1521664467010;-7.2509766;6.6766386;-7.977417
1521664467017;-7.0756836;5.942019;-7.6273193
1521664467025;-6.9509277;5.560305;-7.493408
1521664467036;-7.005493;5.370852;-7.4387207
1521664467046;-6.966797;5.5156274;-7.4682617
1521664467058;-6.795288;5.527346;-7.425049
1521664467067;-6.499756;5.3817163;-7.415283
1521664467077;-6.227661;5.055178;-7.4262695
1521664467086;-6.1901855;4.828249;-7.6936035
1521664467103;-6.079956;4.5375996;-7.67395
1521664467117;-5.9311523;4.206423;-7.7194824
1521664467126;-5.843994;3.9444587;-7.4383545
1521664467136;-5.453003;3.1276863;-7.321533
1521664467146;-5.3343506;2.6888433;-7.208008
1521664467158;-5.2147217;2.3783574;-7.246338
1521664467166;-5.1517334;1.9707338;-7.2697754
1521664467177;-5.031616;1.6563112;-7.2385254
1521664467186;-4.848999;1.4736024;-7.2524414
1521664467204;-4.643921;1.4857179;-7.4538574
1521664467216;-4.515381;1.3845521;-7.614868
1521664467225;-4.3117676;1.1512758;-7.58667
1521664467236;-4.100586;0.81033325;-7.2232666
1521664467245;-3.7337036;0.4749527;-7.0964355
1521664467257;-3.635254;0.39633942;-6.96167
1521664467265;-3.7208862;0.62968445;-7.0164795
1521664467276;-3.7788696;0.82292175;-7.085083
1521664467285;-3.7716675;0.66522217;-7.079712
1521664467304;-3.0652466;-0.8083801;-7.0181885
1521664467315;-2.6783447;-1.1723328;-7.0942383
1521664467325;-2.399414;-1.4093323;-6.8945312
1521664467336;-2.3512573;-1.7218933;-6.9871826
1521664467346;-2.390625;-1.7454834;-7.131958
1521664467358;-2.3569946;-1.1650391;-6.5080566
1521664467365;-2.3250122;-0.7829895;-6.3496094
1521664467376;-2.2736816;0.015273571;-6.4645996
1521664467385;-1.9716187;0.40451813;-6.0948486
1521664467402;-1.5505981;0.9022827;-6.246826
1521664467407;-0.7692108;0.4619751;-6.1610107
1521664467417;-0.16222763;-0.5574646;-6.2402344
1521664467426;0.30810547;-1.8330688;-6.515991
1521664467437;0.65997314;-3.2467651;-6.7614746
1521664467446;0.60575867;-3.4702759;-7.6762695
1521664467458;0.52253723;-2.560852;-7.7973633
1521664467466;0.7567291;-2.4957275;-6.559326
1521664467477;0.8372345;-2.3060303;-5.8499756
1521664467486;0.8947449;-2.7590942;-5.807007
1521664467503;1.0722047;-3.4864502;-6.066162
1521664467508;1.3893129;-3.9718628;-6.479126
1521664467518;1.9908754;-5.2803955;-6.18042
1521664467526;2.315308;-6.085449;-6.3564453
1521664467537;2.2549443;-5.1271973;-7.5163574
1521664467545;2.5673833;-4.541382;-7.1708984
1521664467558;3.8521736;-0.1824646;-1.9712524
1521664467566;4.2160664;-0.9363098;-1.9961243
1521664467577;4.4527607;-1.8572998;-1.8847351
1521664467586;4.534914;-1.039093;-1.9172058
1521664467604;4.6975117;-0.40646362;-1.8698425
1521664467624;5.0399194;-2.2111206;-2.6018677
1521664467644;5.229861;-3.6894531;-3.9335938
1521664467664;5.619143;-2.1082153;-3.307434
1521664467684;5.697024;-0.7600403;-1.467102
1521664467702;5.4129663;0.10087204;-1.993103
1521664467707;5.3490014;-0.27828217;-1.6967468
1521664467718;5.2448754;-1.200531;-1.9326782
1521664467726;4.8607197;-1.8387451;-3.0997925
1521664467737;4.776125;-2.1948853;-3.1677856
1521664467746;4.8828144;-2.5446167;-2.7474976
1521664467757;4.74695;-2.3729858;-2.7045898
1521664467765;4.444338;-1.977356;-2.9066162
1521664467777;4.2994404;-1.4436646;-2.8843994
1521664467786;4.317507;-0.82180786;-2.8718262
1521664467804;4.3623066;-0.4553833;-2.6975708
1521664467809;4.3256855;-0.44013977;-2.7453003
1521664467818;4.229372;-1.7680359;-3.1906128
1521664467826;4.159792;-2.078186;-3.5631104
1521664467837;4.147341;-2.062561;-3.458374
1521664467846;4.1571064;-1.5342102;-3.170105
1521664467858;3.9487922;-0.73612976;-2.673462
1521664467866;3.7481086;-0.11809158;-2.2164307
1521664467877;3.370118;0.15868759;-2.0806274
1521664467886;3.2218025;0.023524761;-2.0968018
1521664467911;3.0590217;-0.65197754;-2.548706
1521664467918;3.0866096;-0.7855072;-2.338501
1521664467926;3.017945;-0.84368896;-2.3422852
1521664467937;2.7738652;-0.7627411;-2.236267
1521664467946;2.5551763;-0.7519684;-2.2133179
1521664467958;2.426453;-0.8455353;-2.277832
1521664467967;2.188477;-0.93013;-2.1316528
1521664467977;2.049317;-1.0287476;-2.2008667
1521664467986;1.8465883;-0.9592438;-1.9317017
1521664468003;1.7275392;-0.9601593;-1.7254944
1521664468008;1.6105043;-0.8570099;-1.6656189
1521664468018;1.6109926;-0.87168884;-1.5385437
1521664468026;1.5648805;-0.7793579;-1.5412292
1521664468037;1.5591432;-0.83644104;-1.9209595
1521664468046;1.5263673;-1.5661011;-2.1102295
1521664468060;1.693268;-1.914032;-2.0692139
1521664468066;1.8965455;-2.0377808;-1.9069824
1521664468077;2.0568852;-1.761261;-1.5766907
1521664468086;2.3020635;-1.4778137;-1.0335083
1521664468102;2.3746953;-1.1358643;-1.0354309
1521664468107;2.382691;-1.1209412;-1.2119751
1521664468118;2.5056157;-1.2830505;-1.2644958
1521664468127;2.5693364;-1.5272827;-1.9222717
1521664468138;2.9127202;-1.8945312;-2.1774292
1521664468146;3.2082527;-2.02417;-2.3182373
1521664468159;3.5217903;-1.8844299;-2.2317505
1521664468166;3.7717903;-1.6768799;-1.9565735
1521664468178;3.971009;-1.616333;-2.3460693
1521664468186;4.165407;-1.8417358;-2.4666138
1521664468202;4.472414;-1.887146;-2.5941772
1521664468207;4.8658466;-2.0060425;-2.4692383
1521664468218;5.2280297;-2.656433;-2.1142578
1521664468226;5.291018;-2.6757812;-2.1173706
1521664468238;5.299441;-2.7000122;-1.65448
1521664468246;5.1412377;-2.4865112;-1.7124939
1521664468259;5.081057;-3.293213;-1.591156
1521664468267;5.2487817;-3.4538574;-2.2147217
1521664468278;5.5156274;-3.8518066;-2.302124
1521664468286;5.636111;-3.9192505;-2.0855713
1521664468299;5.5439477;-4.0063477;-1.9403687
1521664468305;5.3858666;-3.8867188;-1.9133911
1521664468324;5.323611;-3.455017;-0.94789124
1521664468336;5.151736;-2.8622437;-0.994812
1521664468345;4.912966;-2.647583;-1.1361694
1521664468358;4.7196064;-2.4140625;-0.5637207
1521664468366;4.3291035;-0.9401245;-0.4720688
1521664468377;4.0650654;-0.300354;0.65159607
1521664468386;3.3922126;0.71273804;0.13716125
1521664468403;2.6610723;1.0389405;-0.61763
1521664468408;2.3139043;0.24464035;-0.26203156
1521664468418;2.0366216;0.03230667;-0.74876404
1521664468427;-0.15688705;-1.0326233;-3.2330322
1521664468438;-0.5299225;-1.4796448;-3.1936035
1521664468447;-0.9229431;-0.8950043;-3.2077026
1521664468458;-1.2154846;0.26468658;-3.4210205
1521664468465;-1.1043091;0.5235901;-2.703064
1521664468478;-1.0722046;0.54237366;-2.6296997
1521664468486;-1.6758728;1.026764;-3.9923706
1521664468502;-2.5473022;1.3518373;-3.095398
1521664468505;-2.9439697;-0.26728058;-2.9803467
1521664468517;-3.8200073;-0.04325676;-4.8673096
1521664468526;-4.276123;0.42847443;-4.736084
1521664468537;-4.3485107;0.7537384;-3.8999634
1521664468546;-4.5111084;1.6582643;-4.031372
1521664468558;-4.7491455;1.9188844;-4.5444336
1521664468566;-5.0637207;2.1474614;-5.329834
1521664468577;-5.170166;2.4353642;-5.6413574
1521664468585;-5.236328;2.6754766;-6.197876
1521664468600;-5.2946777;2.7764897;-6.642334
1521664468606;-5.531128;2.9339604;-6.1870117
1521664468617;-5.8459473;3.398194;-5.8016357
1521664468625;-5.9136963;3.4384773;-5.324463
1521664468636;-6.06604;3.0135505;-5.0754395
1521664468645;-6.366211;2.8281255;-5.4606934
1521664468659;-6.741455;3.4541023;-6.4763184
1521664468666;-6.8482666;3.9494026;-6.5915527
1521664468677;-6.635498;3.8155525;-6.2092285
1521664468686;-6.2817383;3.6327522;-6.135376
1521664468700;-6.217407;4.0025654;-6.661499
1521664468706;-6.4450684;4.738283;-6.9958496
1521664468716;-6.9483643;4.781374;-6.315674
1521664468725;-7.099121;4.47571;-6.5562744
1521664468736;-7.340454;4.9644794;-7.759033
1521664468745;-7.175415;5.0782495;-7.741333
1521664468759;-7.2141113;5.4188256;-7.8548584
1521664468766;-7.454956;5.7175317;-7.5045166
1521664468777;-7.572632;6.0737333;-7.6798096
1521664468786;-7.4243164;6.354495;-7.88208
1521664468804;-7.4713135;6.609744;-7.9677734
1521664468809;-7.5388184;6.2648954;-7.932251
1521664468818;-7.7508545;6.062991;-8.147705
1521664468827;-8.039795;6.09888;-8.296143
1521664468840;-8.065186;6.1560087;-8.295898
1521664468847;-7.9715576;5.831057;-8.347168
1521664468860;-7.8115234;5.610598;-8.306641
1521664468867;-7.6729736;5.4201684;-8.161621
1521664468879;-7.7130127;5.3944116;-8.084473
1521664468887;-7.678955;5.351687;-7.8603516
1521664468910;-7.1396484;5.1909204;-7.52124
1521664468918;-6.890747;5.1109643;-7.578491
1521664468926;-6.878296;5.0037866;-7.668579
1521664468937;-6.8878174;4.7818623;-7.8548584
1521664468946;-6.5272217;4.305422;-7.860962
1521664468958;-6.251343;4.0047626;-7.876831
1521664468966;-6.0911865;3.682984;-7.7889404
1521664468977;-6.095459;3.4579475;-7.9056396
1521664468986;-5.9293213;3.116639;-7.8917236
1521664469003;-5.709839;2.985352;-8.026123
1521664469006;-5.637329;2.9023442;-8.234863
1521664469018;-5.5081787;2.686646;-8.1467285
1521664469026;-5.3011475;2.3763433;-8.3532715
1521664469038;-5.0880127;2.129395;-8.350098
1521664469046;-5.029907;1.9203492;-8.2126465
1521664469058;-4.9104004;1.7689515;-8.233154
1521664469066;-4.88208;1.615143;-8.112305
1521664469077;-4.9104004;1.5733033;-8.014404
1521664469086;-4.805298;1.5432435;-7.8710938
1521664469101;-4.6414795;1.4356691;-7.390259
1521664469106;-4.4420166;1.4050294;-7.1275635
1521664469117;-4.3428955;1.4429017;-6.9987793
1521664469125;-4.3830566;1.6771547;-7.031128
1521664469137;-4.321289;1.712433;-6.9855957
1521664469148;-4.3218994;1.6142579;-6.8518066
1521664469160;-3.9227295;0.95196533;-7.3078613
1521664469167;-3.9622803;1.0707399;-7.277588
1521664469179;-3.7138672;0.6264801;-7.627075
1521664469187;-3.797058;0.5311279;-7.534912
1521664469210;-3.591919;0.9565735;-6.8997803
1521664469218;-3.263916;1.0837098;-6.416382
1521664469227;-2.8790283;1.0895387;-6.2789307
1521664469239;-2.5629272;0.95170593;-6.300415
1521664469249;-2.1437988;0.5970917;-6.2733154
1521664469260;-1.7202454;0.15525436;-6.1174316
1521664469267;-1.5293274;-0.35970306;-5.9541016
1521664469279;-1.4157715;-0.45489502;-6.2302246
1521664469287;-1.3968811;-0.5986023;-6.7991943
1521664469320;-1.0036621;-1.097168;-7.1740723
1521664469332;-0.05482292;-2.5164795;-7.5288086
1521664469338;0.25389862;-1.9649048;-8.530273
1521664469347;0.841095;-2.1583862;-8.175293
1521664469363;1.258545;-2.7679443;-7.4328613
1521664469367;1.5672303;-2.2247925;-7.8947754
1521664469378;1.7473146;-1.4981384;-8.241455
1521664469387;2.2583623;-2.7803955;-7.4609375
1521664469403;2.7935185;-4.7061768;-7.619995
1521664469407;3.4635017;-6.2160645;-7.215576
1521664469417;3.694764;-7.6866455;-7.6693115
1521664469425;3.5276496;-7.402954;-8.57373
1521664469439;3.3350227;-6.2139893;-8.554199
1521664469445;3.4356086;-5.1800537;-7.5375977
1521664469459;4.088747;-0.40586853;-2.317627
1521664469465;4.2128925;0.30510712;-2.6453857
1521664469477;4.873415;-0.46688843;-2.1984863
1521664469486;5.4705834;-1.6627502;-2.282898
1521664469500;5.15552;-2.128418;-3.555359
1521664469509;5.289553;-2.2409058;-3.701294
1521664469520;5.172732;-3.0961914;-3.437561
1521664469528;5.122439;-3.7111816;-3.430359
1521664469539;4.6154804;-3.6709595;-4.1499023
1521664469548;4.2459736;-2.9751587;-4.926758
1521664469564;4.312746;-2.2216797;-4.954712
1521664469569;4.6052265;-1.7148132;-4.281372
1521664469579;4.774782;-1.3546448;-3.6906738
1521664469588;5.2031274;-0.8952484;-3.4729614
1521664469604;5.3314233;-1.2098694;-2.8880005
1521664469607;5.3768334;-1.2601013;-3.201416
1521664469619;5.0996118;-1.2238159;-3.7267456
1521664469628;5.0068383;-1.8268433;-3.6621704
1521664469639;4.870119;-1.9992371;-3.8988037
1521664469647;4.8514423;-1.8463745;-3.9093628
1521664469661;4.902712;-1.6402283;-3.9144897
1521664469666;4.9887714;-1.7617188;-3.6912231
1521664469679;4.77112;-1.8182373;-3.7367554
1521664469687;4.470705;-1.2575378;-4.109741
1521664469702;4.356447;-1.1807251;-3.7217407
1521664469707;4.495241;-1.221405;-3.501587
1521664469718;4.4000263;-0.92385864;-3.6188354
1521664469727;4.3830585;-1.0383911;-3.2164307
1521664469738;4.295168;-0.88331604;-3.1567993
1521664469747;4.175173;-0.8351898;-3.0665894
1521664469761;3.9218757;-0.8506317;-2.861145
1521664469767;3.6475227;-1.1202698;-2.6086426
1521664469778;3.3175056;-1.133606;-2.5057373
1521664469787;3.1026008;-1.0071716;-2.4736938
1521664469811;2.889832;-1.0985107;-2.3223877
1521664469820;2.6661382;-1.2050476;-2.3527832
1521664469828;2.3726811;-1.3215027;-2.5472412
1521664469840;2.150208;-1.3676147;-2.4592896
1521664469848;1.991211;-1.6225586;-2.5372314
1521664469862;1.9426271;-1.9484558;-2.710205
1521664469867;2.101563;-1.9258423;-2.6173706
1521664469879;2.1834111;-1.7440491;-2.458374
1521664469887;2.2992558;-1.5994263;-2.5247803
1521664469908;2.2339482;-2.1009521;-2.3607178
1521664469917;2.167725;-2.2521973;-2.3579712
1521664469927;2.1514897;-2.3569336;-2.0648193
1521664469939;2.1665654;-2.1923828;-1.730835
1521664469947;2.207703;-1.9174805;-1.252533
1521664469960;2.2188725;-1.8205261;-1.2953796
1521664469967;2.273499;-1.8523254;-1.2990417
1521664469979;2.3734746;-2.140808;-1.470459
1521664469987;2.6088872;-2.3660278;-1.5753479
1521664470007;3.170594;-2.552246;-2.1553955
1521664470018;3.5794075;-2.5942993;-2.1860352
1521664470026;3.903443;-2.5133057;-2.1384888
1521664470037;4.00696;-2.4004517;-2.104187
1521664470047;4.1209736;-2.8509521;-2.0200195
1521664470060;4.124758;-3.1792603;-2.8261108
1521664470067;4.249758;-3.0325317;-2.7495117
1521664470079;4.590456;-3.3236084;-2.3916016
1521664470088;4.868044;-3.2172241;-2.371521
1521664470101;5.3992944;-3.2664795;-2.4207153
1521664470106;5.250979;-3.8359985;-2.9854126
1521664470120;5.3645043;-3.734375;-3.3207397
1521664470128;5.6247582;-3.6021118;-3.0317993
1521664470140;5.761233;-3.4346313;-3.0525513
1521664470148;5.8476586;-3.5412598;-2.7473145
1521664470167;5.5733666;-3.6712646;-2.3868408
1521664470180;5.157229;-3.4642944;-2.3892212
1521664470188;4.864626;-3.1988525;-2.187317
1521664470201;4.8864765;-2.680725;-1.9476929
1521664470209;4.484499;-2.7333984;-1.9979248
1521664470220;4.3532734;-2.7053223;-1.7877808
1521664470229;4.140505;-2.2769775;-2.0221558
1521664470240;4.1420918;-2.376587;-0.87734985
1521664470248;3.8849494;-1.809021;-0.35432434
1521664470261;3.392823;-0.8301697;-0.49707794
1521664470268;3.048951;-0.30027008;-0.28438568
1521664470280;2.8546758;0.24591446;-0.4938736
1521664470287;0.60302734;-0.10405159;-3.635254
1521664470303;0.47421265;-0.1643486;-3.5788574
1521664470307;-0.06177616;-0.1260643;-3.1553345
1521664470317;-0.53474426;-0.38368988;-3.2473145
1521664470326;-1.0975342;-0.5146179;-4.2470703
1521664470338;-1.6631775;0.14466095;-5.1695557
1521664470347;-1.9379272;0.16741562;-4.909424
1521664470359;-2.0721436;-0.27825165;-4.3325195
1521664470367;-2.5111694;0.38396454;-5.140381
1521664470378;-2.6185303;0.48757935;-5.1054688
1521664470387;-2.6194458;-0.7870636;-4.579468
1521664470402;-2.7668457;-0.29562378;-5.110718
1521664470407;-3.1592407;0.8816376;-5.414673
1521664470420;-3.3825684;1.6968995;-5.3830566
1521664470427;-3.548645;2.2720342;-5.5565186
1521664470440;-3.9013062;2.3900151;-5.5217285
1521664470447;-4.3968506;2.4345098;-5.8148193
1521664470461;-4.7175293;2.3490605;-6.1932373
1521664470467;-4.909424;3.0034187;-6.5981445
1521664470479;-4.692871;3.057618;-6.3848877
1521664470487;-4.581665;2.9119878;-6.484253
1521664470512;-4.9294434;4.3676777;-7.3050537
1521664470521;-5.041992;4.9368916;-6.9960938
1521664470529;-5.506836;4.463503;-6.0128174
1521664470538;-5.6119385;4.2351093;-6.493042
1521664470546;-5.576294;4.029665;-6.800049
1521664470560;-5.460449;4.041628;-7.2436523
1521664470568;-5.4766846;3.9860237;-7.3531494
1521664470580;-5.6132812;4.4676533;-7.6604004
1521664470588;-5.682373;4.8099384;-7.2974854
1521664470612;-5.641968;5.571902;-7.322876
1521664470620;-5.7645264;6.1226835;-7.4559326
1521664470630;-6.051758;6.322879;-7.36084
1521664470640;-6.2595215;6.94678;-7.952881
1521664470650;-6.5290527;7.603519;-8.120117
1521664470662;-6.7530518;8.059822;-8.311768
1521664470669;-6.9438477;8.606941;-8.487305
1521664470681;-7.0649414;8.933357;-8.276123
1521664470689;-7.0273438;8.542;-7.947876
1521664470713;-6.2752686;6.555545;-7.095459
1521664470720;-6.0543213;5.719729;-7.109009
1521664470730;-6.1375732;5.2623315;-7.0567627
1521664470741;-6.3640137;5.1239038;-6.902466
1521664470751;-6.503418;5.228274;-6.6590576
1521664470758;-6.184204;5.07239;-6.3065186
1521664470766;-5.951294;4.9261494;-6.618286
1521664470777;-5.8502197;4.821291;-6.8883057
1521664470786;-5.8635254;4.6280537;-7.2213135
1521664470798;-5.729126;4.3313007;-7.418335
1521664470805;-5.6884766;4.154299;-7.633789
1521664470818;-5.430664;3.77118;-7.6674805
1521664470828;-5.1256104;3.3779914;-7.7160645
1521664470840;-5.0289307;3.3244636;-7.835083
1521664470849;-4.916382;3.4859626;-8.228027
1521664470861;-4.8797607;3.8483284;-8.511963
1521664470867;-4.591797;3.761109;-8.221436
1521664470878;-4.2025146;3.1684577;-7.64917
1521664470890;-3.9919434;2.2987065;-6.841675
1521664470901;-3.8098145;1.200409;-6.147705
1521664470907;-3.477234;0.5232544;-5.870117
1521664470920;-3.4439087;0.13911438;-5.9019775
1521664470931;-3.7369995;0.5164337;-6.232666
1521664470942;-4.1950684;1.4037172;-6.654419
1521664470950;-4.2927246;1.5159913;-6.673584
1521664470962;-2.7306519;0.17144775;-6.4959717
1521664470970;-2.8050537;0.22097778;-6.498657
1521664470980;-2.1713257;-0.26004028;-6.537842
1521664470990;-1.9247437;-0.5979004;-6.0218506
1521664471010;-2.2632446;-0.16553116;-6.161865
1521664471021;-2.1712646;-0.73187256;-5.463623
1521664471030;-1.7919922;-1.3901978;-5.178955
1521664471042;-1.379425;-1.7084045;-5.58374
1521664471049;-1.0706482;-2.7929688;-5.6000977
1521664471061;-1.0400085;-3.2323608;-5.828247
1521664471070;-1.2692261;-2.3757935;-6.9226074
1521664471082;-1.6247253;-1.3050842;-7.0689697
1521664471090;-1.6499939;-0.64276123;-6.220337
1521664471101;-1.4247131;0.08364487;-5.557495
1521664471108;-0.43649292;-0.5719757;-4.9831543
1521664471119;0.48220825;-2.232483;-4.756714
1521664471128;0.96977234;-3.6074219;-4.862549
1521664471140;0.8628082;-3.567505;-5.8240967
1521664471148;0.58781433;-2.4676514;-7.070923
1521664471161;0.38463593;-1.8975525;-6.7703857
1521664471168;0.35590363;-1.6611633;-6.1883545
1521664471180;0.41557312;-1.0873108;-7.111084
1521664471188;0.978302;-1.2788086;-7.702881
1521664471202;1.8198243;-1.8647766;-6.7702637
1521664471209;3.9924934;-3.1832275;-5.2963867
1521664471222;4.3049335;-3.8433228;-5.5134277
1521664471228;4.2094746;-4.388916;-6.3271484
1521664471240;3.9302986;-4.821045;-7.192871
1521664471250;3.6391609;-4.4317627;-7.708618
1521664471262;3.6734016;-0.68322754;-2.659668
1521664471270;3.5632331;-0.7101288;-3.881775
1521664471282;3.9872444;-1.3989258;-3.427063
1521664471290;4.2144794;-1.3977051;-3.4209595
1521664471302;4.2265644;-0.8633728;-4.144165
1521664471308;4.9851093;-1.4089355;-2.6869507
1521664471319;5.1196313;-1.769867;-2.5186157
1521664471327;4.78821;-1.6193237;-3.4599
1521664471339;4.524172;-1.9133606;-3.7068481
1521664471348;4.23987;-1.5940552;-4.2316895
1521664471361;4.2338886;-1.5667114;-3.8934937
1521664471367;4.2525654;-2.31073;-3.74823
1521664471379;3.943116;-1.813324;-5.022339
1521664471387;4.2561054;-1.4213562;-5.0942383
1521664471411;5.4824243;-1.1123657;-4.6081543
1521664471421;5.7673364;-1.023407;-4.064453
1521664471427;5.8664575;-1.574646;-3.3012695
1521664471439;5.0489526;-1.5491638;-3.3521118
1521664471447;4.5205097;-1.675293;-3.9595947
1521664471460;4.241823;-1.3355713;-4.3359375
1521664471467;4.354738;-1.0097656;-4.2054443
1521664471479;4.662966;-1.0231628;-3.8773193
1521664471488;4.798464;-0.594162;-4.0128174
1521664471502;4.7403584;-0.27293396;-3.9019165
1521664471508;5.0466332;-0.29925537;-3.6028442
1521664471519;4.8136005;-0.25271606;-3.4040527
1521664471528;4.405031;-0.2060051;-3.305359
1521664471539;4.1921406;-0.523468;-3.2041626
1521664471547;4.0031757;-0.81614685;-3.3675537
1521664471560;3.955323;-0.8931885;-3.4390259
1521664471567;3.8674324;-1.038147;-3.5131226
1521664471578;3.8419197;-0.8464813;-3.5318604
1521664471587;3.736512;-0.5831146;-3.4533691
1521664471603;3.5415657;-0.5224762;-3.2155151
1521664471608;3.3142707;-0.3836975;-3.2227173
1521664471620;3.1073616;-0.039165497;-3.3048706
1521664471628;3.0192878;0.21533966;-3.2747803
1521664471639;3.054444;0.17282104;-3.0629883
1521664471648;3.0811164;0.17794418;-2.9539795
1521664471714;2.7828984;-0.11284065;-3.3537598
1521664471721;2.4242558;-0.35253143;-3.3703003
1521664471733;2.4218755;-0.09991455;-3.0509644
1521664471740;2.321961;0.22706985;-2.987976
1521664471747;2.4074712;0.20472336;-2.716858
1521664471761;2.3957524;-0.09398651;-2.4713135
1521664471770;2.4676518;-0.3246765;-2.6401367
1521664471778;2.4166875;-0.70144653;-2.632141
1521664471787;2.4882207;-0.39873505;-2.6176758
1521664471808;2.8346562;0.17609024;-1.9630432
1521664471832;2.8589482;0.26052856;-1.783844
1521664471842;2.8264165;-0.028275967;-2.0772095
1521664471862;2.9202886;-0.652771;-1.9515381
1521664471880;2.9530644;-0.48883057;-1.7336426
1521664471913;3.170655;-0.640625;-1.9705505
1521664471919;3.1990974;-1.2546997;-2.2435303
1521664471927;3.500672;-1.4760742;-2.3675537
1521664471938;3.6734016;-1.6419983;-2.6886597
1521664471947;3.8394783;-1.5818787;-2.7246704
1521664471960;4.0202656;-1.5425415;-2.7193604
1521664471967;4.265627;-1.8868408;-2.6079102
1521664471979;4.322878;-1.8114014;-2.9240112
1521664471987;4.4908466;-2.1451416;-2.7889404
1521664472002;4.5147724;-2.1987915;-3.1848145
1521664472007;4.649538;-2.3502808;-3.196289
1521664472019;5.0230737;-2.8551636;-2.5899048
1521664472027;5.276858;-3.6498413;-2.0722656
1521664472039;5.1458764;-3.93927;-2.2061768
1521664472048;5.198855;-3.7923584;-2.3217773
1521664472062;5.4901147;-3.958191;-1.6491394
1521664472071;5.7402368;-3.7496948;-1.5848999
1521664472083;5.6516137;-3.4569702;-2.5389404
1521664472091;5.9268823;-3.913391;-2.182251
1521664472113;6.0998564;-4.0792236;-2.1536255
1521664472122;6.224124;-3.8343506;-2.114746
1521664472130;5.593264;-2.5454712;-1.4822388
1521664472143;4.6053486;-1.9204407;-0.9479523
1521664472151;4.1679707;-1.5647583;-0.7034912
1521664472180;3.8364875;-1.220581;-0.043251038
1521664472194;2.8975835;-1.1660461;-0.8258362
1521664472213;2.5070806;-1.1084595;-1.5706482
1521664472223;0.7598419;-0.7049103;-2.9447632
1521664472228;0.52397156;0.024630547;-3.2172241
1521664472239;0.34571838;0.36952972;-2.7955933
1521664472262;-0.66752625;0.9459381;-3.2677002
1521664472280;-2.1639404;2.2652593;-3.1724854
1521664472313;-4.288452;1.6550905;-4.07312
1521664472319;-4.506714;1.4850465;-4.1573486
1521664472328;-4.572754;1.2424012;-4.2911377
1521664472339;-5.0633545;1.6668702;-4.49646
1521664472347;-5.1706543;2.4154058;-4.632324
1521664472361;-5.201782;3.1661994;-4.520996
1521664472380;-5.2860107;3.7090461;-4.901367
1521664472413;-5.9887695;3.941407;-5.9656982
1521664472432;-6.4051514;4.270754;-6.3355713
1521664472452;-6.621216;4.352785;-5.814453
1521664472471;-6.76416;4.589113;-6.359375
1521664472483;-6.904175;4.6070576;-6.708008
1521664472492;-7.007324;4.858034;-6.880127
1521664472512;-7.3098145;5.005984;-7.0582275
1521664472523;-7.39563;4.896364;-7.3063965
1521664472532;-7.6624756;5.4901147;-7.7145996
1521664472543;-7.868286;5.956301;-7.8286133
1521664472548;-8.047119;6.8029814;-7.875244
1521664472561;-8.672607;7.3496127;-7.381714
1521664472568;-8.688965;7.3129916;-7.0247803
1521664472579;-8.649658;7.5382113;-7.35083
1521664472588;-8.724365;7.853519;-7.4605713
1521664472604;-8.92627;8.068367;-7.7391357
1521664472609;-9.198242;7.7225375;-8.019043
1521664472621;-9.465332;7.4537387;-8.444824
1521664472628;-9.510986;7.105106;-9.004883
1521664472639;-9.477539;6.6317167;-9.205566
1521664472648;-9.187744;6.4976835;-9.075439
1521664472663;-8.838135;6.2702665;-8.900635
1521664472672;-8.510986;5.7037377;-8.115234
1521664472683;-8.317383;5.4342065;-7.8012695
1521664472692;-8.2421875;5.2331567;-7.927246
1521664472714;-7.944092;5.113528;-7.9833984
1521664472723;-8.325928;5.127688;-8.300537
1521664472731;-8.391357;5.3942895;-8.522217
1521664472739;-8.095703;5.567019;-8.4609375
1521664472752;-7.34729;5.070803;-8.39502
1521664472774;-6.9127197;4.2200947;-8.332275
1521664472783;-6.7963867;3.8045661;-8.314453
1521664472792;-6.7022705;3.3630989;-8.5095215
1521664472814;-6.6228027;2.473023;-8.937256
1521664472823;-6.491211;2.155457;-9.083008
1521664472831;-6.2506104;1.944336;-9.140625
1521664472839;-6.1116943;1.8822633;-9.138916
1521664472853;-5.7460938;1.5343934;-8.914795
1521664472874;-5.5026855;1.5996095;-8.541016
1521664472883;-5.459839;1.5655519;-8.391357
1521664472892;-5.3013916;1.609253;-8.24707
1521664472923;-5.152832;1.5253297;-8.268066
1521664472931;-5.1293945;1.3331605;-8.105469
1521664472940;-4.9190674;1.2355043;-8.023193
1521664472953;-4.70166;1.0407716;-7.5335693
1521664472974;-4.6540527;1.6008607;-7.8745117
1521664472983;-4.680908;1.772339;-7.876587
1521664472992;-4.557495;1.6112062;-7.779175
1521664473014;-4.1865234;1.3527833;-7.709839
1521664473023;-3.8605347;1.1808778;-7.463135
1521664473031;-3.0655518;0.19137192;-6.852783
1521664473040;-3.1533203;0.35356903;-6.974365
1521664473053;-3.2470093;0.25373077;-7.45874
1521664473074;-2.83667;0.5912018;-6.850464
1521664473083;-2.132141;0.08244324;-6.2282715
1521664473092;-1.4403992;-0.39325714;-6.2767334
1521664473123;-1.0922241;-0.6956787;-7.7773438
1521664473131;-0.9186554;-0.75631714;-7.971924
1521664473140;-0.6066284;-1.3901672;-7.687256
1521664473153;0.15646744;-2.7612915;-7.6726074
1521664473194;1.4064637;-2.3497314;-8.75293
1521664473213;1.9943544;-2.7910156;-8.47876
1521664473223;2.5473638;-3.5170898;-8.437256
1521664473230;3.5233161;-2.6160278;-8.0078125
1521664473253;4.6090107;-6.9206543;-7.032837
1521664473281;4.4541035;-1.5239868;-4.5496826
1521664473312;5.0329614;-0.21572495;-4.0567627
1521664473320;5.4876733;-0.9313202;-3.8374023
1521664473328;5.8389916;-2.0441895;-4.01001
1521664473340;5.8667016;-2.8197021;-4.5635986
1521664473348;5.7984643;-2.864746;-4.9890137
1521664473361;5.6186547;-3.1009521;-5.2611084
1521664473368;5.15552;-2.4824219;-5.7418213
1521664473383;4.84009;-2.1192017;-5.6625977
1521664473393;4.7924824;-1.6834412;-5.7156982
1521664473414;5.3807397;-1.8121948;-4.8875732
1521664473422;5.8669457;-1.6980591;-4.565918
1521664473431;6.1942167;-1.475769;-4.654419
1521664473440;6.593997;-1.3962097;-4.234497
1521664473453;6.9748564;-0.20994186;-3.991272
1521664473474;6.657962;-1.5726013;-4.819824
1521664473493;6.3132353;-1.5567932;-4.6069336
1521664473514;6.1276884;-1.3102722;-3.868103
1521664473522;5.6427026;-0.7707367;-3.5756226
1521664473532;5.2901635;-0.47899628;-3.3469849
1521664473540;4.9840107;-0.51875305;-3.362915
1521664473553;4.7321796;-1.2375183;-3.4069824
1521664473573;4.3186054;-1.6265869;-3.8775024
1521664473593;3.882508;-1.3841553;-3.536316
1521664473614;3.5607307;-0.99180603;-3.4978638
1521664473622;3.385865;-0.75431824;-3.2438354
1521664473632;3.132569;-0.55374146;-3.1679688
1521664473640;2.9451299;-0.36232758;-3.394043
1521664473653;2.6887212;-0.33444214;-3.6219482
1521664473682;2.5708013;-0.46566772;-3.7452393
1521664473690;2.3909917;-0.68611145;-3.8307495
1521664473695;2.2191167;-0.7455902;-3.5249023
1521664473714;2.1350713;-0.5649414;-3.2698975
1521664473733;2.0380864;0.61608887;-3.2104492
1521664473742;2.3298955;0.93032837;-3.371338
1521664473749;2.3399663;0.84791565;-3.4036255
1521664473762;2.224915;0.9174347;-3.533081
1521664473769;2.1080937;1.0411988;-3.4452515
1521664473781;2.0834355;1.183899;-3.293213
1521664473789;2.0523076;1.3609926;-3.1900635
1521664473804;2.02356;1.5122072;-3.1312256
1521664473809;2.0377812;1.5886842;-2.9370728
1521664473821;1.9488527;1.8462831;-2.8375854
1521664473830;1.8788759;2.1281743;-2.795227
1521664473841;1.9214174;2.183106;-2.633545
1521664473849;1.9143678;2.242188;-2.6812134
1521664473861;1.904297;2.3865972;-2.7090454
1521664473870;1.8389283;2.3875127;-2.687378
1521664473883;1.8553468;2.5029912;-2.6895752
1521664473893;1.8732301;2.525147;-2.657898
1521664473923;1.8564454;2.6428227;-2.5234985
1521664473932;1.8685609;2.7604375;-2.5806274
1521664473941;1.8854066;2.8018804;-2.4661255
1521664473954;1.9144899;3.0469978;-2.244873
1521664473974;1.926941;2.9844365;-2.00354
1521664473994;1.8256837;3.242005;-1.9861755
1521664474014;1.8758241;3.2205207;-1.8224487
1521664474023;1.7882081;3.3135383;-1.7462158
1521664474032;1.8327333;3.2797248;-1.6774292
1521664474040;1.7474366;3.2189949;-1.7022095
1521664474053;1.7592775;3.2822883;-1.5856934
1521664474074;1.6164247;2.9987798;-1.2898254
1521664474121;1.4714967;2.7894902;-1.2719727
1521664474131;1.3705751;2.8226933;-1.2540894
1521664474143;1.1193849;2.5925908;-1.2600098
1521664474150;1.1062013;2.471436;-1.1141663
1521664474162;0.95606995;2.5423589;-1.0767822
1521664474174;0.89907837;2.535706;-0.9352722
1521664474192;0.90197754;2.3902593;-1.0081177
1521664474195;0.8226471;2.1516728;-1.1385498
1521664474223;0.7284088;1.7540284;-0.9792175
1521664474230;0.6421356;1.6524049;-0.99380493
1521664474253;0.64720154;1.711548;-0.88842773
1521664474255;0.62213135;1.6931764;-0.7832947
1521664474274;0.43603516;1.4700624;-0.7685852
1521664474294;0.4490738;1.4329835;-0.7761383
1521664474313;0.45493317;1.454712;-0.7598114
1521664474321;0.46357727;1.3298951;-0.71713257
1521664474330;0.38381958;1.1347963;-0.7362366
1521664474342;0.33072662;1.032776;-0.72880554
1521664474350;0.29496002;0.9751282;-0.88978577
1521664474362;0.38023376;0.8355713;-0.66085815
1521664474373;0.3517685;0.77586365;-0.64108276
1521664474385;0.36266327;0.83914185;-0.57418823
1521664474395;0.26942444;0.8681946;-0.6220856
1521664474410;0.23360443;0.8956604;-0.54652405
1521664474421;0.19029617;0.89320374;-0.56752014
1521664474430;0.17956543;0.8065491;-0.62849426
1521664474442;0.24363708;0.62519836;-0.643219
1521664474450;0.09589195;0.516037;-0.5968933
1521664474462;0.13430405;0.58851624;-0.50032043
