1521664244263;-0.1;12.5;1.5;-2.4;21.6;-20.800001
1521664244281;0.0;12.400001;1.4;-2.4;21.6;-20.800001
1521664244291;0.1;12.400001;1.3000001;-2.4;21.6;-20.800001
1521664244312;0.1;12.400001;1.4;-2.4;21.6;-20.800001
1521664244323;0.1;12.5;1.4;-2.4;21.6;-20.800001
1521664244333;0.2;12.5;1.4;-2.4;21.6;-20.800001
1521664244342;0.2;12.5;1.5;-2.4;21.6;-20.800001
1521664244362;0.2;12.6;1.6;-2.4;21.6;-20.800001
1521664244372;0.3;12.6;1.6;-2.4;21.6;-20.800001
1521664244383;0.3;12.7;1.6;-2.4;21.6;-20.800001
1521664244404;0.2;12.7;1.7;-2.4;21.6;-20.800001
1521664244445;0.1;12.7;1.7;-2.4;21.6;-20.800001
1521664244463;0.1;12.8;1.8000001;-2.4;21.6;-20.800001
1521664244472;0.1;12.8;1.7;-2.4;21.6;-20.800001
1521664244482;0.1;12.8;1.8000001;-2.4;21.6;-20.800001
1521664244493;0.1;12.8;1.7;-2.4;21.6;-20.800001
1521664244532;0.1;12.8;1.8000001;-2.4;21.6;-20.800001
1521664244572;0.0;12.8;1.9;-2.4;21.6;-20.800001
1521664244612;0.0;12.8;1.8000001;-2.4;21.6;-20.800001
1521664244662;0.0;12.7;1.7;-2.4;21.6;-20.800001
1521664244691;0.0;12.8;1.8000001;-2.4;21.6;-20.800001
1521664244712;-0.1;12.8;1.9;-2.4;21.6;-20.800001
1521664244723;-0.1;12.900001;1.9;-2.4;21.6;-20.800001
1521664244732;-0.2;13.0;2.0;-2.4;21.6;-20.800001
1521664244744;-0.3;13.0;2.1000001;-2.4;21.6;-20.800001
1521664244752;-0.3;13.1;2.0;-2.4;21.6;-20.800001
1521664244763;-0.3;13.1;2.1000001;-2.4;21.6;-20.800001
1521664244772;-0.4;13.1;2.1000001;-2.4;21.6;-20.800001
1521664244783;-0.4;13.2;2.2;-2.4;21.6;-20.800001
1521664244792;-0.5;13.3;2.3;-2.4;21.6;-20.800001
1521664244804;-0.5;13.400001;2.4;-2.4;21.6;-20.800001
1521664244813;-0.5;13.400001;2.5;-2.4;21.6;-20.800001
1521664244823;-0.6;13.400001;2.5;-2.4;21.6;-20.800001
1521664244844;-0.6;13.5;2.7;-2.4;21.6;-20.800001
1521664244852;-0.6;13.6;2.7;-2.4;21.6;-20.800001
1521664244863;-0.7;13.7;2.7;-2.4;21.6;-20.800001
1521664244873;-0.7;13.7;2.8;-2.4;21.6;-20.800001
1521664244882;-0.7;13.8;2.9;-2.4;21.6;-20.800001
1521664244897;-0.8;13.900001;3.0;-2.4;21.6;-20.800001
1521664244903;-0.90000004;13.900001;3.0;-2.4;21.6;-20.800001
1521664244912;-0.90000004;14.0;3.0;-2.4;21.6;-20.800001
1521664244923;-0.90000004;14.0;3.1000001;-2.4;21.6;-20.800001
1521664244932;-0.90000004;14.1;3.2;-2.4;21.6;-20.800001
1521664244942;-1.0;14.1;3.3;-2.4;21.6;-20.800001
1521664244953;-1.0;14.2;3.3;-2.4;21.6;-20.800001
1521664244964;-1.0;14.2;3.4;-2.4;21.6;-20.800001
1521664244972;-1.1;14.3;3.5;-2.4;21.6;-20.800001
1521664244983;-1.1;14.3;3.6000001;-2.4;21.6;-20.800001
1521664244992;-1.1;14.400001;3.6000001;-2.4;21.6;-20.800001
1521664245022;-1.1;14.3;3.6000001;-2.4;21.6;-20.800001
1521664245053;-1.0;14.400001;3.6000001;-2.4;21.6;-20.800001
1521664245063;-1.0;14.3;3.6000001;-2.4;21.6;-20.800001
1521664245111;-1.0;14.3;3.7;-2.4;21.6;-20.800001
1521664245122;-1.0;14.3;3.6000001;-2.4;21.6;-20.800001
1521664245164;-1.0;14.2;3.5;-2.4;21.6;-20.800001
1521664245206;-0.90000004;14.2;3.5;-2.4;21.6;-20.800001
1521664245212;-0.90000004;14.2;3.6000001;-2.4;21.6;-20.800001
1521664245241;-0.8;14.2;3.7;-2.4;21.6;-20.800001
1521664245272;-0.7;14.1;3.6000001;-2.4;21.6;-20.800001
1521664245292;-0.7;14.1;3.5;-2.4;21.6;-20.800001
1521664245302;-0.7;14.0;3.5;-2.4;21.6;-20.800001
1521664245332;-0.6;14.0;3.5;-2.4;21.6;-20.800001
1521664245413;-0.4;13.8;3.4;-2.4;21.6;-20.800001
1521664245422;-0.3;13.8;3.4;-2.4;21.6;-20.800001
1521664245442;-0.3;13.8;3.5;-2.4;21.6;-20.800001
1521664245454;-0.2;13.8;3.5;-2.4;21.6;-20.800001
1521664245483;-0.1;13.8;3.5;-2.4;21.6;-20.800001
1521664245513;-0.1;13.8;3.6000001;-2.4;21.6;-20.800001
1521664245533;0.0;13.8;3.5;-2.4;21.6;-20.800001
1521664245562;0.0;13.8;3.6000001;-2.4;21.6;-20.800001
1521664245587;0.1;13.8;3.6000001;-2.4;21.6;-20.800001
1521664245612;0.1;13.8;3.7;-2.4;21.6;-20.800001
1521664245622;0.1;13.8;3.6000001;-2.4;21.6;-20.800001
1521664245632;0.2;13.8;3.7;-2.4;21.6;-20.800001
1521664245643;0.2;13.8;3.8;-2.4;21.6;-20.800001
1521664245662;0.2;13.8;3.9;-2.4;21.6;-20.800001
1521664245692;0.2;13.900001;3.9;-2.4;21.6;-20.800001
1521664245704;0.2;13.8;3.9;-2.4;21.6;-20.800001
1521664245712;0.3;13.7;3.8;-2.4;21.6;-20.800001
1521664245722;0.4;13.6;3.8;-2.4;21.6;-20.800001
1521664245743;0.4;13.5;3.7;-2.4;21.6;-20.800001
1521664245752;0.5;13.5;3.5;-2.4;21.6;-20.800001
1521664245763;0.5;13.400001;3.5;-2.4;21.6;-20.800001
1521664245783;0.6;13.3;3.5;-2.4;21.6;-20.800001
1521664245802;0.6;13.2;3.5;-2.4;21.6;-20.800001
1521664245812;0.7;13.1;3.3;-2.4;21.6;-20.800001
1521664245834;0.7;13.0;3.2;-2.4;21.6;-20.800001
1521664245843;0.8;13.0;3.1000001;-2.4;21.6;-20.800001
1521664245853;0.8;12.900001;3.1000001;-2.4;21.6;-20.800001
1521664245863;0.8;12.8;3.1000001;-2.4;21.6;-20.800001
1521664245875;0.8;12.8;3.0;-2.4;21.6;-20.800001
1521664245888;0.8;12.7;3.0;-2.4;21.6;-20.800001
1521664245894;0.8;12.7;2.9;-2.4;21.6;-20.800001
1521664245924;0.90000004;12.6;2.9;-2.4;21.6;-20.800001
1521664245934;0.90000004;12.6;2.8;-2.4;21.6;-20.800001
1521664245947;0.90000004;12.5;2.7;-2.4;21.6;-20.800001
1521664245956;0.90000004;12.5;2.6000001;-2.4;21.6;-20.800001
1521664245963;1.0;12.400001;2.6000001;-2.4;21.6;-20.800001
1521664245973;1.0;12.3;2.5;-2.4;21.6;-20.800001
1521664245996;1.1;12.3;2.5;-2.4;21.6;-20.800001
1521664246007;1.0;12.3;2.6000001;-2.4;21.6;-20.800001
1521664246014;1.0;12.400001;2.6000001;-2.4;21.6;-20.800001
1521664246042;1.0;12.5;2.6000001;-2.4;21.6;-20.800001
1521664246052;1.0;12.400001;2.7;-2.4;21.6;-20.800001
1521664246063;1.1;12.5;2.7;-2.4;21.6;-20.800001
1521664246094;1.2;12.5;2.6000001;-2.4;21.6;-20.800001
1521664246102;1.1;12.5;2.7;-2.4;21.6;-20.800001
1521664246112;1.1;12.6;2.7;-2.4;21.6;-20.800001
1521664246123;1.2;12.6;2.7;-2.4;21.6;-20.800001
1521664246152;1.2;12.6;2.6000001;-2.4;21.6;-20.800001
1521664246192;1.3000001;12.7;2.5;-2.4;21.6;-20.800001
1521664246202;1.4;12.6;2.5;-2.4;21.6;-20.800001
1521664246213;1.4;12.7;2.5;-2.4;21.6;-20.800001
1521664246222;1.3000001;12.7;2.5;-2.4;21.6;-20.800001
1521664246232;1.3000001;12.7;2.4;-2.4;21.6;-20.800001
1521664246252;1.3000001;12.7;2.5;-2.4;21.6;-20.800001
1521664246262;1.3000001;12.7;2.4;-2.4;21.6;-20.800001
1521664246312;1.3000001;12.7;2.3;-2.4;21.6;-20.800001
1521664246332;1.2;12.7;2.3;-2.4;21.6;-20.800001
1521664246386;1.2;12.8;2.3;-2.4;21.6;-20.800001
1521664246395;1.1;12.7;2.3;-2.4;21.6;-20.800001
1521664246402;1.2;12.7;2.2;-2.4;21.6;-20.800001
1521664246412;1.1;12.7;2.2;-2.4;21.6;-20.800001
1521664246433;1.1;12.7;2.3;-2.4;21.6;-20.800001
1521664246443;1.0;12.7;2.3;-2.4;21.6;-20.800001
1521664246472;0.90000004;12.7;2.4;-2.4;21.6;-20.800001
1521664246495;0.90000004;12.7;2.5;-2.4;21.6;-20.800001
1521664246502;0.8;12.7;2.6000001;-2.4;21.6;-20.800001
1521664246522;0.90000004;12.8;2.6000001;-2.4;21.6;-20.800001
1521664246532;0.8;12.8;2.7;-2.4;21.6;-20.800001
1521664246543;0.8;12.8;2.6000001;-2.4;21.6;-20.800001
1521664246552;0.8;12.8;2.7;-2.4;21.6;-20.800001
1521664246562;0.7;12.8;2.7;-2.4;21.6;-20.800001
1521664246584;0.7;12.900001;2.7;-2.4;21.6;-20.800001
1521664246593;0.6;12.900001;2.8;-2.4;21.6;-20.800001
1521664246606;0.6;12.8;2.6000001;-2.4;21.6;-20.800001
1521664246612;0.6;12.900001;2.7;-2.4;21.6;-20.800001
1521664246622;0.5;12.900001;2.8;-2.4;21.6;-20.800001
1521664246643;0.5;13.0;2.8;-2.4;21.6;-20.800001
1521664246653;0.4;12.900001;2.8;-2.4;21.6;-20.800001
1521664246664;0.4;13.0;2.8;-2.4;21.6;-20.800001
1521664246688;0.3;13.0;2.8;-2.4;21.6;-20.800001
1521664246704;0.3;13.0;2.7;-2.4;21.6;-20.800001
1521664246712;0.2;13.1;2.9;-2.4;21.6;-20.800001
1521664246732;0.2;13.1;2.8;-2.4;21.6;-20.800001
1521664246792;0.2;13.1;2.7;-2.4;21.6;-20.800001
1521664246803;0.2;13.0;2.6000001;-2.4;21.6;-20.800001
1521664246812;0.1;13.1;2.6000001;-2.4;21.6;-20.800001
1521664246852;0.1;13.1;2.5;-2.4;21.6;-20.800001
1521664246864;0.1;13.1;2.6000001;-2.4;21.6;-20.800001
1521664246872;0.1;13.0;2.5;-2.4;21.6;-20.800001
1521664246885;0.0;13.0;2.4;-2.4;21.6;-20.800001
1521664246916;0.0;12.900001;2.4;-2.4;21.6;-20.800001
1521664246923;0.0;13.0;2.4;-2.4;21.6;-20.800001
1521664246932;0.0;12.900001;2.4;-2.4;21.6;-20.800001
1521664246972;0.0;12.900001;2.3;-2.4;21.6;-20.800001
1521664246983;0.0;12.8;2.4;-2.4;21.6;-20.800001
1521664247015;0.0;12.7;2.3;-2.4;21.6;-20.800001
1521664247023;-0.1;12.8;2.4;-2.4;21.6;-20.800001
1521664247033;0.0;12.8;2.3;-2.4;21.6;-20.800001
1521664247053;-0.1;12.7;2.2;-2.4;21.6;-20.800001
1521664247097;-0.1;12.7;2.1000001;-2.4;21.6;-20.800001
1521664247102;-0.1;12.7;2.2;-2.4;21.6;-20.800001
1521664247112;-0.1;12.6;2.2;-2.4;21.6;-20.800001
1521664247122;-0.1;12.6;2.1000001;-2.4;21.6;-20.800001
1521664247144;-0.1;12.6;2.0;-2.4;21.6;-20.800001
1521664247152;0.0;12.6;2.1000001;-2.4;21.6;-20.800001
1521664247203;0.1;12.7;2.3;-2.4;21.6;-20.800001
1521664247211;0.1;12.6;2.2;-2.4;21.6;-20.800001
1521664247222;0.1;12.6;2.1000001;-2.4;21.6;-20.800001
1521664247232;0.2;12.6;2.2;-2.4;21.6;-20.800001
1521664247242;0.2;12.6;2.3;-2.4;21.6;-20.800001
1521664247252;0.1;12.6;2.3;-2.4;21.6;-20.800001
1521664247263;0.1;12.7;2.3;-2.4;21.6;-20.800001
1521664247273;0.2;12.6;2.3;-2.4;21.6;-20.800001
1521664247282;0.2;12.7;2.3;-2.4;21.6;-20.800001
1521664247312;0.2;12.7;2.2;-2.4;21.6;-20.800001
1521664247333;0.3;12.7;2.2;-2.4;21.6;-20.800001
1521664247353;0.3;12.7;2.3;-2.4;21.6;-20.800001
1521664247362;0.3;12.7;2.4;-2.4;21.6;-20.800001
1521664247372;0.3;12.7;2.5;-2.4;21.6;-20.800001
1521664247406;0.3;12.7;2.4;-2.4;21.6;-20.800001
1521664247427;0.3;12.8;2.4;-2.4;21.6;-20.800001
1521664247437;0.2;12.8;2.6000001;-2.4;21.6;-20.800001
1521664247445;0.3;12.900001;2.6000001;-2.4;21.6;-20.800001
1521664247463;0.2;12.900001;2.6000001;-2.4;21.6;-20.800001
1521664247474;0.2;12.900001;2.5;-2.4;21.6;-20.800001
1521664247483;0.2;12.900001;2.4;-2.4;21.6;-20.800001
1521664247504;0.2;12.900001;2.5;-2.4;21.6;-20.800001
1521664247512;0.2;12.900001;2.4;-2.4;21.6;-20.800001
1521664247523;0.1;12.900001;2.4;-2.4;21.6;-20.800001
1521664247532;0.1;13.0;2.3;-2.4;21.6;-20.800001
1521664247563;0.1;13.0;2.2;-2.4;21.6;-20.800001
1521664247572;0.1;13.0;2.3;-2.4;21.6;-20.800001
1521664247603;0.0;13.0;2.3;-2.4;21.6;-20.800001
1521664247612;0.0;13.0;2.4;-2.4;21.6;-20.800001
1521664247652;0.0;13.0;2.3;-2.4;21.6;-20.800001
1521664247703;0.0;13.0;2.4;-2.4;21.6;-20.800001
1521664247712;0.0;12.900001;2.4;-2.4;21.6;-20.800001
1521664247723;0.0;12.900001;2.3;-2.4;21.6;-20.800001
1521664247732;0.1;12.900001;2.3;-2.4;21.6;-20.800001
1521664247743;0.0;12.900001;2.3;-2.4;21.6;-20.800001
1521664247762;0.0;12.8;2.3;-2.4;21.6;-20.800001
1521664247772;0.0;12.8;2.2;-2.4;21.6;-20.800001
1521664247784;0.1;12.8;2.2;-2.4;21.6;-20.800001
1521664247803;0.0;12.8;2.2;-2.4;21.6;-20.800001
1521664247814;0.1;12.7;2.2;-2.4;21.6;-20.800001
1521664247832;0.1;12.6;2.1000001;-2.4;21.6;-20.800001
1521664247851;0.2;12.6;2.1000001;-2.4;21.6;-20.800001
1521664247864;0.1;12.5;2.1000001;-2.4;21.6;-20.800001
1521664247881;0.1;12.5;2.0;-2.4;21.6;-20.800001
1521664247912;0.1;12.400001;1.9;-2.4;21.6;-20.800001
1521664247922;0.2;12.400001;1.9;-2.4;21.6;-20.800001
1521664247932;0.2;12.3;1.8000001;-2.4;21.6;-20.800001
1521664247943;0.1;12.3;1.8000001;-2.4;21.6;-20.800001
1521664247973;0.1;12.3;1.7;-2.4;21.6;-20.800001
1521664247995;0.0;12.2;1.6;-2.4;21.6;-20.800001
1521664248014;0.0;12.2;1.7;-2.4;21.6;-20.800001
1521664248024;0.0;12.2;1.6;-2.4;21.6;-20.800001
1521664248034;0.0;12.1;1.5;-2.4;21.6;-20.800001
1521664248044;0.0;12.0;1.4;-2.4;21.6;-20.800001
1521664248076;-0.1;12.0;1.5;-2.4;21.6;-20.800001
1521664248094;-0.1;11.900001;1.5;-2.4;21.6;-20.800001
1521664248122;-0.1;11.900001;1.6;-2.4;21.6;-20.800001
1521664248132;-0.1;11.900001;1.5;-2.4;21.6;-20.800001
1521664248142;-0.2;11.900001;1.5;-2.4;21.6;-20.800001
1521664248153;-0.2;11.8;1.6;-2.4;21.6;-20.800001
1521664248202;-0.2;11.8;1.5;-2.4;21.6;-20.800001
1521664248212;-0.3;11.8;1.5;-2.4;21.6;-20.800001
1521664248223;-0.4;11.8;1.5;-2.4;21.6;-20.800001
1521664248232;-0.4;11.8;1.4;-2.4;21.6;-20.800001
1521664248242;-0.3;11.7;1.4;-2.4;21.6;-20.800001
1521664248262;-0.3;11.7;1.5;-2.4;21.6;-20.800001
1521664248323;-0.4;11.7;1.5;-2.4;21.6;-20.800001
1521664248336;-0.3;11.7;1.6;-2.4;21.6;-20.800001
1521664248363;-0.3;11.7;1.7;-2.4;21.6;-20.800001
1521664248372;-0.3;11.7;1.6;-2.4;21.6;-20.800001
1521664248414;-0.3;11.8;1.6;-2.4;21.6;-20.800001
1521664248455;-0.3;11.8;1.5;-2.4;21.6;-20.800001
1521664248484;-0.3;11.8;1.4;-2.4;21.6;-20.800001
1521664248506;-0.3;11.900001;1.5;-2.4;21.6;-20.800001
1521664248513;-0.2;11.900001;1.6;-2.4;21.6;-20.800001
1521664248526;-0.2;11.900001;1.7;-2.4;21.6;-20.800001
1521664248555;-0.2;12.0;1.7;-2.4;21.6;-20.800001
1521664248592;-0.2;12.0;1.6;-2.4;21.6;-20.800001
1521664248603;-0.2;12.0;1.7;-2.4;21.6;-20.800001
1521664248613;-0.2;12.0;1.6;-2.4;21.6;-20.800001
1521664248623;-0.1;12.0;1.6;-2.4;21.6;-20.800001
1521664248643;-0.1;12.0;1.7;-2.4;21.6;-20.800001
1521664248653;-0.1;12.1;1.8000001;-2.4;21.6;-20.800001
1521664248673;-0.1;12.1;1.7;-2.4;21.6;-20.800001
1521664248682;-0.1;12.1;1.8000001;-2.4;21.6;-20.800001
1521664248693;-0.1;12.1;1.7;-2.4;21.6;-20.800001
1521664248753;-0.1;12.1;1.8000001;-2.4;21.6;-20.800001
1521664248766;-0.1;12.1;1.9;-2.4;21.6;-20.800001
1521664248774;-0.1;12.2;1.9;-2.4;21.6;-20.800001
1521664248783;-0.1;12.2;2.0;-2.4;21.6;-20.800001
1521664248804;-0.2;12.1;2.0;-2.4;21.6;-20.800001
1521664248814;-0.2;12.2;2.0;-2.4;21.6;-20.800001
1521664248825;-0.2;12.1;2.0;-2.4;21.6;-20.800001
1521664248844;-0.2;12.2;2.0;-2.4;21.6;-20.800001
1521664248925;-0.3;12.2;2.0;-2.4;21.6;-20.800001
1521664248946;-0.2;12.2;2.0;-2.4;21.6;-20.800001
1521664248955;-0.2;12.2;1.9;-2.4;21.6;-20.800001
1521664248993;-0.2;12.2;2.0;-2.4;21.6;-20.800001
1521664249006;-0.2;12.2;1.9;-2.4;21.6;-20.800001
1521664249027;-0.2;12.3;1.9;-2.4;21.6;-20.800001
1521664249054;-0.1;12.3;1.8000001;-2.4;21.6;-20.800001
1521664249101;-0.1;12.3;1.9;-2.4;21.6;-20.800001
1521664249113;-0.1;12.400001;1.8000001;-2.4;21.6;-20.800001
1521664249132;-0.2;12.400001;1.8000001;-2.4;21.6;-20.800001
1521664249142;-0.2;12.5;1.8000001;-2.4;21.6;-20.800001
1521664249152;-0.2;12.400001;1.8000001;-2.4;21.6;-20.800001
1521664249163;-0.2;12.400001;1.7;-2.4;21.6;-20.800001
1521664249212;-0.1;12.5;1.8000001;-2.4;21.6;-20.800001
1521664249243;-0.1;12.5;1.9;-2.4;21.6;-20.800001
1521664249262;-0.1;12.5;2.0;-2.4;21.6;-20.800001
1521664249273;-0.1;12.5;1.9;-2.4;21.6;-20.800001
1521664249282;-0.2;12.6;2.0;-2.4;21.6;-20.800001
1521664249304;-0.2;12.6;2.1000001;-2.4;21.6;-20.800001
1521664249312;-0.2;12.6;2.0;-2.4;21.6;-20.800001
1521664249322;-0.1;12.5;2.0;-2.4;21.6;-20.800001
1521664249336;-0.2;12.6;2.0;-2.4;21.6;-20.800001
1521664249347;-0.2;12.5;1.9;-2.4;21.6;-20.800001
1521664249355;-0.2;12.6;1.9;-2.4;21.6;-20.800001
1521664249375;-0.2;12.6;2.0;-2.4;21.6;-20.800001
1521664249382;-0.3;12.7;2.0;-2.4;21.6;-20.800001
1521664249392;-0.2;12.6;1.9;-2.4;21.6;-20.800001
1521664249412;-0.2;12.6;2.0;-2.4;21.6;-20.800001
1521664249432;-0.2;12.6;2.1000001;-2.4;21.6;-20.800001
1521664249443;-0.2;12.6;2.0;-2.4;21.6;-20.800001
1521664249454;-0.1;12.6;2.0;-2.4;21.6;-20.800001
1521664249473;-0.2;12.7;2.0;-2.4;21.6;-20.800001
1521664249487;-0.2;12.7;2.1000001;-2.4;21.6;-20.800001
1521664249525;-0.1;12.7;2.1000001;-2.4;21.6;-20.800001
1521664249534;-0.2;12.7;2.1000001;-2.4;21.6;-20.800001
1521664249544;-0.2;12.8;2.1000001;-2.4;21.6;-20.800001
1521664249554;-0.2;12.7;2.1000001;-2.4;21.6;-20.800001
1521664249564;-0.2;12.8;2.1000001;-2.4;21.6;-20.800001
1521664249574;-0.2;12.8;2.2;-2.4;21.6;-20.800001
1521664249584;-0.2;12.8;2.1000001;-2.4;21.6;-20.800001
1521664249606;-0.1;12.8;2.2;-2.4;21.6;-20.800001
1521664249613;-0.1;12.900001;2.2;-2.4;21.6;-20.800001
1521664249624;-0.1;12.900001;2.3;-2.4;21.6;-20.800001
1521664249633;-0.1;12.900001;2.2;-2.4;21.6;-20.800001
1521664249653;-0.1;12.900001;2.3;-2.4;21.6;-20.800001
1521664249672;0.0;12.900001;2.4;-2.4;21.6;-20.800001
1521664249694;0.0;13.0;2.5;-2.4;21.6;-20.800001
1521664249733;0.0;13.0;2.4;-2.4;21.6;-20.800001
1521664249743;0.1;13.1;2.5;-2.4;21.6;-20.800001
1521664249753;0.0;13.1;2.5;-2.4;21.6;-20.800001
1521664249763;0.0;13.1;2.6000001;-2.4;21.6;-20.800001
1521664249773;0.1;13.1;2.5;-2.4;21.6;-20.800001
1521664249814;0.0;13.1;2.5;-2.4;21.6;-20.800001
1521664249824;0.0;13.2;2.5;-2.4;21.6;-20.800001
1521664249863;0.1;13.2;2.6000001;-2.4;21.6;-20.800001
1521664249873;0.1;13.2;2.4;-2.4;21.6;-20.800001
1521664249884;0.0;13.2;2.4;-2.4;21.6;-20.800001
1521664249894;0.0;13.2;2.5;-2.4;21.6;-20.800001
1521664249935;0.0;13.2;2.6000001;-2.4;21.6;-20.800001
1521664249945;-0.1;13.2;2.5;-2.4;21.6;-20.800001
1521664249965;-0.1;13.2;2.4;-2.4;21.6;-20.800001
1521664249992;-0.1;13.2;2.3;-2.4;21.6;-20.800001
1521664250005;-0.1;13.1;2.3;-2.4;21.6;-20.800001
1521664250013;-0.1;13.1;2.4;-2.4;21.6;-20.800001
1521664250034;-0.2;13.1;2.4;-2.4;21.6;-20.800001
1521664250063;-0.2;13.1;2.3;-2.4;21.6;-20.800001
1521664250072;-0.2;13.1;2.4;-2.4;21.6;-20.800001
1521664250093;-0.3;13.1;2.4;-2.4;21.6;-20.800001
1521664250116;-0.3;13.2;2.4;-2.4;21.6;-20.800001
1521664250124;-0.3;13.2;2.5;-2.4;21.6;-20.800001
1521664250162;-0.4;13.2;2.5;-2.4;21.6;-20.800001
1521664250203;-0.4;13.3;2.7;-2.4;21.6;-20.800001
1521664250222;-0.5;13.3;2.8;-2.4;21.6;-20.800001
1521664250252;-0.4;13.3;2.9;-2.4;21.6;-20.800001
1521664250264;-0.4;13.3;2.8;-2.4;21.6;-20.800001
1521664250282;-0.4;13.3;2.7;-2.4;21.6;-20.800001
1521664250292;-0.4;13.3;2.8;-2.4;21.6;-20.800001
1521664250302;-0.5;13.3;2.7;-2.4;21.6;-20.800001
1521664250323;-0.4;13.3;2.7;-2.4;21.6;-20.800001
1521664250344;-0.5;13.3;2.7;-2.4;21.6;-20.800001
1521664250355;-0.4;13.2;2.7;-2.4;21.6;-20.800001
1521664250372;-0.4;13.2;2.6000001;-2.4;21.6;-20.800001
1521664250393;-0.4;13.1;2.6000001;-2.4;21.6;-20.800001
1521664250404;-0.4;13.1;2.5;-2.4;21.6;-20.800001
1521664250413;-0.3;13.0;2.5;-2.4;21.6;-20.800001
1521664250424;-0.3;13.0;2.4;-2.4;21.6;-20.800001
1521664250445;-0.3;13.0;2.3;-2.4;21.6;-20.800001
1521664250455;-0.3;12.900001;2.3;-2.4;21.6;-20.800001
1521664250476;-0.3;12.900001;2.2;-2.4;21.6;-20.800001
1521664250495;-0.2;12.8;2.0;-2.4;21.6;-20.800001
1521664250523;-0.2;12.6;1.8000001;-2.4;21.6;-20.800001
1521664250533;-0.1;12.6;1.9;-2.4;21.6;-20.800001
1521664250543;-0.1;12.6;1.8000001;-2.4;21.6;-20.800001
1521664250553;-0.2;12.6;1.7;-2.4;21.6;-20.800001
1521664250585;-0.2;12.6;1.6;-2.4;21.6;-20.800001
1521664250596;-0.1;12.6;1.6;-2.4;21.6;-20.800001
1521664250603;-0.1;12.6;1.7;-2.4;21.6;-20.800001
1521664250624;-0.2;12.5;1.6;-2.4;21.6;-20.800001
1521664250633;-0.1;12.5;1.6;-2.4;21.6;-20.800001
1521664250665;-0.2;12.5;1.6;-2.4;21.6;-20.800001
1521664250694;-0.2;12.400001;1.5;-2.4;21.6;-20.800001
1521664250706;-0.2;12.5;1.6;-2.4;21.6;-20.800001
1521664250716;-0.3;12.5;1.6;-2.4;21.6;-20.800001
1521664250722;-0.3;12.6;1.7;-2.4;21.6;-20.800001
1521664250753;-0.3;12.5;1.8000001;-2.4;21.6;-20.800001
1521664250784;-0.3;12.5;1.7;-2.4;21.6;-20.800001
1521664250814;-0.4;12.6;1.8000001;-2.4;21.6;-20.800001
1521664250825;-0.3;12.6;1.8000001;-2.4;21.6;-20.800001
1521664250863;-0.3;12.5;1.9;-2.4;21.6;-20.800001
1521664250873;-0.4;12.5;1.9;-2.4;21.6;-20.800001
1521664250886;-0.4;12.5;2.0;-2.4;21.6;-20.800001
1521664250915;-0.4;12.5;1.9;-2.4;21.6;-20.800001
1521664250925;-0.4;12.5;2.0;-2.4;21.6;-20.800001
1521664250953;-0.4;12.5;2.1000001;-2.4;21.6;-20.800001
1521664250965;-0.4;12.6;2.1000001;-2.4;21.6;-20.800001
1521664250975;-0.4;12.5;2.1000001;-2.4;21.6;-20.800001
1521664251012;-0.3;12.5;2.1000001;-2.4;21.6;-20.800001
1521664251024;-0.3;12.5;2.0;-2.4;21.6;-20.800001
1521664251034;-0.2;12.400001;2.1000001;-2.4;21.6;-20.800001
1521664251045;-0.3;12.5;2.1000001;-2.4;21.6;-20.800001
1521664251054;-0.3;12.5;2.0;-2.4;21.6;-20.800001
1521664251064;-0.3;12.400001;2.0;-2.4;21.6;-20.800001
1521664251074;-0.2;12.5;2.0;-2.4;21.6;-20.800001
1521664251085;-0.2;12.5;2.2;-2.4;21.6;-20.800001
1521664251112;-0.3;12.5;2.1000001;-2.4;21.6;-20.800001
1521664251122;-0.3;12.5;2.2;-2.4;21.6;-20.800001
1521664251152;-0.3;12.5;2.3;-2.4;21.6;-20.800001
1521664251172;-0.3;12.5;2.4;-2.4;21.6;-20.800001
1521664251202;-0.3;12.5;2.3;-2.4;21.6;-20.800001
1521664251212;-0.3;12.6;2.4;-2.4;21.6;-20.800001
1521664251232;-0.3;12.6;2.3;-2.4;21.6;-20.800001
1521664251262;-0.3;12.5;2.2;-2.4;21.6;-20.800001
1521664251273;-0.3;12.6;2.2;-2.4;21.6;-20.800001
1521664251284;-0.3;12.5;2.2;-2.4;21.6;-20.800001
1521664251323;-0.4;12.5;2.2;-2.4;21.6;-20.800001
1521664251345;-0.4;12.5;2.1000001;-2.4;21.6;-20.800001
1521664251352;-0.4;12.5;2.2;-2.4;21.6;-20.800001
1521664251363;-0.4;12.5;2.1000001;-2.4;21.6;-20.800001
1521664251413;-0.3;12.400001;2.0;-2.4;21.6;-20.800001
1521664251425;-0.4;12.5;2.0;-2.4;21.6;-20.800001
1521664251452;-0.5;12.5;2.0;-2.4;21.6;-20.800001
1521664251466;-0.5;12.400001;1.9;-2.4;21.6;-20.800001
1521664251473;-0.4;12.400001;2.0;-2.4;21.6;-20.800001
1521664251495;-0.4;12.400001;1.9;-2.4;21.6;-20.800001
1521664251512;-0.4;12.3;1.8000001;-2.4;21.6;-20.800001
1521664251526;-0.4;12.400001;1.9;-2.4;21.6;-20.800001
1521664251535;-0.4;12.3;1.9;-2.4;21.6;-20.800001
1521664251565;-0.4;12.3;2.0;-2.4;21.6;-20.800001
1521664251585;-0.4;12.400001;2.0;-2.4;21.6;-20.800001
1521664251593;-0.4;12.3;2.0;-2.4;21.6;-20.800001
1521664251644;-0.4;12.3;2.1000001;-2.4;21.6;-20.800001
1521664251653;-0.4;12.3;2.0;-2.4;21.6;-20.800001
1521664251692;-0.5;12.3;2.0;-2.4;21.6;-20.800001
1521664251723;-0.5;12.2;1.9;-2.4;21.6;-20.800001
1521664251732;-0.5;12.3;2.0;-2.4;21.6;-20.800001
1521664251744;-0.5;12.2;2.0;-2.4;21.6;-20.800001
1521664251773;-0.6;12.2;2.0;-2.4;21.6;-20.800001
1521664251782;-0.6;12.2;1.9;-2.4;21.6;-20.800001
1521664251812;-0.6;12.2;2.0;-2.4;21.6;-20.800001
1521664251823;-0.6;12.1;1.9;-2.4;21.6;-20.800001
1521664251832;-0.7;12.1;1.8000001;-2.4;21.6;-20.800001
1521664251842;-0.7;12.1;1.7;-2.4;21.6;-20.800001
1521664251883;-0.8;12.1;1.7;-2.4;21.6;-20.800001
1521664251903;-0.8;12.0;1.7;-2.4;21.6;-20.800001
1521664251964;-0.8;12.0;1.8000001;-2.4;21.6;-20.800001
1521664251994;-0.8;12.0;1.9;-2.4;21.6;-20.800001
1521664252035;-0.8;11.900001;1.8000001;-2.4;21.6;-20.800001
1521664252054;-0.8;11.900001;1.7;-2.4;21.6;-20.800001
1521664252074;-0.8;11.8;1.7;-2.4;21.6;-20.800001
1521664252084;-0.90000004;11.8;1.7;-2.4;21.6;-20.800001
1521664252124;-1.0;11.8;1.7;-2.4;21.6;-20.800001
1521664252132;-1.0;11.900001;1.8000001;-2.4;21.6;-20.800001
1521664252164;-1.0;11.8;1.8000001;-2.4;21.6;-20.800001
1521664252223;-1.1;11.8;1.7;-2.4;21.6;-20.800001
1521664252233;-1.1;11.8;1.6;-2.4;21.6;-20.800001
1521664252242;-1.2;11.900001;1.7;-2.4;21.6;-20.800001
1521664252252;-1.2;11.900001;1.6;-2.4;21.6;-20.800001
1521664252262;-1.2;11.8;1.6;-2.4;21.6;-20.800001
1521664252282;-1.3000001;11.8;1.6;-2.4;21.6;-20.800001
1521664252292;-1.2;11.8;1.5;-2.4;21.6;-20.800001
1521664252303;-1.2;11.8;1.4;-2.4;21.6;-20.800001
1521664252313;-1.2;11.8;1.5;-2.4;21.6;-20.800001
1521664252346;-1.3000001;11.900001;1.6;-2.4;21.6;-20.800001
1521664252354;-1.3000001;11.900001;1.7;-2.4;21.6;-20.800001
1521664252372;-1.3000001;11.900001;1.8000001;-2.4;21.6;-20.800001
1521664252383;-1.2;11.900001;1.7;-2.4;21.6;-20.800001
1521664252415;-1.2;11.8;1.7;-2.4;21.6;-20.800001
1521664252434;-1.1;11.8;1.6;-2.4;21.6;-20.800001
1521664252444;-1.1;11.900001;1.6;-2.4;21.6;-20.800001
1521664252465;-1.1;11.900001;1.7;-2.4;21.6;-20.800001
1521664252494;-1.1;11.900001;1.8000001;-2.4;21.6;-20.800001
1521664252504;-1.1;11.900001;1.7;-2.4;21.6;-20.800001
1521664252513;-1.1;11.900001;1.6;-2.4;21.6;-20.800001
1521664252534;-1.0;11.900001;1.6;-2.4;21.6;-20.800001
1521664252547;-0.90000004;11.8;1.6;-2.4;21.6;-20.800001
1521664252573;-0.90000004;11.8;1.7;-2.4;21.6;-20.800001
1521664252623;-0.90000004;11.8;1.8000001;-2.4;21.6;-20.800001
1521664252643;-0.90000004;11.8;1.6;-2.4;21.6;-20.800001
1521664252652;-0.8;11.8;1.6;-2.4;21.6;-20.800001
1521664252685;-0.8;11.8;1.7;-2.4;21.6;-20.800001
1521664252704;-0.90000004;11.8;1.7;-2.4;21.6;-20.800001
1521664252727;-0.90000004;11.8;1.8000001;-2.4;21.6;-20.800001
1521664252753;-0.90000004;11.7;1.7;-2.4;21.6;-20.800001
1521664252763;-0.90000004;11.7;1.8000001;-2.4;21.6;-20.800001
1521664252813;-1.0;11.7;1.9;-2.4;21.6;-20.800001
1521664252833;-1.0;11.7;2.0;-2.4;21.6;-20.800001
1521664252843;-1.0;11.7;1.9;-2.4;21.6;-20.800001
1521664252852;-1.0;11.7;2.0;-2.4;21.6;-20.800001
1521664252872;-1.0;11.6;2.0;-2.4;21.6;-20.800001
1521664252942;-1.0;11.6;2.1000001;-2.4;21.6;-20.800001
1521664252973;-1.0;11.6;2.0;-2.4;21.6;-20.800001
1521664252985;-1.1;11.6;2.1000001;-2.4;21.6;-20.800001
1521664253003;-1.0;11.6;2.1000001;-2.4;21.6;-20.800001
1521664253067;-1.0;11.7;2.0;-2.4;21.6;-20.800001
1521664253085;-1.0;11.7;2.1000001;-2.4;21.6;-20.800001
1521664253121;-1.0;11.7;2.0;-2.4;21.6;-20.800001
1521664253132;-0.90000004;11.7;2.0;-2.4;21.6;-20.800001
1521664253143;-1.0;11.7;2.0;-2.4;21.6;-20.800001
1521664253152;-0.90000004;11.7;2.0;-2.4;21.6;-20.800001
1521664253162;-1.0;11.8;2.1000001;-2.4;21.6;-20.800001
1521664253213;-1.0;11.8;2.0;-2.4;21.6;-20.800001
1521664253222;-1.0;11.8;1.9;-2.4;21.6;-20.800001
1521664253242;-1.0;11.900001;1.9;-2.4;21.6;-20.800001
1521664253264;-1.0;11.900001;2.0;-2.4;21.6;-20.800001
1521664253273;-1.0;12.0;2.0;-2.4;21.6;-20.800001
1521664253312;-1.0;12.0;1.9;-2.4;21.6;-20.800001
1521664253332;-1.0;12.0;2.0;-2.4;21.6;-20.800001
1521664253343;-1.0;12.0;1.9;-2.4;21.6;-20.800001
1521664253365;-1.0;12.1;2.0;-2.4;21.6;-20.800001
1521664253374;-1.1;12.1;1.9;-2.4;21.6;-20.800001
1521664253385;-1.1;12.1;1.8000001;-2.4;21.6;-20.800001
1521664253436;-1.1;12.0;1.8000001;-2.4;21.6;-20.800001
1521664253447;-1.1;12.1;1.8000001;-2.4;21.6;-20.800001
1521664253455;-1.2;12.1;1.8000001;-2.4;21.6;-20.800001
1521664253464;-1.1;12.0;1.7;-2.4;21.6;-20.800001
1521664253475;-1.2;12.1;1.7;-2.4;21.6;-20.800001
1521664253495;-1.2;12.1;1.8000001;-2.4;21.6;-20.800001
1521664253505;-1.2;12.1;1.7;-2.4;21.6;-20.800001
1521664253513;-1.3000001;12.1;1.8000001;-2.4;21.6;-20.800001
1521664253524;-1.3000001;12.1;1.9;-2.4;21.6;-20.800001
1521664253535;-1.3000001;12.1;1.8000001;-2.4;21.6;-20.800001
1521664253545;-1.3000001;12.1;1.7;-2.4;21.6;-20.800001
1521664253565;-1.3000001;12.0;1.7;-2.4;21.6;-20.800001
1521664253584;-1.3000001;12.0;1.6;-2.4;21.6;-20.800001
1521664253604;-1.4;12.0;1.6;-2.4;21.6;-20.800001
1521664253675;-1.4;11.900001;1.6;-2.4;21.6;-20.800001
1521664253686;-1.4;12.0;1.7;-2.4;21.6;-20.800001
1521664253714;-1.4;11.900001;1.7;-2.4;21.6;-20.800001
1521664253732;-1.3000001;12.0;1.7;-2.4;21.6;-20.800001
1521664253743;-1.3000001;12.0;1.8000001;-2.4;21.6;-20.800001
1521664253753;-1.3000001;11.900001;1.8000001;-2.4;21.6;-20.800001
1521664253763;-1.3000001;11.900001;1.7;-2.4;21.6;-20.800001
1521664253805;-1.3000001;11.900001;1.8000001;-2.4;21.6;-20.800001
1521664253815;-1.2;11.8;1.7;-2.4;21.6;-20.800001
1521664253885;-1.2;11.900001;1.7;-2.4;21.6;-20.800001
1521664253893;-1.3000001;11.900001;1.8000001;-2.4;21.6;-20.800001
1521664253903;-1.2;11.900001;1.7;-2.4;21.6;-20.800001
1521664253912;-1.2;11.900001;1.8000001;-2.4;21.6;-20.800001
1521664253924;-1.2;11.900001;1.7;-2.4;21.6;-20.800001
1521664253932;-1.2;11.900001;1.8000001;-2.4;21.6;-20.800001
1521664253984;-1.2;12.0;1.8000001;-2.4;21.6;-20.800001
1521664254036;-1.2;12.0;1.7;-2.4;21.6;-20.800001
1521664254065;-1.2;12.0;1.8000001;-2.4;21.6;-20.800001
1521664254073;-1.2;12.1;1.7;-2.4;21.6;-20.800001
1521664254083;-1.3000001;12.1;1.8000001;-2.4;21.6;-20.800001
1521664254106;-1.3000001;12.2;1.8000001;-2.4;21.6;-20.800001
1521664254122;-1.3000001;12.2;1.9;-2.4;21.6;-20.800001
1521664254132;-1.3000001;12.3;2.0;-2.4;21.6;-20.800001
1521664254142;-1.3000001;12.3;1.9;-2.4;21.6;-20.800001
1521664254164;-1.4;12.400001;2.0;-2.4;21.6;-20.800001
1521664254172;-1.4;12.5;2.0;-2.4;21.6;-20.800001
1521664254203;-1.5;12.6;2.0;-2.4;21.6;-20.800001
1521664254227;-1.5;12.7;2.2;-2.4;21.6;-20.800001
1521664254232;-1.6;12.8;2.2;-2.4;21.6;-20.800001
1521664254252;-1.7;12.900001;2.3;-2.4;21.6;-20.800001
1521664254264;-1.7;13.0;2.3;-2.4;21.6;-20.800001
1521664254276;-1.8000001;13.0;2.3;-2.4;21.6;-20.800001
1521664254283;-1.8000001;13.1;2.4;-2.4;21.6;-20.800001
1521664254293;-1.8000001;13.2;2.5;-2.4;21.6;-20.800001
1521664254302;-1.9;13.2;2.6000001;-2.4;21.6;-20.800001
1521664254312;-1.9;13.3;2.7;-2.4;21.6;-20.800001
1521664254322;-2.0;13.400001;2.8;-2.4;21.6;-20.800001
1521664254332;-2.0;13.5;2.9;-2.4;21.6;-20.800001
1521664254345;-2.1000001;13.6;3.0;-2.4;21.6;-20.800001
1521664254363;-2.2;13.7;3.0;-2.4;21.6;-20.800001
1521664254373;-2.2;13.8;3.1000001;-2.4;21.6;-20.800001
1521664254395;-2.2;13.900001;3.1000001;-2.4;21.6;-20.800001
1521664254404;-2.3;13.900001;3.1000001;-2.4;21.6;-20.800001
1521664254412;-2.3;14.0;3.1000001;-2.4;21.6;-20.800001
1521664254423;-2.4;14.0;3.2;-2.4;21.6;-20.800001
1521664254432;-2.4;14.1;3.2;-2.4;21.6;-20.800001
1521664254442;-2.4;14.2;3.3;-2.4;21.6;-20.800001
1521664254463;-2.4;14.2;3.4;-2.4;21.6;-20.800001
1521664254483;-2.4;14.2;3.5;-2.4;21.6;-20.800001
1521664254512;-2.4;14.3;3.5;-2.4;21.6;-20.800001
1521664254583;-2.4;14.3;3.4;-2.4;21.6;-20.800001
1521664254602;-2.4;14.3;3.3;-2.4;21.6;-20.800001
1521664254612;-2.3;14.2;3.2;-2.4;21.6;-20.800001
1521664254672;-2.2;14.2;3.2;-2.4;21.6;-20.800001
1521664254683;-2.2;14.1;3.2;-2.4;21.6;-20.800001
1521664254692;-2.2;14.2;3.2;-2.4;21.6;-20.800001
1521664254704;-2.2;14.2;3.3;-2.4;21.6;-20.800001
1521664254722;-2.2;14.2;3.2;-2.4;21.6;-20.800001
1521664254731;-2.2;14.2;3.3;-2.4;21.6;-20.800001
1521664254752;-2.1000001;14.2;3.3;-2.4;21.6;-20.800001
1521664254763;-2.1000001;14.2;3.2;-2.4;21.6;-20.800001
1521664254783;-2.0;14.2;3.2;-2.4;21.6;-20.800001
1521664254792;-2.0;14.3;3.1000001;-2.4;21.6;-20.800001
1521664254802;-2.0;14.3;3.2;-2.4;21.6;-20.800001
1521664254823;-1.9;14.3;3.2;-2.4;21.6;-20.800001
1521664254851;-1.9;14.400001;3.2;-2.4;21.6;-20.800001
1521664254861;-1.8000001;14.400001;3.2;-2.4;21.6;-20.800001
1521664254891;-1.8000001;14.5;3.2;-2.4;21.6;-20.800001
1521664254911;-1.8000001;14.6;3.3;-2.4;21.6;-20.800001
1521664254942;-1.7;14.6;3.4;-2.4;21.6;-20.800001
1521664254951;-1.7;14.7;3.4;-2.4;21.6;-20.800001
1521664254961;-1.7;14.6;3.4;-2.4;21.6;-20.800001
1521664254971;-1.6;14.6;3.5;-2.4;21.6;-20.800001
1521664254981;-1.5;14.6;3.5;-2.4;21.6;-20.800001
1521664254991;-1.5;14.5;3.4;-2.4;21.6;-20.800001
1521664255002;-1.4;14.5;3.5;-2.4;21.6;-20.800001
1521664255021;-1.5;14.5;3.6000001;-2.4;21.6;-20.800001
1521664255031;-1.4;14.6;3.6000001;-2.4;21.6;-20.800001
1521664255051;-1.4;14.6;3.5;-2.4;21.6;-20.800001
1521664255063;-1.4;14.6;3.6000001;-2.4;21.6;-20.800001
1521664255072;-1.3000001;14.7;3.7;-2.4;21.6;-20.800001
1521664255081;-1.4;14.7;3.6000001;-2.4;21.6;-20.800001
1521664255111;-1.4;14.7;3.7;-2.4;21.6;-20.800001
1521664255142;-1.4;14.7;3.8;-2.4;21.6;-20.800001
1521664255152;-1.3000001;14.7;3.8;-2.4;21.6;-20.800001
1521664255162;-1.4;14.7;3.8;-2.4;21.6;-20.800001
1521664255182;-1.4;14.7;3.9;-2.4;21.6;-20.800001
1521664255211;-1.4;14.7;4.0;-2.4;21.6;-20.800001
1521664255221;-1.4;14.6;4.0;-2.4;21.6;-20.800001
1521664255231;-1.3000001;14.6;4.0;-2.4;21.6;-20.800001
1521664255243;-1.3000001;14.6;3.9;-2.4;21.6;-20.800001
1521664255251;-1.3000001;14.6;3.8;-2.4;21.6;-20.800001
1521664255281;-1.3000001;14.5;3.7;-2.4;21.6;-20.800001
1521664255302;-1.2;14.400001;3.6000001;-2.4;21.6;-20.800001
1521664255311;-1.1;14.3;3.4;-2.4;21.6;-20.800001
1521664255321;-1.1;14.3;3.3;-2.4;21.6;-20.800001
1521664255331;-1.0;14.2;3.2;-2.4;21.6;-20.800001
1521664255341;-1.0;14.2;3.1000001;-2.4;21.6;-20.800001
1521664255351;-0.90000004;14.1;3.0;-2.4;21.6;-20.800001
1521664255362;-0.8;14.0;2.9;-2.4;21.6;-20.800001
1521664255371;-0.8;13.900001;2.8;-2.4;21.6;-20.800001
1521664255381;-0.7;13.8;2.8;-2.4;21.6;-20.800001
1521664255391;-0.6;13.7;2.7;-2.4;21.6;-20.800001
1521664255411;-0.5;13.6;2.6000001;-2.4;21.6;-20.800001
1521664255423;-0.4;13.5;2.5;-2.4;21.6;-20.800001
1521664255431;-0.4;13.5;2.4;-2.4;21.6;-20.800001
1521664255442;-0.3;13.400001;2.3;-2.4;21.6;-20.800001
1521664255451;-0.3;13.3;2.2;-2.4;21.6;-20.800001
1521664255461;-0.2;13.2;2.1000001;-2.4;21.6;-20.800001
1521664255471;-0.1;13.1;2.1000001;-2.4;21.6;-20.800001
1521664255482;-0.1;13.1;1.9;-2.4;21.6;-20.800001
1521664255491;0.0;13.0;1.8000001;-2.4;21.6;-20.800001
1521664255501;0.1;12.900001;1.8000001;-2.4;21.6;-20.800001
1521664255511;0.1;12.8;1.7;-2.4;21.6;-20.800001
1521664255521;0.2;12.8;1.5;-2.4;21.6;-20.800001
1521664255542;0.2;12.7;1.5;-2.4;21.6;-20.800001
1521664255551;0.3;12.7;1.4;-2.4;21.6;-20.800001
1521664255562;0.2;12.7;1.4;-2.4;21.6;-20.800001
1521664255603;0.2;12.7;1.3000001;-2.4;21.6;-20.800001
1521664255622;0.2;12.7;1.4;-2.4;21.6;-20.800001
1521664255631;0.2;12.8;1.4;-2.4;21.6;-20.800001
1521664255642;0.2;12.7;1.4;-2.4;21.6;-20.800001
1521664255651;0.1;12.8;1.5;-2.4;21.6;-20.800001
1521664255662;0.1;12.900001;1.6;-2.4;21.6;-20.800001
1521664255672;0.1;13.0;1.7;-2.4;21.6;-20.800001
1521664255681;0.0;13.0;1.7;-2.4;21.6;-20.800001
1521664255691;-0.1;13.1;1.8000001;-2.4;21.6;-20.800001
1521664255711;-0.2;13.2;1.8000001;-2.4;21.6;-20.800001
1521664255722;-0.2;13.3;1.9;-2.4;21.6;-20.800001
1521664255731;-0.3;13.3;1.9;-2.4;21.6;-20.800001
1521664255741;-0.3;13.400001;2.0;-2.4;21.6;-20.800001
1521664255751;-0.4;13.400001;2.0;-2.4;21.6;-20.800001
1521664255762;-0.4;13.5;2.1000001;-2.4;21.6;-20.800001
1521664255771;-0.4;13.6;2.2;-2.4;21.6;-20.800001
1521664255783;-0.5;13.6;2.3;-2.4;21.6;-20.800001
1521664255793;-0.5;13.7;2.4;-2.4;21.6;-20.800001
1521664255803;-0.6;13.8;2.5;-2.4;21.6;-20.800001
1521664255813;-0.7;13.8;2.6000001;-2.4;21.6;-20.800001
1521664255824;-0.8;13.900001;2.7;-2.4;21.6;-20.800001
1521664255833;-0.8;13.900001;2.8;-2.4;21.6;-20.800001
1521664255844;-0.8;13.900001;2.9;-2.4;21.6;-20.800001
1521664255855;-0.90000004;14.0;3.0;-2.4;21.6;-20.800001
1521664255863;-1.0;14.0;3.0;-2.4;21.6;-20.800001
1521664255872;-1.0;14.1;3.1000001;-2.4;21.6;-20.800001
1521664255883;-1.1;14.1;3.2;-2.4;21.6;-20.800001
1521664255903;-1.1;14.2;3.4;-2.4;21.6;-20.800001
1521664255914;-1.2;14.2;3.4;-2.4;21.6;-20.800001
1521664255927;-1.3000001;14.3;3.4;-2.4;21.6;-20.800001
1521664255933;-1.3000001;14.3;3.5;-2.4;21.6;-20.800001
1521664255944;-1.3000001;14.3;3.6000001;-2.4;21.6;-20.800001
1521664255952;-1.4;14.3;3.6000001;-2.4;21.6;-20.800001
1521664255992;-1.4;14.2;3.6000001;-2.4;21.6;-20.800001
1521664256012;-1.5;14.2;3.6000001;-2.4;21.6;-20.800001
1521664256032;-1.5;14.1;3.6000001;-2.4;21.6;-20.800001
1521664256062;-1.5;14.1;3.7;-2.4;21.6;-20.800001
1521664256072;-1.5;14.0;3.7;-2.4;21.6;-20.800001
1521664256095;-1.5;14.0;3.6000001;-2.4;21.6;-20.800001
1521664256112;-1.5;14.0;3.5;-2.4;21.6;-20.800001
1521664256123;-1.5;13.900001;3.5;-2.4;21.6;-20.800001
1521664256134;-1.5;13.900001;3.4;-2.4;21.6;-20.800001
1521664256145;-1.5;13.900001;3.3;-2.4;21.6;-20.800001
1521664256162;-1.4;13.900001;3.3;-2.4;21.6;-20.800001
1521664256232;-1.5;13.900001;3.3;-2.4;21.6;-20.800001
1521664256242;-1.5;14.0;3.3;-2.4;21.6;-20.800001
1521664256253;-1.4;13.900001;3.2;-2.4;21.6;-20.800001
1521664256265;-1.4;13.8;3.1000001;-2.4;21.6;-20.800001
1521664256272;-1.3000001;13.8;3.1000001;-2.4;21.6;-20.800001
1521664256282;-1.3000001;13.7;3.1000001;-2.4;21.6;-20.800001
1521664256292;-1.2;13.7;3.0;-2.4;21.6;-20.800001
1521664256303;-1.2;13.6;3.0;-2.4;21.6;-20.800001
1521664256313;-1.1;13.6;2.9;-2.4;21.6;-20.800001
1521664256324;-1.1;13.6;2.8;-2.4;21.6;-20.800001
1521664256332;-1.0;13.5;2.8;-2.4;21.6;-20.800001
1521664256345;-1.0;13.5;2.7;-2.4;21.6;-20.800001
1521664256356;-0.90000004;13.400001;2.6000001;-2.4;21.6;-20.800001
1521664256375;-0.90000004;13.3;2.4;-2.4;21.6;-20.800001
1521664256395;-0.8;13.2;2.4;-2.4;21.6;-20.800001
1521664256406;-0.7;13.1;2.3;-2.4;21.6;-20.800001
1521664256416;-0.7;13.0;2.3;-2.4;21.6;-20.800001
1521664256435;-0.6;12.900001;2.1000001;-2.4;21.6;-20.800001
1521664256456;-0.5;12.8;2.1000001;-2.4;21.6;-20.800001
1521664256468;-0.5;12.8;2.2;-2.4;21.6;-20.800001
1521664256483;-0.4;12.7;1.9;-2.4;21.6;-20.800001
1521664256494;-0.3;12.6;1.9;-2.4;21.6;-20.800001
1521664256505;-0.3;12.5;1.8000001;-2.4;21.6;-20.800001
1521664256513;-0.2;12.5;1.9;-2.4;21.6;-20.800001
1521664256524;-0.2;12.400001;1.8000001;-2.4;21.6;-20.800001
1521664256533;-0.1;12.3;1.7;-2.4;21.6;-20.800001
1521664256564;-0.1;12.3;1.6;-2.4;21.6;-20.800001
1521664256604;-0.1;12.2;1.7;-2.4;21.6;-20.800001
1521664256624;-0.1;12.2;1.8000001;-2.4;21.6;-20.800001
1521664256634;-0.1;12.2;1.9;-2.4;21.6;-20.800001
1521664256665;-0.1;12.2;2.0;-2.4;21.6;-20.800001
1521664256713;-0.1;12.3;2.0;-2.4;21.6;-20.800001
1521664256743;-0.2;12.3;2.0;-2.4;21.6;-20.800001
1521664256754;-0.2;12.3;1.9;-2.4;21.6;-20.800001
1521664256765;-0.2;12.2;1.9;-2.4;21.6;-20.800001
1521664256795;-0.3;12.2;1.9;-2.4;21.6;-20.800001
1521664256811;-0.3;12.2;2.0;-2.4;21.6;-20.800001
1521664256823;-0.2;12.2;2.0;-2.4;21.6;-20.800001
1521664256843;-0.3;12.3;2.0;-2.4;21.6;-20.800001
1521664256854;-0.3;12.3;2.1000001;-2.4;21.6;-20.800001
1521664256875;-0.3;12.3;2.2;-2.4;21.6;-20.800001
1521664256882;-0.3;12.3;2.1000001;-2.4;21.6;-20.800001
1521664256892;-0.3;12.3;2.2;-2.4;21.6;-20.800001
1521664256903;-0.3;12.3;2.1000001;-2.4;21.6;-20.800001
1521664256913;-0.4;12.3;2.1000001;-2.4;21.6;-20.800001
1521664256934;-0.4;12.3;2.0;-2.4;21.6;-20.800001
1521664256954;-0.4;12.400001;2.1000001;-2.4;21.6;-20.800001
1521664256963;-0.4;12.400001;2.2;-2.4;21.6;-20.800001
1521664256973;-0.5;12.400001;2.2;-2.4;21.6;-20.800001
1521664257005;-0.5;12.400001;2.1000001;-2.4;21.6;-20.800001
1521664257036;-0.4;12.400001;2.2;-2.4;21.6;-20.800001
1521664257055;-0.4;12.5;2.3;-2.4;21.6;-20.800001
1521664257086;-0.4;12.5;2.4;-2.4;21.6;-20.800001
1521664257123;-0.5;12.6;2.4;-2.4;21.6;-20.800001
1521664257134;-0.5;12.6;2.5;-2.4;21.6;-20.800001
1521664257152;-0.5;12.6;2.4;-2.4;21.6;-20.800001
1521664257182;-0.5;12.6;2.5;-2.4;21.6;-20.800001
1521664257192;-0.5;12.7;2.4;-2.4;21.6;-20.800001
1521664257242;-0.6;12.7;2.3;-2.4;21.6;-20.800001
1521664257253;-0.6;12.7;2.2;-2.4;21.6;-20.800001
1521664257302;-0.6;12.7;2.3;-2.4;21.6;-20.800001
1521664257362;-0.6;12.7;2.4;-2.4;21.6;-20.800001
1521664257373;-0.7;12.7;2.3;-2.4;21.6;-20.800001
1521664257392;-0.7;12.7;2.2;-2.4;21.6;-20.800001
1521664257423;-0.7;12.6;2.2;-2.4;21.6;-20.800001
1521664257443;-0.7;12.6;2.1000001;-2.4;21.6;-20.800001
1521664257463;-0.8;12.6;2.1000001;-2.4;21.6;-20.800001
1521664257503;-0.8;12.6;2.2;-2.4;21.6;-20.800001
1521664257532;-0.8;12.6;2.3;-2.4;21.6;-20.800001
1521664257543;-0.8;12.6;2.4;-2.4;21.6;-20.800001
1521664257554;-0.90000004;12.6;2.3;-2.4;21.6;-20.800001
1521664257564;-0.90000004;12.7;2.4;-2.4;21.6;-20.800001
1521664257572;-1.0;12.7;2.4;-2.4;21.6;-20.800001
1521664257585;-1.0;12.7;2.3;-2.4;21.6;-20.800001
1521664257594;-1.0;12.7;2.2;-2.4;21.6;-20.800001
1521664257633;-1.0;12.7;2.1000001;-2.4;21.6;-20.800001
1521664257643;-1.0;12.7;2.2;-2.4;21.6;-20.800001
1521664257653;-1.0;12.7;2.1000001;-2.4;21.6;-20.800001
1521664257662;-1.1;12.7;2.1000001;-2.4;21.6;-20.800001
1521664257682;-1.0;12.7;2.0;-2.4;21.6;-20.800001
1521664257704;-1.0;12.7;2.1000001;-2.4;21.6;-20.800001
1521664257724;-1.0;12.7;2.0;-2.4;21.6;-20.800001
1521664257752;-1.0;12.7;2.1000001;-2.4;21.6;-20.800001
1521664257764;-1.0;12.7;2.0;-2.4;21.6;-20.800001
1521664257772;-1.1;12.7;2.1000001;-2.4;21.6;-20.800001
1521664257782;-1.0;12.7;2.2;-2.4;21.6;-20.800001
1521664257792;-1.1;12.7;2.2;-2.4;21.6;-20.800001
1521664257812;-1.1;12.8;2.2;-2.4;21.6;-20.800001
1521664257824;-1.1;12.8;2.1000001;-2.4;21.6;-20.800001
1521664257832;-1.2;12.8;2.0;-2.4;21.6;-20.800001
1521664257852;-1.1;12.8;2.1000001;-2.4;21.6;-20.800001
1521664257863;-1.1;12.7;2.1000001;-2.4;21.6;-20.800001
1521664257872;-1.2;12.8;2.1000001;-2.4;21.6;-20.800001
1521664257894;-1.2;12.8;2.2;-2.4;21.6;-20.800001
1521664257905;-1.1;12.8;2.2;-2.4;21.6;-20.800001
1521664257915;-1.2;12.8;2.2;-2.4;21.6;-20.800001
1521664257923;-1.1;12.8;2.2;-2.4;21.6;-20.800001
1521664257933;-1.1;12.8;2.3;-2.4;21.6;-20.800001
1521664257945;-1.2;12.8;2.3;-2.4;21.6;-20.800001
1521664257955;-1.2;12.8;2.2;-2.4;21.6;-20.800001
1521664257975;-1.2;12.8;2.3;-2.4;21.6;-20.800001
1521664258026;-1.3000001;12.8;2.3;-2.4;21.6;-20.800001
1521664258036;-1.3000001;12.8;2.2;-2.4;21.6;-20.800001
1521664258085;-1.3000001;12.8;2.1000001;-2.4;21.6;-20.800001
1521664258103;-1.2;12.8;2.1000001;-2.4;21.6;-20.800001
1521664258125;-1.2;12.8;2.2;-2.4;21.6;-20.800001
1521664258133;-1.2;12.8;2.1000001;-2.4;21.6;-20.800001
1521664258154;-1.3000001;12.8;2.0;-2.4;21.6;-20.800001
1521664258173;-1.2;12.8;2.0;-2.4;21.6;-20.800001
1521664258213;-1.3000001;12.8;1.9;-2.4;21.6;-20.800001
1521664258232;-1.3000001;12.900001;1.9;-2.4;21.6;-20.800001
1521664258262;-1.3000001;12.900001;2.0;-2.4;21.6;-20.800001
1521664258275;-1.3000001;12.900001;1.9;-2.4;21.6;-20.800001
1521664258293;-1.3000001;12.900001;2.0;-2.4;21.6;-20.800001
1521664258303;-1.3000001;12.900001;1.9;-2.4;21.6;-20.800001
1521664258312;-1.3000001;12.900001;2.0;-2.4;21.6;-20.800001
1521664258355;-1.3000001;13.0;2.1000001;-2.4;21.6;-20.800001
1521664258365;-1.3000001;13.0;2.0;-2.4;21.6;-20.800001
1521664258394;-1.3000001;13.0;2.1000001;-2.4;21.6;-20.800001
1521664258405;-1.3000001;13.0;2.0;-2.4;21.6;-20.800001
1521664258413;-1.4;13.0;2.0;-2.4;21.6;-20.800001
1521664258455;-1.3000001;13.0;2.1000001;-2.4;21.6;-20.800001
1521664258465;-1.4;13.0;2.1000001;-2.4;21.6;-20.800001
1521664258475;-1.3000001;13.0;2.0;-2.4;21.6;-20.800001
1521664258514;-1.3000001;13.0;2.1000001;-2.4;21.6;-20.800001
1521664258546;-1.3000001;13.0;2.0;-2.4;21.6;-20.800001
1521664258563;-1.4;13.0;2.0;-2.4;21.6;-20.800001
1521664258574;-1.3000001;13.0;2.1000001;-2.4;21.6;-20.800001
1521664258593;-1.3000001;13.0;2.0;-2.4;21.6;-20.800001
1521664258654;-1.3000001;13.0;1.9;-2.4;21.6;-20.800001
1521664258675;-1.4;13.0;1.9;-2.4;21.6;-20.800001
1521664258696;-1.3000001;13.1;1.9;-2.4;21.6;-20.800001
1521664258715;-1.3000001;13.1;2.0;-2.4;21.6;-20.800001
1521664258743;-1.3000001;13.0;2.0;-2.4;21.6;-20.800001
1521664258754;-1.3000001;13.0;2.1000001;-2.4;21.6;-20.800001
1521664258764;-1.3000001;13.0;2.0;-2.4;21.6;-20.800001
1521664258773;-1.3000001;13.0;2.1000001;-2.4;21.6;-20.800001
1521664258797;-1.3000001;13.1;2.1000001;-2.4;21.6;-20.800001
1521664258814;-1.4;13.1;2.1000001;-2.4;21.6;-20.800001
1521664258826;-1.3000001;13.1;2.1000001;-2.4;21.6;-20.800001
1521664258835;-1.4;13.1;2.0;-2.4;21.6;-20.800001
1521664258854;-1.4;13.2;2.0;-2.4;21.6;-20.800001
1521664258875;-1.4;13.2;2.1000001;-2.4;21.6;-20.800001
1521664258895;-1.4;13.2;2.2;-2.4;21.6;-20.800001
1521664258924;-1.4;13.2;2.1000001;-2.4;21.6;-20.800001
1521664258947;-1.3000001;13.1;2.2;-2.4;21.6;-20.800001
1521664258966;-1.3000001;13.2;2.3;-2.4;21.6;-20.800001
1521664258976;-1.4;13.2;2.3;-2.4;21.6;-20.800001
1521664258984;-1.4;13.2;2.2;-2.4;21.6;-20.800001
1521664258994;-1.3000001;13.1;2.3;-2.4;21.6;-20.800001
1521664259015;-1.3000001;13.1;2.4;-2.4;21.6;-20.800001
1521664259027;-1.3000001;13.1;2.3;-2.4;21.6;-20.800001
1521664259055;-1.3000001;13.2;2.3;-2.4;21.6;-20.800001
1521664259076;-1.3000001;13.1;2.5;-2.4;21.6;-20.800001
1521664259085;-1.3000001;13.2;2.5;-2.4;21.6;-20.800001
1521664259094;-1.2;13.1;2.5;-2.4;21.6;-20.800001
1521664259115;-1.2;13.1;2.6000001;-2.4;21.6;-20.800001
1521664259175;-1.2;13.0;2.5;-2.4;21.6;-20.800001
1521664259223;-1.2;13.1;2.5;-2.4;21.6;-20.800001
1521664259275;-1.1;13.0;2.4;-2.4;21.6;-20.800001
1521664259285;-1.2;13.0;2.5;-2.4;21.6;-20.800001
1521664259292;-1.2;13.0;2.4;-2.4;21.6;-20.800001
1521664259303;-1.2;13.0;2.5;-2.4;21.6;-20.800001
1521664259312;-1.3000001;13.1;2.5;-2.4;21.6;-20.800001
1521664259324;-1.3000001;13.2;2.6000001;-2.4;21.6;-20.800001
1521664259332;-1.4;13.3;2.7;-2.4;21.6;-20.800001
1521664259366;-1.6;13.400001;2.8;-2.4;21.6;-20.800001
1521664259374;-1.7;13.5;2.9;-2.4;21.6;-20.800001
1521664259395;-1.8000001;13.5;3.0;-2.4;21.6;-20.800001
1521664259404;-1.8000001;13.6;3.0;-2.4;21.6;-20.800001
1521664259413;-1.9;13.7;3.0;-2.4;21.6;-20.800001
1521664259423;-2.0;13.8;3.1000001;-2.4;21.6;-20.800001
1521664259435;-2.0;13.8;3.2;-2.4;21.6;-20.800001
1521664259446;-2.1000001;14.0;3.4;-2.4;21.6;-20.800001
1521664259473;-2.3;14.1;3.5;-2.4;21.6;-20.800001
1521664259494;-2.4;14.2;3.7;-2.4;21.6;-20.800001
1521664259505;-2.3;14.2;3.7;-2.4;21.6;-20.800001
1521664259514;-2.4;14.3;3.7;-2.4;21.6;-20.800001
1521664259523;-2.4;14.3;3.8;-2.4;21.6;-20.800001
1521664259533;-2.4;14.3;3.9;-2.4;21.6;-20.800001
1521664259546;-2.4;14.3;3.8;-2.4;21.6;-20.800001
1521664259594;-2.4;14.3;3.9;-2.4;21.6;-20.800001
1521664259605;-2.4;14.3;3.8;-2.4;21.6;-20.800001
1521664259626;-2.3;14.2;3.8;-2.4;21.6;-20.800001
1521664259634;-2.3;14.2;3.7;-2.4;21.6;-20.800001
1521664259643;-2.2;14.1;3.6000001;-2.4;21.6;-20.800001
1521664259653;-2.1000001;14.0;3.5;-2.4;21.6;-20.800001
1521664259664;-2.1000001;14.0;3.4;-2.4;21.6;-20.800001
1521664259673;-2.0;13.900001;3.3;-2.4;21.6;-20.800001
1521664259694;-1.9;13.8;3.2;-2.4;21.6;-20.800001
1521664259703;-1.8000001;13.8;3.2;-2.4;21.6;-20.800001
1521664259716;-1.7;13.8;3.2;-2.4;21.6;-20.800001
1521664259735;-1.6;13.7;3.0;-2.4;21.6;-20.800001
1521664259745;-1.6;13.6;3.0;-2.4;21.6;-20.800001
1521664259754;-1.5;13.5;2.9;-2.4;21.6;-20.800001
1521664259773;-1.4;13.400001;2.8;-2.4;21.6;-20.800001
1521664259784;-1.4;13.3;2.8;-2.4;21.6;-20.800001
1521664259795;-1.3000001;13.3;2.7;-2.4;21.6;-20.800001
1521664259805;-1.3000001;13.2;2.7;-2.4;21.6;-20.800001
1521664259823;-1.2;13.2;2.7;-2.4;21.6;-20.800001
1521664259854;-1.2;13.2;2.8;-2.4;21.6;-20.800001
1521664259915;-1.2;13.2;2.9;-2.4;21.6;-20.800001
1521664259954;-1.2;13.2;3.0;-2.4;21.6;-20.800001
1521664259964;-1.2;13.2;3.1000001;-2.4;21.6;-20.800001
1521664259975;-1.2;13.3;3.1000001;-2.4;21.6;-20.800001
1521664259994;-1.2;13.3;3.2;-2.4;21.6;-20.800001
1521664260003;-1.2;13.3;3.1000001;-2.4;21.6;-20.800001
1521664260014;-1.2;13.2;3.1000001;-2.4;21.6;-20.800001
1521664260072;-1.1;13.2;3.1000001;-2.4;21.6;-20.800001
1521664260083;-1.2;13.2;3.1000001;-2.4;21.6;-20.800001
1521664260117;-1.1;13.2;3.0;-2.4;21.6;-20.800001
1521664260132;-1.1;13.2;2.9;-2.4;21.6;-20.800001
1521664260192;-1.2;13.2;2.9;-2.4;21.6;-20.800001
1521664260234;-1.2;13.2;2.7;-2.4;21.6;-20.800001
1521664260243;-1.2;13.1;2.7;-2.4;21.6;-20.800001
1521664260252;-1.2;13.1;2.6000001;-2.4;21.6;-20.800001
1521664260272;-1.2;13.1;2.5;-2.4;21.6;-20.800001
1521664260284;-1.2;13.1;2.6000001;-2.4;21.6;-20.800001
1521664260293;-1.2;13.1;2.5;-2.4;21.6;-20.800001
1521664260333;-1.2;13.0;2.5;-2.4;21.6;-20.800001
1521664260345;-1.2;13.1;2.6000001;-2.4;21.6;-20.800001
1521664260356;-1.2;13.1;2.7;-2.4;21.6;-20.800001
1521664260374;-1.2;13.0;2.6000001;-2.4;21.6;-20.800001
1521664260385;-1.2;13.0;2.7;-2.4;21.6;-20.800001
1521664260395;-1.2;13.0;2.6000001;-2.4;21.6;-20.800001
1521664260416;-1.2;12.900001;2.7;-2.4;21.6;-20.800001
1521664260435;-1.3000001;13.0;2.8;-2.4;21.6;-20.800001
1521664260445;-1.2;12.900001;2.7;-2.4;21.6;-20.800001
1521664260475;-1.2;12.900001;2.6000001;-2.4;21.6;-20.800001
1521664260496;-1.1;12.900001;2.5;-2.4;21.6;-20.800001
1521664260506;-1.2;12.900001;2.6000001;-2.4;21.6;-20.800001
1521664260525;-1.1;12.8;2.6000001;-2.4;21.6;-20.800001
1521664260533;-1.1;12.900001;2.7;-2.4;21.6;-20.800001
1521664260554;-1.1;12.8;2.6000001;-2.4;21.6;-20.800001
1521664260576;-1.1;12.8;2.7;-2.4;21.6;-20.800001
1521664260605;-1.0;12.8;2.7;-2.4;21.6;-20.800001
1521664260644;-1.0;12.900001;2.7;-2.4;21.6;-20.800001
1521664260653;-1.0;12.8;2.6000001;-2.4;21.6;-20.800001
1521664260724;-1.0;12.8;2.5;-2.4;21.6;-20.800001
1521664260743;-1.0;12.900001;2.6000001;-2.4;21.6;-20.800001
1521664260752;-1.0;12.8;2.5;-2.4;21.6;-20.800001
1521664260772;-1.0;12.8;2.6000001;-2.4;21.6;-20.800001
1521664260802;-1.0;12.8;2.5;-2.4;21.6;-20.800001
1521664260813;-1.0;12.8;2.6000001;-2.4;21.6;-20.800001
1521664260824;-1.0;12.900001;2.6000001;-2.4;21.6;-20.800001
1521664260832;-0.90000004;12.8;2.5;-2.4;21.6;-20.800001
1521664260842;-1.0;12.900001;2.6000001;-2.4;21.6;-20.800001
1521664260862;-1.1;12.900001;2.6000001;-2.4;21.6;-20.800001
1521664260875;-1.1;12.900001;2.7;-2.4;21.6;-20.800001
1521664260894;-1.1;12.900001;2.5;-2.4;21.6;-20.800001
1521664260923;-1.1;13.0;2.5;-2.4;21.6;-20.800001
1521664260932;-1.0;12.900001;2.5;-2.4;21.6;-20.800001
1521664260973;-1.0;12.900001;2.6000001;-2.4;21.6;-20.800001
1521664260984;-1.1;12.900001;2.6000001;-2.4;21.6;-20.800001
1521664260994;-1.0;12.900001;2.6000001;-2.4;21.6;-20.800001
1521664261035;-1.0;12.900001;2.5;-2.4;21.6;-20.800001
1521664261053;-1.1;12.900001;2.6000001;-2.4;21.6;-20.800001
1521664261073;-1.1;12.900001;2.5;-2.4;21.6;-20.800001
1521664261092;-1.1;12.900001;2.6000001;-2.4;21.6;-20.800001
1521664261117;-1.1;13.0;2.5;-2.4;21.6;-20.800001
1521664261143;-1.1;12.900001;2.4;-2.4;21.6;-20.800001
1521664261184;-1.1;13.0;2.4;-2.4;21.6;-20.800001
1521664261224;-1.2;12.900001;2.3;-2.4;21.6;-20.800001
1521664261232;-1.2;13.0;2.2;-2.4;21.6;-20.800001
1521664261243;-1.2;12.900001;2.2;-2.4;21.6;-20.800001
1521664261252;-1.2;12.900001;2.1000001;-2.4;21.6;-20.800001
1521664261264;-1.2;12.900001;2.2;-2.4;21.6;-20.800001
1521664261286;-1.2;12.900001;2.1000001;-2.4;21.6;-20.800001
1521664261304;-1.2;13.0;2.2;-2.4;21.6;-20.800001
1521664261332;-1.1;13.0;2.2;-2.4;21.6;-20.800001
1521664261342;-1.1;13.0;2.1000001;-2.4;21.6;-20.800001
1521664261354;-1.1;13.0;2.2;-2.4;21.6;-20.800001
1521664261372;-1.1;13.0;2.3;-2.4;21.6;-20.800001
1521664261403;-1.1;12.900001;2.3;-2.4;21.6;-20.800001
1521664261455;-1.1;13.0;2.4;-2.4;21.6;-20.800001
1521664261472;-1.1;13.0;2.5;-2.4;21.6;-20.800001
1521664261483;-1.1;12.900001;2.4;-2.4;21.6;-20.800001
1521664261502;-1.1;13.0;2.5;-2.4;21.6;-20.800001
1521664261526;-1.1;13.0;2.6000001;-2.4;21.6;-20.800001
1521664261534;-1.1;12.900001;2.5;-2.4;21.6;-20.800001
1521664261544;-1.1;13.0;2.6000001;-2.4;21.6;-20.800001
1521664261574;-1.1;13.0;2.5;-2.4;21.6;-20.800001
1521664261583;-1.1;13.0;2.6000001;-2.4;21.6;-20.800001
1521664261605;-1.2;13.0;2.5;-2.4;21.6;-20.800001
1521664261615;-1.2;13.0;2.6000001;-2.4;21.6;-20.800001
1521664261634;-1.2;13.0;2.5;-2.4;21.6;-20.800001
1521664261653;-1.2;12.900001;2.5;-2.4;21.6;-20.800001
1521664261664;-1.2;12.900001;2.4;-2.4;21.6;-20.800001
1521664261673;-1.2;12.900001;2.5;-2.4;21.6;-20.800001
1521664261695;-1.2;12.900001;2.6000001;-2.4;21.6;-20.800001
1521664261726;-1.2;12.900001;2.5;-2.4;21.6;-20.800001
1521664261743;-1.2;12.900001;2.6000001;-2.4;21.6;-20.800001
1521664261753;-1.1;12.900001;2.5;-2.4;21.6;-20.800001
1521664261773;-1.1;12.8;2.4;-2.4;21.6;-20.800001
1521664261815;-1.1;12.8;2.3;-2.4;21.6;-20.800001
1521664261853;-1.1;12.8;2.2;-2.4;21.6;-20.800001
1521664261863;-1.1;12.8;2.3;-2.4;21.6;-20.800001
1521664261874;-1.1;12.8;2.2;-2.4;21.6;-20.800001
1521664261894;-1.0;12.8;2.2;-2.4;21.6;-20.800001
1521664261905;-1.0;12.8;2.3;-2.4;21.6;-20.800001
1521664261915;-1.0;12.8;2.2;-2.4;21.6;-20.800001
1521664261953;-1.0;12.8;2.1000001;-2.4;21.6;-20.800001
1521664261963;-1.0;12.8;2.2;-2.4;21.6;-20.800001
1521664261973;-1.0;12.900001;2.1000001;-2.4;21.6;-20.800001
1521664262024;-1.0;12.8;2.1000001;-2.4;21.6;-20.800001
1521664262034;-1.0;12.900001;2.1000001;-2.4;21.6;-20.800001
1521664262044;-1.1;12.900001;2.1000001;-2.4;21.6;-20.800001
1521664262112;-1.0;12.900001;2.1000001;-2.4;21.6;-20.800001
1521664262132;-0.90000004;12.900001;2.1000001;-2.4;21.6;-20.800001
1521664262163;-0.90000004;12.8;2.1000001;-2.4;21.6;-20.800001
1521664262222;-0.8;12.8;2.1000001;-2.4;21.6;-20.800001
1521664262242;-0.7;12.8;2.1000001;-2.4;21.6;-20.800001
1521664262283;-0.7;12.8;2.0;-2.4;21.6;-20.800001
1521664262293;-0.7;12.7;1.9;-2.4;21.6;-20.800001
1521664262303;-0.7;12.7;2.0;-2.4;21.6;-20.800001
1521664262316;-0.7;12.7;1.9;-2.4;21.6;-20.800001
1521664262323;-0.6;12.7;1.9;-2.4;21.6;-20.800001
1521664262342;-0.6;12.7;1.8000001;-2.4;21.6;-20.800001
1521664262374;-0.6;12.7;1.9;-2.4;21.6;-20.800001
1521664262394;-0.6;12.7;1.8000001;-2.4;21.6;-20.800001
1521664262414;-0.6;12.6;1.8000001;-2.4;21.6;-20.800001
1521664262446;-0.6;12.6;1.9;-2.4;21.6;-20.800001
1521664262465;-0.7;12.7;1.8000001;-2.4;21.6;-20.800001
1521664262474;-0.6;12.6;1.9;-2.4;21.6;-20.800001
1521664262495;-0.7;12.7;1.9;-2.4;21.6;-20.800001
1521664262513;-0.7;12.6;1.9;-2.4;21.6;-20.800001
1521664262523;-0.7;12.7;2.0;-2.4;21.6;-20.800001
1521664262535;-0.7;12.7;1.9;-2.4;21.6;-20.800001
1521664262555;-0.7;12.6;2.0;-2.4;21.6;-20.800001
1521664262564;-0.7;12.7;2.0;-2.4;21.6;-20.800001
1521664262574;-0.7;12.7;1.9;-2.4;21.6;-20.800001
1521664262584;-0.7;12.7;2.0;-2.4;21.6;-20.800001
1521664262642;-0.7;12.7;2.2;-2.4;21.6;-20.800001
1521664262653;-0.7;12.7;2.1000001;-2.4;21.6;-20.800001
1521664262664;-0.7;12.7;2.2;-2.4;21.6;-20.800001
1521664262674;-0.7;12.7;2.1000001;-2.4;21.6;-20.800001
1521664262685;-0.7;12.7;2.2;-2.4;21.6;-20.800001
1521664262715;-0.7;12.8;2.3;-2.4;21.6;-20.800001
1521664262725;-0.6;12.8;2.3;-2.4;21.6;-20.800001
1521664262773;-0.6;12.900001;2.3;-2.4;21.6;-20.800001
1521664262784;-0.5;12.8;2.3;-2.4;21.6;-20.800001
1521664262793;-0.6;12.8;2.3;-2.4;21.6;-20.800001
1521664262804;-0.6;12.8;2.2;-2.4;21.6;-20.800001
1521664262814;-0.5;12.8;2.2;-2.4;21.6;-20.800001
1521664262824;-0.6;12.8;2.2;-2.4;21.6;-20.800001
1521664262834;-0.6;12.900001;2.2;-2.4;21.6;-20.800001
1521664262865;-0.6;12.900001;2.3;-2.4;21.6;-20.800001
1521664262886;-0.5;12.900001;2.3;-2.4;21.6;-20.800001
1521664262903;-0.6;12.900001;2.5;-2.4;21.6;-20.800001
1521664262914;-0.5;12.900001;2.6000001;-2.4;21.6;-20.800001
1521664262924;-0.6;13.0;2.5;-2.4;21.6;-20.800001
1521664262933;-0.5;12.900001;2.5;-2.4;21.6;-20.800001
1521664262944;-0.5;13.0;2.4;-2.4;21.6;-20.800001
1521664262953;-0.5;13.0;2.5;-2.4;21.6;-20.800001
1521664263004;-0.6;13.0;2.5;-2.4;21.6;-20.800001
1521664263015;-0.7;13.0;2.5;-2.4;21.6;-20.800001
1521664263035;-0.7;13.0;2.4;-2.4;21.6;-20.800001
1521664263055;-0.7;13.0;2.5;-2.4;21.6;-20.800001
1521664263065;-0.6;13.0;2.4;-2.4;21.6;-20.800001
1521664263121;-0.6;13.0;2.5;-2.4;21.6;-20.800001
1521664263184;-0.7;13.0;2.4;-2.4;21.6;-20.800001
1521664263194;-0.6;13.0;2.3;-2.4;21.6;-20.800001
1521664263242;-0.6;12.900001;2.4;-2.4;21.6;-20.800001
1521664263263;-0.6;13.0;2.4;-2.4;21.6;-20.800001
1521664263273;-0.6;12.900001;2.4;-2.4;21.6;-20.800001
1521664263292;-0.5;12.900001;2.4;-2.4;21.6;-20.800001
1521664263302;-0.6;12.900001;2.3;-2.4;21.6;-20.800001
1521664263323;-0.5;12.900001;2.3;-2.4;21.6;-20.800001
1521664263333;-0.6;12.900001;2.3;-2.4;21.6;-20.800001
1521664263366;-0.6;13.0;2.4;-2.4;21.6;-20.800001
1521664263426;-0.6;12.900001;2.4;-2.4;21.6;-20.800001
1521664263444;-0.6;12.900001;2.3;-2.4;21.6;-20.800001
1521664263455;-0.6;12.900001;2.4;-2.4;21.6;-20.800001
1521664263487;-0.6;12.900001;2.5;-2.4;21.6;-20.800001
1521664263496;-0.5;12.900001;2.4;-2.4;21.6;-20.800001
1521664263516;-0.6;12.900001;2.5;-2.4;21.6;-20.800001
1521664263545;-0.6;13.0;2.5;-2.4;21.6;-20.800001
1521664263555;-0.6;12.900001;2.5;-2.4;21.6;-20.800001
1521664263575;-0.6;12.900001;2.4;-2.4;21.6;-20.800001
1521664263595;-0.5;12.900001;2.5;-2.4;21.6;-20.800001
1521664263605;-0.5;12.8;2.5;-2.4;21.6;-20.800001
1521664263614;-0.5;12.900001;2.6000001;-2.4;21.6;-20.800001
1521664263706;-0.4;12.900001;2.5;-2.4;21.6;-20.800001
1521664263715;-0.4;12.900001;2.6000001;-2.4;21.6;-20.800001
1521664263727;-0.4;12.900001;2.7;-2.4;21.6;-20.800001
1521664263753;-0.4;13.0;2.7;-2.4;21.6;-20.800001
1521664263773;-0.5;13.0;2.7;-2.4;21.6;-20.800001
1521664263803;-0.5;13.0;2.6000001;-2.4;21.6;-20.800001
1521664263834;-0.5;13.0;2.5;-2.4;21.6;-20.800001
1521664263844;-0.5;13.0;2.6000001;-2.4;21.6;-20.800001
1521664263853;-0.5;13.1;2.6000001;-2.4;21.6;-20.800001
1521664263885;-0.6;13.1;2.5;-2.4;21.6;-20.800001
1521664263924;-0.5;13.1;2.5;-2.4;21.6;-20.800001
1521664263945;-0.6;13.1;2.5;-2.4;21.6;-20.800001
1521664263964;-0.6;13.1;2.6000001;-2.4;21.6;-20.800001
1521664263995;-0.6;13.1;2.5;-2.4;21.6;-20.800001
1521664264024;-0.6;13.1;2.4;-2.4;21.6;-20.800001
1521664264044;-0.6;13.0;2.4;-2.4;21.6;-20.800001
1521664264055;-0.5;13.0;2.3;-2.4;21.6;-20.800001
1521664264132;-0.5;13.1;2.4;-2.4;21.6;-20.800001
1521664264163;-0.5;13.1;2.5;-2.4;21.6;-20.800001
1521664264173;-0.5;13.1;2.4;-2.4;21.6;-20.800001
1521664264194;-0.5;13.1;2.5;-2.4;21.6;-20.800001
1521664264204;-0.5;13.1;2.4;-2.4;21.6;-20.800001
1521664264244;-0.6;13.2;2.4;-2.4;21.6;-20.800001
1521664264262;-0.6;13.2;2.5;-2.4;21.6;-20.800001
1521664264272;-0.6;13.3;2.4;-2.4;21.6;-20.800001
1521664264284;-0.6;13.3;2.5;-2.4;21.6;-20.800001
1521664264323;-0.6;13.3;2.6000001;-2.4;21.6;-20.800001
1521664264354;-0.6;13.3;2.5;-2.4;21.6;-20.800001
1521664264383;-0.6;13.3;2.4;-2.4;21.6;-20.800001
1521664264396;-0.6;13.3;2.5;-2.4;21.6;-20.800001
1521664264415;-0.7;13.400001;2.4;-2.4;21.6;-20.800001
1521664264434;-0.6;13.3;2.4;-2.4;21.6;-20.800001
1521664264443;-0.6;13.400001;2.4;-2.4;21.6;-20.800001
1521664264452;-0.6;13.3;2.3;-2.4;21.6;-20.800001
1521664264463;-0.6;13.400001;2.3;-2.4;21.6;-20.800001
1521664264472;-0.6;13.400001;2.4;-2.4;21.6;-20.800001
1521664264484;-0.6;13.3;2.3;-2.4;21.6;-20.800001
1521664264492;-0.6;13.400001;2.3;-2.4;21.6;-20.800001
1521664264503;-0.6;13.3;2.3;-2.4;21.6;-20.800001
1521664264525;-0.6;13.3;2.2;-2.4;21.6;-20.800001
1521664264566;-0.6;13.3;2.1000001;-2.4;21.6;-20.800001
1521664264586;-0.5;13.3;2.1000001;-2.4;21.6;-20.800001
1521664264615;-0.6;13.3;2.1000001;-2.4;21.6;-20.800001
1521664264625;-0.5;13.2;2.0;-2.4;21.6;-20.800001
1521664264636;-0.5;13.3;2.0;-2.4;21.6;-20.800001
1521664264654;-0.5;13.3;2.1000001;-2.4;21.6;-20.800001
1521664264674;-0.5;13.3;2.2;-2.4;21.6;-20.800001
1521664264684;-0.5;13.400001;2.2;-2.4;21.6;-20.800001
1521664264715;-0.5;13.400001;2.3;-2.4;21.6;-20.800001
1521664264735;-0.5;13.400001;2.2;-2.4;21.6;-20.800001
1521664264754;-0.5;13.400001;2.3;-2.4;21.6;-20.800001
1521664264763;-0.5;13.5;2.3;-2.4;21.6;-20.800001
1521664264773;-0.5;13.5;2.4;-2.4;21.6;-20.800001
1521664264794;-0.5;13.5;2.3;-2.4;21.6;-20.800001
1521664264804;-0.5;13.5;2.4;-2.4;21.6;-20.800001
1521664264818;-0.5;13.5;2.5;-2.4;21.6;-20.800001
1521664264844;-0.6;13.5;2.5;-2.4;21.6;-20.800001
1521664264853;-0.6;13.6;2.5;-2.4;21.6;-20.800001
1521664264863;-0.6;13.5;2.5;-2.4;21.6;-20.800001
1521664264875;-0.6;13.6;2.5;-2.4;21.6;-20.800001
1521664264925;-0.6;13.6;2.6000001;-2.4;21.6;-20.800001
1521664264953;-0.6;13.5;2.6000001;-2.4;21.6;-20.800001
1521664265006;-0.6;13.400001;2.6000001;-2.4;21.6;-20.800001
1521664265026;-0.6;13.400001;2.5;-2.4;21.6;-20.800001
1521664265066;-0.6;13.3;2.5;-2.4;21.6;-20.800001
1521664265075;-0.7;13.3;2.4;-2.4;21.6;-20.800001
1521664265095;-0.7;13.400001;2.5;-2.4;21.6;-20.800001
1521664265134;-0.6;13.3;2.6000001;-2.4;21.6;-20.800001
1521664265144;-0.6;13.400001;2.6000001;-2.4;21.6;-20.800001
1521664265152;-0.7;13.400001;2.6000001;-2.4;21.6;-20.800001
1521664265163;-0.7;13.400001;2.7;-2.4;21.6;-20.800001
1521664265184;-0.6;13.3;2.7;-2.4;21.6;-20.800001
1521664265194;-0.7;13.400001;2.6000001;-2.4;21.6;-20.800001
1521664265253;-0.7;13.400001;2.5;-2.4;21.6;-20.800001
1521664265273;-0.7;13.400001;2.4;-2.4;21.6;-20.800001
1521664265282;-0.7;13.3;2.4;-2.4;21.6;-20.800001
1521664265293;-0.7;13.3;2.3;-2.4;21.6;-20.800001
1521664265313;-0.7;13.2;2.3;-2.4;21.6;-20.800001
1521664265332;-0.7;13.1;2.2;-2.4;21.6;-20.800001
1521664265342;-0.6;13.1;2.3;-2.4;21.6;-20.800001
1521664265363;-0.6;13.1;2.2;-2.4;21.6;-20.800001
1521664265373;-0.6;13.0;2.2;-2.4;21.6;-20.800001
1521664265384;-0.6;13.0;2.1000001;-2.4;21.6;-20.800001
1521664265404;-0.6;12.900001;2.0;-2.4;21.6;-20.800001
1521664265414;-0.6;12.900001;1.9;-2.4;21.6;-20.800001
1521664265425;-0.6;12.8;1.9;-2.4;21.6;-20.800001
1521664265435;-0.6;12.8;1.8000001;-2.4;21.6;-20.800001
1521664265456;-0.5;12.6;1.8000001;-2.4;21.6;-20.800001
1521664265465;-0.5;12.6;1.7;-2.4;21.6;-20.800001
1521664265495;-0.5;12.5;1.6;-2.4;21.6;-20.800001
1521664265516;-0.5;12.400001;1.6;-2.4;21.6;-20.800001
1521664265525;-0.5;12.400001;1.7;-2.4;21.6;-20.800001
1521664265546;-0.4;12.3;1.6;-2.4;21.6;-20.800001
1521664265566;-0.4;12.3;1.5;-2.4;21.6;-20.800001
1521664265587;-0.4;12.2;1.5;-2.4;21.6;-20.800001
1521664265626;-0.4;12.2;1.6;-2.4;21.6;-20.800001
1521664265635;-0.4;12.2;1.7;-2.4;21.6;-20.800001
1521664265655;-0.4;12.2;1.6;-2.4;21.6;-20.800001
1521664265672;-0.4;12.1;1.6;-2.4;21.6;-20.800001
1521664265694;-0.4;12.2;1.6;-2.4;21.6;-20.800001
1521664265745;-0.4;12.1;1.6;-2.4;21.6;-20.800001
1521664265783;-0.4;12.2;1.6;-2.4;21.6;-20.800001
1521664265825;-0.4;12.3;1.6;-2.4;21.6;-20.800001
1521664265836;-0.4;12.3;1.5;-2.4;21.6;-20.800001
1521664265854;-0.5;12.3;1.5;-2.4;21.6;-20.800001
1521664265885;-0.5;12.400001;1.6;-2.4;21.6;-20.800001
1521664265895;-0.5;12.400001;1.5;-2.4;21.6;-20.800001
1521664265935;-0.5;12.5;1.4;-2.4;21.6;-20.800001
1521664265944;-0.6;12.5;1.4;-2.4;21.6;-20.800001
1521664265975;-0.7;12.7;1.6;-2.4;21.6;-20.800001
1521664265986;-0.7;12.8;1.7;-2.4;21.6;-20.800001
1521664266006;-0.90000004;12.900001;1.8000001;-2.4;21.6;-20.800001
1521664266014;-0.90000004;13.0;1.9;-2.4;21.6;-20.800001
1521664266023;-1.0;13.0;2.0;-2.4;21.6;-20.800001
1521664266034;-1.0;13.1;2.0;-2.4;21.6;-20.800001
1521664266046;-1.1;13.2;2.1000001;-2.4;21.6;-20.800001
1521664266054;-1.2;13.2;2.1000001;-2.4;21.6;-20.800001
1521664266064;-1.2;13.3;2.1000001;-2.4;21.6;-20.800001
1521664266074;-1.2;13.400001;2.2;-2.4;21.6;-20.800001
1521664266096;-1.4;13.400001;2.3;-2.4;21.6;-20.800001
1521664266115;-1.4;13.5;2.4;-2.4;21.6;-20.800001
1521664266124;-1.5;13.6;2.5;-2.4;21.6;-20.800001
1521664266133;-1.5;13.6;2.6000001;-2.4;21.6;-20.800001
1521664266143;-1.6;13.7;2.6000001;-2.4;21.6;-20.800001
1521664266164;-1.6;13.7;2.7;-2.4;21.6;-20.800001
1521664266174;-1.7;13.8;2.9;-2.4;21.6;-20.800001
1521664266195;-1.7;13.900001;3.1000001;-2.4;21.6;-20.800001
1521664266207;-1.8000001;13.900001;3.2;-2.4;21.6;-20.800001
1521664266242;-1.9;14.1;3.5;-2.4;21.6;-20.800001
1521664266252;-2.0;14.2;3.6000001;-2.4;21.6;-20.800001
1521664266264;-2.0;14.2;3.5;-2.4;21.6;-20.800001
1521664266272;-1.9;14.1;3.4;-2.4;21.6;-20.800001
1521664266283;-1.9;14.0;3.4;-2.4;21.6;-20.800001
1521664266294;-1.9;14.0;3.3;-2.4;21.6;-20.800001
1521664266303;-1.8000001;13.900001;3.2;-2.4;21.6;-20.800001
1521664266312;-1.7;13.900001;3.2;-2.4;21.6;-20.800001
1521664266322;-1.6;13.8;3.1000001;-2.4;21.6;-20.800001
1521664266343;-1.5;13.7;3.1000001;-2.4;21.6;-20.800001
1521664266357;-1.4;13.6;3.0;-2.4;21.6;-20.800001
1521664266385;-1.3000001;13.5;2.9;-2.4;21.6;-20.800001
1521664266394;-1.2;13.400001;2.9;-2.4;21.6;-20.800001
1521664266405;-1.2;13.3;2.9;-2.4;21.6;-20.800001
1521664266414;-1.1;13.3;2.8;-2.4;21.6;-20.800001
1521664266424;-1.1;13.2;2.7;-2.4;21.6;-20.800001
1521664266443;-1.0;13.1;2.7;-2.4;21.6;-20.800001
1521664266456;-1.0;13.1;2.6000001;-2.4;21.6;-20.800001
1521664266474;-0.90000004;13.0;2.5;-2.4;21.6;-20.800001
1521664266484;-0.8;12.900001;2.4;-2.4;21.6;-20.800001
1521664266493;-0.8;12.8;2.3;-2.4;21.6;-20.800001
1521664266503;-0.8;12.8;2.2;-2.4;21.6;-20.800001
1521664266525;-0.7;12.6;2.1000001;-2.4;21.6;-20.800001
1521664266533;-0.6;12.6;2.1000001;-2.4;21.6;-20.800001
1521664266545;-0.6;12.5;2.0;-2.4;21.6;-20.800001
1521664266556;-0.5;12.400001;1.9;-2.4;21.6;-20.800001
1521664266566;-0.5;12.3;1.8000001;-2.4;21.6;-20.800001
1521664266575;-0.5;12.3;1.9;-2.4;21.6;-20.800001
1521664266587;-0.4;12.3;1.9;-2.4;21.6;-20.800001
1521664266606;-0.5;12.3;1.9;-2.4;21.6;-20.800001
1521664266635;-0.5;12.3;1.8000001;-2.4;21.6;-20.800001
1521664266653;-0.5;12.2;1.9;-2.4;21.6;-20.800001
1521664266694;-0.4;12.2;1.9;-2.4;21.6;-20.800001
1521664266714;-0.5;12.2;2.0;-2.4;21.6;-20.800001
1521664266735;-0.4;12.2;2.0;-2.4;21.6;-20.800001
1521664266766;-0.5;12.2;2.1000001;-2.4;21.6;-20.800001
1521664266786;-0.5;12.2;2.0;-2.4;21.6;-20.800001
1521664266794;-0.5;12.2;2.1000001;-2.4;21.6;-20.800001
1521664266804;-0.4;12.1;2.2;-2.4;21.6;-20.800001
1521664266813;-0.4;12.2;2.1000001;-2.4;21.6;-20.800001
1521664266824;-0.5;12.2;2.2;-2.4;21.6;-20.800001
1521664266833;-0.5;12.2;2.1000001;-2.4;21.6;-20.800001
1521664266844;-0.5;12.2;2.2;-2.4;21.6;-20.800001
1521664266884;-0.5;12.1;2.3;-2.4;21.6;-20.800001
1521664266954;-0.5;12.1;2.2;-2.4;21.6;-20.800001
1521664266963;-0.5;12.1;2.3;-2.4;21.6;-20.800001
1521664266974;-0.5;12.1;2.2;-2.4;21.6;-20.800001
1521664266984;-0.5;12.1;2.3;-2.4;21.6;-20.800001
1521664267015;-0.5;12.0;2.2;-2.4;21.6;-20.800001
1521664267075;-0.5;11.900001;2.2;-2.4;21.6;-20.800001
1521664267086;-0.5;12.0;2.3;-2.4;21.6;-20.800001
1521664267095;-0.5;12.0;2.4;-2.4;21.6;-20.800001
1521664267105;-0.5;12.0;2.3;-2.4;21.6;-20.800001
1521664267122;-0.6;12.0;2.4;-2.4;21.6;-20.800001
1521664267128;-0.6;12.0;2.3;-2.4;21.6;-20.800001
1521664267144;-0.5;12.1;2.3;-2.4;21.6;-20.800001
1521664267173;-0.5;12.1;2.4;-2.4;21.6;-20.800001
1521664267243;-0.6;12.1;2.3;-2.4;21.6;-20.800001
1521664267273;-0.6;12.1;2.2;-2.4;21.6;-20.800001
1521664267323;-0.6;12.1;2.3;-2.4;21.6;-20.800001
1521664267375;-0.6;12.1;2.2;-2.4;21.6;-20.800001
1521664267385;-0.6;12.1;2.1000001;-2.4;21.6;-20.800001
1521664267406;-0.6;12.1;2.0;-2.4;21.6;-20.800001
1521664267425;-0.6;12.0;2.0;-2.4;21.6;-20.800001
1521664267436;-0.6;12.1;2.0;-2.4;21.6;-20.800001
1521664267456;-0.6;12.0;2.0;-2.4;21.6;-20.800001
1521664267464;-0.7;12.0;1.9;-2.4;21.6;-20.800001
1521664267493;-0.7;12.0;2.0;-2.4;21.6;-20.800001
1521664267503;-0.6;12.0;2.0;-2.4;21.6;-20.800001
1521664267527;-0.7;12.0;2.1000001;-2.4;21.6;-20.800001
1521664267536;-0.6;12.0;2.0;-2.4;21.6;-20.800001
1521664267554;-0.7;12.0;2.1000001;-2.4;21.6;-20.800001
1521664267574;-0.7;12.1;2.2;-2.4;21.6;-20.800001
1521664267584;-0.7;12.0;2.2;-2.4;21.6;-20.800001
1521664267615;-0.8;12.0;2.1000001;-2.4;21.6;-20.800001
1521664267634;-0.8;12.0;2.2;-2.4;21.6;-20.800001
1521664267653;-0.8;11.900001;2.2;-2.4;21.6;-20.800001
1521664267694;-0.8;11.8;2.2;-2.4;21.6;-20.800001
1521664267704;-0.8;11.8;2.0;-2.4;21.6;-20.800001
1521664267714;-0.8;11.7;2.1000001;-2.4;21.6;-20.800001
1521664267735;-0.90000004;11.7;2.0;-2.4;21.6;-20.800001
1521664267754;-0.90000004;11.6;2.0;-2.4;21.6;-20.800001
1521664267773;-0.90000004;11.6;1.9;-2.4;21.6;-20.800001
1521664267785;-0.90000004;11.5;1.8000001;-2.4;21.6;-20.800001
1521664267794;-0.90000004;11.5;1.7;-2.4;21.6;-20.800001
1521664267814;-1.0;11.5;1.7;-2.4;21.6;-20.800001
1521664267825;-1.0;11.5;1.6;-2.4;21.6;-20.800001
1521664267854;-1.1;11.400001;1.6;-2.4;21.6;-20.800001
1521664267863;-1.1;11.400001;1.5;-2.4;21.6;-20.800001
1521664267874;-1.1;11.3;1.5;-2.4;21.6;-20.800001
1521664267884;-1.0;11.3;1.4;-2.4;21.6;-20.800001
1521664267915;-1.1;11.3;1.4;-2.4;21.6;-20.800001
1521664267924;-1.1;11.3;1.3000001;-2.4;21.6;-20.800001
1521664267935;-1.1;11.3;1.2;-2.4;21.6;-20.800001
1521664267965;-1.2;11.3;1.2;-2.4;21.6;-20.800001
1521664267974;-1.1;11.3;1.2;-2.4;21.6;-20.800001
1521664268004;-1.1;11.3;1.3000001;-2.4;21.6;-20.800001
1521664268036;-1.1;11.3;1.2;-2.4;21.6;-20.800001
1521664268055;-1.1;11.3;1.3000001;-2.4;21.6;-20.800001
1521664268066;-1.0;11.3;1.2;-2.4;21.6;-20.800001
1521664268074;-1.0;11.400001;1.3000001;-2.4;21.6;-20.800001
1521664268086;-1.0;11.400001;1.4;-2.4;21.6;-20.800001
1521664268135;-1.0;11.5;1.4;-2.4;21.6;-20.800001
1521664268145;-1.0;11.5;1.5;-2.4;21.6;-20.800001
1521664268153;-1.0;11.6;1.5;-2.4;21.6;-20.800001
1521664268208;-1.0;11.6;1.4;-2.4;21.6;-20.800001
1521664268253;-0.90000004;11.6;1.4;-2.4;21.6;-20.800001
1521664268263;-0.8;11.6;1.4;-2.4;21.6;-20.800001
1521664268304;-0.8;11.6;1.5;-2.4;21.6;-20.800001
1521664268313;-0.8;11.7;1.5;-2.4;21.6;-20.800001
1521664268324;-0.8;11.6;1.5;-2.4;21.6;-20.800001
1521664268364;-0.7;11.6;1.5;-2.4;21.6;-20.800001
1521664268384;-0.7;11.5;1.4;-2.4;21.6;-20.800001
1521664268403;-0.7;11.400001;1.4;-2.4;21.6;-20.800001
1521664268413;-0.6;11.400001;1.4;-2.4;21.6;-20.800001
1521664268424;-0.5;11.3;1.3000001;-2.4;21.6;-20.800001
1521664268434;-0.5;11.3;1.4;-2.4;21.6;-20.800001
1521664268446;-0.5;11.2;1.3000001;-2.4;21.6;-20.800001
1521664268464;-0.5;11.2;1.2;-2.4;21.6;-20.800001
1521664268474;-0.5;11.1;1.2;-2.4;21.6;-20.800001
1521664268504;-0.5;11.0;1.3000001;-2.4;21.6;-20.800001
1521664268515;-0.5;11.0;1.2;-2.4;21.6;-20.800001
1521664268535;-0.4;10.900001;1.2;-2.4;21.6;-20.800001
1521664268555;-0.4;10.900001;1.1;-2.4;21.6;-20.800001
1521664268577;-0.4;10.8;1.1;-2.4;21.6;-20.800001
1521664268594;-0.4;10.7;1.1;-2.4;21.6;-20.800001
1521664268632;-0.4;10.6;1.0;-2.4;21.6;-20.800001
1521664268656;-0.4;10.6;0.90000004;-2.4;21.6;-20.800001
1521664268663;-0.4;10.5;0.90000004;-2.4;21.6;-20.800001
1521664268674;-0.3;10.5;0.90000004;-2.4;21.6;-20.800001
1521664268684;-0.3;10.5;1.0;-2.4;21.6;-20.800001
1521664268704;-0.3;10.5;0.90000004;-2.4;21.6;-20.800001
1521664268764;-0.3;10.400001;0.8;-2.4;21.6;-20.800001
1521664268772;-0.3;10.400001;0.90000004;-2.4;21.6;-20.800001
1521664268805;-0.3;10.400001;0.8;-2.4;21.6;-20.800001
1521664268844;-0.2;10.400001;0.8;-2.4;21.6;-20.800001
1521664268853;-0.3;10.400001;0.8;-2.4;21.6;-20.800001
1521664268873;-0.2;10.3;0.8;-2.4;21.6;-20.800001
1521664268883;-0.3;10.3;0.8;-2.4;21.6;-20.800001
1521664268895;-0.2;10.3;0.8;-2.4;21.6;-20.800001
1521664268916;-0.2;10.3;0.7;-2.4;21.6;-20.800001
1521664268926;-0.2;10.3;0.6;-2.4;21.6;-20.800001
1521664268946;-0.2;10.400001;0.6;-2.4;21.6;-20.800001
1521664268965;-0.2;10.3;0.7;-2.4;21.6;-20.800001
1521664268976;-0.2;10.3;0.6;-2.4;21.6;-20.800001
1521664268984;-0.2;10.400001;0.6;-2.4;21.6;-20.800001
1521664269023;-0.1;10.400001;0.6;-2.4;21.6;-20.800001
1521664269035;-0.1;10.400001;0.7;-2.4;21.6;-20.800001
1521664269053;-0.1;10.400001;0.6;-2.4;21.6;-20.800001
1521664269095;-0.1;10.5;0.6;-2.4;21.6;-20.800001
1521664269106;0.0;10.5;0.6;-2.4;21.6;-20.800001
1521664269136;-0.1;10.6;0.6;-2.4;21.6;-20.800001
1521664269143;0.0;10.6;0.6;-2.4;21.6;-20.800001
1521664269276;0.1;10.6;0.7;-2.4;21.6;-20.800001
1521664269285;0.1;10.6;0.6;-2.4;21.6;-20.800001
1521664269294;0.1;10.6;0.7;-2.4;21.6;-20.800001
1521664269303;0.0;10.6;0.6;-2.4;21.6;-20.800001
1521664269322;0.1;10.6;0.6;-2.4;21.6;-20.800001
1521664269332;0.0;10.6;0.5;-2.4;21.6;-20.800001
1521664269344;0.0;10.6;0.6;-2.4;21.6;-20.800001
1521664269393;0.1;10.6;0.7;-2.4;21.6;-20.800001
1521664269425;0.1;10.6;0.6;-2.4;21.6;-20.800001
1521664269435;0.1;10.5;0.6;-2.4;21.6;-20.800001
1521664269445;0.1;10.5;0.5;-2.4;21.6;-20.800001
1521664269456;0.1;10.6;0.5;-2.4;21.6;-20.800001
1521664269469;0.1;10.6;0.6;-2.4;21.6;-20.800001
1521664269512;0.2;10.6;0.7;-2.4;21.6;-20.800001
1521664269525;0.1;10.6;0.6;-2.4;21.6;-20.800001
1521664269533;0.2;10.6;0.6;-2.4;21.6;-20.800001
1521664269543;0.1;10.6;0.6;-2.4;21.6;-20.800001
1521664269554;0.2;10.6;0.6;-2.4;21.6;-20.800001
1521664269564;0.2;10.6;0.7;-2.4;21.6;-20.800001
1521664269574;0.1;10.6;0.6;-2.4;21.6;-20.800001
1521664269585;0.1;10.7;0.7;-2.4;21.6;-20.800001
1521664269615;0.2;10.7;0.8;-2.4;21.6;-20.800001
1521664269624;0.2;10.7;0.7;-2.4;21.6;-20.800001
1521664269633;0.2;10.6;0.7;-2.4;21.6;-20.800001
1521664269653;0.2;10.6;0.8;-2.4;21.6;-20.800001
1521664269664;0.3;10.6;0.8;-2.4;21.6;-20.800001
1521664269693;0.3;10.7;0.8;-2.4;21.6;-20.800001
1521664269714;0.2;10.7;0.8;-2.4;21.6;-20.800001
1521664269745;0.2;10.7;0.90000004;-2.4;21.6;-20.800001
1521664269755;0.2;10.8;0.90000004;-2.4;21.6;-20.800001
1521664269793;0.1;10.8;0.90000004;-2.4;21.6;-20.800001
1521664269806;0.1;10.900001;0.90000004;-2.4;21.6;-20.800001
1521664269862;0.1;10.900001;1.0;-2.4;21.6;-20.800001
1521664269884;0.1;10.900001;0.90000004;-2.4;21.6;-20.800001
1521664269903;0.1;11.0;1.0;-2.4;21.6;-20.800001
1521664269914;0.1;11.0;0.90000004;-2.4;21.6;-20.800001
1521664269925;0.0;11.0;0.90000004;-2.4;21.6;-20.800001
1521664269934;0.0;11.0;1.0;-2.4;21.6;-20.800001
1521664269964;0.0;11.1;1.0;-2.4;21.6;-20.800001
1521664269974;0.0;11.0;1.0;-2.4;21.6;-20.800001
1521664269984;0.0;11.0;0.90000004;-2.4;21.6;-20.800001
1521664269994;0.0;11.0;1.0;-2.4;21.6;-20.800001
1521664270006;-0.1;11.0;0.90000004;-2.4;21.6;-20.800001
1521664270026;0.0;11.0;0.90000004;-2.4;21.6;-20.800001
1521664270072;0.0;11.0;0.8;-2.4;21.6;-20.800001
1521664270092;0.1;10.900001;0.8;-2.4;21.6;-20.800001
1521664270152;0.2;10.8;0.7;-2.4;21.6;-20.800001
1521664270162;0.1;10.900001;0.8;-2.4;21.6;-20.800001
1521664270173;0.2;10.900001;0.7;-2.4;21.6;-20.800001
1521664270184;0.2;10.900001;0.8;-2.4;21.6;-20.800001
1521664270192;0.2;10.900001;0.7;-2.4;21.6;-20.800001
1521664270203;0.1;10.900001;0.6;-2.4;21.6;-20.800001
1521664270232;0.2;10.8;0.5;-2.4;21.6;-20.800001
1521664270252;0.2;10.8;0.4;-2.4;21.6;-20.800001
1521664270262;0.2;10.8;0.5;-2.4;21.6;-20.800001
1521664270272;0.1;10.8;0.5;-2.4;21.6;-20.800001
1521664270282;0.2;10.8;0.5;-2.4;21.6;-20.800001
1521664270292;0.2;10.8;0.4;-2.4;21.6;-20.800001
1521664270303;0.3;10.7;0.4;-2.4;21.6;-20.800001
1521664270312;0.3;10.7;0.3;-2.4;21.6;-20.800001
1521664270322;0.3;10.7;0.4;-2.4;21.6;-20.800001
1521664270342;0.4;10.7;0.4;-2.4;21.6;-20.800001
