1521664494021;0.61890113;1.7764976;9.445126
1521664494037;0.59256494;1.7477672;9.64983
1521664494044;0.61530983;1.7441759;9.7084875
1521664494066;0.6548142;1.70946;9.801862
1521664494080;0.62129533;1.6867151;9.940725
1521664494090;0.7038953;1.6843209;9.946711
1521664494110;0.6667852;1.6687586;9.860519
1521664494120;0.61171854;1.6304513;9.716867
1521664494140;0.6835446;1.6531962;9.375694
1521664494150;0.6871359;1.62686;9.421184
1521664494160;0.6667852;1.614889;9.435549
1521664494170;0.7386112;1.6172832;9.576807
1521664494180;0.8283938;1.6244658;9.533711
1521664494195;0.90261406;1.7202339;9.481039
1521664494206;0.8702923;1.6867151;9.457097
1521664494215;0.80564886;1.6699557;9.548077
1521664494226;0.7793127;1.6591818;9.57561
1521664494240;0.712275;1.6304513;9.654618
1521664494247;0.6727707;1.5921441;9.672575
1521664494255;0.6787562;1.614889;9.527725
1521664494266;0.6823475;1.6316484;9.440337
1521664494275;0.7386112;1.6591818;9.406818
1521664494288;0.7589619;1.7262194;9.463082
1521664494297;0.8583213;1.7525556;9.630676
1521664494306;0.93134445;1.7645266;9.767146
1521664494316;0.92176765;1.7585411;9.858126
1521664494330;0.8571242;1.7465701;9.941922
1521664494335;0.8415619;1.7501614;9.890448
1521664494351;0.8571242;1.7226281;9.696517
1521664494361;0.82001406;1.7525556;9.610326
1521664494366;0.79607207;1.7525556;9.551667
1521664494375;0.7589619;1.7465701;9.442732
1521664494387;0.7015011;1.70946;9.494206
1521664494396;0.6332663;1.673547;9.454702
1521664494406;0.59495914;1.6519991;9.502586
1521664494415;0.5530606;1.6124948;9.500193
1521664494426;0.5255273;1.6292542;9.639056
1521664494436;0.47884035;1.6376339;9.816227
1521664494450;0.5650316;1.673547;10.014946
1521664494461;0.65242;1.7118542;10.058042
1521664494470;0.70509243;1.745373;9.957485
1521664494481;0.700304;1.7956513;9.805453
1521664494486;0.6775591;1.8231846;9.697714
1521664494500;0.60333884;1.8435353;9.520543
1521664494510;0.5530606;1.8207904;9.465476
1521664494520;0.51834464;1.816002;9.408015
1521664494528;0.49679685;1.8351556;9.39365
1521664494540;0.5243302;1.8710686;9.502586
1521664494546;0.5482722;1.8950106;9.568427
1521664494561;0.60812724;1.910573;9.679757
1521664494570;0.62249243;1.910573;9.725247
1521664494580;0.6452374;1.9189527;9.731233
1521664494586;0.6572084;1.9333179;9.755175
1521664494595;0.6464345;1.9165585;9.572019
1521664494606;0.63206923;1.958457;9.583989
1521664494620;0.5446809;1.7980455;9.726444
1521664494626;0.51834464;1.7729063;9.82341
1521664494637;0.49440265;1.685518;9.797073
1521664494650;0.47405192;1.6879122;9.758766
1521664494661;0.50996494;1.6950948;9.694122
1521664494666;0.51235914;1.6903064;9.630676
1521664494675;0.533907;1.6771383;9.613917
1521664494690;0.48003745;1.578976;9.625888
1521664494700;0.4261679;1.5275006;9.640253
1521664494710;0.4297592;1.5251064;9.600749
1521664494715;0.4189853;1.5346833;9.611523
1521664494726;0.4261679;1.5131354;9.64983
1521664494735;0.4285621;1.4760253;9.773131
1521664494751;0.47764325;1.401805;10.101137
1521664494760;0.51235914;1.3802572;10.101137
1521664494766;0.49200845;1.42455;10.060435
1521664494780;0.5638345;1.4520833;9.882068
1521664494800;0.6536171;1.4377182;9.677363
1521664494815;0.61291564;1.388637;9.706094
1521664494830;0.65242;1.5813702;9.258378
1521664494840;0.6560113;1.6472107;9.149442
1521664494860;0.7098808;1.6699557;9.374496
1521664494870;0.6955156;1.6496049;9.55047
1521664494880;0.6332663;1.6519991;9.701305
1521664494890;0.5793968;1.6543933;9.85214
1521664494900;0.51595044;1.6196774;9.985018
1521664494910;0.48003745;1.6053122;9.931149
1521664494920;0.33039984;1.6304513;9.950302
1521664494930;0.17597382;1.5813702;9.776723
1521664494940;0.4381389;1.614889;9.583989
1521664494950;0.48482585;1.6292542;9.489418
1521664494960;0.33159694;1.7154455;9.611523
1521664494965;0.28491;1.7345991;9.61272
1521664494980;0.415394;1.6867151;9.609129
1521664494990;0.5267244;1.6915035;9.645041
1521664495000;0.5506664;1.7106571;9.745598
1521664495010;0.62488663;1.7465701;9.776723
1521664495020;0.6787562;1.7824832;9.787497
1521664495025;0.6907272;1.7729063;9.755175
1521664495040;0.6859388;1.7669208;9.648633
1521664495046;0.6368576;1.7537527;9.66659
1521664495060;0.59615624;1.7417817;9.737218
1521664495070;0.61530983;1.7381904;9.846154
1521664495080;0.58538234;1.7669208;9.90601
1521664495090;0.61291564;1.8052281;9.896433
1521664495095;0.61890113;1.8076223;9.884461
1521664495105;0.6440403;1.8483237;9.78989
1521664495189;0.51714754;1.8543092;9.53012
1521664495200;0.50278234;1.8495208;9.616311
1521664495211;0.48482585;1.8579005;9.689334
1521664495220;0.47046062;1.8543092;9.703699
1521664495230;0.4309563;1.8626889;9.661801
1521664495240;0.4285621;1.8555063;9.589975
1521664495250;0.41180268;1.8579005;9.65821
1521664495260;0.33638534;1.8171991;9.682152
1521664495271;0.30047232;1.8375498;9.701305
1521664495280;0.25617957;1.7824832;9.7563715
1521664495290;0.22266077;1.7717092;9.773131
1521664495300;0.24660277;1.7585411;9.701305
1521664495310;0.24660277;1.7741034;9.61272
1521664495320;0.22266077;1.7405846;9.5385
1521664495325;0.21428105;1.7166426;9.48463
1521664495340;0.16879122;1.7226281;9.421184
1521664495350;0.18195933;1.7178397;9.510966
1521664495360;0.23223756;1.7310078;9.648633
1521664495370;0.2717419;1.7226281;9.77792
1521664495380;0.260968;1.7357962;9.794679
1521664495390;0.20470424;1.6807296;9.968259
1521664495400;0.18914193;1.6531962;9.958682
1521664495410;0.18794483;1.6400281;10.014946
1521664495420;0.23104046;1.6232687;10.080787
1521664495430;0.25378537;1.6783354;9.940725
1521664495440;0.2765303;1.7166426;9.860519
1521664495451;0.44891283;1.827973;9.828198
1521664495460;0.5758055;1.910573;9.871294
1521664495470;0.6607997;1.9632454;9.981427
1521664495480;0.6727707;1.9500773;10.07121
1521664495490;0.6787562;1.9764135;10.115502
1521664495500;0.641646;1.9500773;10.0664215
1521664495520;0.62129533;1.9620483;9.994595
1521664495530;0.62249243;1.9644425;9.947908
1521664495540;0.6715736;1.9668367;9.835381
1521664495550;0.6799533;2.0159178;9.664195
1521664495560;0.6919243;2.042254;9.586384
1521664495571;0.6835446;2.007538;9.479841
1521664495580;0.688333;1.9716251;9.431957
1521664495590;0.6584055;1.9476831;9.437943
1521664495600;0.62368953;1.8938135;9.527725
1521664495610;0.5805939;1.851915;9.570822
1521664495620;0.5398925;1.79206;9.621099
1521664495626;0.50757074;1.7549498;9.64145
1521664495640;0.40581718;1.7357962;9.750386
1521664495650;0.37110126;1.769315;9.810242
1521664495660;0.33159694;1.7681179;9.816227
1521664495670;0.23104046;1.7872716;9.719262
1521664495680;0.090979666;1.8387469;9.459491
1521664495686;0.04309563;1.9069817;9.229648
1521664495700;-0.015562311;2.171541;8.418014
1521664495710;-0.010773907;2.3582888;8.064868
1521664495720;0.10534488;2.6443958;7.835025
1521664495730;0.36272156;2.9376855;7.9451585
1521664495740;0.5686229;3.1304188;8.388085
1521664495745;0.7074866;3.1986535;8.617929
1521664495760;0.93972415;3.3901896;9.320627
1521664495770;1.067814;3.3877954;9.797073
1521664495781;1.1025299;3.3734303;10.172963
1521664495790;1.0199299;3.2154129;10.69849
1521664495800;0.8726865;2.9628246;11.288661
1521664495805;0.78410107;2.814384;11.596316
1521664495820;0.45609543;2.4911668;12.340913
1521664495830;0.34835634;2.3906105;12.561179
1521664495840;0.2777274;2.4037786;12.528857
1521664495850;0.29568392;2.4624364;12.308591
1521664495860;0.46686932;2.574964;12.132617
1521664495865;0.58298814;2.6539726;11.960235
1521664495880;0.93972415;2.7748797;11.183316
1521664495890;0.9696517;2.801216;10.672154
1521664495900;0.9744401;2.7844565;10.315418
1521664495910;0.9983821;2.7461493;10.103531
1521664495920;1.0522517;2.6839;10.147824
1521664495926;1.0139444;2.633622;10.176555
1521664495938;0.89184016;2.4947581;10.274716
1521664495948;0.712275;2.3199813;10.43872
1521664495962;0.4345476;2.0350714;10.737994
1521664495967;0.3184288;1.9967642;10.734404
1521664495976;0.22984336;1.9596541;10.493786
1521664495987;0.19991584;1.9764135;10.277111
1521664496001;0.21547815;2.005144;9.885659
1521664496011;0.15322891;1.9931729;9.569624
1521664496015;0.14724341;2.005144;9.385271
1521664496026;0.10055647;2.0458453;9.108741
1521664496040;-0.18195933;2.0254946;8.863335
1521664496046;-0.25498247;2.0362685;8.744822
1521664496052;-0.36750996;2.0242975;8.535329
1521664496078;-0.5626374;2.0769699;8.194156
1521664496088;-0.59256494;2.0697873;8.008605
1521664496094;-0.62009823;2.0649989;7.8769236
1521664496106;-0.70509243;2.0242975;7.8422074
1521664496115;-0.81642276;1.9405005;7.872135
1521664496130;-0.91099375;1.8148049;7.8050976
1521664496146;-0.92416185;1.8100165;7.776367
1521664496155;-0.8822633;1.8219875;7.690176
1521664496167;-0.7781156;1.9177556;7.536947
1521664496173;-0.6440403;1.9800048;7.323863
1521664496186;-0.5746084;2.054225;7.2328835
1521664496200;-0.4429273;2.0494366;7.120356
1521664496220;-0.5482722;1.9297266;6.8007298
1521664496226;-0.62129533;1.8662802;6.835446
1521664496235;-0.6631939;1.7956513;6.8785415
1521664496246;-0.7254431;1.7010803;7.0425444
1521664496250;-0.748188;1.6531962;7.1311297
1521664496269;-0.8355764;1.4915876;7.1083846
1521664496275;-0.93852705;1.4269443;6.8988924
1521664496287;-1.0271125;1.388637;6.667852
1521664496295;-1.0402806;1.3467385;6.670246
1521664496306;-1.0761937;1.2808979;7.0844426
1521664496315;-1.234211;1.1204864;7.5824366
1521664496326;-1.3383588;0.82480246;7.8865004
1521664496336;-1.7645266;0.5662287;8.013393
1521664496348;-2.3594859;0.35434186;7.8972745
1521664496353;-2.5941176;0.22984336;7.8039002
1521664496366;-2.9161377;-0.025139118;7.1071877
1521664496377;-3.0059202;-0.10295067;6.5936313
1521664496387;-2.8862102;-0.038307227;6.009446
1521664496395;-2.4863784;0.19991584;5.3701944
1521664496406;-1.6687586;0.63206923;4.975151
1521664496415;-0.56982;1.2198458;5.2409077
1521664496427;0.58418524;1.8004397;6.290765
1521664496435;1.5658079;2.3654714;8.511387
1521664496447;2.445677;2.693477;10.992977
1521664496458;2.682703;2.822764;12.846089
1521664496466;2.2601264;2.8778305;13.945027
1521664496480;0.9696517;2.7617116;14.263456
1521664496486;0.58298814;2.6431987;14.075512
1521664496495;0.11492168;2.468422;13.672089
1521664496506;0.034715924;2.3953989;13.365631
1521664496515;0.18076223;2.5582044;13.420697
1521664496528;0.51355624;2.8502972;13.704411
1521664496540;1.1264719;3.323152;14.016854
1521664496546;1.2964603;3.453636;14.027628
1521664496555;1.5191209;3.5170822;13.973758
1521664496566;1.5622166;3.4979286;13.767857
1521664496576;1.4520833;3.3028011;13.29979
1521664496586;1.1073183;2.9939492;12.800599
1521664496595;0.6739678;2.5833437;12.4151325
1521664496608;0.34476504;2.172738;12.137405
1521664496617;0.14724341;1.8483237;11.917139
1521664496628;-0.031124622;1.541866;11.8261595
1521664496631;-0.1352724;1.3910311;11.768699
1521664496645;-0.24779987;1.2401965;11.723208
1521664496657;-0.521936;0.8595184;11.451467
1521664496666;-0.61171854;0.5363012;11.270704
1521664496675;-0.6392518;0.35913026;11.077971
1521664496686;-0.60693014;0.22864626;10.778696
1521664496695;-0.5805939;0.14724341;10.499771
1521664496707;-0.49799395;0.09696517;10.228029
1521664496717;-0.40581718;0.062249243;9.976639
1521664496728;-0.3184288;0.077811554;9.621099
1521664496736;-0.16160862;0.1400608;9.378088
1521664496747;-0.050278235;0.17477672;9.216479
1521664496756;0.011971008;0.21787235;9.119514
1521664496768;0.027533319;0.25019407;9.090784
1521664496773;-0.053869538;0.20350714;9.046491
1521664496788;-0.12210429;0.18315643;9.040505
1521664496797;-0.22026655;0.15203181;8.996213
1521664496807;-0.36750996;0.09935937;8.968679
1521664496816;-0.49559975;0.10055647;8.835801
1521664496827;-0.61770403;0.15801731;8.65025
1521664496837;-0.676362;0.24181437;8.5700445
1521664496841;-0.7589619;0.35673606;8.470686
1521664496867;-0.8535329;0.45848963;8.455123
1521664496876;-1.0809821;0.6751649;8.487445
1521664496887;-1.1252748;0.7493851;8.495825
1521664496897;-1.0929531;0.8319851;8.728063
1521664496907;-1.0594343;0.90620536;9.144653
1521664496916;-0.91099375;1.0235212;9.622296
1521664496927;-0.7038953;1.1097125;10.073604
1521664496936;-0.5243302;1.1827357;10.515334
1521664496949;-0.40342298;1.2425907;10.813412
1521664496956;-0.37229836;1.2904748;10.760739
1521664496967;-0.4357447;1.3323733;10.248381
1521664496975;-0.51714754;1.3910311;9.862914
1521664496987;-0.60932434;1.4269443;9.568427
1521664496995;-0.6679823;1.4520833;9.443929
1521664497006;-0.62368953;1.471237;9.465476
1521664497015;-0.5267244;1.5478514;9.570822
1521664497022;-0.48961425;1.5741876;9.710882
1521664497039;-0.25857377;1.6579847;10.307038
1521664497075;-0.059855044;1.5298948;10.565612
1521664497087;-0.035913024;1.5059528;10.649409
1521664497100;0.1328782;1.4975731;10.817003
1521664497110;0.25737667;1.4748282;10.940305
1521664497120;0.36870706;1.4508862;10.788273
1521664497126;0.4321534;1.4329298;10.699687
1521664497135;0.521936;1.435324;10.517728
1521664497147;0.5746084;1.4341269;10.3453455
1521664497156;0.6667852;1.4568717;10.171766
1521664497167;0.80445176;1.5059528;10.03769
1521664497177;0.9552865;1.5897499;9.947908
1521664497188;1.1013328;1.5741876;9.898827
1521664497195;1.0055647;1.5179238;9.985018
1521664497206;0.78529817;1.471237;9.941922
1521664497220;0.7793127;1.4161704;9.879673
1521664497226;0.81881696;1.4221559;9.982624
1521664497235;0.9564836;1.4820108;10.040085
1521664497248;1.2198458;1.6519991;10.0341
1521664497254;1.3024458;1.7274165;10.004171
1521664497267;1.4269443;1.9177556;9.847352
1521664497275;1.5191209;1.99437;9.586384
1521664497286;1.5622166;2.0614076;9.414001
1521664497295;1.4449008;2.0829554;9.345766
1521664497306;1.3204023;2.1021092;9.190144
1521664497320;1.4688427;2.1930888;9.021352
1521664497326;1.4508862;2.1894975;9.011775
1521664497335;1.2258313;2.1308396;9.144653
1521664497346;0.9516952;2.054225;9.127894
1521664497356;0.7038953;1.9883845;9.060856
1521664497366;0.6452374;1.9476831;9.137471
1521664497375;0.6488287;1.9321208;9.329007
1521664497387;0.78170687;1.99437;9.43076
1521664497396;0.90740246;2.0733786;9.40203
1521664497408;0.93014735;2.0638018;9.351752
1521664497418;0.94211835;2.0171149;9.224859
1521664497427;1.0043676;1.9656396;8.98903
1521664497436;1.0857705;1.9835961;8.789114
1521664497446;1.0989386;1.970428;8.736442
1521664497455;1.0151415;1.8555063;8.7771435
1521664497467;1.0283096;1.7369933;8.713697
1521664497475;1.043872;1.6927006;8.6299
1521664497486;1.0342951;1.745373;8.623915
1521664497495;1.1073183;1.8315643;8.65863
1521664497506;1.9057846;2.244564;8.895657
1521664497515;2.1763294;2.4049757;8.967483
1521664497526;2.2158337;2.4708161;8.90643
1521664497539;2.2409728;2.5378537;9.006987
1521664497547;2.134431;2.541445;8.969876
1521664497557;2.0111294;2.4277205;8.963891
1521664497561;1.9524715;2.3714569;9.048885
1521664497580;1.70946;2.1308396;9.285912
1521664497588;1.5729905;2.066196;9.3733
1521664497595;1.2892777;1.9393034;9.594764
1521664497606;1.1240777;1.7908629;9.8042555
1521664497616;1.0115502;1.6519991;10.0748005
1521664497627;0.90500826;1.6065093;10.072407
1521664497631;0.8355764;1.6053122;10.06283
1521664497644;0.6943185;1.650802;9.817424
1521664497659;0.49559975;1.733402;9.41879
1521664497666;0.2885013;1.8255788;8.86932
1521664497673;0.24420857;1.8806454;8.615535
1521664497688;1.2294226;2.5139117;8.330625
1521664497695;1.8207904;2.7234044;9.247604
1521664497706;2.160767;2.767697;9.607931
1521664497715;2.1763294;2.7377696;9.788693
1521664497727;2.111686;2.753332;10.192117
1521664497736;2.1511903;2.7605145;10.619482
1521664497750;2.2110453;2.8383262;10.891224
1521664497756;2.2840683;2.9747956;11.105505
1521664497766;2.3582888;3.1256304;11.07438
1521664497771;2.384625;3.2118216;11.038467
1521664497795;2.110489;3.2429461;10.500969
1521664497810;1.9153614;3.1591492;10.166978
1521664497820;1.8303672;3.0921116;9.989806
1521664497826;1.804031;3.063381;9.831789
1521664497835;1.7118542;2.9903579;9.661801
1521664497846;1.6292542;2.9101522;9.48463
1521664497858;1.4987702;2.846706;9.434352
1521664497866;1.400608;2.7928362;9.32781
1521664497877;1.282095;2.6850972;9.317036
1521664497886;1.1707647;2.5797524;9.32781
1521664497895;1.1216835;2.5210943;9.345766
1521664497907;1.0809821;2.4396915;9.421184
1521664497915;1.055843;2.3463178;9.495404
1521664497927;1.0175357;2.231396;9.409213
1521664497935;0.92057055;2.1080947;9.296685
1521664497948;0.78170687;2.0231004;9.212888
1521664497959;0.6619968;1.9273324;9.100361
1521664497967;0.58777654;1.8339585;9.058462
1521664497974;0.50517654;1.6950948;9.143456
1521664497988;0.4261679;1.6412252;9.28232
1521664497995;0.33997664;1.5981296;9.3661175
1521664498008;0.22505496;1.5526398;9.42238
1521664498019;0.17357962;1.6220716;9.334992
1521664498028;0.14604631;1.650802;9.185355
1521664498034;0.11492168;1.7034745;8.9363575
1521664498042;0.11372458;1.697489;8.851364
1521664498050;0.16879122;1.7142484;8.802282
1521664498087;-0.090979666;1.8842367;8.699332
1521664498110;-0.09816227;1.8459295;8.702923
1521664498126;-0.1376666;1.8291701;8.698134
1521664498135;-0.16759412;1.8351556;8.796297
1521664498146;-0.1604115;1.8782512;8.924387
1521664498155;-0.142455;1.8794483;9.232041
1521664498166;-0.10654198;1.8459295;9.526528
1521664498177;-0.10534488;1.7513585;9.737218
1521664498186;-0.2861071;1.6460136;10.059238
1521664498196;-0.21308395;1.5729905;9.998186
1521664498206;-0.1388637;1.553837;10.123882
1521664498215;-0.19273324;1.5442601;10.313024
1521664498226;-0.20829555;1.5945383;10.435128
1521664498237;-0.14604631;1.6376339;10.296265
1521664498249;-0.031124622;1.6819267;10.149021
1521664498257;0.049081136;1.7262194;10.078392
1521664498268;0.10414778;1.7908629;10.03769
1521664498278;0.19033903;1.863886;9.89763
1521664498283;0.21428105;1.8602947;9.859323
1521664498295;0.32202014;1.8674773;9.726444
1521664498304;0.45968673;1.910573;9.6845455
1521664498316;0.5793968;1.9309237;9.609129
1521664498327;0.7517793;1.9572599;9.68694
1521664498336;0.7613561;1.9045875;9.847352
1521664498348;0.7194576;1.7537527;9.970653
1521664498358;0.61171854;1.6292542;10.073604
1521664498368;0.4237737;1.4808137;10.146626
1521664498378;0.18794483;1.388637;9.827001
1521664498384;0.06584055;1.3575124;9.598354
1521664498399;-0.2621651;1.3263878;8.810662
1521664498408;-0.34835634;1.3838485;8.529344
1521664498415;-0.3842694;1.5514427;8.294712
1521664498428;-0.33518824;1.7405846;7.9846625
1521664498437;-0.17717093;2.0159178;7.7691846
1521664498447;0.10295067;2.3199813;7.7368627
1521664498459;0.40581718;2.5713725;8.00621
1521664498463;0.58418524;2.6671407;8.297106
1521664498477;1.033098;2.7593174;9.465476
1521664498487;1.2521675;2.7329812;10.151415
1521664498496;1.3227965;2.6192567;10.739192
1521664498507;1.2533646;2.4289176;11.349713
1521664498516;1.0642227;2.1751323;11.789049
1521664498527;0.7769185;1.8986019;12.283452
1521664498537;0.5470751;1.5765818;12.514492
1521664498547;0.2873042;1.3623008;12.133814
1521664498558;0.16280572;1.3180081;11.256339
1521664498569;0.1328782;1.4173675;10.132261
1521664498579;0.1436521;1.6041151;9.379285
1521664498584;0.19033903;1.6950948;9.088389
1521664498590;0.24779987;1.7824832;8.852561
1521664498608;0.48243165;2.005144;8.218098
1521664498621;0.5686229;2.1200657;8.222886
1521664498628;0.61530983;2.160767;8.300697
1521664498636;0.6775591;2.1284454;8.60117
1521664498657;0.736217;2.0626047;9.143456
1521664498675;0.7254431;2.12246;9.315839
1521664498687;0.6799533;2.1739352;9.275137
1521664498695;0.59855044;2.1811178;9.249998
1521664498706;0.50757074;2.2158337;9.31105
1521664498715;0.45010993;2.243367;9.52174
1521664498727;0.38307226;2.256535;9.710882
1521664498739;0.32441434;2.2613235;9.885659
1521664498749;0.2825158;2.2589293;9.916783
1521664498754;0.17477672;2.2290018;9.759963
1521664498764;0.05865794;2.184709;9.485827
1521664498777;-0.19871874;2.055422;9.246407
1521664498783;-0.3878607;1.8614918;9.24521
1521664498798;-0.664391;1.5957354;9.14226
1521664498803;-0.7015011;1.543063;9.115923
1521664498818;-0.8810662;1.4437037;9.312247
1521664498824;-0.90021986;1.4305356;9.378088
1521664498838;-1.151611;1.3623008;9.758766
1521664498842;-1.0079589;1.365892;9.768343
1521664498856;-0.7098808;1.4544775;10.351331
1521664498863;-0.6667852;1.5239093;10.518925
1521664498878;-0.4141969;1.7262194;10.603919
1521664498887;-0.1400608;1.8363527;10.424355
1521664498895;0.1436521;1.9500773;10.303447
1521664498926;0.6548142;2.1152773;10.29387
1521664498934;0.6823475;2.110489;10.230424
1521664498947;0.7781156;2.0602105;10.042479
1521664498956;0.80564886;2.0290859;10.065224
1521664498968;0.8439561;2.0242975;10.073604
1521664498976;0.8451532;2.0027497;10.223241
1521664498988;0.81163436;1.910573;10.479421
1521664498996;0.80445176;1.8231846;10.623073
1521664499007;0.79726917;1.7357962;10.641029
1521664499012;0.8643068;1.6879122;10.474632
1521664499029;0.94570965;1.6603789;10.113108
1521664499037;0.9900024;1.697489;9.768343
1521664499049;1.0342951;1.6891093;9.4535055
1521664499056;1.0354922;1.6759412;9.022549
1521664499061;0.985214;1.6364368;8.791509
1521664499106;-0.49320555;0.7374141;8.26239
1521664499114;-0.60094464;0.6619968;8.497022
1521664499126;-0.7757214;0.5722142;9.285912
1521664499135;-0.85473;0.61530983;9.703699
1521664499147;-1.0055647;0.7182605;10.075998
1521664499157;-1.1348516;0.7745243;10.324995
1521664499167;-1.1444284;0.8798691;10.41358
1521664499176;-1.0642227;1.0845734;10.387244
1521664499184;-0.94810385;1.2258313;10.28549
1521664499194;-0.7206547;1.4640543;10.159795
1521664499206;-0.47285482;1.7034745;10.140641
1521664499219;-0.18076223;2.0506337;10.308235
1521664499228;-0.075417355;2.1859062;10.463859
1521664499238;0.007182605;2.2278047;10.588357
1521664499242;0.033518825;2.2218192;10.666168
1521664499259;-0.034715924;2.135628;10.896012
1521664499268;-0.09935937;2.005144;10.978612
1521664499275;-0.17118542;1.9596541;10.952275
1521664499280;-0.24181437;1.8842367;10.842142
1521664499298;-0.5626374;1.5981296;9.965864
1521664499307;-0.7457938;1.5023615;9.3421755
1521664499317;-0.94570965;1.4293385;8.893262
1521664499321;-1.0606314;1.4209588;8.67539
1521664499338;-1.2521675;1.4652514;8.200141
1521664499347;-1.2605472;1.4879963;8.104373
1521664499352;-1.1875241;1.4784195;8.291121
1521664499368;-1.0666169;1.4281414;8.585608
1521664499373;-0.93852705;1.3335704;8.947132
1521664499382;-0.9816227;1.1947067;9.378088
1521664499409;-0.9983821;0.90979666;9.94312
1521664499415;-1.033098;0.81043726;10.042479
1521664499421;-1.0283096;0.78529817;9.996989
1521664499446;-1.0043676;0.878672;9.587581
1521664499456;-0.92775315;0.94211835;9.676167
1521664499467;-0.8439561;0.985214;10.030508
1521664499477;-0.7026982;1.0773908;10.486604
1521664499487;-0.5781997;1.174356;11.054029
1521664499495;-0.5303157;1.2042835;11.283873
1521664499506;-0.6404489;1.2521675;11.07438
1521664499521;-0.92655605;1.3060371;10.038888
1521664499526;-1.0283096;1.3706805;9.682152
1521664499535;-1.1839328;1.4700398;9.14585
1521664499547;-1.1827357;1.5765818;8.942344
1521664499556;-1.0354922;1.7417817;9.030929
1521664499561;-0.92535895;1.8291701;9.141062
1521664499578;-0.4189853;2.1978772;9.473856
1521664499588;-0.10414778;2.4265234;9.507375
1521664499597;0.090979666;2.622848;9.36492
1521664499604;0.1400608;2.7210102;9.27394
1521664499619;0.37110126;2.8754363;8.983045
1521664499627;0.5518635;2.871845;8.92319
1521664499636;0.6596026;2.8048072;9.221268
1521664499641;0.7038953;2.7042508;9.405622
1521664499652;0.6943185;2.60968;9.665392
1521664499668;0.7015011;2.1571758;10.521319
1521664499675;0.62488663;1.8830396;10.737994
1521664499686;0.45489833;1.5849615;10.803835
1521664499695;0.23822308;1.2641385;10.751163
1521664499706;0.0023942017;1.0259154;10.59554
1521664499716;-0.1364695;0.94451255;10.254366
1521664499729;-0.12090719;0.92416185;9.8198185
1521664499736;0.062249243;1.0259154;9.463082
1521664499746;0.32321724;1.115698;9.266758
1521664499755;0.44771573;1.174356;9.251195
1521664499767;0.41299978;1.079785;9.312247
1521664499775;0.2777274;0.89064306;9.232041
1521664499787;0.06823475;0.7613561;9.075222
1521664499791;-0.06584055;0.700304;8.881291
1521664499804;-0.33638534;0.6596026;8.380903
1521664499818;-0.6607997;0.60693014;7.6590514
1521664499826;-0.80924016;0.7290344;7.290344
1521664499835;-0.748188;0.93732995;7.2328835
1521664499847;-0.59017074;1.1994951;7.327454
1521664499855;-0.37828386;1.389834;7.5788455
1521664499866;-0.18315643;1.5239093;7.8829093
1521664499876;-0.14844051;1.555034;8.319851
1521664499887;-0.24779987;1.5693992;8.9124155
1521664499896;-0.3890578;1.5873557;9.594764
1521664499910;-0.5554548;1.5813702;10.520123
1521664499916;-0.5781997;1.6304513;10.764331
1521664499927;-0.48841715;1.7537527;11.244369
1521664499936;-0.25139117;2.0207062;11.822568
1521664499947;0.093373865;2.3068132;12.501324
1521664499956;0.39624038;2.5198972;13.104663
1521664499963;0.48003745;2.586935;13.340492
1521664499977;0.5243302;2.6970682;13.297397
1521664499988;0.3890578;2.6898856;12.719196
1521664499998;0.17118542;2.6839;11.645397
1521664500007;-0.011971008;2.6898856;10.517728
1521664500016;-0.15682021;2.7150247;9.606734
1521664500028;-0.16400282;2.80361;8.8884735
1521664500037;-0.089782566;2.8862102;8.378509
1521664500041;0.02873042;2.9628246;8.145074
1521664500055;0.1388637;3.074155;8.112753
1521664500107;-0.24301147;2.1655555;10.499771
1521664500115;-0.39264908;1.910573;10.454282
1521664500126;-0.45609543;1.7705121;10.358514
1521664500140;-0.40701428;1.6711528;10.439917
1521664500146;-0.36631286;1.6819267;10.396821
1521664500155;-0.2825158;1.6867151;10.160992
1521664500166;-0.14963761;1.7322049;9.81503
1521664500180;-0.049081136;1.8076223;9.180567
1521664500186;-0.033518825;1.8195933;9.004593
1521664500196;0.0011971008;1.851915;8.696938
1521664500206;0.015562311;1.9045875;8.444349
1521664500220;0.077811554;1.9931729;8.391677
1521664500226;0.06703765;1.9979613;8.432379
1521664500235;0.10055647;1.9740193;8.730456
1521664500247;0.051475335;1.8926164;9.194932
1521664500256;0.022744916;1.8088194;9.579201
1521664500264;0.0;1.7812861;9.679757
1521664500278;0.06584055;1.9452889;9.752781
1521664500287;0.11252748;2.0374656;9.974244
1521664500296;0.10534488;2.0027497;10.269928
1521664500306;0.074220255;1.9237411;10.564415
1521664500315;-0.03232172;1.7812861;10.545261
1521664500326;-0.20949265;1.6759412;10.341754
1521664500337;-0.4345476;1.590947;10.031705
1521664500343;-0.5410896;1.5227122;9.7863
1521664500356;-0.82360536;1.3730747;9.175778
1521664500368;-1.0402806;1.3467385;8.665813
1521664500376;-1.3000516;1.436521;8.257602
1521664500387;-1.5957354;1.697489;7.890092
1521664500395;-1.7753005;2.0745757;7.5800424
1521664500407;-1.7645266;2.4851813;7.5429325
1521664500417;-1.5239093;2.9317;7.3226657
1521664500423;-1.4041992;3.1399956;7.3777328
1521664500436;-1.0726024;3.5338416;7.66384
1521664500446;-0.7386112;3.70383;8.110358
1521664500457;-0.045489833;3.7313633;8.663419
1521664500467;0.5662287;3.7433343;9.664195
1521664500476;0.9600749;3.6164417;11.224017
1521664500486;1.1827357;3.2812533;12.522872
1521664500496;1.1061212;2.7760768;13.067553
1521664500507;0.78290397;2.3439236;12.832921
1521664500516;0.4189853;1.9871874;12.442666
1521664500527;0.2813187;1.8423382;11.394006
1521664500536;0.3184288;1.9117701;10.004171
1521664500548;0.48362875;2.15957;9.004593
1521664500557;0.62249243;2.3630772;8.500613
1521664500569;0.61770403;2.4025815;8.110358
1521664500579;0.5566519;2.2996306;7.908048
1521664500589;0.44891283;2.1380222;7.9463553
1521664500593;0.34715924;2.0159178;8.080431
1521664500608;-0.077811554;1.5574282;8.359355
1521664500617;-0.28491;1.3455414;8.364143
1521664500628;-0.49679685;1.2366052;8.37013
1521664500636;-0.59376204;1.2785037;8.397662
1521664500642;-0.59017074;1.365892;8.508993
1521664500658;-0.46088383;1.6053122;8.610746
1521664500663;-0.25977087;1.8543092;8.793902
1521664500675;-0.10295067;2.1404164;9.044097
1521664500686;-0.033518825;2.4013844;9.160215
1521664500693;0.005985504;2.6156654;9.057265
1521664500706;-0.039504327;2.7820623;9.016563
1521664500716;-0.12330139;2.895787;8.967483
1521664500727;-0.23463176;2.9987376;8.972271
1521664500734;-0.45010993;3.0502129;9.040505
1521664500748;-0.7338228;3.1651347;9.094376
1521664500759;-0.92176765;3.288436;9.222465
1521664500764;-0.9935937;3.3506854;9.28232
1521664500776;-1.0055647;3.6272156;9.461885
1521664500787;-0.93134445;3.8115692;9.647436
1521664500795;-0.7793127;3.9264908;9.974244
1521664500808;-0.5566519;3.9683893;10.387244
1521664500816;-0.35194764;3.9504328;10.764331
1521664500828;-0.10414778;3.8726213;11.299435
1521664500837;0.044292733;3.7229836;11.751939
1521664500843;0.11731588;3.6104562;11.919533
1521664500857;0.10534488;3.1387985;12.113463
1521664500862;0.062249243;2.9520507;12.022484
1521664500877;-0.077811554;2.4313118;11.651382
1521664500882;-0.12689269;2.2697031;11.474212
1521664500895;-0.17118542;2.124854;11.246762
1521664500903;-0.32920274;1.7106571;10.461464
1521664500919;-0.49559975;1.42455;9.692925
1521664500924;-0.51475334;1.3694834;9.479841
1521664500934;-0.51475334;1.3012487;9.029732
1521664500943;-0.47764325;1.2330139;8.7125
1521664500959;-0.46208093;1.3000516;8.423999
1521664500969;-0.3854665;1.3623008;8.342596
1521664500975;-0.33638534;1.3874398;8.329428
1521664500980;-0.2705448;1.4257472;8.334216
1521664500998;-0.14963761;1.5263035;8.426393
1521664501007;-0.074220255;1.5993267;8.444349
1521664501016;-0.008379706;1.70946;8.503007
1521664501027;0.0011971008;1.8531121;8.684967
1521664501037;0.06464344;1.9452889;8.916007
1521664501048;0.08140286;2.0470424;9.068039
1521664501052;0.074220255;2.136825;9.15423
1521664501059;0.062249243;2.1871033;9.25359
1521664501106;-0.23822308;2.6036944;9.702502
1521664501120;-0.4261679;2.597709;9.8437605
1521664501126;-0.47285482;2.5917234;9.816227
1521664501135;-0.5554548;2.5785553;9.811439
1521664501146;-0.5626374;2.6168625;9.785102
1521664501155;-0.5662287;2.6372132;9.646238
1521664501167;-0.5267244;2.6515784;9.446322
1521664501175;-0.46327803;2.670732;9.357738
1521664501186;-0.34117374;2.6982653;9.321824
1521664501195;-0.30765492;2.6623523;9.404425
1521664501207;-0.2777274;2.610877;9.482236
1521664501215;-0.29927522;2.5306711;9.536105
1521664501226;-0.34596214;2.44448;9.637859
1521664501239;-0.44651863;2.3403323;9.690532
1521664501249;-0.58418524;2.2756886;9.698911
1521664501258;-0.61890113;2.1787236;9.651027
1521664501267;-0.6380547;2.136825;9.646238
1521664501276;-0.6823475;2.1092918;9.676167
1521664501287;-0.7493851;2.0685902;9.61272
1521664501295;-0.748188;2.0805612;9.557653
1521664501307;-0.7769185;2.078167;9.490616
1521664501319;-0.80205756;2.0685902;9.42238
1521664501329;-0.81283146;2.1033063;9.248801
1521664501336;-0.748188;2.1499932;9.19134
1521664501346;-0.6799533;2.1320367;9.275137
1521664501355;-0.61890113;2.1619642;9.346964
1521664501366;-0.521936;2.136825;9.397242
1521664501375;-0.3866636;2.2062569;9.469068
1521664501386;-0.33758244;2.1978772;9.452309
1521664501397;-0.29807812;2.208651;9.337387
1521664501403;-0.25737667;2.2122424;9.2787285
1521664501419;-0.17597382;2.207454;9.348161
1521664501428;-0.12928689;2.1787236;9.355343
1521664501436;-0.15682021;2.1739352;9.352949
1521664501448;-0.19273324;2.1823149;9.31105
1521664501458;-0.14963761;2.219425;9.415198
1521664501467;-0.11611878;2.2337902;9.485827
1521664501478;-0.09935937;2.256535;9.4535055
1521664501489;-0.07182605;2.2972364;9.475053
1521664501499;-0.046686932;2.3056161;9.576807
1521664501508;0.0023942017;2.3319526;9.737218
1521664501521;0.050278235;2.304419;9.828198
1521664501527;0.06584055;2.327164;9.770737
1521664501537;0.08140286;2.31639;9.714474
1521664501548;0.009576807;2.2984335;9.817424
1521664501556;-0.093373865;2.208651;9.763555
1521664501561;-0.14963761;2.1751323;9.737218
1521664501578;-0.29568392;2.1691468;9.643845
1521664501589;-0.34356794;2.1918917;9.640253
1521664501595;-0.33518824;2.2278047;9.704897
1521664501610;-0.19512744;2.3331497;9.855731
1521664501618;-0.093373865;2.409764;10.055647
1521664501636;-0.037110128;2.4528596;10.125079
1521664501641;-0.06464344;2.433706;10.081984
1521664501654;-0.10295067;2.4540567;10.024523
1521664501666;-0.20350714;2.3535004;9.709685
1521664501676;-0.30406362;2.2936451;9.592369
1521664501687;-0.37948096;2.2062569;9.685743
1521664501696;-0.36990416;2.1667526;9.698911
1521664501708;-0.36750996;2.1021092;9.744401
1521664501716;-0.41060558;2.0398598;9.64983
1521664501727;-0.45250413;2.0398598;9.487024
1521664501736;-0.4417302;2.0410569;9.220071
1521664501744;-0.47524905;2.0362685;9.144653
1521664501758;-0.4441244;2.0961237;9.176975
1521664501764;-0.4249708;2.111686;9.24521
1521664501777;-0.34237084;2.1212628;9.560047
1521664501782;-0.35673606;2.1296425;9.623494
1521664501796;-0.41299978;2.087744;9.642648
1521664501805;-0.45609543;2.0769699;9.572019
1521664501816;-0.5770026;2.0697873;9.561244
1521664501828;-0.58298814;2.0685902;9.5385
1521664501836;-0.5674258;2.1045034;9.563639
1521664501848;-0.5662287;2.1320367;9.781511
1521664501858;-0.5614403;2.111686;9.920375
1521664501868;-0.5590461;2.1152773;9.8916445
1521664501876;-0.49440265;2.1631613;9.683349
1521664501887;-0.4369418;2.171541;9.76116
1521664501895;-0.41180268;2.1787236;9.832987
1521664501907;-0.39264908;2.1906946;9.794679
1521664501915;-0.38067806;2.1906946;9.621099
1521664501927;-0.31483752;2.2361844;9.488221
1521664501936;-0.2801216;2.2110453;9.32781
1521664501947;-0.2753332;2.2098482;9.259575
1521664501959;-0.30645782;2.2337902;9.324219
1521664501968;-0.29448682;2.2361844;9.391256
1521664501976;-0.33638534;2.183512;9.526528
1521664501987;-0.31483752;2.148796;9.622296
1521664501995;-0.35194764;2.099715;9.659407
1521664502006;-0.4225766;2.0973208;9.592369
1521664502015;-0.38067806;2.1320367;9.296685
1521664502028;-0.272939;2.1643584;9.313444
1521664502038;-0.25977087;2.208651;9.478644
1521664502047;-0.22744916;2.1906946;9.524135
1521664502057;-0.20590134;2.2601264;9.509769
1521664502067;-0.18674773;2.2493525;9.554062
1521664502075;-0.19273324;2.2697031;9.719262
1521664502120;-0.2837129;2.2840683;9.44752
1521664502126;-0.25498247;2.3008277;9.54209
1521664502135;-0.22625206;2.336741;9.694122
1521664502150;-0.25258827;2.3235726;9.710882
1521664502155;-0.29568392;2.3080103;9.635465
1521664502166;-0.32800564;2.303222;9.464279
1521664502176;-0.36750996;2.2613235;9.423578
1521664502186;-0.37469256;2.2505496;9.428367
1521664502195;-0.37469256;2.2505496;9.350554
1521664502208;-0.4249708;2.2637177;9.291897
1521664502216;-0.39743748;2.304419;9.313444
1521664502227;-0.37588966;2.2577322;9.412804
1521664502235;-0.39863458;2.2301989;9.507375
1521664502250;-0.4297592;2.2062569;9.472659
1521664502255;-0.46567222;2.1894975;9.415198
1521664502266;-0.521936;2.1667526;9.475053
1521664502275;-0.58298814;2.1583729;9.479841
1521664502286;-0.5638345;2.110489;9.372103
1521664502300;-0.5566519;2.1631613;9.295488
1521664502307;-0.5482722;2.1751323;9.305065
1521664502317;-0.5793968;2.160767;9.546879
1521664502322;-0.60333884;2.1416135;9.622296
1521664502335;-0.62608373;2.0769699;9.76116
1521664502347;-0.61530983;2.0003555;9.993398
1521664502355;-0.58897364;1.9524715;9.994595
1521664502367;-0.59735334;1.9728222;9.951499
1521664502375;-0.59974754;1.9692309;9.860519
1521664502386;-0.62368953;1.9716251;9.903615
1521664502395;-0.6548142;1.9381063;9.957485
1521664502400;-0.6607997;1.9117701;9.981427
1521664502414;-0.6392518;1.8686744;9.929952
1521664502427;-0.5327099;1.8914193;9.882068
1521664502441;-0.33399114;1.982399;9.902418
1521664502447;-0.30286652;1.9728222;9.93474
1521664502455;-0.17357962;2.0242975;9.949105
1521664502467;-0.10055647;2.0913353;9.88925
1521664502475;-0.015562311;2.1404164;9.645041
1521664502488;0.02633622;2.2002714;9.512163
1521664502500;0.022744916;2.2110453;9.461885
1521664502507;0.04309563;2.2242134;9.5253315
1521664502515;0.094570965;2.2373815;9.594764
1521664502526;0.14724341;2.2625206;9.753978
1521664502536;0.15203181;2.2373815;9.821015
1521664502547;0.11851298;2.2709002;9.648633
1521664502555;0.10295067;2.3199813;9.452309
1521664502566;0.08020575;2.3678656;9.2547865
1521664502578;0.16519992;2.4133554;9.218874
1521664502588;0.19512744;2.468422;9.232041
1521664502596;0.18794483;2.4612393;9.288305
1521664502606;0.16160862;2.4887726;9.394848
1521664502617;0.15083471;2.4887726;9.428367
1521664502630;0.02873042;2.3918076;9.467871
1521664502641;-0.038307227;2.327164;9.43076
1521664502669;-0.2633622;2.2230163;9.516952
1521664502676;-0.25737667;2.2266076;9.526528
1521664502686;-0.24779987;2.2158337;9.522937
1521664502695;-0.2825158;2.2481554;9.524135
1521664502706;-0.31364042;2.244564;9.599552
1521664502717;-0.39145198;2.1906946;9.714474
1521664502721;-0.41180268;2.1823149;9.706094
1521664502738;-0.5231331;2.086547;9.787497
1521664502743;-0.5398925;2.0685902;9.728839
1521664502755;-0.59136784;2.019509;9.64983
1521664502763;-0.6488287;2.0231004;9.636662
1521664502774;-0.7015011;2.0111294;9.5971575
1521664502788;-0.6655881;2.0338743;9.445126
1521664502798;-0.59735334;2.0638018;9.36492
1521664502808;-0.5746084;2.0853498;9.416395
1521664502817;-0.5351041;2.066196;9.595961
1521664502829;-0.5482722;2.043451;9.811439
1521664502839;-0.5374983;2.030283;9.920375
1521664502842;-0.5506664;2.0278888;9.932345
1521664502853;-0.5662287;2.030283;9.854534
1521664502862;-0.5506664;2.0362685;9.7863
1521664502875;-0.5267244;2.0745757;9.674969
1521664502879;-0.5374983;2.079364;9.56723
1521664502898;-0.45729253;2.2278047;9.334992
1521664502907;-0.39743748;2.3199813;9.308656
1521664502916;-0.3866636;2.3056161;9.490616
1521664502927;-0.4141969;2.2469583;9.591172
1521664502936;-0.4369418;2.2457612;9.665392
1521664502941;-0.4357447;2.2218192;9.634268
1521664502955;-0.4381389;2.2290018;9.503783
1521664502963;-0.4225766;2.2661119;9.354146
1521664502977;-0.31364042;2.2625206;9.288305
1521664502982;-0.30166942;2.2756886;9.392453
1521664502998;-0.2885013;2.2697031;9.617508
1521664503007;-0.2645593;2.2589293;9.655815
1521664503016;-0.31004912;2.2457612;9.66659
1521664503027;-0.36870706;2.2182279;9.648633
1521664503036;-0.3890578;2.1918917;9.61272
1521664503048;-0.37828386;2.172738;9.490616
1521664503058;-0.33399114;2.2517467;9.403227
1521664503069;-0.23822308;2.303222;9.344569
1521664503126;-0.2633622;2.3870192;9.554062
1521664503135;-0.28491;2.3546975;9.512163
1521664503146;-0.2741361;2.3211784;9.490616
1521664503155;-0.25019407;2.3020248;9.472659
1521664503167;-0.21188685;2.3523033;9.440337
1521664503175;-0.16160862;2.3714569;9.459491
1521664503187;-0.12330139;2.3558946;9.397242
1521664503199;-0.14604631;2.348712;9.334992
1521664503208;-0.15442601;2.360683;9.251195
1521664503216;-0.21308395;2.3535004;9.169792
1521664503226;-0.23343466;2.3654714;9.141062
1521664503231;-0.260968;2.3331497;9.211691
1521664503267;-0.22266077;2.3463178;9.66659
1521664503276;-0.20231004;2.3953989;9.657013
1521664503286;-0.23942018;2.4301147;9.552865
1521664503297;-0.33518824;2.4289176;9.574412
1521664503308;-0.37229836;2.4037786;9.631873
1521664503318;-0.37229836;2.4229321;9.662998
1521664503324;-0.36032736;2.4516625;9.6845455
1521664503339;-0.38067806;2.4779987;9.720459
1521664503348;-0.36511576;2.4289176;9.679757
1521664503356;-0.39504328;2.373851;9.653421
1521664503368;-0.4261679;2.360683;9.634268
1521664503375;-0.4441244;2.31639;9.556456
1521664503387;-0.4333505;2.3211784;9.482236
1521664503396;-0.40222588;2.384625;9.510966
1521664503409;-0.37828386;2.3678656;9.522937
1521664503417;-0.35434186;2.3403323;9.49301
1521664503429;-0.34596214;2.2996306;9.442732
1521664503434;-0.33638534;2.2768857;9.443929
1521664503446;-0.36750996;2.2481554;9.488221
1521664503456;-0.39025488;2.2098482;9.437943
1521664503467;-0.36631286;2.1990743;9.321824
1521664503476;-0.3184288;2.2732944;9.315839
1521664503488;-0.2681506;2.3451207;9.355343
1521664503500;-0.18076223;2.4361002;9.375694
1521664503507;-0.17238252;2.4756045;9.419987
1521664503515;-0.11971009;2.5318682;9.425972
1521664503527;-0.06943185;2.540248;9.566033
1521664503536;-0.049081136;2.553416;9.703699
1521664503547;-0.045489833;2.5067291;9.653421
1521664503556;-0.077811554;2.4732103;9.601946
1521664503567;-0.12210429;2.4672248;9.539697
1521664503576;-0.18435353;2.4768016;9.619903
1521664503587;-0.22026655;2.4624364;9.676167
1521664503595;-0.17836803;2.4899697;9.680955
1521664503606;-0.19632454;2.5222914;9.68694
1521664503613;-0.23702596;2.4995465;9.685743
1521664503626;-0.30406362;2.3989902;9.589975
1521664503635;-0.2693477;2.3798366;9.562442
1521664503640;-0.25019407;2.3989902;9.586384
1521664503658;-0.19991584;2.421735;9.351752
1521664503669;-0.15562311;2.4396915;9.139865
1521664503675;-0.1364695;2.4648306;9.11712
1521664503686;-0.14604631;2.4540567;9.204509
1521664503695;-0.1436521;2.4468741;9.301474
1521664503701;-0.16879122;2.4432828;9.3421755
1521664503715;-0.17836803;2.3834279;9.606734
1521664503721;-0.20590134;2.3546975;9.704897
1521664503736;-0.25019407;2.2972364;9.759963
1521664503748;-0.25737667;2.3127987;9.692925
1521664503755;-0.22864626;2.3642743;9.544485
1521664503767;-0.17956513;2.3882163;9.459491
1521664503775;-0.1592144;2.4420857;9.275137
1521664503787;-0.15203181;2.445677;9.25359
1521664503795;-0.17597382;2.4265234;9.470264
1521664503802;-0.20350714;2.408567;9.592369
1521664503817;-0.25258827;2.3582888;9.707291
1521664503827;-0.2885013;2.3882163;9.49301
1521664503836;-0.30406362;2.4133554;9.346964
1521664503847;-0.34955344;2.3870192;9.375694
1521664503857;-0.39863458;2.3343468;9.481039
1521664503869;-0.439336;2.3355439;9.578004
1521664503877;-0.3854665;2.3666685;9.7084875
1521664503885;-0.25498247;2.396596;10.006566
1521664503898;-0.12928689;2.4468741;10.231621
1521664503909;-0.034715924;2.4660277;10.242394
1521664503916;0.045489833;2.5127146;9.959879
1521664503926;0.08259996;2.6204538;9.64145
1521664503935;0.079008654;2.6551697;9.313444
1521664503946;0.10175357;2.6013002;9.288305
1521664503956;0.079008654;2.5091233;9.334992
1521664503969;0.0047884034;2.3451207;9.544485
1521664503976;-0.1340753;2.1667526;9.692925
1521664503987;-0.2837129;1.9967642;9.582792
1521664503995;-0.37828386;1.8854338;9.399636
1521664504007;-0.4333505;1.8112136;9.233239
1521664504011;-0.4285621;1.7896658;9.14226
1521664504027;-0.39145198;1.7992426;8.845378
1521664504035;-0.37948096;1.7764976;8.783129
1521664504046;-0.439336;1.7393875;8.76637
1521664504055;-0.47285482;1.7022774;8.925584
1521664504062;-0.4261679;1.7142484;8.955511
1521664504071;-0.37229836;1.7238252;9.065644
1521664504079;-0.33279404;1.70946;9.205706
1521664504126;-0.074220255;1.9859903;9.640253
1521664504140;0.076614454;2.15957;9.80665
1521664504146;0.1388637;2.1978772;9.92636
1521664504155;0.20709845;2.2481554;10.14543
1521664504166;0.19153613;2.303222;10.260351
1521664504177;0.16160862;2.2948422;10.272323
1521664504187;0.1340753;2.2661119;10.299856
1521664504195;0.09816227;2.27928;10.4171715
1521664504207;0.15442601;2.2720973;10.399215
1521664504215;0.24181437;2.2697031;10.376471
1521664504227;0.33399114;2.3475149;10.232818
1521664504236;0.3890578;2.4013844;10.085575
1521664504241;0.36990416;2.4372973;9.962274
1521664504259;0.33039984;2.3918076;9.7084875
1521664504267;0.2681506;2.3582888;9.582792
1521664504277;0.21428105;2.3355439;9.449914
1521664504287;0.16519992;2.3415294;9.411607
1521664504299;0.14724341;2.372654;9.564836
1521664504307;0.19273324;2.4061728;9.7863
1521664504316;0.23702596;2.4277205;9.91798
1521664504327;0.25737667;2.4624364;9.88925
1521664504336;0.22744916;2.5210943;9.709685
1521664504342;0.23702596;2.5258827;9.622296
1521664504357;0.1604115;2.529474;9.361329
1521664504365;0.1328782;2.5210943;9.299079
1521664504379;0.07062895;2.4588451;9.442732
1521664504388;0.046686932;2.3918076;9.560047
1521664504395;0.05626374;2.372654;9.691729
1521664504407;0.017956512;2.328361;9.700109
1521664504416;0.017956512;2.2649148;9.668983
1521664504427;0.07062895;2.2744915;9.64983
1521664504436;0.088585466;2.2732944;9.661801
1521664504441;0.08499416;2.2577322;9.683349
1521664504453;0.108936176;2.2134395;9.710882
1521664504468;0.12330139;2.1883004;9.6845455
1521664504474;0.05626374;2.135628;9.594764
1521664504483;0.06344634;2.1296425;9.41041
1521664504507;0.061052144;2.146402;9.217676
1521664504516;0.038307227;2.171541;9.229648
1521664504527;0.025139118;2.1859062;9.31943
1521664504536;0.053869538;2.2002714;9.43914
1521664504547;0.062249243;2.2098482;9.487024
1521664504557;0.06584055;2.2421699;9.519346
1521664504567;0.08499416;2.2649148;9.489418
1521664504579;0.08738836;2.256535;9.40203
1521664504588;0.079008654;2.2361844;9.309854
1521664504596;0.092176765;2.231396;9.24521
1521664504608;0.12928689;2.2625206;9.339781
1521664504616;0.17717093;2.2541409;9.355343
1521664504627;0.21787235;2.2768857;9.387665
1521664504641;0.33638534;2.3630772;9.356541
1521664504647;0.39384618;2.409764;9.351752
1521664504656;0.49799395;2.48159;9.276335
1521664504668;0.62608373;2.5318682;9.427169
1521664504677;0.78410107;2.6360161;9.725247
1521664504686;0.9564836;2.791639;9.581595
1521664504696;1.0582372;2.859874;9.667787
1521664504703;1.2294226;2.9257145;9.825804
1521664504717;1.2605472;2.9604304;9.878476
1521664504722;1.2497733;2.89459;9.847352
1521664504733;1.2437878;2.7210102;9.640253
1521664504746;0.89184016;2.4720132;9.770737
1521664504754;0.48602295;2.2601264;10.078392
1521664504762;0.16280572;2.1092918;10.07121
1521664504777;0.017956512;1.8567034;9.710882
1521664504784;0.023942016;1.8435353;9.588778
1521664504795;0.15322891;1.9716251;9.131485
1521664504808;0.5781997;2.4073699;8.325836
1521664504817;0.973243;2.6791117;8.070854
1521664504822;1.0582372;2.8000188;8.139089
1521664504838;1.1025299;2.9712043;8.376115
1521664504842;1.151611;2.9508536;8.531737
1521664504858;1.0821792;2.7820623;8.974665
1521664504868;0.92176765;2.7341783;9.052477
1521664504876;0.82360536;2.64679;9.112331
1521664504888;0.60214174;2.5115175;9.109938
1521664504899;0.3890578;2.44448;9.099164
1521664504908;0.2753332;2.4313118;9.095572
1521664504926;-0.32800564;2.3139958;8.948329
1521664504935;-0.25737667;2.4025815;8.889671
1521664504946;-0.11492168;2.5821466;8.765172
1521664504955;0.01436521;2.7401638;8.930372
1521664504967;0.16998832;2.8682537;9.242816
1521664504975;0.2765303;2.8802247;9.437943
1521664504985;0.32680854;2.8682537;9.483433
1521664504997;0.40222588;2.72939;9.533711
1521664505006;0.3878607;2.6443958;9.472659
1521664505015;0.37469256;2.6024973;9.2787285
1521664505026;0.36750996;2.56419;9.093178
1521664505035;0.39983168;2.5773582;8.900445
1521664505048;0.51116204;2.6408045;8.736442
1521664505056;0.6607997;2.707842;8.805874
1521664505068;0.7697359;2.6898856;9.062054
1521664505079;0.91817635;2.6671407;9.423578
1521664505085;0.9600749;2.6384103;9.580399
1521664505092;0.9864111;2.6156654;9.91439
1521664505135;0.7218518;2.4588451;9.900024
1521664505146;0.6440403;2.4121583;9.646238
1521664505155;0.6512229;2.3702598;9.506178
1521664505166;0.6703765;2.328361;9.478644
1521664505175;0.7745243;2.3642743;9.452309
1521664505187;0.8535329;2.409764;9.475053
1521664505197;1.0139444;2.3594859;9.598354
1521664505207;1.0941502;2.3127987;9.751583
1521664505216;1.1133038;2.2373815;9.828198
1521664505226;1.1073183;2.1811178;9.88925
1521664505235;1.127669;2.1140802;9.922769
1521664505241;1.1911154;2.135628;9.941922
1521664505255;1.2761095;2.1655555;9.85214
1521664505268;1.401805;2.2732944;9.7803135
1521664505280;1.472434;2.348712;9.713276
1521664505286;1.448492;2.349909;9.712079
1521664505295;1.4784195;2.328361;9.816227
1521664505307;1.4137762;2.2780828;10.028113
1521664505316;1.30484;2.2254105;10.02572
1521664505328;1.1647792;2.1416135;9.993398
1521664505334;1.0953473;2.087744;10.012551
1521664505345;1.0235212;2.0482395;9.85214
1521664505356;1.0606314;2.1643584;9.576807
1521664505367;1.1348516;2.327164;9.428367
1521664505377;1.1827357;2.4384944;9.271546
1521664505388;1.1935096;2.4959552;9.248801
1521664505398;1.1264719;2.4480712;9.317036
1521664505408;1.0546459;2.4073699;9.331401
1521664505416;0.9660604;2.36188;9.332599
1521664505427;0.8619126;2.2972364;9.301474
1521664505436;0.7038953;2.2278047;9.446322
1521664505455;0.6979098;2.2038627;9.615114
1521664505462;0.6991069;2.2062569;9.736021
1521664505478;0.6691794;2.2230163;9.849746
1521664505486;0.6488287;2.2230163;9.861717
1521664505495;0.58657944;2.19668;9.903615
1521664505507;0.5243302;2.1667526;9.939528
1521664505515;0.4201824;2.148796;9.860519
1521664505529;0.34955344;2.1404164;9.776723
1521664505536;0.22744916;2.1188686;9.599552
1521664505547;0.12449849;2.0901382;9.725247
1521664505555;0.089782566;2.0219033;9.76954
1521664505566;0.090979666;1.970428;9.813833
1521664505576;0.11252748;1.9309237;9.82341
1521664505587;0.08259996;1.9428947;9.745598
1521664505595;0.079008654;1.9393034;9.662998
1521664505607;0.09935937;1.958457;9.57561
1521664505617;0.08140286;2.006341;9.509769
1521664505628;0.076614454;2.0290859;9.500193
1521664505636;0.092176765;2.0614076;9.502586
1521664505648;0.076614454;2.0518308;9.496601
1521664505668;0.047884032;2.0482395;9.516952
1521664505675;0.0035913025;2.0590134;9.54209
1521664505686;-0.017956512;2.1033063;9.692925
1521664505696;-0.010773907;2.0685902;9.822212
1521664505706;0.0047884034;2.0649989;9.807847
1521664505713;0.08140286;2.1152773;9.578004
1521664505727;0.11971009;2.171541;9.443929
1521664505735;0.23822308;2.219425;9.301474
1521664505741;0.32920274;2.2828712;9.205706
1521664505759;0.45729253;2.3702598;9.23683
1521664505769;0.5554548;2.44448;9.249998
1521664505777;0.6500258;2.5450363;9.376891
1521664505788;0.80086046;2.6288335;9.433155
1521664505796;0.8726865;2.7138276;9.507375
1521664505808;0.9720459;2.7629087;9.473856
1521664505817;1.0019734;2.791639;9.507375
1521664505822;1.0187328;2.8048072;9.500193
1521664505835;1.0414777;2.789245;9.460688
1521664505842;1.0007763;2.755726;9.379285
1521664505853;0.8726865;2.670732;9.339781
1521664505869;0.7062895;2.504335;9.31105
1521664505879;0.5303157;2.3810337;9.263166
1521664505883;0.4369418;2.337938;9.181764
1521664505896;0.35673606;2.255338;9.020155
1521664505906;0.35075054;2.2349873;9.018958
1521664505915;0.39624038;2.2218192;9.14226
1521664505928;0.62249243;2.2589293;9.616311
1521664505935;0.8367735;2.3307555;9.712079
1521664505946;1.009156;2.373851;9.583989
1521664505953;1.0905589;2.397793;9.563639
1521664505967;1.0857705;2.2828712;9.764751
1521664505975;0.94930094;2.146402;9.8677025
1521664505988;0.7410054;1.982399;9.921572
1521664505997;0.5291186;1.7896658;10.131064
1521664506007;0.4261679;1.6460136;10.126276
1521664506016;0.33159694;1.5346833;10.031705
1521664506028;0.12210429;1.4951789;9.8437605
1521664506036;0.11133038;1.5179238;9.610326
1521664506047;0.3172317;1.6591818;9.308656
1521664506057;0.5746084;1.8842367;9.151836
1521664506069;0.6955156;2.079364;9.296685
1521664506075;0.7386112;2.1547816;9.406818
1521664506079;0.7721301;2.208651;9.52174
1521664506098;0.8355764;2.2373815;9.536105
1521664506147;0.90620536;2.3427265;9.671378
1521664506155;0.9540894;2.3870192;9.830592
1521664506166;0.9935937;2.4313118;9.854534
1521664506175;0.9911995;2.468422;9.805453
1521664506188;0.9995792;2.5498247;9.720459
1521664506196;1.0067618;2.6324248;9.625888
1521664506211;1.0283096;2.693477;9.52174
1521664506216;1.0247183;2.6922798;9.583989
1521664506227;0.9840169;2.6862943;9.744401
1521664506236;0.8774749;2.6156654;9.886856
1521664506247;0.80445176;2.5558102;9.783905
1521664506255;0.7493851;2.5617957;9.647436
1521664506266;0.712275;2.5210943;9.5385
1521664506275;0.6596026;2.5139117;9.520543
1521664506287;0.6955156;2.5390508;9.437943
1521664506296;0.760159;2.6204538;9.351752
1521664506307;0.770933;2.6791117;9.360131
1521664506317;0.7721301;2.682703;9.285912
1521664506328;0.736217;2.6886885;9.2069025
1521664506337;0.6667852;2.6192567;9.194932
1521664506348;0.5662287;2.5617957;9.350554
1521664506356;0.49919105;2.5115175;9.557653
1521664506367;0.45489833;2.432509;9.7958765
1521664506376;0.40342298;2.408567;9.873688
1521664506388;0.38187516;2.3702598;9.800665
1521664506396;0.31364042;2.36188;9.667787
1521664506408;0.29927522;2.384625;9.53012
1521664506414;0.30286652;2.328361;9.461885
1521664506424;0.29448682;2.3235726;9.507375
1521664506436;0.31244332;2.2720973;9.654618
1521664506444;0.2885013;2.1894975;9.714474
1521664506458;0.2789245;2.1212628;9.749189
1521664506468;0.2753332;2.0697873;9.76954
1521664506476;0.2645593;2.043451;9.7479925
1521664506488;0.29688102;2.03148;9.618706
1521664506518;0.38187516;2.0805612;9.209297
1521664506522;0.41060558;2.1080947;9.1590185
1521664506536;0.4249708;2.146402;8.9842415
1521664506546;0.46686932;2.1643584;8.987833
1521664506555;0.49559975;2.183512;9.044097
1521664506566;0.50876784;2.2002714;9.108741
1521664506575;0.50038815;2.220622;9.202114
1521664506586;0.52073884;2.2876596;9.203311
1521664506595;0.5374983;2.3642743;9.175778
1521664506602;0.545878;2.3930047;9.143456
1521664506617;0.5626374;2.468422;9.1590185
1521664506628;0.62009823;2.5342624;9.2547865
1521664506636;0.6440403;2.5629928;9.42238
1521664506647;0.6368576;2.566584;9.431957
1521664506662;0.6464345;2.5917234;9.39365
1521664506678;0.5590461;2.6132712;9.343372
1521664506686;0.47884035;2.6240451;9.291897
1521664506695;0.4297592;2.6084828;9.3182335
1521664506707;0.40701428;2.6156654;9.376891
1521664506716;0.415394;2.6384103;9.4774475
1521664506726;0.415394;2.6144683;9.520543
1521664506735;0.40222588;2.5689783;9.645041
1521664506741;0.40462008;2.5438392;9.690532
1521664506755;0.36750996;2.5210943;9.727641
1521664506767;0.4429273;2.5390508;9.727641
1521664506777;0.48722005;2.5582044;9.726444
1521664506788;0.5734113;2.621651;9.68694
1521664506796;0.6512229;2.6324248;9.679757
1521664506804;0.6715736;2.6300306;9.68694
1521664506815;0.6739678;2.5917234;9.690532
1521664506824;0.6727707;2.540248;9.703699
1521664506834;0.6811504;2.4863784;9.636662
1521664506849;0.6392518;2.3750482;9.574412
1521664506855;0.61890113;2.3175871;9.400833
1521664506864;0.59615624;2.3104045;9.343372
1521664506876;0.5542577;2.2625206;9.358934
1521664506885;0.5805939;2.2589293;9.329007
1521664506898;0.61650693;2.2888567;9.23683
1521664506908;0.60932434;2.328361;9.264363
1521664506914;0.59615624;2.3259668;9.233239
1521664506927;0.58298814;2.3295584;9.277532
1521664506936;0.61770403;2.3511062;9.269152
1521664506947;0.5686229;2.3104045;9.388862
1521664506958;0.5590461;2.2948422;9.551667
1521664506962;0.5315128;2.2661119;9.623494
1521664506979;0.5542577;2.2457612;9.639056
1521664506989;0.5398925;2.2337902;9.668983
1521664506995;0.5805939;2.268506;9.709685
1521664507003;0.6739678;2.3355439;9.727641
1521664507016;0.7422025;2.4049757;9.713276
1521664507027;0.7589619;2.432509;9.742006
1521664507037;0.7445967;2.468422;9.779117
1521664507048;0.7206547;2.5007436;9.672575
1521664507057;0.6991069;2.4791958;9.576807
1521664507069;0.6572084;2.4193408;9.55885
1521664507074;0.6356605;2.4001873;9.522937
1521664507085;0.6404489;2.4229321;9.551667
1521664507135;0.52073884;2.3690627;9.40203
1521664507146;0.49320555;2.336741;9.326612
1521664507160;0.4429273;2.3953989;9.141062
1521664507166;0.4381389;2.4181437;9.1590185
1521664507175;0.4189853;2.421735;9.267955
1521664507187;0.44532153;2.4313118;9.394848
1521664507198;0.48602295;2.4169466;9.551667
1521664507208;0.51235914;2.4121583;9.821015
1521664507215;0.533907;2.4049757;9.883265
1521664507227;0.48482585;2.3786395;9.864111
1521664507236;0.45489833;2.3834279;9.676167
1521664507246;0.4357447;2.4001873;9.555259
1521664507255;0.4309563;2.4492683;9.512163
1521664507268;0.49081135;2.480393;9.5971575
1521664507278;0.5506664;2.517503;9.624691
1521664507288;0.60094464;2.5378537;9.604341
1521664507296;0.65242;2.5342624;9.613917
1521664507308;0.6931214;2.5187001;9.647436
1521664507316;0.6907272;2.4875755;9.617508
1521664507327;0.6799533;2.480393;9.576807
1521664507336;0.6727707;2.4732103;9.592369
1521664507342;0.6775591;2.4468741;9.680955
1521664507357;0.6823475;2.4756045;9.714474
1521664507363;0.7637503;2.5330653;9.566033
1521664507378;0.8475474;2.6635494;9.526528
1521664507389;0.842759;2.669535;9.539697
1521664507395;0.81761986;2.6443958;9.617508
1521664507418;0.8762778;2.6599581;9.583989
1521664507423;0.89423436;2.6839;9.585187
1521664507439;0.92895025;2.742558;9.609129
1521664507443;0.92416185;2.742558;9.5732155
1521664507459;0.80684596;2.6862943;9.470264
1521664507464;0.7577648;2.6563668;9.397242
1521664507478;0.6955156;2.5881321;9.463082
1521664507488;0.7062895;2.5438392;9.605537
1521664507499;0.6631939;2.4839842;9.5732155
1521664507508;0.58897364;2.4229321;9.539697
1521664507517;0.50158525;2.3953989;9.44752
1521664507527;0.4213795;2.3403323;9.348161
1521664507536;0.36870706;2.291251;9.267955
1521664507547;0.32202014;2.2780828;9.260772
1521664507556;0.2837129;2.2756886;9.2787285
1521664507567;0.25019407;2.2278047;9.3661175
1521664507576;0.2621651;2.1859062;9.404425
1521664507589;0.31124622;2.1703439;9.379285
1521664507598;0.39743748;2.2038627;9.314642
1521664507610;0.45848963;2.2397757;9.3733
1521664507616;0.45609543;2.2469583;9.415198
1521664507627;0.51355624;2.2948422;9.406818
1521664507636;0.641646;2.385822;9.325416
1521664507647;0.70509243;2.5246856;9.181764
1521664507667;0.59855044;2.6060886;9.063251
1521664507677;0.59017074;2.6180596;9.214086
1521664507687;0.58298814;2.634819;9.509769
1521664507695;0.6500258;2.6922798;9.600749
1521664507706;0.5267244;2.778471;9.459491
1521664507715;0.427365;2.7820623;9.363723
1521664507727;0.44771573;2.7688942;9.174581
1521664507736;0.47644615;2.7688942;8.991425
1521664507748;0.46926352;2.8048072;8.929175
1521664507759;0.4309563;2.8455088;9.052477
1521664507767;0.439336;2.8670566;9.167398
1521664507776;0.48602295;2.8754363;9.354146
1521664507786;0.48841715;2.822764;9.4774475
1521664507795;0.40821138;2.7820623;9.562442
1521664507806;0.39863458;2.7808652;9.621099
1521664507815;0.4285621;2.7820623;9.633071
1521664507821;0.45609543;2.7724855;9.665392
1521664507838;0.50637364;2.7964275;9.7863
1521664507848;0.5255273;2.7808652;9.858126
1521664507856;0.59017074;2.8000188;9.838972
1521664507867;0.62608373;2.80361;9.800665
1521664507876;0.62249243;2.7964275;9.726444
1521664507888;0.61411273;2.7234044;9.730036
1521664507896;0.58777654;2.6994624;9.707291
1521664507901;0.5758055;2.6898856;9.661801
1521664507918;0.62488663;2.6743233;9.497798
1521664507928;0.6476316;2.633622;9.42238
1521664507934;0.6596026;2.633622;9.42238
1521664507947;0.6548142;2.6312277;9.31943
1521664507956;0.641646;2.6156654;9.276335
1521664507968;0.6536171;2.5833437;9.252393
1521664507978;0.6476316;2.5582044;9.248801
1521664507988;0.6452374;2.5486276;9.210494
1521664507995;0.62847793;2.5330653;9.193734
1521664508008;0.5793968;2.541445;9.196129
1521664508017;0.62967503;2.528277;9.294291
1521664508023;0.62129533;2.5474305;9.348161
1521664508037;0.6428431;2.5737667;9.324219
1521664508048;0.62129533;2.6420016;9.301474
1521664508056;0.61411273;2.6803088;9.234436
1521664508067;0.59376204;2.718616;9.168595
1521664508078;0.5315128;2.72939;9.139865
1521664508097;0.49440265;2.6611552;9.301474
1521664508104;0.50757074;2.6671407;9.349358
1521664508141;0.7062895;2.7485435;9.840169
1521664508147;0.7038953;2.7461493;9.830592
1521664508155;0.6739678;2.753332;9.801862
1521664508166;0.60333884;2.7162218;9.671378
1521664508175;0.5506664;2.7150247;9.579201
1521664508186;0.5650316;2.7485435;9.490616
1521664508196;0.5746084;2.7234044;9.449914
1521664508206;0.62967503;2.72939;9.404425
1521664508216;0.6655881;2.6970682;9.370906
1521664508229;0.6464345;2.6755204;9.425972
1521664508237;0.60932434;2.6491842;9.388862
1521664508249;0.60932434;2.6635494;9.308656
1521664508257;0.61291564;2.6850972;9.26197
1521664508268;0.60932434;2.6551697;9.323022
1521664508274;0.6452374;2.622848;9.309854
1521664508289;0.6703765;2.597709;9.382876
1521664508299;0.6368576;2.5893292;9.461885
1521664508302;0.6356605;2.56419;9.546879
1521664508319;0.60932434;2.5151088;9.794679
1521664508323;0.5650316;2.4995465;9.773131
1521664508340;0.5363012;2.5366566;9.598354
1521664508348;0.5291186;2.5701754;9.469068
1521664508357;0.50517654;2.5809495;9.357738
1521664508368;0.5386954;2.6515784;9.255983
1521664508377;0.60573304;2.6384103;9.229648
1521664508387;0.60812724;2.6563668;9.242816
1521664508396;0.61530983;2.6563668;9.305065
1521664508401;0.62967503;2.6515784;9.31105
1521664508418;0.61291564;2.6144683;9.433155
1521664508429;0.58897364;2.5929205;9.414001
1521664508436;0.5602432;2.5881321;9.404425
1521664508448;0.5542577;2.6024973;9.331401
1521664508456;0.5781997;2.6156654;9.270349
1521664508468;0.58657944;2.610877;9.309854
1521664508489;0.59136784;2.5929205;9.38168
1521664508496;0.60573304;2.597709;9.382876
1521664508506;0.62488663;2.5917234;9.408015
1521664508516;0.61530983;2.5833437;9.448717
1521664508526;0.5805939;2.5785553;9.417592
1521664508533;0.5351041;2.5773582;9.41879
1521664508551;0.4429273;2.5210943;9.469068
1521664508555;0.40102878;2.4995465;9.476251
1521664508568;0.45370123;2.4971523;9.495404
1521664508576;0.47644615;2.5605986;9.440337
1521664508587;0.48722005;2.540248;9.495404
1521664508598;0.50517654;2.5617957;9.454702
1521664508606;0.51235914;2.5438392;9.452309
1521664508619;0.49440265;2.5510218;9.51336
1521664508622;0.5255273;2.565387;9.533711
1521664508638;0.5638345;2.574964;9.680955
1521664508642;0.60333884;2.5617957;9.667787
1521664508663;0.6344634;2.554613;9.637859
1521664508675;0.60693014;2.56419;9.613917
1521664508686;0.5770026;2.5773582;9.555259
1521664508695;0.58897364;2.5893292;9.5732155
1521664508706;0.60453594;2.6001031;9.5385
1521664508713;0.62488663;2.598906;9.557653
1521664508727;0.6631939;2.645593;9.578004
1521664508736;0.6919243;2.6683378;9.585187
1521664508748;0.7062895;2.6671407;9.628283
1521664508759;0.6691794;2.6539726;9.561244
1521664508764;0.6596026;2.633622;9.518148
1521664508779;0.6655881;2.6264393;9.443929
1521664508789;0.6548142;2.6156654;9.409213
1521664508797;0.6799533;2.6048915;9.330204
1521664508803;0.6512229;2.5893292;9.351752
1521664508819;0.63087213;2.6013002;9.288305
1521664508828;0.59615624;2.5953147;9.305065
1521664508834;0.5506664;2.56419;9.372103
1521664508844;0.5638345;2.5713725;9.428367
1521664508857;0.5650316;2.5570073;9.448717
1521664508863;0.5255273;2.5558102;9.397242
1521664508877;0.50876784;2.4971523;9.330204
1521664508888;0.45848963;2.4732103;9.293094
1521664508898;0.45848963;2.468422;9.350554
1521664508908;0.45250413;2.469619;9.455899
1521664508915;0.46806642;2.4779987;9.574412
1521664508939;0.46567222;2.4791958;9.662998
1521664508942;0.47046062;2.4947581;9.593566
1521664508955;0.45250413;2.4839842;9.52174
1521664508960;0.44771573;2.4672248;9.495404
1521664508977;0.52073884;2.4863784;9.412804
1521664508983;0.5506664;2.5127146;9.400833
1521664508997;0.61052144;2.5809495;9.4295635
1521664509006;0.5781997;2.586935;9.433155
1521664509016;0.5494693;2.5594015;9.3421755
1521664509029;0.49559975;2.5115175;9.24521
1521664509036;0.45370123;2.4612393;9.238028
1521664509049;0.50158525;2.493561;9.221268
1521664509057;0.5243302;2.5151088;9.374496
1521664509069;0.5674258;2.5234885;9.562442
1521664509076;0.61291564;2.5115175;9.642648
1521664509087;0.60333884;2.492364;9.671378
1521664509090;0.581791;2.480393;9.627085
1521664509135;0.5590461;2.5450363;9.305065
1521664509146;0.59495914;2.5103204;9.355343
1521664509155;0.58418524;2.5031378;9.396045
1521664509167;0.5530606;2.4995465;9.340978
1521664509181;0.51714754;2.5198972;9.346964
1521664509187;0.50278234;2.5127146;9.379285
1521664509193;0.49919105;2.5151088;9.386468
1521664509207;0.60094464;2.5486276;9.516952
1521664509215;0.61171854;2.585738;9.5971575
1521664509227;0.5291186;2.553416;9.672575
1521664509236;0.45130703;2.492364;9.64145
1521664509247;0.40701428;2.4624364;9.661801
1521664509255;0.36631286;2.4301147;9.676167
1521664509268;0.40342298;2.3953989;9.574412
1521664509277;0.39264908;2.4049757;9.404425
1521664509288;0.41180268;2.4791958;9.25359
1521664509296;0.4201824;2.5031378;9.303867
1521664509307;0.4405331;2.4756045;9.516952
1521664509316;0.4417302;2.4265234;9.689334
1521664509327;0.4429273;2.397793;9.746795
1521664509336;0.39384618;2.4061728;9.672575
1521664509349;0.35314476;2.3834279;9.611523
1521664509356;0.36511576;2.360683;9.586384
1521664509364;0.36152446;2.384625;9.548077
1521664509378;0.38067806;2.4516625;9.594764
1521664509382;0.3854665;2.4468741;9.667787
1521664509399;0.45489833;2.4612393;9.718064
1521664509408;0.50757074;2.4420857;9.642648
1521664509416;0.51954174;2.4600422;9.607931
1521664509427;0.51116204;2.4432828;9.665392
1521664509436;0.5410896;2.4480712;9.633071
1521664509448;0.58538234;2.4349031;9.634268
1521664509458;0.58657944;2.4540567;9.719262
1521664509464;0.60932434;2.5079262;9.661801
1521664509479;0.6476316;2.4720132;9.572019
1521664509488;0.61890113;2.3906105;9.467871
1521664509497;0.6811504;2.4600422;9.301474
1521664509508;0.6464345;2.3834279;9.375694
1521664509518;0.59376204;2.3331497;9.594764
1521664509524;0.6344634;2.3092074;9.494206
1521664509533;0.63206923;2.3295584;9.446322
1521664509556;0.6464345;2.3774424;9.467871
1521664509567;0.6332663;2.3127987;9.543288
1521664509576;0.61890113;2.304419;9.61272
1521664509589;0.59017074;2.2649148;9.685743
1521664509594;0.58657944;2.2457612;9.721656
1521664509606;0.49320555;2.1272483;9.720459
1521664509618;0.46208093;2.0973208;9.533711
1521664509624;0.4333505;2.099715;9.479841
1521664509637;0.3890578;2.1140802;9.434352
1521664509642;0.3866636;2.0973208;9.4535055
1521664509668;0.45010993;2.043451;9.246407
1521664509674;0.29568392;1.9668367;9.488221
1521664509686;0.31603462;1.9656396;9.64145
1521664509696;0.30047232;1.8471266;9.744401
1521664509706;0.2873042;1.7884687;9.787497
1521664509716;0.32680854;1.8339585;9.853337
1521664509726;0.415394;1.9165585;9.8042555
1521664509735;0.40701428;2.0003555;9.79827
1521664509747;0.415394;1.9847932;9.744401
1521664509756;0.37948096;1.9572599;9.690532
1521664509767;0.35793316;1.9285295;9.546879
1521664509776;0.30286652;1.8962077;9.434352
1521664509781;0.2885013;1.8794483;9.40203
1521664509797;0.24660277;1.8626889;9.313444
1521664509802;0.25498247;1.8770541;9.317036
1521664509819;0.2777274;1.9093759;9.368511
1521664509829;0.38067806;1.9369092;9.360131
1521664509840;0.415394;1.9632454;9.396045
1521664509848;0.4141969;1.9764135;9.461885
1521664509857;0.36631286;1.8782512;9.568427
1521664509868;0.25737667;1.780089;9.645041
1521664509872;0.21428105;1.733402;9.64145
1521664509889;0.08619126;1.6591818;9.564836
1521664509895;0.06344634;1.6795325;9.526528
1521664509908;0.34476504;1.7944542;9.43076
1521664509919;0.61171854;1.9644425;9.445126
1521664509928;0.9504981;2.1583729;9.531317
1521664509940;1.2844892;2.337938;9.672575
1521664509948;1.4161704;2.4229321;9.825804
1521664509956;1.7058687;2.6048915;10.204087
1521664509968;1.7537527;2.6839;10.00896
1521664509978;1.5346833;2.658761;10.192117
1521664509988;1.246182;2.4779987;10.205285
1521664509997;0.9828198;2.3092074;10.012551
1521664510007;0.8834604;2.220622;9.876082
1521664510019;0.6476316;2.2301989;9.844957
1521664510028;0.5506664;2.2661119;9.969456
1521664510035;0.5327099;2.3211784;9.90601
1521664510046;0.61291564;2.4109612;9.680955
1521664510056;0.61770403;2.457648;9.49301
1521664510067;0.60693014;2.4863784;9.345766
1521664510076;0.5446809;2.5127146;9.24521
1521664510087;0.5315128;2.5091233;9.131485
1521664510094;0.5386954;2.4157495;9.100361
1521664510107;0.44651863;2.3391352;9.190144
1521664510135;0.29927522;2.055422;9.288305
1521664510146;0.38067806;2.0362685;9.281123
1521664510160;0.35793316;1.8974048;9.667787
1521664510175;0.15682021;1.6675615;9.993398
1521664510187;-0.089782566;1.4532804;10.199299
1521664510197;-0.40581718;1.2258313;9.982624
1521664510207;-0.81642276;0.93134445;9.532514
1521664510216;-0.79248077;0.92296475;9.181764
1521664510227;-0.7637503;1.0534488;8.787917
1521664510235;-0.6572084;1.186327;8.8645315
1521664510247;-0.2885013;1.3323733;9.057265
1521664510255;0.18674773;1.4664485;9.223662
1521664510261;0.38187516;1.5586253;9.336189
1521664510276;0.7098808;1.7561469;9.442732
1521664510286;0.79726917;1.839944;9.615114
1521664510296;0.93613285;1.8447324;9.80665
1521664510306;0.94930094;1.8219875;9.6845455
1521664510315;0.8655039;1.7980455;9.544485
1521664510326;0.6739678;1.804031;9.488221
1521664510335;0.5363012;1.7980455;9.625888
1521664510342;0.45848963;1.7980455;9.706094
1521664510358;0.4225766;1.9021933;9.886856
1521664510368;0.3878607;2.0219033;9.832987
1521664510376;0.34237084;2.134431;9.703699
1521664510387;0.32561144;2.303222;9.540894
1521664510396;0.35314476;2.4420857;9.436746
1521664510407;0.37828386;2.553416;9.471462
1521664510416;0.37828386;2.694674;9.646238
1521664510428;0.35194764;2.743755;9.812635
1521664510439;0.34835634;2.791639;9.968259
1521664510448;0.33638534;2.7521348;10.058042
1521664510455;0.32321724;2.7090392;10.13705
1521664510467;0.33877954;2.7126305;10.238804
1521664510475;0.39863458;2.6994624;10.363302
1521664510487;0.4285621;2.6443958;10.390836
1521664510495;0.4225766;2.56419;10.327389
1521664510501;0.36032736;2.4971523;10.28549
1521664510516;0.22146365;2.337938;10.224439
1521664510528;0.053869538;2.055422;9.89763
1521664510536;-0.021547815;1.8914193;9.797073
1521664510556;-0.05626374;1.6519991;9.79827
1521664510567;0.027533319;1.6208745;9.635465
1521664510576;0.16280572;1.638831;9.561244
1521664510587;0.22625206;1.5897499;9.562442
1521664510598;0.24301147;1.5047557;9.570822
1521664510610;0.2825158;1.483208;9.485827
1521664510619;0.2621651;1.435324;9.403227
1521664510623;0.24181437;1.4185646;9.3733
1521664510635;0.22864626;1.4185646;9.255983
1521664510670;0.34237084;1.5239093;8.987833
1521664510687;0.48243165;1.8375498;8.809465
1521664510695;0.5614403;1.9632454;8.892065
1521664510706;0.6392518;2.0410569;8.957906
1521664510716;0.6679823;2.146402;9.029732
1521664510727;0.6703765;2.219425;9.102755
1521664510737;0.7026982;2.2816741;9.186552
1521664510748;0.6727707;2.3714569;9.291897
1521664510756;0.676362;2.433706;9.415198
1521664510767;0.63206923;2.4839842;9.582792
1521664510776;0.60214174;2.504335;9.8042555
1521664510781;0.533907;2.5019407;9.874885
1521664510798;0.4441244;2.468422;9.935937
1521664510809;0.31244332;2.4109612;9.89763
1521664510816;0.21068975;2.36188;9.846154
1521664510824;0.108936176;2.3080103;9.842564
1521664510838;0.05267244;2.2828712;9.841366
1521664510849;0.08020575;2.267309;9.835381
1521664510859;0.059855044;2.2110453;9.859323
1521664510868;0.031124622;2.1559787;9.88925
1521664510876;0.021547815;2.054225;9.989806
1521664510887;0.02633622;1.9967642;10.073604
1521664510896;0.046686932;1.9045875;9.983821
1521664510908;0.10534488;1.9033904;9.785102
1521664510916;0.095768064;1.9201498;9.566033
1521664510922;0.110133275;1.9656396;9.5253315
1521664510936;0.14604631;1.9548657;9.400833
1521664510943;0.24779987;2.0769699;9.15423
1521664510956;0.2705448;1.9955671;9.421184
1521664510966;0.29807812;1.8854338;9.599552
1521664510978;0.22505496;1.8926164;9.267955
1521664510982;0.20470424;1.9321208;9.226056
1521664510995;0.23104046;1.9955671;9.288305
1521664511004;0.36511576;2.067393;9.287108
1521664511019;0.47165772;2.110489;9.488221
1521664511025;0.45729253;2.1068976;9.520543
1521664511035;0.45010993;2.1535845;9.601946
1521664511045;0.39264908;2.1535845;9.589975
1521664511059;0.33758244;2.1703439;9.464279
1521664511064;0.32800564;2.1990743;9.446322
1521664511079;0.3196259;2.2170308;9.572019
1521664511087;0.3866636;2.2840683;9.718064
1521664511096;0.47046062;2.3139958;9.788693
1521664511107;0.5303157;2.3798366;9.973047
1521664511115;0.5793968;2.44448;10.278308
1521664511147;0.6356605;2.468422;10.2495775
1521664511155;0.5710171;2.4612393;10.159795
1521664511166;0.50278234;2.4133554;9.825804
1521664511175;0.39743748;2.3834279;9.332599
1521664511187;0.37469256;2.4061728;9.178172
1521664511195;0.38307226;2.4887726;8.792706
1521664511207;0.36990416;2.5091233;8.549694
1521664511217;0.37828386;2.5498247;8.603564
1521664511228;0.34955344;2.5953147;8.632295
1521664511236;0.34356794;2.6503813;8.696938
1521664511248;0.37229836;2.6803088;8.899248
1521664511256;0.45609543;2.7150247;9.040505
1521664511271;0.4297592;2.6874914;9.190144
1521664511278;0.3890578;2.658761;9.295488
1521664511286;0.35673606;2.6168625;9.628283
1521664511295;0.33279404;2.598906;9.629479
1521664511306;0.37469256;2.598906;9.448717
1521664511315;0.5374983;2.6563668;9.301474
1521664511327;0.5482722;2.6515784;9.478644
1521664511335;0.32800564;2.7138276;9.672575
1521664511348;0.2765303;2.72939;9.665392
1521664511356;0.33997664;2.7126305;9.55047
1521664511367;0.3854665;2.7138276;9.496601
1521664511375;0.34476504;2.6874914;9.520543
1521664511386;0.24540567;2.6671407;9.618706
1521664511395;0.19153613;2.64679;9.696517
1521664511407;0.2693477;2.6515784;9.615114
1521664511415;0.36152446;2.6743233;9.539697
1521664511422;0.39384618;2.7030537;9.52174
1521664511439;0.39743748;2.7102363;9.533711
1521664511448;0.39504328;2.669535;9.503783
1521664511458;0.36750996;2.6408045;9.398438
1521664511467;0.36870706;2.6288335;9.283517
1521664511474;0.24779987;2.6300306;9.252393
1521664511487;0.21787235;2.6360161;9.340978
1521664511491;0.4429273;2.6563668;9.369708
1521664511509;0.40462008;2.7581203;9.400833
1521664511516;0.3184288;2.6755204;9.469068
1521664511527;0.4381389;2.693477;9.507375
1521664511534;0.50397944;2.7281928;9.489418
1521664511547;0.5267244;2.7114334;9.569624
1521664511560;0.50038815;2.6886885;9.425972
1521664511586;0.45609543;2.6874914;9.360131
1521664511596;0.46806642;2.6623523;9.331401
1521664511607;0.48841715;2.6671407;9.4535055
1521664511618;0.5470751;2.682703;9.569624
1521664511628;0.58418524;2.682703;9.582792
1521664511636;0.5602432;2.657564;9.578004
1521664511647;0.5374983;2.634819;9.436746
1521664511652;0.50278234;2.6240451;9.405622
1521664511676;0.44532153;2.5570073;9.40203
1521664511686;0.41060558;2.529474;9.506178
1521664511695;0.40701428;2.5067291;9.579201
1521664511706;0.41060558;2.4875755;9.5253315
1521664511715;0.38187516;2.493561;9.44752
1521664511726;0.33758244;2.4887726;9.427169
1521664511736;0.34117374;2.4480712;9.460688
1521664511748;0.3854665;2.457648;9.506178
1521664511756;0.41060558;2.4396915;9.531317
1521664511768;0.44891283;2.4420857;9.566033
1521664511777;0.46926352;2.4265234;9.645041
1521664511788;0.47764325;2.4349031;9.690532
1521664511797;0.45250413;2.397793;9.774328
1521664511807;0.46088383;2.3463178;9.775525
1521664511817;0.4441244;2.3343468;9.645041
1521664511824;0.45010993;2.337938;9.576807
1521664511837;0.5351041;2.2840683;9.391256
1521664511843;0.50517654;2.2780828;9.323022
1521664511858;0.5506664;2.303222;9.239224
1521664511869;0.5506664;2.3343468;9.23683
1521664511877;0.5446809;2.3546975;9.218874
1521664511888;0.5506664;2.3463178;9.242816
1521664511897;0.5674258;2.3535004;9.321824
1521664511907;0.62009823;2.3798366;9.351752
1521664511916;0.6572084;2.4277205;9.315839
1521664511929;0.736217;2.4540567;9.190144
1521664511936;0.6823475;2.516306;9.196129
1521664511948;0.61291564;2.5115175;9.31943
1521664511956;0.5758055;2.4791958;9.490616
1521664511967;0.62488663;2.420538;9.709685
1521664511977;0.61291564;2.3774424;9.916783
1521664511988;0.60932434;2.3247697;9.985018
1521664511998;0.62608373;2.337938;9.890448
1521664512008;0.6560113;2.3475149;9.710882
1521664512017;0.60214174;2.3798366;9.562442
1521664512029;0.59376204;2.3834279;9.588778
1521664512036;0.5734113;2.3870192;9.572019
1521664512047;0.5638345;2.4181437;9.528923
1521664512057;0.49200845;2.349909;9.487024
1521664512068;0.44651863;2.2972364;9.43076
1521664512079;0.44532153;2.3199813;9.425972
1521664512089;0.51714754;2.3415294;9.454702
1521664512106;0.5530606;2.373851;9.628283
1521664512146;0.61770403;2.3092074;9.721656
1521664512156;0.6536171;2.348712;9.743204
1521664512166;0.7026982;2.4001873;9.775525
1521664512175;0.7398083;2.445677;9.794679
1521664512186;0.7326257;2.4408886;9.698911
1521664512196;0.7457938;2.445677;9.539697
1521664512206;0.7685388;2.4301147;9.460688
1521664512216;0.7577648;2.397793;9.476251
1521664512228;0.80086046;2.3786395;9.52174
1521664512236;0.80564886;2.3810337;9.595961
1521664512248;0.7062895;2.328361;9.781511
1521664512257;0.6356605;2.2649148;9.78989
1521664512267;0.60932434;2.2409728;9.722853
1521664512276;0.5662287;2.2230163;9.757569
1521664512287;0.5267244;2.1619642;9.725247
1521664512296;0.51595044;2.1511903;9.5492735
1521664512301;0.51475334;2.1583729;9.44752
1521664512318;0.50278234;2.1775265;9.367314
1521664512328;0.47046062;2.1499932;9.392453
1521664512337;0.49919105;2.1547816;9.352949
1521664512347;0.47285482;2.1260512;9.252393
1521664512357;0.45609543;2.1416135;9.263166
1521664512368;0.4237737;2.134431;9.403227
1521664512377;0.45010993;2.183512;9.412804
1521664512387;0.51834464;2.2601264;9.415198
1521664512396;0.5327099;2.2876596;9.394848
1521664512409;0.50996494;2.3343468;9.455899
1521664512414;0.50158525;2.3451207;9.503783
1521664512430;0.51954174;2.337938;9.628283
1521664512437;0.51834464;2.349909;9.7084875
1521664512444;0.48003745;2.3666685;9.816227
1521664512455;0.47046062;2.3223755;9.773131
1521664512467;0.4249708;2.3523033;9.616311
1521664512476;0.4417302;2.3582888;9.473856
1521664512488;0.45848963;2.3786395;9.449914
1521664512496;0.47884035;2.3870192;9.507375
1521664512508;0.49081135;2.3750482;9.569624
1521664512517;0.49679685;2.336741;9.706094
1521664512527;0.48722005;2.3558946;9.701305
1521664512535;0.39384618;2.3523033;9.531317
1521664512546;0.33399114;2.292448;9.43914
1521664512556;0.2705448;2.2661119;9.368511
1521664512567;0.29688102;2.2744915;9.405622
1521664512576;0.34237084;2.3020248;9.495404
1521664512588;0.39145198;2.3307555;9.482236
1521664512596;0.33638534;2.327164;9.514558
1521664512607;0.30406362;2.2876596;9.496601
1521664512616;0.31603462;2.2505496;9.4774475
1521664512627;0.2861071;2.268506;9.491813
1521664512636;0.24181437;2.2301989;9.475053
1521664512647;0.20111294;2.2290018;9.467871
1521664512661;0.24061728;2.2301989;9.41041
1521664512676;0.28491;2.2984335;9.564836
1521664512686;0.3196259;2.3092074;9.633071
1521664512695;0.2789245;2.292448;9.619903
1521664512706;0.2873042;2.3068132;9.594764
1521664512715;0.2789245;2.2876596;9.51336
1521664512726;0.29688102;2.2852654;9.399636
1521664512739;0.32800564;2.3127987;9.414001
1521664512747;0.36272156;2.3678656;9.502586
1521664512756;0.39743748;2.3942018;9.53012
1521664512761;0.40940848;2.3906105;9.546879
1521664512776;0.39145198;2.4049757;9.586384
1521664512788;0.35913026;2.3774424;9.611523
1521664512796;0.37948096;2.384625;9.55885
1521664512807;0.38067806;2.4049757;9.598354
1521664512815;0.4237737;2.4301147;9.651027
1521664512827;0.49320555;2.4049757;9.730036
1521664512835;0.49679685;2.3953989;9.824607
1521664512848;0.5494693;2.4073699;9.701305
1521664512857;0.60573304;2.468422;9.581595
1521664512866;0.59855044;2.5342624;9.454702
1521664512876;0.46327803;2.4528596;9.211691
1521664512887;0.4189853;2.3750482;9.157822
1521664512896;0.4417302;2.3307555;9.295488
1521664512906;0.48602295;2.3020248;9.497798
1521664512921;0.47644615;2.255338;9.731233
1521664512927;0.45370123;2.2493525;9.720459
1521664512936;0.4381389;2.2649148;9.702502
1521664512948;0.40701428;2.2517467;9.617508
1521664512956;0.36032736;2.244564;9.539697
1521664512967;0.32561144;2.2481554;9.372103
1521664512973;0.33159694;2.2720973;9.349358
1521664512981;0.33997664;2.315193;9.330204
1521664512993;0.34596214;2.3475149;9.31943
1521664513002;0.33997664;2.328361;9.3661175
1521664513014;0.33638534;2.336741;9.412804
1521664513026;0.35194764;2.3211784;9.552865
1521664513037;0.36391866;2.291251;9.648633
1521664513048;0.3196259;2.267309;9.653421
1521664513056;0.29568392;2.2720973;9.617508
1521664513068;0.35434186;2.304419;9.637859
1521664513076;0.40102878;2.3451207;9.623494
1521664513096;0.4189853;2.3714569;9.581595
1521664513103;0.4237737;2.421735;9.536105
1521664513114;0.4345476;2.4253263;9.555259
1521664513160;0.439336;2.3822308;9.518148
1521664513166;0.45848963;2.3546975;9.507375
1521664513175;0.4441244;2.3570917;9.581595
1521664513187;0.45729253;2.348712;9.697714
1521664513195;0.4213795;2.3475149;9.682152
1521664513206;0.41060558;2.3211784;9.634268
1521664513216;0.45010993;2.3642743;9.752781
1521664513228;0.59136784;2.456451;9.67018
1521664513236;0.47644615;2.4169466;9.588778
1521664513247;0.45848963;2.4241292;9.895236
1521664513256;0.5710171;2.4349031;10.3692875
1521664513267;0.6667852;2.5139117;10.409989
1521664513276;0.37588966;2.4708161;10.360908
1521664513282;0.2777274;2.384625;10.324995
1521664513295;0.30166942;2.2948422;10.351331
1521664513309;0.36870706;2.3953989;10.238804
1521664513317;0.40102878;2.4756045;9.834184
1521664513328;0.37349546;2.6180596;9.3026705
1521664513336;0.19273324;2.7401638;9.118318
1521664513347;0.10654198;2.7497406;9.015367
1521664513357;0.093373865;2.682703;8.953117
1521664513369;0.14604631;2.695871;9.150639
1521664513374;0.18195933;2.6731262;9.27394
1521664513389;0.24061728;2.6719291;9.200917
1521664513396;0.25857377;2.6970682;9.160215
1521664513408;0.29448682;2.743755;9.214086
1521664513418;0.5542577;2.755726;9.119514
1521664513423;0.8846575;2.8455088;9.060856
1521664513438;1.5035586;2.9580362;9.194932
1521664513448;-0.12090719;3.2202013;9.19972
1521664513455;-0.997185;3.2249897;8.661025
1521664513468;-1.42455;3.0322564;8.383297
1521664513476;-1.401805;2.7928362;8.285135
1521664513487;-1.2521675;2.529474;8.309077
1521664513496;-1.0618285;2.4552538;8.511387
1521664513501;-0.9660604;2.4827871;8.598776
1521664513513;-0.89423436;2.5306711;8.714894
1521664513529;-0.6859388;2.8814218;8.773552
1521664513537;-0.56982;3.004723;8.631097
1521664513548;-0.5255273;3.028665;8.528147
1521664513555;-0.50038815;2.96881;8.598776
1521664513566;-0.45010993;2.8921957;8.868123
1521664513576;-0.39983168;2.7820623;9.1255
1521664513587;-0.39504328;2.6372132;9.301474
1521664513597;-0.3854665;2.5474305;9.464279
1521664513607;-0.36391866;2.493561;9.627085
1521664513617;-0.24899697;2.4492683;9.847352
1521664513627;-0.062249243;2.5007436;10.07121
1521664513635;0.025139118;2.5689783;10.198102
1521664513647;0.077811554;2.6623523;10.164583
1521664513655;0.09935937;2.7162218;9.988609
1521664513671;0.0047884034;2.7138276;9.751583
1521664513678;-0.019153614;2.717419;9.661801
1521664513686;-0.033518825;2.7461493;9.52174
1521664513695;0.0047884034;2.7856536;9.3026705
1521664513707;-0.01436521;2.8000188;9.11712
1521664513716;-0.016759412;2.8634653;9.1590185
1521664513728;0.051475335;2.8646624;9.333796
1521664513736;0.18674773;2.847903;9.617508
1521664513748;0.29927522;2.8179753;9.82341
1521664513756;0.40222588;2.8095956;9.809045
1521664513767;0.38187516;2.7581203;9.801862
1521664513777;0.30885202;2.730587;9.812635
1521664513781;0.29328972;2.7234044;9.736021
1521664513795;0.2885013;2.7341783;9.633071
1521664513800;0.2753332;2.717419;9.566033
1521664513816;0.17836803;2.7042508;9.54209
1521664513829;0.1388637;2.64679;9.494206
1521664513839;0.1400608;2.6479871;9.544485
1521664513843;0.14963761;2.6312277;9.494206
1521664513859;0.21428105;2.645593;9.560047
1521664513865;0.24061728;2.64679;9.66659
1521664513875;0.25498247;2.574964;9.921572
1521664513887;0.32800564;2.554613;10.121488
1521664513896;0.39264908;2.5198972;10.316615
1521664513908;0.5746084;2.5306711;10.9187565
1521664513919;0.8535329;2.6132712;11.565191
1521664513927;1.2114661;2.7748797;11.783064
1521664513936;1.5861586;2.992752;11.892
1521664513947;1.5957354;3.156755;11.4359045
1521664513955;1.2485762;3.2620997;10.553641
1521664513966;0.7098808;3.3435028;9.603143
1521664513976;0.08379706;3.217807;9.611523
1521664513986;-0.45968673;2.955642;9.502586
1521664513995;-1.0175357;2.741361;8.981848
1521664514007;-1.0271125;2.6013002;8.742428
1521664514015;-0.05865794;2.4875755;9.070433
1521664514022;-0.47046062;2.7449522;9.5385
1521664514038;-1.3826514;3.0945058;9.303867
1521664514049;-1.9237411;3.2932243;8.793902
1521664514057;-2.005144;3.2920272;8.395268
1521664514068;-1.7848774;3.2561142;8.190564
1521664514076;-1.3634979;3.2668881;7.9307933
1521664514089;-1.1240777;3.41892;7.66384
1521664514099;-1.1444284;3.6583402;7.321469
1521664514102;-1.1911154;3.8833952;6.9946604
1521664514112;-1.2569559;3.9348705;6.9012866
1521664514147;-1.1899183;3.7110126;7.8709383
1521664514155;-1.2521675;3.6104562;8.597578
1521664514166;-1.2725182;3.5314474;9.248801
1521664514175;-1.1408371;3.4572272;9.679757
1521664514186;-0.9923966;3.4404678;9.785102
1521664514195;-0.8846575;3.4835634;9.436746
1521664514206;-0.8295909;3.58412;8.857349
1521664514218;-0.842759;3.7229836;8.35337
1521664514227;-0.79248077;3.8247373;8.1343
1521664514237;-0.60094464;3.8295257;8.589199
1521664514248;-0.24779987;3.774459;9.504981
1521664514257;0.015562311;3.6715083;10.0029745
1521664514268;0.074220255;3.6343982;9.822212
1521664514274;0.017956512;3.6499605;9.545682
1521664514288;-0.2741361;3.7912183;8.756793
1521664514296;-0.4405331;3.8498764;8.376115
1521664514307;-0.4309563;3.845088;8.433576
1521664514315;-0.31483752;3.8067808;8.8777
1521664514321;-0.22744916;3.7960067;9.126697
1521664514337;-0.05267244;3.6882677;9.287108
1521664514347;-0.090979666;3.6260185;8.961497
1521664514355;-0.16519992;3.642778;8.659827
1521664514367;-0.2873042;3.645172;8.511387
1521664514376;-0.34237084;3.5685577;8.422802
1521664514388;-0.31603462;3.5087025;8.371326
1521664514396;-0.19273324;3.4919431;8.59279
1521664514408;-0.07182605;3.4979286;9.26556
1521664514419;0.11851298;3.4021606;10.095152
1521664514429;0.2873042;3.2980127;10.366894
1521664514436;0.34715924;3.2130187;10.143036
1521664514447;0.22864626;3.1747115;9.81503
1521664514456;-0.029927522;3.1004913;9.436746
1521664514467;-0.35673606;3.1124623;9.297882
1521664514476;-0.49440265;3.1591492;9.545682
1521664514481;-0.49919105;3.1304188;9.640253
1521664514497;-0.18914193;3.1627405;9.861717
1521664514502;-0.1364695;3.1663318;9.892841
1521664514517;-0.090979666;3.289633;10.075998
1521664514539;0.093373865;3.405752;10.469844
1521664514548;0.14963761;3.3842041;10.457873
1521664514561;0.15442601;3.4237084;10.0508585
1521664514566;0.15203181;3.4392707;9.873688
1521664514576;0.05626374;3.4237084;9.503783
1521664514587;-0.01316811;3.3662477;8.8645315
1521664514595;-0.031124622;3.4368765;8.428787
1521664514601;-0.031124622;3.4847605;8.337808
1521664514619;0.038307227;3.6140475;8.63828
1521664514627;0.110133275;3.6140475;8.718486
1521664514636;0.2873042;3.5577838;8.553286
1521664514647;0.24540567;3.5972881;8.701726
1521664514655;0.3866636;3.7325604;8.88608
1521664514671;0.46208093;3.8235402;8.693346
1521664514675;0.48961425;3.7936125;8.559271
1521664514688;0.4237737;3.7349546;8.574833
1521664514695;0.39983168;3.681085;8.838196
1521664514706;0.41299978;3.642778;9.1255
1521664514715;0.3866636;3.6152446;9.160215
1521664514727;0.29807812;3.5182793;9.096769
1521664514735;0.17477672;3.5194764;9.105149
1521664514748;0.1412579;3.5098996;9.111135
1521664514756;0.108936176;3.5170822;9.093178
1521664514768;0.077811554;3.5063083;9.111135
1521664514774;0.061052144;3.5182793;9.069236
1521664514781;0.015562311;3.5087025;9.002198
1521664514795;-0.075417355;3.5063083;9.089587
1521664514809;-0.110133275;3.4979286;9.050082
1521664514813;-0.08140286;3.4847605;9.0429
1521664514828;0.01436521;3.4823663;9.166202
1521664514837;-0.0011971008;3.4129345;9.275137
1521664514848;0.017956512;3.4153287;9.25359
1521664514856;-0.0047884034;3.3758245;9.222465
1521664514867;-0.05626374;3.3626564;9.279925
1521664514876;-0.046686932;3.38181;9.350554
1521664514888;0.0047884034;3.3758245;9.382876
1521664514896;0.020350715;3.3614593;9.442732
1521664514908;0.01436521;3.3722332;9.291897
1521664514916;-0.020350715;3.3997664;9.096769
1521664514924;-0.016759412;3.4009635;9.045294
1521664514934;0.025139118;3.394978;8.972271
1521664514946;0.020350715;3.4320881;9.054871
1521664514950;0.04309563;3.3961751;9.074024
1521664514968;0.07182605;3.38181;9.039309
1521664514976;0.07062895;3.4105403;9.041702
1521664514988;0.025139118;3.4105403;9.179369
1521664514997;0.031124622;3.3961751;9.269152
1521664515008;0.020350715;3.3159695;9.409213
1521664515018;0.021547815;3.2740707;9.57561
1521664515021;0.049081136;3.288436;9.601946
1521664515037;0.045489833;3.3171666;9.647436
1521664515043;-0.0011971008;3.2908301;9.5971575
1521664515059;-0.031124622;3.2836475;9.279925
1521664515069;-0.017956512;3.2956185;9.2547865
1521664515076;0.047884032;3.2309752;9.121908
1521664515083;0.050278235;3.1866825;9.093178
1521664515098;0.047884032;3.193865;9.252393
1521664515108;0.073023155;3.2022448;9.312247
1521664515112;0.108936176;3.1890767;9.346964
1521664515120;0.1340753;3.1783028;9.283517
1521664515156;0.11372458;3.1878796;8.980651
1521664515166;0.08140286;3.1615434;8.977059
1521664515176;0.10654198;3.1675289;8.938752
1521664515187;0.130484;3.2106245;9.001001
1521664515201;0.12449849;3.2609026;9.244013
1521664515207;0.15682021;3.2585084;9.299079
1521664515215;0.1604115;3.241749;9.425972
1521664515229;0.18076223;3.2142158;9.497798
1521664515237;0.16400282;3.217807;9.585187
1521664515241;0.15322891;3.2034419;9.61272
1521664515255;0.06584055;3.1423898;9.467871
1521664515262;0.039504327;3.1052797;9.421184
1521664515273;-0.0047884034;3.0550013;9.3733
1521664515288;0.10295067;3.0681696;9.363723
1521664515296;0.18555063;3.0813377;9.448717
1521664515308;0.23582886;3.1004913;9.488221
1521664515316;0.260968;3.0921116;9.481039
1521664515329;0.2669535;3.0945058;9.473856
1521664515337;0.32561144;3.0502129;9.498995
1521664515341;0.32680854;3.039439;9.43914
1521664515359;0.31124622;3.016694;9.396045
1521664515367;0.30645782;3.0119057;9.223662
1521664515376;0.2657564;3.0262709;9.0716305
1521664515388;0.24899697;3.0705638;9.096769
1521664515396;0.2896984;3.0813377;9.184157
1521664515408;0.32202014;3.0801406;9.26197
1521664515417;0.34117374;3.0921116;9.264363
1521664515428;0.32202014;3.071761;9.3026705
1521664515437;0.29807812;3.0597897;9.259575
1521664515445;0.25498247;3.0442274;9.252393
1521664515458;0.31004912;3.0657754;9.118318
1521664515464;0.34237084;3.0813377;9.143456
1521664515479;0.38187516;3.1292217;9.242816
1521664515488;0.37110126;3.1004913;9.270349
1521664515494;0.36272156;3.1352072;9.305065
1521664515504;0.39145198;3.1543608;9.25359
1521664515517;0.36870706;3.156755;9.266758
1521664515523;0.35075054;3.1495724;9.296685
1521664515538;0.33997664;3.064578;9.344569
1521664515544;0.31603462;3.0418332;9.2907
1521664515558;0.23582886;3.015497;9.185355
1521664515571;0.260968;3.0107086;9.226056
1521664515576;0.29807812;3.0095115;9.218874
1521664515588;0.32800564;3.0011318;9.257181
1521664515598;0.30406362;3.0466216;9.396045
1521664515608;0.32920274;3.0490158;9.397242
1521664515619;0.31603462;3.0262709;9.2069025
1521664515628;0.2896984;2.992752;9.108741
1521664515635;0.2801216;2.956839;9.1350765
1521664515643;0.25498247;2.9580362;9.255983
1521664515651;0.25258827;2.943671;9.32781
1521664515658;0.2765303;2.9580362;9.412804
1521664515677;0.2813187;2.96881;9.433155
1521664515688;0.2873042;3.0322564;9.552865
1521664515695;0.3196259;3.052607;9.478644
1521664515706;0.34356794;3.0897174;9.500193
1521664515715;0.3842694;3.122039;9.464279
1521664515726;0.36272156;3.145981;9.534908
1521664515735;0.35194764;3.168726;9.5385
1521664515742;0.36391866;3.204639;9.55047
1521664515759;0.34715924;3.2202013;9.696517
1521664515771;0.4357447;3.1998506;9.976639
1521664515776;0.47046062;3.193865;10.010158
1521664515786;0.5231331;3.2010477;9.993398
1521664515795;0.51355624;3.1950622;9.853337
1521664515807;0.49200845;3.2154129;9.661801
1521664515816;0.50876784;3.2381577;9.387665
1521664515829;0.47884035;3.2154129;9.300277
1521664515837;0.48123455;3.1998506;9.223662
1521664515849;0.48003745;3.21661;9.044097
1521664515856;0.46447513;3.2716765;8.963891
1521664515869;0.4249708;3.2800562;9.089587
1521664515873;0.38067806;3.2620997;9.106346
1521664515889;0.4237737;3.241749;9.343372
1521664515894;0.4309563;3.229778;9.449914
1521664515903;0.4249708;3.2202013;9.555259
1521664515918;0.39743748;3.2261868;9.660604
1521664515922;0.45010993;3.2549171;9.610326
1521664515937;0.45010993;3.2561142;9.712079
1521664515947;0.33399114;3.2453403;9.837775
1521664515957;0.39025488;3.2716765;9.510966
1521664515969;0.45250413;3.3123782;9.41041
1521664515976;0.51834464;3.4141316;9.378088
1521664515987;0.5590461;3.490746;9.141062
1521664515997;0.59376204;3.550601;8.765172
1521664516008;0.5746084;3.5793316;8.529344
1521664516017;0.48482585;3.5781345;8.459911
1521664516022;0.415394;3.630807;8.397662
1521664516036;0.44532153;3.6966474;8.313866
1521664516045;0.38187516;3.7421372;8.360553
1521664516058;0.19512744;3.7972038;8.499416
1521664516062;0.21188685;3.8295257;8.593987
1521664516077;0.14604631;3.8402996;8.670602
1521664516088;0.19991584;3.881001;8.683769
1521664516095;0.29209262;3.9109285;8.755595
1521664516108;0.2633622;3.9504328;8.875306
1521664516115;0.2801216;3.9995139;8.941146
1521664516127;0.34356794;4.0066967;9.018958
1521664516155;0.38067806;4.092888;9.136273
1521664516166;0.4165911;4.107253;9.099164
1521664516175;0.46806642;4.0976763;9.011775
1521664516187;0.46447513;4.107253;8.948329
1521664516195;0.49559975;4.140772;8.899248
1521664516206;0.48722005;4.1515455;8.932767
1521664516215;0.47165772;4.1371803;8.932767
1521664516221;0.47884035;4.1180267;8.948329
1521664516238;0.51595044;4.036624;9.048885
1521664516247;0.46327803;4.012682;9.081207
1521664516257;0.4141969;3.977966;9.018958
1521664516268;0.4225766;3.9624038;8.947132
1521664516277;0.4417302;3.9731777;8.793902
1521664516288;0.48722005;3.9911342;8.656237
1521664516296;0.46926352;4.011485;8.656237
1521664516308;0.44891283;3.9719806;8.735245
1521664516313;0.4345476;3.9516299;8.752005
1521664516329;0.4249708;3.86903;8.784326
1521664516338;0.4297592;3.83192;8.672996
1521664516344;0.40342298;3.8151605;8.661025
1521664516357;0.2896984;3.764882;8.7532015
1521664516363;0.2753332;3.7576995;8.809465
1521664516377;0.2789245;3.7014358;9.020155
1521664516386;0.31364042;3.7062242;9.150639
1521664516399;0.35673606;3.6535518;9.296685
1521664516403;0.34237084;3.6583402;9.332599
1521664516417;0.33638534;3.5984852;9.363723
1521664516429;0.32800564;3.58412;9.314642
1521664516439;0.30885202;3.582923;9.198523
1521664516445;0.2873042;3.5817258;9.131485
1521664516458;0.17956513;3.551798;8.910022
1521664516462;0.15801731;3.5458126;8.907627
1521664516478;0.21428105;3.5122938;9.040505
1521664516489;0.2777274;3.5326445;9.200917
1521664516497;0.36152446;3.5326445;9.1350765
1521664516502;0.36511576;3.5649664;9.0429
1521664516515;0.30047232;3.5984852;9.053674
1521664516528;0.24660277;3.5901055;9.153033
1521664516536;0.2896984;3.5984852;9.097966
1521664516547;0.29209262;3.6224272;9.149442
1521664516556;0.22984336;3.6116533;9.281123
1521664516567;0.22266077;3.5482068;9.295488
1521664516577;0.36152446;3.654749;9.276335
1521664516587;0.4213795;3.7205894;9.313444
1521664516596;0.4405331;3.7181952;9.372103
1521664516608;0.45848963;3.7325604;9.308656
1521664516617;0.47165772;3.7110126;9.141062
1521664516629;0.45370123;3.702633;8.965088
1521664516637;0.4345476;3.6978445;8.798691
1521664516649;0.4369418;3.6858735;8.65863
1521664516655;0.4165911;3.6750996;8.631097
1521664516680;0.3866636;3.5685577;9.11712
1521664516690;0.34356794;3.5051112;9.325416
1521664516708;0.2693477;3.3782187;9.358934
1521664516715;0.22744916;3.3542767;9.210494
1521664516726;0.19752164;3.3518825;9.121908
1521664516736;0.17956513;3.333926;9.076419
1521664516747;0.12569559;3.300407;9.095572
1521664516757;0.20111294;3.2788591;9.197326
1521664516764;0.2621651;3.2704794;9.210494
1521664516777;0.23463176;3.309984;9.26197
1521664516782;0.18195933;3.3315318;9.211691
1521664516797;0.094570965;3.2944214;9.208099
1521664516804;0.107739076;3.2860417;9.217676
1521664516815;0.11252748;3.252523;9.27394
1521664516823;0.08259996;3.2094274;9.3026705
1521664516837;0.038307227;3.1854854;9.385271
1521664516843;0.017956512;3.1759086;9.556456
1521664516850;0.017956512;3.157952;9.628283
1521664516864;0.09696517;3.1543608;9.805453
1521664516879;0.28491;3.1950622;9.716867
1521664516889;0.4357447;3.2944214;9.587581
1521664516895;0.47644615;3.3626564;9.592369
1521664516902;0.49679685;3.41892;9.487024
1521664516915;0.45250413;3.430891;9.41041
1521664516928;0.32800564;3.3770216;9.108741
1521664516935;0.32920274;3.369839;8.987833
1521664516948;0.41299978;3.4249055;8.534132
1521664516956;0.48123455;3.4141316;8.553286
1521664516968;0.4285621;3.4261026;8.726865
1521664516977;0.38307226;3.3674448;9.010578
1521664516987;0.32321724;3.2812533;9.295488
1521664516998;0.31364042;3.2501287;9.526528
1521664517001;0.3184288;3.2453403;9.562442
1521664517019;0.25617957;3.2022448;9.522937
1521664517028;0.20231004;3.1651347;9.67018
1521664517036;0.16519992;3.132813;9.6845455
1521664517048;0.031124622;3.003526;9.797073
1521664517056;0.03232172;2.9975405;9.44752
1521664517068;-0.045489833;3.0885203;9.241618
1521664517076;-0.17118542;3.2106245;9.102755
1521664517081;-0.31004912;3.2441432;9.211691
1521664517099;0.007182605;3.3243492;8.917204
1521664517107;0.073023155;3.3063924;8.949526
1521664517118;0.022744916;3.347094;9.338584
1521664517126;0.027533319;3.3662477;9.398438
1521664517156;0.07062895;3.4141316;8.930372
1521664517166;0.06344634;3.3722332;8.719683
1521664517175;0.10534488;3.3758245;8.562862
1521664517186;0.22146365;3.4632127;8.549694
1521664517195;0.28491;3.550601;8.881291
1521664517206;0.4237737;3.5781345;9.293094
1521664517216;0.4369418;3.4464533;9.635465
1521664517226;0.37828386;3.3674448;9.849746
1521664517235;0.25617957;3.300407;9.81503
1521664517249;0.18195933;3.288436;9.673772
1521664517257;0.06584055;3.3494883;9.415198
1521664517268;0.02873042;3.369839;9.252393
1521664517277;0.010773907;3.3722332;9.217676
1521664517288;0.0023942017;3.3602622;9.155427
1521664517294;0.015562311;3.3686419;9.083601
1521664517307;-0.035913024;3.3662477;9.057265
1521664517317;-0.1328782;3.2932243;9.172187
1521664517323;-0.16639702;3.2800562;9.275137
1521664517339;-0.17118542;3.2453403;9.490616
1521664517343;-0.16879122;3.2237926;9.51336
1521664517357;-0.12928689;3.2429461;9.404425
1521664517369;-0.15562311;3.240552;9.270349
1521664517379;-0.21547815;3.2465374;9.214086
1521664517388;-0.20590134;3.228581;9.139865
1521664517394;-0.22984336;3.2106245;9.180567
1521664517402;-0.20590134;3.169923;9.314642
1521664517418;-0.16759412;3.2118216;9.279925
1521664517428;-0.16400282;3.2752678;9.132683
1521664517439;-0.16160862;3.2932243;9.0081835
1521664517450;-0.16400282;3.359065;8.9279785
1521664517460;-0.16759412;3.3554738;8.991425
1521664517466;-0.1412579;3.3423057;9.123106
1521664517480;-0.092176765;3.2465374;9.562442
1521664517490;-0.023942016;3.2249897;9.685743
1521664517500;-0.0023942017;3.2609026;9.610326
1521664517510;-0.055066638;3.2992098;9.540894
1521664517520;-0.10295067;3.2632968;9.551667
1521664517526;-0.095768064;3.241749;9.554062
1521664517540;-0.025139118;3.2680852;9.495404
1521664517546;-0.02873042;3.2716765;9.399636
1521664517556;-0.061052144;3.2848446;9.351752
1521664517570;-0.30047232;3.1052797;8.983045
