1521664065288;-1.6;14.2;1.6;-2.4;21.6;-20.800001
1521664065299;-1.5;14.3;1.8000001;-2.4;21.6;-20.800001
1521664065308;-1.2;14.2;1.5;-2.4;21.6;-20.800001
1521664065319;-1.2;14.2;1.2;-2.4;21.6;-20.800001
1521664065328;-1.1;14.3;1.6;-2.4;21.6;-20.800001
1521664065338;-1.0;14.3;1.5;-2.4;21.6;-20.800001
1521664065347;-0.90000004;14.3;1.6;-2.4;21.6;-20.800001
1521664065358;-0.7;14.2;1.6;-2.4;21.6;-20.800001
1521664065368;-0.4;14.1;1.6;-2.4;21.6;-20.800001
1521664065378;-0.3;14.2;1.7;-2.4;21.6;-20.800001
1521664065387;-0.1;14.1;1.6;-2.4;21.6;-20.800001
1521664065398;0.1;14.0;1.7;-2.4;21.6;-20.800001
1521664065408;0.3;13.900001;1.8000001;-2.4;21.6;-20.800001
1521664065428;0.4;13.900001;1.8000001;-2.4;21.6;-20.800001
1521664065439;0.4;13.900001;1.9;-2.4;21.6;-20.800001
1521664065449;0.3;13.900001;1.8000001;-2.4;21.6;-20.800001
1521664065458;0.4;13.900001;1.7;-2.4;21.6;-20.800001
1521664065469;0.4;13.8;1.7;-2.4;21.6;-20.800001
1521664065478;0.4;13.900001;1.7;-2.4;21.6;-20.800001
1521664065489;0.4;13.8;1.7;-2.4;21.6;-20.800001
1521664065499;0.4;13.8;1.6;-2.4;21.6;-20.800001
1521664065518;0.4;13.8;1.5;-2.4;21.6;-20.800001
1521664065528;0.4;13.8;1.6;-2.4;21.6;-20.800001
1521664065538;0.4;13.8;1.5;-2.4;21.6;-20.800001
1521664065578;0.5;13.7;1.4;-2.4;21.6;-20.800001
1521664065589;0.5;13.7;1.3000001;-2.4;21.6;-20.800001
1521664065619;0.4;13.7;1.4;-2.4;21.6;-20.800001
1521664065628;0.5;13.7;1.4;-2.4;21.6;-20.800001
1521664065637;0.5;13.7;1.3000001;-2.4;21.6;-20.800001
1521664065648;0.5;13.6;1.3000001;-2.4;21.6;-20.800001
1521664065678;0.5;13.6;1.2;-2.4;21.6;-20.800001
1521664065704;0.5;13.6;1.1;-2.4;21.6;-20.800001
1521664065719;0.5;13.7;1.2;-2.4;21.6;-20.800001
1521664065728;0.4;13.7;1.2;-2.4;21.6;-20.800001
1521664065738;0.4;13.8;1.2;-2.4;21.6;-20.800001
1521664065748;0.4;13.900001;1.3000001;-2.4;21.6;-20.800001
1521664065758;0.3;13.900001;1.4;-2.4;21.6;-20.800001
1521664065768;0.3;14.0;1.4;-2.4;21.6;-20.800001
1521664065779;0.2;14.0;1.3000001;-2.4;21.6;-20.800001
1521664065788;0.3;14.0;1.3000001;-2.4;21.6;-20.800001
1521664065798;0.2;14.0;1.4;-2.4;21.6;-20.800001
1521664065808;0.2;14.1;1.5;-2.4;21.6;-20.800001
1521664065818;0.1;14.1;1.6;-2.4;21.6;-20.800001
1521664065829;0.1;14.2;1.6;-2.4;21.6;-20.800001
1521664065838;0.0;14.2;1.6;-2.4;21.6;-20.800001
1521664065848;0.0;14.3;1.6;-2.4;21.6;-20.800001
1521664065859;0.0;14.3;1.7;-2.4;21.6;-20.800001
1521664065869;-0.1;14.3;1.8000001;-2.4;21.6;-20.800001
1521664065879;-0.1;14.400001;1.9;-2.4;21.6;-20.800001
1521664065888;-0.2;14.400001;2.0;-2.4;21.6;-20.800001
1521664065898;-0.2;14.5;2.0;-2.4;21.6;-20.800001
1521664065908;-0.2;14.5;2.1000001;-2.4;21.6;-20.800001
1521664065939;-0.4;14.7;2.3;-2.4;21.6;-20.800001
1521664065948;-0.5;14.8;2.4;-2.4;21.6;-20.800001
1521664065958;-0.5;14.8;2.5;-2.4;21.6;-20.800001
1521664065968;-0.6;14.900001;2.6000001;-2.4;21.6;-20.800001
1521664065989;-0.7;15.0;2.7;-2.4;21.6;-20.800001
1521664065998;-0.7;15.1;2.8;-2.4;21.6;-20.800001
1521664066008;-0.8;15.1;2.8;-2.4;21.6;-20.800001
1521664066058;-0.8;15.0;2.7;-2.4;21.6;-20.800001
1521664066080;-0.8;15.0;2.8;-2.4;21.6;-20.800001
1521664066099;-0.8;15.0;2.7;-2.4;21.6;-20.800001
1521664066128;-0.8;15.0;2.8;-2.4;21.6;-20.800001
1521664066148;-0.8;15.0;2.9;-2.4;21.6;-20.800001
1521664066159;-0.8;15.0;2.8;-2.4;21.6;-20.800001
1521664066178;-0.8;14.900001;2.8;-2.4;21.6;-20.800001
1521664066189;-0.8;15.0;2.9;-2.4;21.6;-20.800001
1521664066248;-0.7;14.900001;2.9;-2.4;21.6;-20.800001
1521664066268;-0.6;14.900001;2.9;-2.4;21.6;-20.800001
1521664066278;-0.6;14.8;2.9;-2.4;21.6;-20.800001
1521664066328;-0.5;14.8;2.9;-2.4;21.6;-20.800001
1521664066368;-0.5;14.7;2.9;-2.4;21.6;-20.800001
1521664066439;-0.4;14.7;2.8;-2.4;21.6;-20.800001
1521664066458;-0.3;14.6;2.8;-2.4;21.6;-20.800001
1521664066468;-0.3;14.6;2.7;-2.4;21.6;-20.800001
1521664066478;-0.2;14.5;2.7;-2.4;21.6;-20.800001
1521664066489;-0.1;14.5;2.6000001;-2.4;21.6;-20.800001
1521664066498;-0.1;14.400001;2.5;-2.4;21.6;-20.800001
1521664066508;0.0;14.400001;2.4;-2.4;21.6;-20.800001
1521664066518;0.0;14.400001;2.5;-2.4;21.6;-20.800001
1521664066528;0.1;14.3;2.4;-2.4;21.6;-20.800001
1521664066538;0.2;14.3;2.4;-2.4;21.6;-20.800001
1521664066548;0.2;14.2;2.3;-2.4;21.6;-20.800001
1521664066558;0.3;14.1;2.3;-2.4;21.6;-20.800001
1521664066568;0.4;14.1;2.2;-2.4;21.6;-20.800001
1521664066589;0.5;14.0;2.1000001;-2.4;21.6;-20.800001
1521664066599;0.6;13.900001;2.1000001;-2.4;21.6;-20.800001
1521664066638;0.6;13.900001;2.0;-2.4;21.6;-20.800001
1521664066759;0.5;13.900001;2.1000001;-2.4;21.6;-20.800001
1521664066769;0.5;14.0;2.2;-2.4;21.6;-20.800001
1521664066778;0.4;14.0;2.2;-2.4;21.6;-20.800001
1521664066789;0.3;14.1;2.3;-2.4;21.6;-20.800001
1521664066808;0.2;14.2;2.3;-2.4;21.6;-20.800001
1521664066818;0.2;14.2;2.2;-2.4;21.6;-20.800001
1521664066829;0.1;14.2;2.3;-2.4;21.6;-20.800001
1521664066842;0.1;14.3;2.4;-2.4;21.6;-20.800001
1521664066859;-0.1;14.400001;2.6000001;-2.4;21.6;-20.800001
1521664066869;-0.2;14.5;2.7;-2.4;21.6;-20.800001
1521664066889;-0.3;14.5;2.9;-2.4;21.6;-20.800001
1521664066898;-0.3;14.6;2.9;-2.4;21.6;-20.800001
1521664066908;-0.4;14.6;2.9;-2.4;21.6;-20.800001
1521664066918;-0.4;14.6;3.0;-2.4;21.6;-20.800001
1521664066929;-0.4;14.6;2.9;-2.4;21.6;-20.800001
1521664066949;-0.4;14.6;3.0;-2.4;21.6;-20.800001
1521664066970;-0.4;14.6;3.1000001;-2.4;21.6;-20.800001
1521664066980;-0.3;14.6;3.1000001;-2.4;21.6;-20.800001
1521664066989;-0.3;14.6;3.2;-2.4;21.6;-20.800001
1521664067000;-0.3;14.6;3.1000001;-2.4;21.6;-20.800001
1521664067019;-0.2;14.5;3.0;-2.4;21.6;-20.800001
1521664067029;-0.2;14.400001;3.0;-2.4;21.6;-20.800001
1521664067038;-0.1;14.400001;2.9;-2.4;21.6;-20.800001
1521664067049;0.0;14.3;2.8;-2.4;21.6;-20.800001
1521664067068;0.1;14.2;2.7;-2.4;21.6;-20.800001
1521664067090;0.2;14.1;2.6000001;-2.4;21.6;-20.800001
1521664067101;0.3;14.1;2.6000001;-2.4;21.6;-20.800001
1521664067118;0.4;14.0;2.6000001;-2.4;21.6;-20.800001
1521664067139;0.5;13.900001;2.5;-2.4;21.6;-20.800001
1521664067148;0.6;13.900001;2.4;-2.4;21.6;-20.800001
1521664067158;0.6;13.8;2.3;-2.4;21.6;-20.800001
1521664067168;0.7;13.7;2.3;-2.4;21.6;-20.800001
1521664067178;0.8;13.7;2.1000001;-2.4;21.6;-20.800001
1521664067188;0.8;13.6;2.1000001;-2.4;21.6;-20.800001
1521664067199;0.8;13.6;2.0;-2.4;21.6;-20.800001
1521664067209;0.90000004;13.5;1.9;-2.4;21.6;-20.800001
1521664067219;1.0;13.5;1.9;-2.4;21.6;-20.800001
1521664067258;0.90000004;13.5;1.9;-2.4;21.6;-20.800001
1521664067298;0.90000004;13.6;1.9;-2.4;21.6;-20.800001
1521664067308;0.8;13.6;1.9;-2.4;21.6;-20.800001
1521664067319;0.8;13.6;2.0;-2.4;21.6;-20.800001
1521664067329;0.8;13.7;2.1000001;-2.4;21.6;-20.800001
1521664067337;0.8;13.8;2.2;-2.4;21.6;-20.800001
1521664067348;0.7;13.8;2.2;-2.4;21.6;-20.800001
1521664067358;0.7;13.900001;2.3;-2.4;21.6;-20.800001
1521664067370;0.6;14.0;2.3;-2.4;21.6;-20.800001
1521664067378;0.5;14.0;2.4;-2.4;21.6;-20.800001
1521664067388;0.5;14.1;2.4;-2.4;21.6;-20.800001
1521664067398;0.4;14.1;2.4;-2.4;21.6;-20.800001
1521664067408;0.3;14.2;2.4;-2.4;21.6;-20.800001
1521664067438;0.2;14.3;2.5;-2.4;21.6;-20.800001
1521664067448;0.1;14.400001;2.5;-2.4;21.6;-20.800001
1521664067459;0.1;14.400001;2.6000001;-2.4;21.6;-20.800001
1521664067468;0.0;14.5;2.6000001;-2.4;21.6;-20.800001
1521664067478;0.0;14.6;2.7;-2.4;21.6;-20.800001
1521664067488;-0.1;14.6;2.7;-2.4;21.6;-20.800001
1521664067498;-0.1;14.7;2.8;-2.4;21.6;-20.800001
1521664067508;-0.2;14.8;2.8;-2.4;21.6;-20.800001
1521664067528;-0.2;14.900001;2.7;-2.4;21.6;-20.800001
1521664067548;-0.2;14.8;2.7;-2.4;21.6;-20.800001
1521664067589;-0.3;14.8;2.7;-2.4;21.6;-20.800001
1521664067608;-0.3;14.8;2.8;-2.4;21.6;-20.800001
1521664067648;-0.3;14.8;2.7;-2.4;21.6;-20.800001
1521664067668;-0.3;14.8;2.8;-2.4;21.6;-20.800001
1521664067678;-0.2;14.8;2.8;-2.4;21.6;-20.800001
1521664067718;-0.2;14.8;2.9;-2.4;21.6;-20.800001
1521664067738;-0.1;14.8;2.9;-2.4;21.6;-20.800001
1521664067779;-0.1;14.7;2.9;-2.4;21.6;-20.800001
1521664067799;-0.1;14.7;2.8;-2.4;21.6;-20.800001
1521664067819;0.0;14.7;2.9;-2.4;21.6;-20.800001
1521664067838;0.0;14.6;2.9;-2.4;21.6;-20.800001
1521664067849;0.1;14.6;3.0;-2.4;21.6;-20.800001
1521664067868;0.1;14.6;2.9;-2.4;21.6;-20.800001
1521664067889;0.2;14.6;2.9;-2.4;21.6;-20.800001
1521664067908;0.3;14.5;2.8;-2.4;21.6;-20.800001
1521664067918;0.4;14.5;2.8;-2.4;21.6;-20.800001
1521664067928;0.4;14.400001;2.7;-2.4;21.6;-20.800001
1521664067938;0.5;14.3;2.6000001;-2.4;21.6;-20.800001
1521664067948;0.5;14.3;2.5;-2.4;21.6;-20.800001
1521664067969;0.6;14.1;2.3;-2.4;21.6;-20.800001
1521664067978;0.7;14.0;2.1000001;-2.4;21.6;-20.800001
1521664067999;0.8;13.900001;2.0;-2.4;21.6;-20.800001
1521664068008;0.90000004;13.8;2.0;-2.4;21.6;-20.800001
1521664068020;0.90000004;13.8;1.9;-2.4;21.6;-20.800001
1521664068038;1.0;13.6;1.8000001;-2.4;21.6;-20.800001
1521664068048;1.1;13.6;1.8000001;-2.4;21.6;-20.800001
1521664068058;1.2;13.5;1.7;-2.4;21.6;-20.800001
1521664068078;1.3000001;13.400001;1.6;-2.4;21.6;-20.800001
1521664068088;1.4;13.3;1.6;-2.4;21.6;-20.800001
1521664068099;1.4;13.2;1.6;-2.4;21.6;-20.800001
1521664068108;1.5;13.1;1.5;-2.4;21.6;-20.800001
1521664068119;1.6;13.1;1.4;-2.4;21.6;-20.800001
1521664068129;1.7;13.0;1.4;-2.4;21.6;-20.800001
1521664068139;1.8000001;12.900001;1.4;-2.4;21.6;-20.800001
1521664068149;1.8000001;12.900001;1.3000001;-2.4;21.6;-20.800001
1521664068158;1.8000001;12.8;1.3000001;-2.4;21.6;-20.800001
1521664068169;1.9;12.7;1.2;-2.4;21.6;-20.800001
1521664068179;2.0;12.6;1.2;-2.4;21.6;-20.800001
1521664068189;2.0;12.6;1.1;-2.4;21.6;-20.800001
1521664068199;2.1000001;12.5;1.0;-2.4;21.6;-20.800001
1521664068210;2.2;12.5;1.0;-2.4;21.6;-20.800001
1521664068258;2.3;12.400001;1.0;-2.4;21.6;-20.800001
1521664068268;2.3;12.400001;0.90000004;-2.4;21.6;-20.800001
1521664068278;2.3;12.400001;1.0;-2.4;21.6;-20.800001
1521664068288;2.4;12.400001;0.90000004;-2.4;21.6;-20.800001
1521664068298;2.3;12.400001;0.90000004;-2.4;21.6;-20.800001
1521664068308;2.4;12.400001;0.90000004;-2.4;21.6;-20.800001
1521664068338;2.4;12.400001;0.8;-2.4;21.6;-20.800001
1521664068358;2.4;12.5;0.8;-2.4;21.6;-20.800001
1521664068389;2.4;12.6;0.7;-2.4;21.6;-20.800001
1521664068408;2.4;12.6;0.8;-2.4;21.6;-20.800001
1521664068418;2.4;12.7;0.8;-2.4;21.6;-20.800001
1521664068428;2.3;12.7;0.8;-2.4;21.6;-20.800001
1521664068458;2.2;12.8;0.8;-2.4;21.6;-20.800001
1521664068468;2.1000001;12.900001;0.90000004;-2.4;21.6;-20.800001
1521664068488;2.1000001;13.0;0.90000004;-2.4;21.6;-20.800001
1521664068498;2.0;13.0;0.90000004;-2.4;21.6;-20.800001
1521664068508;2.0;13.0;1.0;-2.4;21.6;-20.800001
1521664068519;1.9;13.1;1.0;-2.4;21.6;-20.800001
1521664068539;1.8000001;13.1;1.0;-2.4;21.6;-20.800001
1521664068560;1.7;13.2;1.0;-2.4;21.6;-20.800001
1521664068569;1.6;13.2;1.1;-2.4;21.6;-20.800001
1521664068579;1.5;13.3;1.1;-2.4;21.6;-20.800001
1521664068598;1.4;13.3;1.2;-2.4;21.6;-20.800001
1521664068609;1.4;13.3;1.3000001;-2.4;21.6;-20.800001
1521664068619;1.3000001;13.400001;1.3000001;-2.4;21.6;-20.800001
1521664068640;1.2;13.400001;1.4;-2.4;21.6;-20.800001
1521664068669;1.0;13.400001;1.6;-2.4;21.6;-20.800001
1521664068688;0.90000004;13.400001;1.6;-2.4;21.6;-20.800001
1521664068698;0.8;13.5;1.7;-2.4;21.6;-20.800001
1521664068708;0.8;13.5;1.6;-2.4;21.6;-20.800001
1521664068718;0.7;13.5;1.6;-2.4;21.6;-20.800001
1521664068728;0.6;13.5;1.6;-2.4;21.6;-20.800001
1521664068738;0.5;13.5;1.6;-2.4;21.6;-20.800001
1521664068748;0.5;13.400001;1.6;-2.4;21.6;-20.800001
1521664068759;0.5;13.400001;1.5;-2.4;21.6;-20.800001
1521664068768;0.4;13.400001;1.5;-2.4;21.6;-20.800001
1521664068789;0.3;13.400001;1.5;-2.4;21.6;-20.800001
1521664068799;0.2;13.5;1.6;-2.4;21.6;-20.800001
1521664068809;0.1;13.5;1.6;-2.4;21.6;-20.800001
1521664068838;0.0;13.6;1.7;-2.4;21.6;-20.800001
1521664068848;-0.1;13.6;1.8000001;-2.4;21.6;-20.800001
1521664068858;-0.1;13.5;1.7;-2.4;21.6;-20.800001
1521664068868;-0.2;13.5;1.7;-2.4;21.6;-20.800001
1521664068879;-0.2;13.5;1.8000001;-2.4;21.6;-20.800001
1521664068889;-0.3;13.6;1.9;-2.4;21.6;-20.800001
1521664068908;-0.4;13.6;1.9;-2.4;21.6;-20.800001
1521664068918;-0.5;13.6;1.9;-2.4;21.6;-20.800001
1521664068938;-0.6;13.7;1.9;-2.4;21.6;-20.800001
1521664068949;-0.7;13.7;1.9;-2.4;21.6;-20.800001
1521664068969;-0.8;13.8;1.9;-2.4;21.6;-20.800001
1521664068978;-0.90000004;13.8;2.0;-2.4;21.6;-20.800001
1521664068998;-1.0;13.8;1.9;-2.4;21.6;-20.800001
1521664069009;-1.1;13.900001;1.9;-2.4;21.6;-20.800001
1521664069028;-1.1;13.900001;2.0;-2.4;21.6;-20.800001
1521664069042;-1.2;14.0;2.0;-2.4;21.6;-20.800001
1521664069058;-1.2;14.0;2.1000001;-2.4;21.6;-20.800001
1521664069069;-1.4;14.1;2.2;-2.4;21.6;-20.800001
1521664069089;-1.4;14.1;2.3;-2.4;21.6;-20.800001
1521664069108;-1.5;14.1;2.2;-2.4;21.6;-20.800001
1521664069120;-1.5;14.1;2.3;-2.4;21.6;-20.800001
1521664069159;-1.6;14.1;2.3;-2.4;21.6;-20.800001
1521664069169;-1.7;14.1;2.3;-2.4;21.6;-20.800001
1521664069178;-1.8000001;14.1;2.3;-2.4;21.6;-20.800001
1521664069199;-1.9;14.1;2.2;-2.4;21.6;-20.800001
1521664069238;-2.0;14.0;2.2;-2.4;21.6;-20.800001
1521664069258;-2.1000001;14.0;2.1000001;-2.4;21.6;-20.800001
1521664069268;-2.1000001;13.900001;2.1000001;-2.4;21.6;-20.800001
1521664069288;-2.1000001;13.900001;2.2;-2.4;21.6;-20.800001
1521664069308;-2.2;13.8;2.2;-2.4;21.6;-20.800001
1521664069318;-2.2;13.8;2.1000001;-2.4;21.6;-20.800001
1521664069328;-2.2;13.8;2.2;-2.4;21.6;-20.800001
1521664069339;-2.3;13.7;2.1000001;-2.4;21.6;-20.800001
1521664069360;-2.3;13.6;2.1000001;-2.4;21.6;-20.800001
1521664069379;-2.3;13.6;2.0;-2.4;21.6;-20.800001
1521664069399;-2.4;13.6;2.0;-2.4;21.6;-20.800001
1521664069408;-2.4;13.5;2.0;-2.4;21.6;-20.800001
1521664069429;-2.4;13.400001;1.9;-2.4;21.6;-20.800001
1521664069443;-2.3;13.400001;1.9;-2.4;21.6;-20.800001
1521664069460;-2.3;13.3;1.8000001;-2.4;21.6;-20.800001
1521664069470;-2.2;13.2;1.7;-2.4;21.6;-20.800001
1521664069484;-2.1000001;13.2;1.7;-2.4;21.6;-20.800001
1521664069498;-2.0;13.1;1.7;-2.4;21.6;-20.800001
1521664069509;-1.9;13.1;1.7;-2.4;21.6;-20.800001
1521664069528;-1.8000001;13.1;1.6;-2.4;21.6;-20.800001
1521664069539;-1.7;13.1;1.6;-2.4;21.6;-20.800001
1521664069549;-1.7;13.1;1.7;-2.4;21.6;-20.800001
1521664069563;-1.6;13.0;1.6;-2.4;21.6;-20.800001
1521664069578;-1.4;13.0;1.5;-2.4;21.6;-20.800001
1521664069588;-1.4;13.0;1.4;-2.4;21.6;-20.800001
1521664069598;-1.3000001;13.0;1.5;-2.4;21.6;-20.800001
1521664069618;-1.2;13.0;1.5;-2.4;21.6;-20.800001
1521664069628;-1.1;13.0;1.4;-2.4;21.6;-20.800001
1521664069638;-0.90000004;12.900001;1.5;-2.4;21.6;-20.800001
1521664069649;-0.90000004;13.0;1.5;-2.4;21.6;-20.800001
1521664069669;-0.6;13.0;1.4;-2.4;21.6;-20.800001
1521664069678;-0.5;12.900001;1.3000001;-2.4;21.6;-20.800001
1521664069688;-0.4;13.0;1.3000001;-2.4;21.6;-20.800001
1521664069698;-0.3;13.0;1.2;-2.4;21.6;-20.800001
1521664069708;-0.2;13.0;1.2;-2.4;21.6;-20.800001
1521664069718;-0.1;13.0;1.2;-2.4;21.6;-20.800001
1521664069728;0.0;13.0;1.2;-2.4;21.6;-20.800001
1521664069740;0.1;13.0;1.1;-2.4;21.6;-20.800001
1521664069758;0.3;13.1;1.2;-2.4;21.6;-20.800001
1521664069768;0.4;13.1;1.2;-2.4;21.6;-20.800001
1521664069778;0.5;13.1;1.1;-2.4;21.6;-20.800001
1521664069789;0.5;13.2;1.2;-2.4;21.6;-20.800001
1521664069799;0.6;13.2;1.2;-2.4;21.6;-20.800001
1521664069808;0.7;13.2;1.1;-2.4;21.6;-20.800001
1521664069819;0.8;13.2;1.1;-2.4;21.6;-20.800001
1521664069838;0.90000004;13.2;1.2;-2.4;21.6;-20.800001
1521664069848;1.0;13.2;1.2;-2.4;21.6;-20.800001
1521664069858;1.0;13.3;1.1;-2.4;21.6;-20.800001
1521664069868;1.1;13.3;1.2;-2.4;21.6;-20.800001
1521664069879;1.2;13.3;1.2;-2.4;21.6;-20.800001
1521664069888;1.2;13.3;1.3000001;-2.4;21.6;-20.800001
1521664069898;1.3000001;13.400001;1.2;-2.4;21.6;-20.800001
1521664069908;1.4;13.3;1.2;-2.4;21.6;-20.800001
1521664069929;1.5;13.400001;1.1;-2.4;21.6;-20.800001
1521664069938;1.5;13.3;1.1;-2.4;21.6;-20.800001
1521664069949;1.6;13.3;1.0;-2.4;21.6;-20.800001
1521664069979;1.7;13.3;1.1;-2.4;21.6;-20.800001
1521664069998;1.7;13.3;1.2;-2.4;21.6;-20.800001
1521664070008;1.8000001;13.3;1.2;-2.4;21.6;-20.800001
1521664070019;1.8000001;13.400001;1.1;-2.4;21.6;-20.800001
1521664070041;1.8000001;13.400001;1.2;-2.4;21.6;-20.800001
1521664070060;1.9;13.400001;1.2;-2.4;21.6;-20.800001
1521664070079;1.9;13.400001;1.3000001;-2.4;21.6;-20.800001
1521664070089;2.0;13.5;1.3000001;-2.4;21.6;-20.800001
1521664070129;2.0;13.6;1.2;-2.4;21.6;-20.800001
1521664070139;2.0;13.5;1.2;-2.4;21.6;-20.800001
1521664070150;2.0;13.6;1.1;-2.4;21.6;-20.800001
1521664070162;2.0;13.6;1.2;-2.4;21.6;-20.800001
1521664070171;2.0;13.6;1.3000001;-2.4;21.6;-20.800001
1521664070180;2.0;13.6;1.2;-2.4;21.6;-20.800001
1521664070258;1.9;13.6;1.4;-2.4;21.6;-20.800001
1521664070267;1.8000001;13.7;1.4;-2.4;21.6;-20.800001
1521664070288;1.8000001;13.6;1.4;-2.4;21.6;-20.800001
1521664070318;1.8000001;13.5;1.4;-2.4;21.6;-20.800001
1521664070328;1.8000001;13.6;1.4;-2.4;21.6;-20.800001
1521664070338;1.7;13.5;1.4;-2.4;21.6;-20.800001
1521664070358;1.6;13.5;1.4;-2.4;21.6;-20.800001
1521664070368;1.6;13.5;1.3000001;-2.4;21.6;-20.800001
1521664070379;1.6;13.5;1.2;-2.4;21.6;-20.800001
1521664070389;1.6;13.400001;1.2;-2.4;21.6;-20.800001
1521664070400;1.5;13.400001;1.3000001;-2.4;21.6;-20.800001
1521664070418;1.5;13.400001;1.2;-2.4;21.6;-20.800001
1521664070439;1.5;13.5;1.3000001;-2.4;21.6;-20.800001
1521664070449;1.5;13.400001;1.3000001;-2.4;21.6;-20.800001
1521664070458;1.5;13.5;1.2;-2.4;21.6;-20.800001
1521664070479;1.4;13.5;1.2;-2.4;21.6;-20.800001
1521664070488;1.4;13.400001;1.2;-2.4;21.6;-20.800001
1521664070498;1.5;13.400001;1.3000001;-2.4;21.6;-20.800001
1521664070508;1.4;13.5;1.3000001;-2.4;21.6;-20.800001
1521664070548;1.3000001;13.5;1.2;-2.4;21.6;-20.800001
1521664070559;1.3000001;13.5;1.3000001;-2.4;21.6;-20.800001
1521664070579;1.3000001;13.6;1.3000001;-2.4;21.6;-20.800001
1521664070588;1.2;13.6;1.3000001;-2.4;21.6;-20.800001
1521664070599;1.2;13.7;1.4;-2.4;21.6;-20.800001
1521664070609;1.1;13.7;1.4;-2.4;21.6;-20.800001
1521664070619;1.1;13.8;1.4;-2.4;21.6;-20.800001
1521664070630;1.1;13.8;1.5;-2.4;21.6;-20.800001
1521664070659;1.1;13.900001;1.5;-2.4;21.6;-20.800001
1521664070669;1.1;14.0;1.5;-2.4;21.6;-20.800001
1521664070679;1.1;14.0;1.6;-2.4;21.6;-20.800001
1521664070688;1.1;14.1;1.6;-2.4;21.6;-20.800001
1521664070719;1.1;14.1;1.7;-2.4;21.6;-20.800001
1521664070751;1.1;14.2;1.7;-2.4;21.6;-20.800001
1521664070762;1.1;14.2;1.8000001;-2.4;21.6;-20.800001
1521664070779;1.1;14.2;1.9;-2.4;21.6;-20.800001
1521664070788;1.1;14.2;1.8000001;-2.4;21.6;-20.800001
1521664070799;1.0;14.3;1.7;-2.4;21.6;-20.800001
1521664070820;1.0;14.3;1.9;-2.4;21.6;-20.800001
1521664070828;1.1;14.3;1.9;-2.4;21.6;-20.800001
1521664070899;1.2;14.2;1.8000001;-2.4;21.6;-20.800001
1521664070908;1.1;14.3;1.9;-2.4;21.6;-20.800001
1521664070928;1.1;14.400001;2.0;-2.4;21.6;-20.800001
1521664070938;1.0;14.400001;2.0;-2.4;21.6;-20.800001
1521664070948;1.0;14.400001;2.1000001;-2.4;21.6;-20.800001
1521664070958;0.90000004;14.400001;2.1000001;-2.4;21.6;-20.800001
1521664070968;0.90000004;14.400001;2.2;-2.4;21.6;-20.800001
1521664070978;0.8;14.400001;2.2;-2.4;21.6;-20.800001
1521664070988;0.8;14.400001;2.3;-2.4;21.6;-20.800001
1521664070998;0.7;14.5;2.2;-2.4;21.6;-20.800001
1521664071008;0.6;14.5;2.3;-2.4;21.6;-20.800001
1521664071018;0.5;14.5;2.3;-2.4;21.6;-20.800001
1521664071028;0.5;14.5;2.4;-2.4;21.6;-20.800001
1521664071039;0.4;14.6;2.5;-2.4;21.6;-20.800001
1521664071079;0.3;14.6;2.5;-2.4;21.6;-20.800001
1521664071089;0.2;14.6;2.6000001;-2.4;21.6;-20.800001
1521664071098;0.2;14.6;2.7;-2.4;21.6;-20.800001
1521664071108;0.2;14.6;2.6000001;-2.4;21.6;-20.800001
1521664071128;0.1;14.6;2.7;-2.4;21.6;-20.800001
1521664071159;0.0;14.7;2.9;-2.4;21.6;-20.800001
1521664071170;-0.1;14.7;2.9;-2.4;21.6;-20.800001
1521664071182;-0.2;14.8;3.0;-2.4;21.6;-20.800001
1521664071189;-0.2;14.8;3.1000001;-2.4;21.6;-20.800001
1521664071200;-0.2;14.8;3.2;-2.4;21.6;-20.800001
1521664071210;-0.2;14.7;3.1000001;-2.4;21.6;-20.800001
1521664071279;-0.4;14.5;3.1000001;-2.4;21.6;-20.800001
1521664071288;-0.4;14.5;3.2;-2.4;21.6;-20.800001
1521664071348;-0.4;14.5;3.3;-2.4;21.6;-20.800001
1521664071359;-0.4;14.400001;3.2;-2.4;21.6;-20.800001
1521664071368;-0.4;14.400001;3.1000001;-2.4;21.6;-20.800001
1521664071378;-0.3;14.3;3.1000001;-2.4;21.6;-20.800001
1521664071400;-0.3;14.2;3.0;-2.4;21.6;-20.800001
1521664071438;-0.2;14.1;3.0;-2.4;21.6;-20.800001
1521664071458;-0.2;14.1;2.9;-2.4;21.6;-20.800001
1521664071468;-0.1;14.0;2.8;-2.4;21.6;-20.800001
1521664071481;-0.1;14.0;2.7;-2.4;21.6;-20.800001
1521664071498;0.0;13.900001;2.5;-2.4;21.6;-20.800001
1521664071518;0.1;13.900001;2.4;-2.4;21.6;-20.800001
1521664071528;0.1;13.900001;2.3;-2.4;21.6;-20.800001
1521664071548;0.2;13.8;2.3;-2.4;21.6;-20.800001
1521664071559;0.3;13.8;2.2;-2.4;21.6;-20.800001
1521664071569;0.3;13.7;2.1000001;-2.4;21.6;-20.800001
1521664071581;0.4;13.7;2.1000001;-2.4;21.6;-20.800001
1521664071590;0.5;13.6;2.0;-2.4;21.6;-20.800001
1521664071601;0.5;13.6;1.9;-2.4;21.6;-20.800001
1521664071611;0.5;13.5;1.9;-2.4;21.6;-20.800001
1521664071622;0.6;13.5;1.9;-2.4;21.6;-20.800001
1521664071639;0.7;13.400001;1.8000001;-2.4;21.6;-20.800001
1521664071649;0.7;13.400001;1.6;-2.4;21.6;-20.800001
1521664071659;0.7;13.400001;1.7;-2.4;21.6;-20.800001
1521664071669;0.8;13.400001;1.7;-2.4;21.6;-20.800001
1521664071690;0.8;13.400001;1.6;-2.4;21.6;-20.800001
1521664071709;0.8;13.400001;1.5;-2.4;21.6;-20.800001
1521664071738;0.7;13.400001;1.5;-2.4;21.6;-20.800001
1521664071760;0.7;13.400001;1.4;-2.4;21.6;-20.800001
1521664071770;0.8;13.5;1.5;-2.4;21.6;-20.800001
1521664071799;0.7;13.5;1.6;-2.4;21.6;-20.800001
1521664071818;0.8;13.5;1.6;-2.4;21.6;-20.800001
1521664071829;0.7;13.6;1.7;-2.4;21.6;-20.800001
1521664071899;0.6;13.7;1.9;-2.4;21.6;-20.800001
1521664071918;0.6;13.7;1.8000001;-2.4;21.6;-20.800001
1521664071929;0.7;13.7;1.8000001;-2.4;21.6;-20.800001
1521664071938;0.6;13.8;1.8000001;-2.4;21.6;-20.800001
1521664071959;0.5;13.8;1.7;-2.4;21.6;-20.800001
1521664071969;0.5;13.900001;1.7;-2.4;21.6;-20.800001
1521664071980;0.5;13.900001;1.8000001;-2.4;21.6;-20.800001
1521664072008;0.4;13.900001;1.8000001;-2.4;21.6;-20.800001
1521664072029;0.5;13.900001;1.7;-2.4;21.6;-20.800001
1521664072042;0.5;13.900001;1.8000001;-2.4;21.6;-20.800001
1521664072058;0.5;14.0;1.9;-2.4;21.6;-20.800001
1521664072068;0.4;14.0;2.0;-2.4;21.6;-20.800001
1521664072078;0.4;14.0;1.9;-2.4;21.6;-20.800001
1521664072089;0.4;14.1;1.9;-2.4;21.6;-20.800001
1521664072122;0.4;14.1;1.8000001;-2.4;21.6;-20.800001
1521664072149;0.4;14.2;1.9;-2.4;21.6;-20.800001
1521664072159;0.4;14.2;1.8000001;-2.4;21.6;-20.800001
1521664072206;0.4;14.2;1.7;-2.4;21.6;-20.800001
1521664072218;0.5;14.2;1.7;-2.4;21.6;-20.800001
1521664072269;0.5;14.2;1.9;-2.4;21.6;-20.800001
1521664072278;0.6;14.2;1.9;-2.4;21.6;-20.800001
1521664072288;0.6;14.3;1.9;-2.4;21.6;-20.800001
1521664072298;0.6;14.3;1.8000001;-2.4;21.6;-20.800001
1521664072319;0.6;14.3;1.9;-2.4;21.6;-20.800001
1521664072338;0.7;14.3;1.8000001;-2.4;21.6;-20.800001
1521664072349;0.7;14.2;1.7;-2.4;21.6;-20.800001
1521664072369;0.7;14.3;1.7;-2.4;21.6;-20.800001
1521664072399;0.8;14.3;1.7;-2.4;21.6;-20.800001
1521664072409;0.8;14.3;1.8000001;-2.4;21.6;-20.800001
1521664072430;0.7;14.400001;1.8000001;-2.4;21.6;-20.800001
1521664072442;0.8;14.3;1.8000001;-2.4;21.6;-20.800001
1521664072450;0.8;14.3;1.7;-2.4;21.6;-20.800001
1521664072469;0.8;14.400001;1.8000001;-2.4;21.6;-20.800001
1521664072478;0.90000004;14.400001;1.8000001;-2.4;21.6;-20.800001
1521664072489;0.90000004;14.400001;1.7;-2.4;21.6;-20.800001
1521664072509;0.90000004;14.5;1.8000001;-2.4;21.6;-20.800001
1521664072519;0.90000004;14.5;1.7;-2.4;21.6;-20.800001
1521664072550;0.90000004;14.6;1.7;-2.4;21.6;-20.800001
1521664072564;0.90000004;14.6;1.6;-2.4;21.6;-20.800001
1521664072579;0.90000004;14.7;1.7;-2.4;21.6;-20.800001
1521664072589;1.0;14.7;1.7;-2.4;21.6;-20.800001
1521664072599;0.90000004;14.7;1.7;-2.4;21.6;-20.800001
1521664072609;0.90000004;14.8;1.7;-2.4;21.6;-20.800001
1521664072619;1.0;14.8;1.8000001;-2.4;21.6;-20.800001
1521664072629;0.90000004;14.900001;1.8000001;-2.4;21.6;-20.800001
1521664072659;0.90000004;15.0;1.9;-2.4;21.6;-20.800001
1521664072669;1.0;15.0;1.9;-2.4;21.6;-20.800001
1521664072679;1.0;15.1;1.9;-2.4;21.6;-20.800001
1521664072689;1.0;15.1;1.8000001;-2.4;21.6;-20.800001
1521664072709;1.1;15.2;1.8000001;-2.4;21.6;-20.800001
1521664072740;1.1;15.2;1.9;-2.4;21.6;-20.800001
1521664072750;1.1;15.3;1.9;-2.4;21.6;-20.800001
1521664072771;1.1;15.400001;2.0;-2.4;21.6;-20.800001
1521664072799;1.2;15.400001;2.1000001;-2.4;21.6;-20.800001
1521664072809;1.2;15.5;2.0;-2.4;21.6;-20.800001
1521664072819;1.2;15.5;2.1000001;-2.4;21.6;-20.800001
1521664072842;1.2;15.6;2.1000001;-2.4;21.6;-20.800001
1521664072850;1.3000001;15.6;2.1000001;-2.4;21.6;-20.800001
1521664072860;1.2;15.6;2.2;-2.4;21.6;-20.800001
1521664072870;1.2;15.7;2.3;-2.4;21.6;-20.800001
1521664072888;1.2;15.7;2.1000001;-2.4;21.6;-20.800001
1521664072894;1.2;15.7;2.2;-2.4;21.6;-20.800001
1521664072908;1.3000001;15.7;2.3;-2.4;21.6;-20.800001
1521664072938;1.4;15.7;2.2;-2.4;21.6;-20.800001
1521664072989;1.4;15.7;2.3;-2.4;21.6;-20.800001
1521664073058;1.5;15.7;2.3;-2.4;21.6;-20.800001
1521664073069;1.4;15.7;2.3;-2.4;21.6;-20.800001
1521664073101;1.3000001;15.8;2.4;-2.4;21.6;-20.800001
1521664073119;1.4;15.7;2.4;-2.4;21.6;-20.800001
1521664073129;1.4;15.7;2.3;-2.4;21.6;-20.800001
1521664073139;1.4;15.7;2.4;-2.4;21.6;-20.800001
1521664073160;1.4;15.7;2.3;-2.4;21.6;-20.800001
1521664073170;1.4;15.7;2.4;-2.4;21.6;-20.800001
1521664073181;1.3000001;15.8;2.5;-2.4;21.6;-20.800001
1521664073190;1.3000001;15.7;2.4;-2.4;21.6;-20.800001
1521664073200;1.3000001;15.8;2.4;-2.4;21.6;-20.800001
1521664073210;1.3000001;15.7;2.3;-2.4;21.6;-20.800001
1521664073220;1.3000001;15.7;2.2;-2.4;21.6;-20.800001
1521664073288;1.3000001;15.7;2.3;-2.4;21.6;-20.800001
1521664073308;1.3000001;15.6;2.3;-2.4;21.6;-20.800001
1521664073318;1.3000001;15.6;2.2;-2.4;21.6;-20.800001
1521664073328;1.3000001;15.6;2.1000001;-2.4;21.6;-20.800001
1521664073358;1.3000001;15.6;2.0;-2.4;21.6;-20.800001
1521664073368;1.3000001;15.5;2.0;-2.4;21.6;-20.800001
1521664073383;1.3000001;15.5;1.9;-2.4;21.6;-20.800001
1521664073398;1.4;15.5;1.9;-2.4;21.6;-20.800001
1521664073418;1.4;15.5;1.8000001;-2.4;21.6;-20.800001
1521664073428;1.4;15.400001;1.8000001;-2.4;21.6;-20.800001
1521664073438;1.4;15.5;1.9;-2.4;21.6;-20.800001
1521664073460;1.4;15.400001;1.8000001;-2.4;21.6;-20.800001
1521664073468;1.4;15.400001;1.7;-2.4;21.6;-20.800001
1521664073479;1.5;15.3;1.7;-2.4;21.6;-20.800001
1521664073508;1.5;15.3;1.8000001;-2.4;21.6;-20.800001
1521664073523;1.5;15.2;1.8000001;-2.4;21.6;-20.800001
1521664073539;1.5;15.3;1.7;-2.4;21.6;-20.800001
1521664073569;1.5;15.3;1.8000001;-2.4;21.6;-20.800001
1521664073578;1.4;15.3;1.9;-2.4;21.6;-20.800001
1521664073610;1.4;15.3;1.8000001;-2.4;21.6;-20.800001
1521664073621;1.4;15.3;1.9;-2.4;21.6;-20.800001
1521664073630;1.4;15.3;2.0;-2.4;21.6;-20.800001
1521664073640;1.3000001;15.3;1.9;-2.4;21.6;-20.800001
1521664073660;1.4;15.3;2.0;-2.4;21.6;-20.800001
1521664073680;1.3000001;15.3;2.1000001;-2.4;21.6;-20.800001
1521664073698;1.3000001;15.400001;2.1000001;-2.4;21.6;-20.800001
1521664073718;1.2;15.400001;2.2;-2.4;21.6;-20.800001
1521664073729;1.3000001;15.400001;2.2;-2.4;21.6;-20.800001
1521664073758;1.2;15.400001;2.2;-2.4;21.6;-20.800001
1521664073768;1.3000001;15.400001;2.1000001;-2.4;21.6;-20.800001
1521664073778;1.2;15.400001;2.2;-2.4;21.6;-20.800001
1521664073788;1.2;15.400001;2.3;-2.4;21.6;-20.800001
1521664073808;1.1;15.5;2.4;-2.4;21.6;-20.800001
1521664073818;1.1;15.6;2.5;-2.4;21.6;-20.800001
1521664073829;1.0;15.6;2.7;-2.4;21.6;-20.800001
1521664073838;1.0;15.7;2.8;-2.4;21.6;-20.800001
1521664073860;0.90000004;15.7;2.9;-2.4;21.6;-20.800001
1521664073870;0.90000004;15.8;2.9;-2.4;21.6;-20.800001
1521664073898;0.8;15.900001;3.0;-2.4;21.6;-20.800001
1521664073909;0.8;16.0;3.0;-2.4;21.6;-20.800001
1521664073918;0.7;16.0;3.1000001;-2.4;21.6;-20.800001
1521664073929;0.7;16.1;3.1000001;-2.4;21.6;-20.800001
1521664073940;0.7;16.1;3.2;-2.4;21.6;-20.800001
1521664073950;0.6;16.2;3.2;-2.4;21.6;-20.800001
1521664073969;0.5;16.300001;3.3;-2.4;21.6;-20.800001
1521664073990;0.5;16.300001;3.2;-2.4;21.6;-20.800001
1521664074000;0.4;16.4;3.3;-2.4;21.6;-20.800001
1521664074019;0.3;16.5;3.5;-2.4;21.6;-20.800001
1521664074039;0.2;16.5;3.6000001;-2.4;21.6;-20.800001
1521664074048;0.2;16.6;3.6000001;-2.4;21.6;-20.800001
1521664074059;0.1;16.6;3.6000001;-2.4;21.6;-20.800001
1521664074068;0.1;16.6;3.7;-2.4;21.6;-20.800001
1521664074088;0.0;16.7;3.8;-2.4;21.6;-20.800001
1521664074109;0.0;16.7;3.7;-2.4;21.6;-20.800001
1521664074138;0.0;16.7;3.6000001;-2.4;21.6;-20.800001
1521664074148;0.0;16.7;3.5;-2.4;21.6;-20.800001
1521664074169;0.1;16.7;3.6000001;-2.4;21.6;-20.800001
1521664074218;0.1;16.6;3.7;-2.4;21.6;-20.800001
1521664074278;0.1;16.5;3.7;-2.4;21.6;-20.800001
1521664074288;0.1;16.5;3.8;-2.4;21.6;-20.800001
1521664074299;0.1;16.6;3.7;-2.4;21.6;-20.800001
1521664074318;0.2;16.5;3.7;-2.4;21.6;-20.800001
1521664074328;0.2;16.5;3.8;-2.4;21.6;-20.800001
1521664074339;0.2;16.6;3.7;-2.4;21.6;-20.800001
1521664074348;0.2;16.5;3.7;-2.4;21.6;-20.800001
1521664074358;0.2;16.5;3.6000001;-2.4;21.6;-20.800001
1521664074368;0.2;16.4;3.6000001;-2.4;21.6;-20.800001
1521664074379;0.3;16.4;3.6000001;-2.4;21.6;-20.800001
1521664074399;0.4;16.300001;3.5;-2.4;21.6;-20.800001
1521664074409;0.5;16.2;3.4;-2.4;21.6;-20.800001
1521664074428;0.6;16.1;3.3;-2.4;21.6;-20.800001
1521664074439;0.6;16.1;3.2;-2.4;21.6;-20.800001
1521664074448;0.7;16.0;3.2;-2.4;21.6;-20.800001
1521664074458;0.7;15.900001;3.2;-2.4;21.6;-20.800001
1521664074468;0.8;15.900001;3.1000001;-2.4;21.6;-20.800001
1521664074478;0.8;15.8;3.0;-2.4;21.6;-20.800001
1521664074489;0.90000004;15.7;3.0;-2.4;21.6;-20.800001
1521664074508;1.0;15.7;2.9;-2.4;21.6;-20.800001
1521664074518;1.0;15.6;2.8;-2.4;21.6;-20.800001
1521664074528;1.1;15.5;2.8;-2.4;21.6;-20.800001
1521664074538;1.1;15.5;2.7;-2.4;21.6;-20.800001
1521664074548;1.2;15.400001;2.6000001;-2.4;21.6;-20.800001
1521664074558;1.3000001;15.3;2.6000001;-2.4;21.6;-20.800001
1521664074568;1.3000001;15.3;2.5;-2.4;21.6;-20.800001
1521664074579;1.5;15.2;2.5;-2.4;21.6;-20.800001
1521664074589;1.5;15.1;2.5;-2.4;21.6;-20.800001
1521664074599;1.6;15.0;2.5;-2.4;21.6;-20.800001
1521664074618;1.7;14.900001;2.3;-2.4;21.6;-20.800001
1521664074638;1.8000001;14.8;2.2;-2.4;21.6;-20.800001
1521664074649;1.9;14.7;2.2;-2.4;21.6;-20.800001
1521664074658;1.9;14.7;2.3;-2.4;21.6;-20.800001
1521664074668;1.9;14.7;2.2;-2.4;21.6;-20.800001
1521664074678;2.0;14.7;2.2;-2.4;21.6;-20.800001
1521664074692;2.0;14.7;2.1000001;-2.4;21.6;-20.800001
1521664074698;2.0;14.7;2.2;-2.4;21.6;-20.800001
1521664074728;2.0;14.7;2.1000001;-2.4;21.6;-20.800001
1521664074750;2.0;14.7;2.2;-2.4;21.6;-20.800001
1521664074759;2.0;14.7;2.1000001;-2.4;21.6;-20.800001
1521664074768;2.0;14.8;2.1000001;-2.4;21.6;-20.800001
1521664074778;1.9;14.900001;2.1000001;-2.4;21.6;-20.800001
1521664074788;1.9;14.900001;2.2;-2.4;21.6;-20.800001
1521664074808;1.8000001;15.0;2.3;-2.4;21.6;-20.800001
1521664074818;1.7;15.1;2.4;-2.4;21.6;-20.800001
1521664074838;1.7;15.2;2.5;-2.4;21.6;-20.800001
1521664074848;1.7;15.3;2.5;-2.4;21.6;-20.800001
1521664074858;1.6;15.400001;2.5;-2.4;21.6;-20.800001
1521664074869;1.5;15.5;2.6000001;-2.4;21.6;-20.800001
1521664074878;1.4;15.5;2.6000001;-2.4;21.6;-20.800001
1521664074888;1.3000001;15.6;2.6000001;-2.4;21.6;-20.800001
1521664074908;1.3000001;15.7;2.6000001;-2.4;21.6;-20.800001
1521664074918;1.2;15.7;2.7;-2.4;21.6;-20.800001
1521664074928;1.1;15.8;2.7;-2.4;21.6;-20.800001
1521664074948;1.0;15.900001;2.7;-2.4;21.6;-20.800001
1521664074958;1.0;15.900001;2.8;-2.4;21.6;-20.800001
1521664074967;0.90000004;16.0;2.9;-2.4;21.6;-20.800001
1521664074977;0.8;16.1;3.0;-2.4;21.6;-20.800001
1521664074987;0.7;16.1;3.0;-2.4;21.6;-20.800001
1521664075008;0.7;16.2;3.0;-2.4;21.6;-20.800001
1521664075017;0.7;16.1;3.1000001;-2.4;21.6;-20.800001
1521664075028;0.6;16.2;3.2;-2.4;21.6;-20.800001
1521664075038;0.6;16.1;3.1000001;-2.4;21.6;-20.800001
1521664075058;0.7;16.2;3.1000001;-2.4;21.6;-20.800001
1521664075068;0.6;16.1;3.1000001;-2.4;21.6;-20.800001
1521664075087;0.6;16.0;3.0;-2.4;21.6;-20.800001
1521664075097;0.7;16.0;2.9;-2.4;21.6;-20.800001
1521664075107;0.7;15.900001;2.8;-2.4;21.6;-20.800001
1521664075117;0.8;15.8;2.7;-2.4;21.6;-20.800001
1521664075127;0.8;15.8;2.6000001;-2.4;21.6;-20.800001
1521664075137;0.90000004;15.7;2.6000001;-2.4;21.6;-20.800001
1521664075147;0.8;15.7;2.6000001;-2.4;21.6;-20.800001
1521664075159;0.90000004;15.6;2.5;-2.4;21.6;-20.800001
1521664075168;1.0;15.5;2.4;-2.4;21.6;-20.800001
1521664075179;1.0;15.5;2.3;-2.4;21.6;-20.800001
1521664075187;1.1;15.400001;2.3;-2.4;21.6;-20.800001
1521664075197;1.1;15.400001;2.2;-2.4;21.6;-20.800001
1521664075208;1.1;15.400001;2.3;-2.4;21.6;-20.800001
1521664075217;1.1;15.5;2.3;-2.4;21.6;-20.800001
1521664075227;1.1;15.5;2.2;-2.4;21.6;-20.800001
1521664075268;1.1;15.5;2.1000001;-2.4;21.6;-20.800001
1521664075277;1.1;15.5;2.2;-2.4;21.6;-20.800001
1521664075288;1.1;15.400001;2.1000001;-2.4;21.6;-20.800001
1521664075319;1.0;15.6;2.2;-2.4;21.6;-20.800001
1521664075328;0.90000004;15.6;2.2;-2.4;21.6;-20.800001
1521664075338;0.90000004;15.7;2.3;-2.4;21.6;-20.800001
1521664075348;0.90000004;15.7;2.4;-2.4;21.6;-20.800001
1521664075358;0.90000004;15.8;2.4;-2.4;21.6;-20.800001
1521664075368;0.90000004;15.8;2.5;-2.4;21.6;-20.800001
1521664075378;0.90000004;15.900001;2.5;-2.4;21.6;-20.800001
1521664075388;0.8;15.900001;2.5;-2.4;21.6;-20.800001
1521664075399;0.8;16.0;2.6000001;-2.4;21.6;-20.800001
1521664075408;0.8;16.0;2.8;-2.4;21.6;-20.800001
1521664075418;0.7;16.0;2.8;-2.4;21.6;-20.800001
1521664075428;0.7;16.1;2.9;-2.4;21.6;-20.800001
1521664075438;0.6;16.1;3.0;-2.4;21.6;-20.800001
1521664075448;0.6;16.2;3.1000001;-2.4;21.6;-20.800001
1521664075458;0.6;16.2;3.2;-2.4;21.6;-20.800001
1521664075468;0.5;16.300001;3.3;-2.4;21.6;-20.800001
1521664075489;0.4;16.300001;3.4;-2.4;21.6;-20.800001
1521664075508;0.5;16.300001;3.5;-2.4;21.6;-20.800001
1521664075558;0.5;16.300001;3.6000001;-2.4;21.6;-20.800001
1521664075598;0.5;16.300001;3.7;-2.4;21.6;-20.800001
1521664075608;0.5;16.300001;3.6000001;-2.4;21.6;-20.800001
1521664075620;0.5;16.300001;3.5;-2.4;21.6;-20.800001
1521664075628;0.5;16.300001;3.4;-2.4;21.6;-20.800001
1521664075658;0.6;16.300001;3.4;-2.4;21.6;-20.800001
1521664075668;0.5;16.300001;3.3;-2.4;21.6;-20.800001
1521664075688;0.6;16.300001;3.3;-2.4;21.6;-20.800001
1521664075708;0.5;16.300001;3.2;-2.4;21.6;-20.800001
1521664075719;0.6;16.300001;3.3;-2.4;21.6;-20.800001
1521664075728;0.5;16.300001;3.3;-2.4;21.6;-20.800001
1521664075748;0.5;16.4;3.2;-2.4;21.6;-20.800001
1521664075758;0.6;16.300001;3.2;-2.4;21.6;-20.800001
1521664075768;0.5;16.4;3.2;-2.4;21.6;-20.800001
1521664075777;0.6;16.4;3.3;-2.4;21.6;-20.800001
1521664075787;0.5;16.4;3.3;-2.4;21.6;-20.800001
1521664075797;0.6;16.4;3.3;-2.4;21.6;-20.800001
1521664075848;0.6;16.4;3.2;-2.4;21.6;-20.800001
1521664075867;0.7;16.4;3.3;-2.4;21.6;-20.800001
1521664075898;0.7;16.4;3.4;-2.4;21.6;-20.800001
1521664075928;0.7;16.4;3.5;-2.4;21.6;-20.800001
1521664075947;0.7;16.4;3.6000001;-2.4;21.6;-20.800001
1521664075957;0.7;16.300001;3.5;-2.4;21.6;-20.800001
1521664075967;0.8;16.2;3.5;-2.4;21.6;-20.800001
1521664075987;0.8;16.1;3.4;-2.4;21.6;-20.800001
1521664075997;0.90000004;16.1;3.3;-2.4;21.6;-20.800001
1521664076008;1.0;16.0;3.3;-2.4;21.6;-20.800001
1521664076038;1.1;16.0;3.2;-2.4;21.6;-20.800001
1521664076048;1.1;15.900001;3.2;-2.4;21.6;-20.800001
1521664076057;1.1;15.900001;3.3;-2.4;21.6;-20.800001
1521664076079;1.1;15.900001;3.2;-2.4;21.6;-20.800001
1521664076107;1.1;15.900001;3.1000001;-2.4;21.6;-20.800001
1521664076117;1.1;15.8;3.1000001;-2.4;21.6;-20.800001
1521664076128;1.2;15.8;3.1000001;-2.4;21.6;-20.800001
1521664076148;1.2;15.8;3.2;-2.4;21.6;-20.800001
1521664076157;1.2;15.8;3.1000001;-2.4;21.6;-20.800001
1521664076208;1.2;15.7;3.1000001;-2.4;21.6;-20.800001
1521664076268;1.1;15.8;3.2;-2.4;21.6;-20.800001
1521664076278;1.1;15.8;3.3;-2.4;21.6;-20.800001
1521664076288;1.1;15.900001;3.4;-2.4;21.6;-20.800001
1521664076318;1.1;15.8;3.4;-2.4;21.6;-20.800001
1521664076338;1.1;15.7;3.4;-2.4;21.6;-20.800001
1521664076348;1.2;15.7;3.3;-2.4;21.6;-20.800001
1521664076368;1.3000001;15.6;3.2;-2.4;21.6;-20.800001
1521664076398;1.4;15.400001;3.1000001;-2.4;21.6;-20.800001
1521664076419;1.5;15.400001;3.1000001;-2.4;21.6;-20.800001
1521664076430;1.5;15.3;3.0;-2.4;21.6;-20.800001
1521664076440;1.5;15.3;3.1000001;-2.4;21.6;-20.800001
1521664076453;1.5;15.3;3.0;-2.4;21.6;-20.800001
1521664076461;1.5;15.2;3.0;-2.4;21.6;-20.800001
1521664076477;1.6;15.2;2.9;-2.4;21.6;-20.800001
1521664076498;1.8000001;15.0;2.8;-2.4;21.6;-20.800001
1521664076508;1.8000001;15.0;2.7;-2.4;21.6;-20.800001
1521664076518;1.9;15.0;2.7;-2.4;21.6;-20.800001
1521664076538;1.9;14.900001;2.6000001;-2.4;21.6;-20.800001
1521664076558;2.0;14.8;2.5;-2.4;21.6;-20.800001
1521664076578;2.1000001;14.7;2.4;-2.4;21.6;-20.800001
1521664076598;2.1000001;14.6;2.3;-2.4;21.6;-20.800001
1521664076608;2.1000001;14.7;2.3;-2.4;21.6;-20.800001
1521664076639;2.2;14.6;2.3;-2.4;21.6;-20.800001
1521664076679;2.1000001;14.6;2.2;-2.4;21.6;-20.800001
1521664076688;2.2;14.6;2.1000001;-2.4;21.6;-20.800001
1521664076703;2.2;14.6;2.2;-2.4;21.6;-20.800001
1521664076710;2.2;14.6;2.3;-2.4;21.6;-20.800001
1521664076718;2.2;14.6;2.2;-2.4;21.6;-20.800001
1521664076732;2.1000001;14.6;2.2;-2.4;21.6;-20.800001
1521664076740;2.2;14.5;2.2;-2.4;21.6;-20.800001
1521664076751;2.2;14.6;2.3;-2.4;21.6;-20.800001
1521664076768;2.1000001;14.6;2.3;-2.4;21.6;-20.800001
1521664076779;2.1000001;14.6;2.2;-2.4;21.6;-20.800001
1521664076798;2.0;14.6;2.2;-2.4;21.6;-20.800001
1521664076838;2.1000001;14.5;2.2;-2.4;21.6;-20.800001
1521664076858;2.0;14.6;2.1000001;-2.4;21.6;-20.800001
1521664076908;2.0;14.7;2.1000001;-2.4;21.6;-20.800001
1521664076928;1.9;14.7;2.0;-2.4;21.6;-20.800001
1521664076948;2.0;14.7;2.1000001;-2.4;21.6;-20.800001
1521664076969;1.9;14.7;2.1000001;-2.4;21.6;-20.800001
1521664076988;1.9;14.8;2.3;-2.4;21.6;-20.800001
1521664077008;1.8000001;14.8;2.2;-2.4;21.6;-20.800001
1521664077018;1.8000001;14.8;2.3;-2.4;21.6;-20.800001
1521664077038;1.8000001;14.900001;2.2;-2.4;21.6;-20.800001
1521664077058;1.9;14.900001;2.1000001;-2.4;21.6;-20.800001
1521664077078;1.8000001;14.900001;2.2;-2.4;21.6;-20.800001
1521664077098;1.8000001;14.900001;2.3;-2.4;21.6;-20.800001
1521664077108;1.7;14.900001;2.2;-2.4;21.6;-20.800001
1521664077118;1.7;14.900001;2.3;-2.4;21.6;-20.800001
1521664077138;1.7;14.900001;2.4;-2.4;21.6;-20.800001
1521664077158;1.6;14.900001;2.4;-2.4;21.6;-20.800001
1521664077178;1.6;14.900001;2.5;-2.4;21.6;-20.800001
1521664077198;1.5;14.900001;2.5;-2.4;21.6;-20.800001
1521664077208;1.5;15.0;2.6000001;-2.4;21.6;-20.800001
1521664077228;1.5;14.900001;2.5;-2.4;21.6;-20.800001
1521664077259;1.4;15.1;2.5;-2.4;21.6;-20.800001
1521664077273;1.4;15.1;2.4;-2.4;21.6;-20.800001
1521664077308;1.4;15.1;2.3;-2.4;21.6;-20.800001
1521664077328;1.4;15.1;2.2;-2.4;21.6;-20.800001
1521664077338;1.3000001;15.1;2.1000001;-2.4;21.6;-20.800001
1521664077358;1.3000001;15.1;2.2;-2.4;21.6;-20.800001
1521664077378;1.2;15.2;2.1000001;-2.4;21.6;-20.800001
1521664077388;1.2;15.2;2.0;-2.4;21.6;-20.800001
1521664077398;1.3000001;15.2;2.0;-2.4;21.6;-20.800001
1521664077428;1.2;15.2;2.0;-2.4;21.6;-20.800001
1521664077448;1.3000001;15.2;2.0;-2.4;21.6;-20.800001
1521664077458;1.3000001;15.1;1.9;-2.4;21.6;-20.800001
1521664077478;1.3000001;15.2;2.0;-2.4;21.6;-20.800001
1521664077518;1.2;15.2;2.0;-2.4;21.6;-20.800001
1521664077538;1.3000001;15.2;2.1000001;-2.4;21.6;-20.800001
1521664077558;1.3000001;15.1;2.0;-2.4;21.6;-20.800001
1521664077569;1.3000001;15.2;2.0;-2.4;21.6;-20.800001
1521664077580;1.3000001;15.1;2.0;-2.4;21.6;-20.800001
1521664077589;1.3000001;15.1;1.9;-2.4;21.6;-20.800001
1521664077598;1.3000001;15.2;2.0;-2.4;21.6;-20.800001
1521664077628;1.2;15.2;2.0;-2.4;21.6;-20.800001
1521664077648;1.3000001;15.2;2.2;-2.4;21.6;-20.800001
1521664077698;1.3000001;15.2;2.1000001;-2.4;21.6;-20.800001
1521664077709;1.4;15.2;2.1000001;-2.4;21.6;-20.800001
1521664077768;1.4;15.3;2.1000001;-2.4;21.6;-20.800001
1521664077788;1.4;15.3;2.0;-2.4;21.6;-20.800001
1521664077829;1.4;15.3;1.9;-2.4;21.6;-20.800001
1521664077849;1.3000001;15.3;1.9;-2.4;21.6;-20.800001
1521664077872;1.4;15.2;1.9;-2.4;21.6;-20.800001
1521664077896;1.4;15.3;2.0;-2.4;21.6;-20.800001
1521664077938;1.4;15.3;1.9;-2.4;21.6;-20.800001
1521664077958;1.4;15.3;2.0;-2.4;21.6;-20.800001
1521664077972;1.4;15.2;1.9;-2.4;21.6;-20.800001
1521664078038;1.4;15.3;1.9;-2.4;21.6;-20.800001
1521664078048;1.3000001;15.3;1.8000001;-2.4;21.6;-20.800001
1521664078068;1.3000001;15.3;1.7;-2.4;21.6;-20.800001
1521664078080;1.2;15.3;1.7;-2.4;21.6;-20.800001
1521664078098;1.2;15.3;1.8000001;-2.4;21.6;-20.800001
1521664078108;1.2;15.3;1.9;-2.4;21.6;-20.800001
1521664078118;1.2;15.3;1.8000001;-2.4;21.6;-20.800001
1521664078149;1.2;15.3;1.7;-2.4;21.6;-20.800001
1521664078179;1.1;15.400001;1.7;-2.4;21.6;-20.800001
1521664078189;1.2;15.400001;1.7;-2.4;21.6;-20.800001
1521664078200;1.1;15.400001;1.7;-2.4;21.6;-20.800001
1521664078308;1.1;15.400001;1.8000001;-2.4;21.6;-20.800001
1521664078338;1.1;15.400001;1.7;-2.4;21.6;-20.800001
1521664078358;1.2;15.3;1.7;-2.4;21.6;-20.800001
1521664078389;1.2;15.400001;1.7;-2.4;21.6;-20.800001
1521664078399;1.2;15.3;1.7;-2.4;21.6;-20.800001
1521664078409;1.3000001;15.3;1.7;-2.4;21.6;-20.800001
1521664078429;1.2;15.3;1.8000001;-2.4;21.6;-20.800001
1521664078443;1.3000001;15.400001;1.9;-2.4;21.6;-20.800001
1521664078460;1.3000001;15.400001;2.0;-2.4;21.6;-20.800001
1521664078470;1.2;15.3;2.0;-2.4;21.6;-20.800001
1521664078501;1.3000001;15.3;2.0;-2.4;21.6;-20.800001
1521664078528;1.3000001;15.3;1.9;-2.4;21.6;-20.800001
1521664078548;1.3000001;15.3;2.0;-2.4;21.6;-20.800001
1521664078569;1.3000001;15.3;2.1000001;-2.4;21.6;-20.800001
1521664078579;1.3000001;15.2;2.1000001;-2.4;21.6;-20.800001
1521664078589;1.3000001;15.3;2.1000001;-2.4;21.6;-20.800001
1521664078599;1.2;15.3;2.2;-2.4;21.6;-20.800001
1521664078619;1.2;15.400001;2.3;-2.4;21.6;-20.800001
1521664078630;1.2;15.3;2.3;-2.4;21.6;-20.800001
1521664078649;1.2;15.3;2.4;-2.4;21.6;-20.800001
1521664078669;1.1;15.3;2.4;-2.4;21.6;-20.800001
1521664078680;1.1;15.3;2.5;-2.4;21.6;-20.800001
1521664078689;1.2;15.3;2.4;-2.4;21.6;-20.800001
1521664078718;1.1;15.3;2.5;-2.4;21.6;-20.800001
1521664078729;1.1;15.3;2.4;-2.4;21.6;-20.800001
1521664078779;1.1;15.3;2.3;-2.4;21.6;-20.800001
1521664078809;1.1;15.3;2.4;-2.4;21.6;-20.800001
1521664078839;1.1;15.3;2.3;-2.4;21.6;-20.800001
1521664078879;1.0;15.3;2.2;-2.4;21.6;-20.800001
1521664078891;1.1;15.3;2.2;-2.4;21.6;-20.800001
1521664078918;1.1;15.2;2.0;-2.4;21.6;-20.800001
1521664078928;1.1;15.2;2.1000001;-2.4;21.6;-20.800001
1521664078948;1.1;15.3;2.1000001;-2.4;21.6;-20.800001
1521664078968;1.1;15.3;2.0;-2.4;21.6;-20.800001
1521664078989;1.1;15.3;1.9;-2.4;21.6;-20.800001
1521664079010;1.1;15.2;1.9;-2.4;21.6;-20.800001
1521664079019;1.1;15.2;1.8000001;-2.4;21.6;-20.800001
1521664079029;1.1;15.2;1.9;-2.4;21.6;-20.800001
1521664079039;1.2;15.2;1.9;-2.4;21.6;-20.800001
1521664079071;1.1;15.2;1.9;-2.4;21.6;-20.800001
1521664079080;1.1;15.3;1.9;-2.4;21.6;-20.800001
1521664079090;1.2;15.2;1.8000001;-2.4;21.6;-20.800001
1521664079109;1.2;15.2;1.7;-2.4;21.6;-20.800001
1521664079129;1.2;15.2;1.8000001;-2.4;21.6;-20.800001
1521664079140;1.2;15.2;1.9;-2.4;21.6;-20.800001
1521664079159;1.3000001;15.2;1.8000001;-2.4;21.6;-20.800001
1521664079172;1.3000001;15.2;1.9;-2.4;21.6;-20.800001
1521664079200;1.3000001;15.2;1.8000001;-2.4;21.6;-20.800001
1521664079210;1.3000001;15.2;1.9;-2.4;21.6;-20.800001
1521664079239;1.3000001;15.2;1.8000001;-2.4;21.6;-20.800001
1521664079249;1.3000001;15.2;1.9;-2.4;21.6;-20.800001
1521664079288;1.3000001;15.1;1.8000001;-2.4;21.6;-20.800001
1521664079301;1.3000001;15.1;1.9;-2.4;21.6;-20.800001
1521664079318;1.3000001;15.2;1.9;-2.4;21.6;-20.800001
1521664079358;1.3000001;15.2;1.8000001;-2.4;21.6;-20.800001
1521664079368;1.3000001;15.2;1.9;-2.4;21.6;-20.800001
1521664079399;1.3000001;15.2;2.0;-2.4;21.6;-20.800001
1521664079409;1.2;15.2;2.1000001;-2.4;21.6;-20.800001
1521664079429;1.2;15.2;2.0;-2.4;21.6;-20.800001
1521664079469;1.2;15.2;1.9;-2.4;21.6;-20.800001
1521664079528;1.2;15.2;1.8000001;-2.4;21.6;-20.800001
1521664079548;1.2;15.2;2.0;-2.4;21.6;-20.800001
1521664079568;1.2;15.2;2.1000001;-2.4;21.6;-20.800001
1521664079598;1.2;15.3;2.1000001;-2.4;21.6;-20.800001
1521664079608;1.2;15.2;2.2;-2.4;21.6;-20.800001
1521664079628;1.1;15.3;2.2;-2.4;21.6;-20.800001
1521664079668;1.2;15.3;2.3;-2.4;21.6;-20.800001
1521664079679;1.1;15.3;2.3;-2.4;21.6;-20.800001
1521664079718;1.2;15.3;2.2;-2.4;21.6;-20.800001
1521664079728;1.2;15.3;2.1000001;-2.4;21.6;-20.800001
1521664079738;1.2;15.3;2.2;-2.4;21.6;-20.800001
1521664079778;1.2;15.3;2.1000001;-2.4;21.6;-20.800001
1521664079789;1.2;15.2;2.1000001;-2.4;21.6;-20.800001
1521664079809;1.3000001;15.2;2.1000001;-2.4;21.6;-20.800001
1521664079818;1.2;15.2;2.1000001;-2.4;21.6;-20.800001
1521664079829;1.2;15.2;2.2;-2.4;21.6;-20.800001
1521664079839;1.2;15.2;2.1000001;-2.4;21.6;-20.800001
1521664079849;1.2;15.2;2.0;-2.4;21.6;-20.800001
1521664079916;1.2;15.1;2.0;-2.4;21.6;-20.800001
1521664079959;1.2;15.0;2.0;-2.4;21.6;-20.800001
1521664079968;1.2;15.0;1.9;-2.4;21.6;-20.800001
1521664080019;1.1;15.0;1.9;-2.4;21.6;-20.800001
1521664080038;1.0;15.0;1.9;-2.4;21.6;-20.800001
1521664080058;1.0;15.0;2.0;-2.4;21.6;-20.800001
1521664080078;1.0;15.1;2.0;-2.4;21.6;-20.800001
1521664080098;0.90000004;15.1;2.0;-2.4;21.6;-20.800001
1521664080138;0.90000004;15.1;2.1000001;-2.4;21.6;-20.800001
1521664080158;0.90000004;15.1;2.0;-2.4;21.6;-20.800001
1521664080178;0.90000004;15.1;1.9;-2.4;21.6;-20.800001
1521664080208;0.90000004;15.0;1.9;-2.4;21.6;-20.800001
1521664080228;0.90000004;15.1;1.9;-2.4;21.6;-20.800001
1521664080298;0.90000004;15.1;1.8000001;-2.4;21.6;-20.800001
1521664080318;1.0;15.1;1.8000001;-2.4;21.6;-20.800001
1521664080358;1.0;15.0;1.8000001;-2.4;21.6;-20.800001
1521664080368;1.1;15.0;1.8000001;-2.4;21.6;-20.800001
1521664080378;1.0;15.0;1.8000001;-2.4;21.6;-20.800001
1521664080419;1.1;15.0;1.7;-2.4;21.6;-20.800001
1521664080438;1.1;15.0;1.6;-2.4;21.6;-20.800001
1521664080449;1.1;14.900001;1.6;-2.4;21.6;-20.800001
1521664080459;1.1;14.900001;1.7;-2.4;21.6;-20.800001
1521664080490;1.1;14.900001;1.6;-2.4;21.6;-20.800001
1521664080500;1.2;14.900001;1.7;-2.4;21.6;-20.800001
1521664080508;1.2;14.8;1.6;-2.4;21.6;-20.800001
1521664080538;1.3000001;14.8;1.6;-2.4;21.6;-20.800001
1521664080549;1.2;14.8;1.6;-2.4;21.6;-20.800001
1521664080569;1.3000001;14.8;1.6;-2.4;21.6;-20.800001
1521664080589;1.3000001;14.7;1.6;-2.4;21.6;-20.800001
1521664080599;1.3000001;14.8;1.7;-2.4;21.6;-20.800001
1521664080610;1.3000001;14.8;1.6;-2.4;21.6;-20.800001
1521664080619;1.2;14.7;1.7;-2.4;21.6;-20.800001
1521664080629;1.3000001;14.7;1.7;-2.4;21.6;-20.800001
1521664080650;1.2;14.7;1.6;-2.4;21.6;-20.800001
1521664080680;1.2;14.7;1.5;-2.4;21.6;-20.800001
1521664080689;1.3000001;14.7;1.6;-2.4;21.6;-20.800001
1521664080721;1.3000001;14.7;1.7;-2.4;21.6;-20.800001
1521664080729;1.4;14.7;1.7;-2.4;21.6;-20.800001
1521664080749;1.4;14.7;1.8000001;-2.4;21.6;-20.800001
1521664080759;1.4;14.7;1.7;-2.4;21.6;-20.800001
1521664080779;1.3000001;14.7;1.7;-2.4;21.6;-20.800001
1521664080789;1.3000001;14.8;1.8000001;-2.4;21.6;-20.800001
1521664080829;1.3000001;14.7;1.9;-2.4;21.6;-20.800001
1521664080850;1.3000001;14.7;2.0;-2.4;21.6;-20.800001
1521664080863;1.3000001;14.8;2.0;-2.4;21.6;-20.800001
1521664080871;1.3000001;14.8;2.1000001;-2.4;21.6;-20.800001
1521664080879;1.3000001;14.7;2.0;-2.4;21.6;-20.800001
1521664080918;1.3000001;14.8;2.0;-2.4;21.6;-20.800001
1521664080949;1.3000001;14.8;2.1000001;-2.4;21.6;-20.800001
1521664080979;1.3000001;14.8;2.2;-2.4;21.6;-20.800001
1521664080999;1.3000001;14.8;2.3;-2.4;21.6;-20.800001
1521664081019;1.3000001;14.8;2.2;-2.4;21.6;-20.800001
1521664081029;1.3000001;14.7;2.3;-2.4;21.6;-20.800001
1521664081043;1.3000001;14.7;2.4;-2.4;21.6;-20.800001
1521664081049;1.2;14.8;2.4;-2.4;21.6;-20.800001
1521664081070;1.2;14.8;2.3;-2.4;21.6;-20.800001
1521664081079;1.2;14.8;2.4;-2.4;21.6;-20.800001
1521664081109;1.2;14.8;2.5;-2.4;21.6;-20.800001
1521664081119;1.2;14.8;2.4;-2.4;21.6;-20.800001
1521664081129;1.2;14.7;2.4;-2.4;21.6;-20.800001
1521664081140;1.2;14.7;2.3;-2.4;21.6;-20.800001
1521664081149;1.2;14.8;2.3;-2.4;21.6;-20.800001
1521664081159;1.2;14.7;2.2;-2.4;21.6;-20.800001
1521664081178;1.2;14.8;2.3;-2.4;21.6;-20.800001
1521664081190;1.1;14.8;2.4;-2.4;21.6;-20.800001
1521664081200;1.2;14.7;2.3;-2.4;21.6;-20.800001
1521664081212;1.1;14.7;2.3;-2.4;21.6;-20.800001
1521664081221;1.1;14.7;2.4;-2.4;21.6;-20.800001
1521664081300;1.1;14.7;2.5;-2.4;21.6;-20.800001
1521664081309;1.1;14.7;2.4;-2.4;21.6;-20.800001
1521664081328;1.1;14.8;2.4;-2.4;21.6;-20.800001
1521664081348;1.1;14.8;2.3;-2.4;21.6;-20.800001
1521664081411;1.1;14.8;2.2;-2.4;21.6;-20.800001
1521664081418;1.1;14.8;2.3;-2.4;21.6;-20.800001
1521664081439;1.1;14.8;2.2;-2.4;21.6;-20.800001
1521664081469;1.1;14.8;2.3;-2.4;21.6;-20.800001
1521664081481;1.0;14.900001;2.3;-2.4;21.6;-20.800001
1521664081518;1.1;14.900001;2.3;-2.4;21.6;-20.800001
1521664081539;1.0;14.900001;2.2;-2.4;21.6;-20.800001
1521664081549;1.1;14.8;2.1000001;-2.4;21.6;-20.800001
1521664081580;1.1;14.8;2.2;-2.4;21.6;-20.800001
1521664081592;1.1;14.8;2.1000001;-2.4;21.6;-20.800001
1521664081650;1.2;14.7;2.1000001;-2.4;21.6;-20.800001
1521664081662;1.1;14.8;2.2;-2.4;21.6;-20.800001
1521664081672;1.1;14.8;2.3;-2.4;21.6;-20.800001
1521664081739;1.1;14.8;2.4;-2.4;21.6;-20.800001
1521664081759;1.1;14.7;2.4;-2.4;21.6;-20.800001
1521664081781;1.1;14.7;2.3;-2.4;21.6;-20.800001
1521664081791;1.1;14.7;2.2;-2.4;21.6;-20.800001
1521664081820;1.1;14.8;2.2;-2.4;21.6;-20.800001
1521664081849;1.1;14.8;2.3;-2.4;21.6;-20.800001
1521664081859;1.1;14.7;2.2;-2.4;21.6;-20.800001
1521664081869;1.0;14.8;2.2;-2.4;21.6;-20.800001
1521664081883;1.0;14.7;2.3;-2.4;21.6;-20.800001
1521664081897;1.1;14.7;2.3;-2.4;21.6;-20.800001
1521664081918;1.1;14.7;2.2;-2.4;21.6;-20.800001
1521664081928;1.0;14.7;2.2;-2.4;21.6;-20.800001
1521664081948;1.0;14.8;2.1000001;-2.4;21.6;-20.800001
1521664081968;1.1;14.7;2.0;-2.4;21.6;-20.800001
1521664081983;1.1;14.7;1.9;-2.4;21.6;-20.800001
1521664082009;1.1;14.7;1.8000001;-2.4;21.6;-20.800001
1521664082019;1.1;14.7;1.9;-2.4;21.6;-20.800001
1521664082039;1.2;14.7;1.8000001;-2.4;21.6;-20.800001
1521664082049;1.1;14.7;1.7;-2.4;21.6;-20.800001
1521664082060;1.2;14.7;1.7;-2.4;21.6;-20.800001
1521664082070;1.1;14.7;1.8000001;-2.4;21.6;-20.800001
1521664082091;1.1;14.7;1.7;-2.4;21.6;-20.800001
1521664082102;1.1;14.7;1.8000001;-2.4;21.6;-20.800001
1521664082110;1.2;14.7;1.8000001;-2.4;21.6;-20.800001
1521664082121;1.1;14.7;1.8000001;-2.4;21.6;-20.800001
1521664082141;1.2;14.7;1.7;-2.4;21.6;-20.800001
1521664082153;1.2;14.7;1.8000001;-2.4;21.6;-20.800001
1521664082278;1.2;14.7;1.9;-2.4;21.6;-20.800001
1521664082288;1.3000001;14.7;1.8000001;-2.4;21.6;-20.800001
1521664082298;1.2;14.7;1.8000001;-2.4;21.6;-20.800001
1521664082308;1.3000001;14.7;1.8000001;-2.4;21.6;-20.800001
1521664082328;1.3000001;14.6;1.6;-2.4;21.6;-20.800001
1521664082338;1.3000001;14.6;1.7;-2.4;21.6;-20.800001
1521664082368;1.3000001;14.6;1.6;-2.4;21.6;-20.800001
1521664082378;1.3000001;14.6;1.7;-2.4;21.6;-20.800001
1521664082409;1.2;14.6;1.7;-2.4;21.6;-20.800001
1521664082422;1.3000001;14.5;1.7;-2.4;21.6;-20.800001
1521664082470;1.3000001;14.5;1.6;-2.4;21.6;-20.800001
1521664082489;1.3000001;14.5;1.5;-2.4;21.6;-20.800001
1521664082529;1.3000001;14.5;1.6;-2.4;21.6;-20.800001
1521664082549;1.3000001;14.5;1.5;-2.4;21.6;-20.800001
1521664082558;1.3000001;14.6;1.5;-2.4;21.6;-20.800001
1521664082568;1.3000001;14.6;1.6;-2.4;21.6;-20.800001
1521664082579;1.3000001;14.5;1.5;-2.4;21.6;-20.800001
1521664082593;1.3000001;14.5;1.6;-2.4;21.6;-20.800001
1521664082599;1.3000001;14.5;1.5;-2.4;21.6;-20.800001
1521664082609;1.3000001;14.5;1.6;-2.4;21.6;-20.800001
1521664082619;1.2;14.5;1.6;-2.4;21.6;-20.800001
1521664082629;1.3000001;14.5;1.6;-2.4;21.6;-20.800001
1521664082709;1.3000001;14.5;1.7;-2.4;21.6;-20.800001
1521664082719;1.3000001;14.5;1.6;-2.4;21.6;-20.800001
1521664082729;1.3000001;14.6;1.6;-2.4;21.6;-20.800001
1521664082770;1.3000001;14.6;1.5;-2.4;21.6;-20.800001
1521664082779;1.3000001;14.5;1.5;-2.4;21.6;-20.800001
1521664082800;1.2;14.6;1.6;-2.4;21.6;-20.800001
1521664082829;1.2;14.6;1.5;-2.4;21.6;-20.800001
1521664082839;1.2;14.6;1.6;-2.4;21.6;-20.800001
1521664082851;1.1;14.6;1.6;-2.4;21.6;-20.800001
1521664082861;1.2;14.6;1.7;-2.4;21.6;-20.800001
1521664082880;1.1;14.6;1.7;-2.4;21.6;-20.800001
1521664082890;1.1;14.7;1.7;-2.4;21.6;-20.800001
1521664082903;1.1;14.7;1.8000001;-2.4;21.6;-20.800001
1521664082928;1.1;14.8;1.9;-2.4;21.6;-20.800001
1521664082980;1.0;14.8;1.9;-2.4;21.6;-20.800001
1521664082989;1.1;14.8;1.9;-2.4;21.6;-20.800001
1521664083010;1.1;14.8;1.8000001;-2.4;21.6;-20.800001
1521664083019;1.1;14.8;1.9;-2.4;21.6;-20.800001
1521664083030;1.0;14.8;1.9;-2.4;21.6;-20.800001
1521664083069;1.0;14.900001;2.1000001;-2.4;21.6;-20.800001
1521664083089;1.1;14.900001;2.1000001;-2.4;21.6;-20.800001
1521664083099;1.0;14.900001;2.2;-2.4;21.6;-20.800001
1521664083111;1.1;14.900001;2.2;-2.4;21.6;-20.800001
1521664083132;1.1;15.0;2.3;-2.4;21.6;-20.800001
1521664083139;1.1;15.0;2.2;-2.4;21.6;-20.800001
1521664083180;1.1;15.1;2.3;-2.4;21.6;-20.800001
1521664083190;1.2;15.0;2.2;-2.4;21.6;-20.800001
1521664083202;1.1;15.1;2.2;-2.4;21.6;-20.800001
1521664083213;1.2;15.1;2.3;-2.4;21.6;-20.800001
1521664083230;1.1;15.2;2.3;-2.4;21.6;-20.800001
1521664083250;1.2;15.3;2.3;-2.4;21.6;-20.800001
1521664083288;1.2;15.400001;2.4;-2.4;21.6;-20.800001
1521664083299;1.2;15.5;2.3;-2.4;21.6;-20.800001
1521664083308;1.2;15.5;2.4;-2.4;21.6;-20.800001
1521664083328;1.3000001;15.6;2.3;-2.4;21.6;-20.800001
1521664083348;1.3000001;15.6;2.4;-2.4;21.6;-20.800001
1521664083368;1.3000001;15.7;2.3;-2.4;21.6;-20.800001
1521664083379;1.3000001;15.8;2.4;-2.4;21.6;-20.800001
1521664083389;1.4;15.8;2.4;-2.4;21.6;-20.800001
1521664083420;1.4;15.900001;2.5;-2.4;21.6;-20.800001
1521664083459;1.5;15.900001;2.5;-2.4;21.6;-20.800001
1521664083469;1.5;16.0;2.5;-2.4;21.6;-20.800001
1521664083483;1.4;16.0;2.5;-2.4;21.6;-20.800001
1521664083499;1.5;16.0;2.5;-2.4;21.6;-20.800001
1521664083529;1.5;16.0;2.4;-2.4;21.6;-20.800001
1521664083549;1.6;16.0;2.5;-2.4;21.6;-20.800001
1521664083578;1.6;16.1;2.6000001;-2.4;21.6;-20.800001
1521664083608;1.6;16.2;2.7;-2.4;21.6;-20.800001
1521664083633;1.5;16.2;2.7;-2.4;21.6;-20.800001
1521664083679;1.5;16.2;2.6000001;-2.4;21.6;-20.800001
1521664083689;1.6;16.2;2.6000001;-2.4;21.6;-20.800001
1521664083709;1.5;16.2;2.7;-2.4;21.6;-20.800001
1521664083719;1.5;16.300001;2.7;-2.4;21.6;-20.800001
1521664083729;1.5;16.300001;2.6000001;-2.4;21.6;-20.800001
1521664083762;1.5;16.300001;2.5;-2.4;21.6;-20.800001
1521664083780;1.5;16.2;2.4;-2.4;21.6;-20.800001
1521664083790;1.6;16.300001;2.4;-2.4;21.6;-20.800001
1521664083801;1.5;16.2;2.4;-2.4;21.6;-20.800001
1521664083818;1.5;16.2;2.5;-2.4;21.6;-20.800001
1521664083868;1.6;16.2;2.5;-2.4;21.6;-20.800001
1521664083878;1.6;16.1;2.5;-2.4;21.6;-20.800001
1521664083900;1.6;16.1;2.4;-2.4;21.6;-20.800001
1521664083909;1.6;16.0;2.4;-2.4;21.6;-20.800001
1521664083919;1.6;16.1;2.5;-2.4;21.6;-20.800001
1521664083938;1.6;16.0;2.6000001;-2.4;21.6;-20.800001
1521664083948;1.7;16.0;2.6000001;-2.4;21.6;-20.800001
1521664083980;1.7;16.1;2.7;-2.4;21.6;-20.800001
1521664083990;1.7;16.0;2.6000001;-2.4;21.6;-20.800001
1521664084011;1.7;16.0;2.5;-2.4;21.6;-20.800001
1521664084019;1.7;16.0;2.6000001;-2.4;21.6;-20.800001
1521664084039;1.7;16.0;2.7;-2.4;21.6;-20.800001
1521664084049;1.7;16.0;2.6000001;-2.4;21.6;-20.800001
1521664084059;1.7;16.0;2.7;-2.4;21.6;-20.800001
1521664084091;1.7;16.0;2.8;-2.4;21.6;-20.800001
1521664084122;1.7;16.1;2.8;-2.4;21.6;-20.800001
1521664084130;1.6;16.1;2.9;-2.4;21.6;-20.800001
1521664084221;1.6;16.1;2.8;-2.4;21.6;-20.800001
1521664084240;1.6;16.1;2.7;-2.4;21.6;-20.800001
1521664084308;1.5;16.1;2.6000001;-2.4;21.6;-20.800001
1521664084328;1.5;16.0;2.4;-2.4;21.6;-20.800001
1521664084338;1.4;16.0;2.4;-2.4;21.6;-20.800001
1521664084388;1.5;16.0;2.4;-2.4;21.6;-20.800001
1521664084398;1.4;16.0;2.4;-2.4;21.6;-20.800001
1521664084419;1.4;15.900001;2.3;-2.4;21.6;-20.800001
1521664084431;1.5;15.900001;2.2;-2.4;21.6;-20.800001
1521664084439;1.4;15.900001;2.2;-2.4;21.6;-20.800001
1521664084450;1.5;15.900001;2.2;-2.4;21.6;-20.800001
1521664084459;1.4;15.900001;2.2;-2.4;21.6;-20.800001
1521664084469;1.5;15.900001;2.3;-2.4;21.6;-20.800001
1521664084479;1.5;15.8;2.2;-2.4;21.6;-20.800001
1521664084490;1.5;15.8;2.3;-2.4;21.6;-20.800001
1521664084520;1.5;15.7;2.2;-2.4;21.6;-20.800001
1521664084544;1.5;15.7;2.3;-2.4;21.6;-20.800001
1521664084608;1.5;15.7;2.2;-2.4;21.6;-20.800001
1521664084618;1.5;15.7;2.3;-2.4;21.6;-20.800001
1521664084642;1.5;15.6;2.3;-2.4;21.6;-20.800001
1521664084658;1.5;15.7;2.3;-2.4;21.6;-20.800001
1521664084678;1.5;15.7;2.4;-2.4;21.6;-20.800001
1521664084688;1.5;15.7;2.3;-2.4;21.6;-20.800001
1521664084708;1.6;15.6;2.4;-2.4;21.6;-20.800001
1521664084739;1.5;15.7;2.4;-2.4;21.6;-20.800001
1521664084762;1.5;15.7;2.3;-2.4;21.6;-20.800001
1521664084828;1.4;15.7;2.3;-2.4;21.6;-20.800001
1521664084839;1.4;15.8;2.4;-2.4;21.6;-20.800001
1521664084860;1.4;15.8;2.5;-2.4;21.6;-20.800001
1521664084889;1.3000001;15.8;2.6000001;-2.4;21.6;-20.800001
1521664084909;1.4;15.8;2.7;-2.4;21.6;-20.800001
1521664084928;1.3000001;15.900001;2.6000001;-2.4;21.6;-20.800001
1521664084938;1.2;15.900001;2.7;-2.4;21.6;-20.800001
1521664084958;1.2;15.900001;2.8;-2.4;21.6;-20.800001
1521664084978;1.2;15.900001;2.7;-2.4;21.6;-20.800001
1521664085000;1.2;15.900001;2.8;-2.4;21.6;-20.800001
1521664085010;1.1;15.900001;2.7;-2.4;21.6;-20.800001
1521664085021;1.1;16.0;2.7;-2.4;21.6;-20.800001
1521664085033;1.1;16.0;2.6000001;-2.4;21.6;-20.800001
1521664085043;1.1;16.0;2.7;-2.4;21.6;-20.800001
1521664085059;1.1;16.0;2.6000001;-2.4;21.6;-20.800001
1521664085069;1.0;16.0;2.6000001;-2.4;21.6;-20.800001
1521664085109;1.0;16.0;2.5;-2.4;21.6;-20.800001
1521664085130;1.1;16.0;2.6000001;-2.4;21.6;-20.800001
1521664085139;1.1;16.0;2.5;-2.4;21.6;-20.800001
1521664085151;1.0;16.1;2.6000001;-2.4;21.6;-20.800001
1521664085189;1.0;16.1;2.5;-2.4;21.6;-20.800001
1521664085212;1.0;16.1;2.6000001;-2.4;21.6;-20.800001
1521664085233;1.0;16.0;2.6000001;-2.4;21.6;-20.800001
1521664085239;1.1;16.0;2.5;-2.4;21.6;-20.800001
1521664085250;1.1;16.0;2.4;-2.4;21.6;-20.800001
1521664085328;1.2;15.900001;2.5;-2.4;21.6;-20.800001
1521664085338;1.2;15.8;2.5;-2.4;21.6;-20.800001
1521664085358;1.2;15.8;2.4;-2.4;21.6;-20.800001
1521664085368;1.3000001;15.8;2.5;-2.4;21.6;-20.800001
1521664085398;1.3000001;15.8;2.3;-2.4;21.6;-20.800001
1521664085409;1.3000001;15.7;2.4;-2.4;21.6;-20.800001
1521664085439;1.4;15.7;2.3;-2.4;21.6;-20.800001
1521664085449;1.4;15.6;2.2;-2.4;21.6;-20.800001
1521664085469;1.4;15.6;2.1000001;-2.4;21.6;-20.800001
1521664085491;1.4;15.5;2.1000001;-2.4;21.6;-20.800001
1521664085509;1.5;15.5;2.2;-2.4;21.6;-20.800001
1521664085529;1.5;15.5;2.1000001;-2.4;21.6;-20.800001
1521664085542;1.6;15.400001;2.1000001;-2.4;21.6;-20.800001
1521664085558;1.5;15.5;2.2;-2.4;21.6;-20.800001
1521664085623;1.5;15.5;2.1000001;-2.4;21.6;-20.800001
1521664085639;1.5;15.5;2.0;-2.4;21.6;-20.800001
1521664085659;1.4;15.5;2.0;-2.4;21.6;-20.800001
1521664085701;1.4;15.5;2.1000001;-2.4;21.6;-20.800001
1521664085712;1.4;15.6;2.0;-2.4;21.6;-20.800001
1521664085749;1.5;15.5;2.0;-2.4;21.6;-20.800001
1521664085760;1.5;15.6;2.0;-2.4;21.6;-20.800001
1521664085769;1.5;15.6;2.1000001;-2.4;21.6;-20.800001
1521664085780;1.5;15.6;2.0;-2.4;21.6;-20.800001
1521664085839;1.5;15.6;2.1000001;-2.4;21.6;-20.800001
1521664085849;1.5;15.5;2.0;-2.4;21.6;-20.800001
1521664085859;1.5;15.5;2.1000001;-2.4;21.6;-20.800001
1521664085869;1.6;15.5;2.2;-2.4;21.6;-20.800001
1521664085879;1.6;15.5;2.1000001;-2.4;21.6;-20.800001
1521664085910;1.6;15.6;2.2;-2.4;21.6;-20.800001
1521664085958;1.5;15.6;2.3;-2.4;21.6;-20.800001
1521664085969;1.5;15.7;2.4;-2.4;21.6;-20.800001
1521664085979;1.4;15.7;2.5;-2.4;21.6;-20.800001
1521664085989;1.4;15.8;2.5;-2.4;21.6;-20.800001
1521664086011;1.3000001;15.900001;2.6000001;-2.4;21.6;-20.800001
1521664086021;1.2;15.900001;2.6000001;-2.4;21.6;-20.800001
1521664086030;1.1;16.0;2.7;-2.4;21.6;-20.800001
1521664086051;1.0;16.1;2.7;-2.4;21.6;-20.800001
1521664086070;1.0;16.1;2.8;-2.4;21.6;-20.800001
1521664086080;0.90000004;16.2;2.8;-2.4;21.6;-20.800001
1521664086092;0.8;16.2;2.8;-2.4;21.6;-20.800001
1521664086099;0.8;16.300001;2.9;-2.4;21.6;-20.800001
1521664086110;0.7;16.4;2.9;-2.4;21.6;-20.800001
1521664086131;0.6;16.5;3.0;-2.4;21.6;-20.800001
1521664086142;0.6;16.5;3.1000001;-2.4;21.6;-20.800001
1521664086150;0.5;16.6;3.1000001;-2.4;21.6;-20.800001
1521664086160;0.5;16.5;3.1000001;-2.4;21.6;-20.800001
1521664086169;0.5;16.6;3.1000001;-2.4;21.6;-20.800001
1521664086190;0.5;16.6;3.2;-2.4;21.6;-20.800001
1521664086210;0.5;16.6;3.1000001;-2.4;21.6;-20.800001
1521664086219;0.6;16.6;3.1000001;-2.4;21.6;-20.800001
1521664086230;0.5;16.5;3.0;-2.4;21.6;-20.800001
1521664086241;0.6;16.5;3.0;-2.4;21.6;-20.800001
1521664086260;0.6;16.5;2.9;-2.4;21.6;-20.800001
1521664086322;0.90000004;16.2;2.8;-2.4;21.6;-20.800001
1521664086329;1.0;16.1;2.8;-2.4;21.6;-20.800001
1521664086340;1.1;16.0;2.7;-2.4;21.6;-20.800001
1521664086358;1.2;15.900001;2.6000001;-2.4;21.6;-20.800001
1521664086378;1.3000001;15.8;2.4;-2.4;21.6;-20.800001
1521664086388;1.4;15.7;2.4;-2.4;21.6;-20.800001
1521664086408;1.5;15.6;2.4;-2.4;21.6;-20.800001
1521664086420;1.6;15.5;2.4;-2.4;21.6;-20.800001
1521664086438;1.7;15.400001;2.2;-2.4;21.6;-20.800001
1521664086448;1.8000001;15.400001;2.1000001;-2.4;21.6;-20.800001
1521664086458;1.8000001;15.3;2.1000001;-2.4;21.6;-20.800001
1521664086469;1.9;15.3;2.0;-2.4;21.6;-20.800001
1521664086483;1.8000001;15.3;2.0;-2.4;21.6;-20.800001
1521664086498;1.8000001;15.2;2.0;-2.4;21.6;-20.800001
1521664086529;1.8000001;15.2;2.1000001;-2.4;21.6;-20.800001
1521664086541;1.8000001;15.2;2.2;-2.4;21.6;-20.800001
1521664086553;1.8000001;15.2;2.1000001;-2.4;21.6;-20.800001
1521664086559;1.8000001;15.2;2.2;-2.4;21.6;-20.800001
1521664086578;1.7;15.3;2.1000001;-2.4;21.6;-20.800001
1521664086608;1.7;15.3;2.0;-2.4;21.6;-20.800001
1521664086630;1.7;15.2;2.0;-2.4;21.6;-20.800001
1521664086642;1.8000001;15.2;2.0;-2.4;21.6;-20.800001
1521664086680;1.8000001;15.2;2.1000001;-2.4;21.6;-20.800001
1521664086700;1.8000001;15.2;2.0;-2.4;21.6;-20.800001
1521664086710;1.8000001;15.2;1.9;-2.4;21.6;-20.800001
1521664086739;1.8000001;15.2;2.0;-2.4;21.6;-20.800001
1521664086759;1.7;15.2;2.0;-2.4;21.6;-20.800001
1521664086780;1.7;15.2;2.1000001;-2.4;21.6;-20.800001
1521664086791;1.7;15.3;2.1000001;-2.4;21.6;-20.800001
1521664086800;1.8000001;15.3;2.2;-2.4;21.6;-20.800001
1521664086811;1.7;15.3;2.1000001;-2.4;21.6;-20.800001
1521664086859;1.7;15.3;2.0;-2.4;21.6;-20.800001
1521664086906;1.7;15.3;2.1000001;-2.4;21.6;-20.800001
1521664086920;1.7;15.3;2.2;-2.4;21.6;-20.800001
1521664086938;1.7;15.3;2.3;-2.4;21.6;-20.800001
1521664086980;1.7;15.3;2.2;-2.4;21.6;-20.800001
1521664086998;1.7;15.400001;2.3;-2.4;21.6;-20.800001
1521664087019;1.7;15.3;2.3;-2.4;21.6;-20.800001
1521664087028;1.7;15.3;2.2;-2.4;21.6;-20.800001
1521664087038;1.7;15.3;2.3;-2.4;21.6;-20.800001
1521664087061;1.7;15.3;2.2;-2.4;21.6;-20.800001
1521664087071;1.7;15.3;2.3;-2.4;21.6;-20.800001
1521664087079;1.7;15.3;2.2;-2.4;21.6;-20.800001
1521664087089;1.7;15.3;2.1000001;-2.4;21.6;-20.800001
1521664087149;1.7;15.400001;2.1000001;-2.4;21.6;-20.800001
1521664087160;1.7;15.3;2.2;-2.4;21.6;-20.800001
1521664087173;1.7;15.400001;2.2;-2.4;21.6;-20.800001
1521664087180;1.7;15.3;2.2;-2.4;21.6;-20.800001
1521664087189;1.6;15.3;2.1000001;-2.4;21.6;-20.800001
1521664087198;1.6;15.400001;2.1000001;-2.4;21.6;-20.800001
1521664087210;1.5;15.400001;2.1000001;-2.4;21.6;-20.800001
1521664087232;1.5;15.5;2.1000001;-2.4;21.6;-20.800001
1521664087239;1.5;15.5;2.0;-2.4;21.6;-20.800001
1521664087250;1.5;15.5;2.1000001;-2.4;21.6;-20.800001
1521664087261;1.4;15.6;2.1000001;-2.4;21.6;-20.800001
1521664087270;1.4;15.6;2.2;-2.4;21.6;-20.800001
1521664087280;1.4;15.6;2.3;-2.4;21.6;-20.800001
1521664087327;1.3000001;15.7;2.3;-2.4;21.6;-20.800001
1521664087340;1.3000001;15.8;2.3;-2.4;21.6;-20.800001
1521664087352;1.2;15.8;2.4;-2.4;21.6;-20.800001
1521664087360;1.2;15.900001;2.4;-2.4;21.6;-20.800001
1521664087378;1.1;16.0;2.6000001;-2.4;21.6;-20.800001
1521664087388;1.1;16.1;2.6000001;-2.4;21.6;-20.800001
1521664087398;1.0;16.2;2.8;-2.4;21.6;-20.800001
1521664087418;0.90000004;16.4;2.9;-2.4;21.6;-20.800001
1521664087428;0.8;16.4;2.9;-2.4;21.6;-20.800001
1521664087439;0.8;16.5;3.0;-2.4;21.6;-20.800001
1521664087458;0.6;16.7;3.1000001;-2.4;21.6;-20.800001
1521664087469;0.5;16.800001;3.2;-2.4;21.6;-20.800001
1521664087479;0.5;16.9;3.3;-2.4;21.6;-20.800001
1521664087489;0.4;17.0;3.4;-2.4;21.6;-20.800001
1521664087499;0.4;17.0;3.5;-2.4;21.6;-20.800001
1521664087511;0.3;17.1;3.6000001;-2.4;21.6;-20.800001
1521664087520;0.3;17.2;3.7;-2.4;21.6;-20.800001
1521664087530;0.2;17.300001;3.8;-2.4;21.6;-20.800001
1521664087541;0.2;17.4;3.9;-2.4;21.6;-20.800001
1521664087550;0.1;17.5;4.0;-2.4;21.6;-20.800001
1521664087560;0.1;17.5;4.1;-2.4;21.6;-20.800001
1521664087572;0.0;17.7;4.1;-2.4;21.6;-20.800001
1521664087581;-0.1;17.7;4.2000003;-2.4;21.6;-20.800001
1521664087591;-0.1;17.800001;4.2000003;-2.4;21.6;-20.800001
1521664087606;-0.2;17.9;4.3;-2.4;21.6;-20.800001
1521664087612;-0.2;18.1;4.4;-2.4;21.6;-20.800001
1521664087623;-0.3;18.2;4.4;-2.4;21.6;-20.800001
1521664087630;-0.4;18.300001;4.5;-2.4;21.6;-20.800001
1521664087639;-0.5;18.4;4.6;-2.4;21.6;-20.800001
1521664087651;-0.5;18.6;4.6;-2.4;21.6;-20.800001
1521664087659;-0.6;18.7;4.7000003;-2.4;21.6;-20.800001
1521664087670;-0.6;18.800001;4.7000003;-2.4;21.6;-20.800001
1521664087681;-0.7;18.9;4.8;-2.4;21.6;-20.800001
1521664087692;-0.7;19.0;4.8;-2.4;21.6;-20.800001
1521664087702;-0.7;19.1;4.8;-2.4;21.6;-20.800001
1521664087710;-0.7;19.2;4.8;-2.4;21.6;-20.800001
1521664087719;-0.7;19.300001;4.9;-2.4;21.6;-20.800001
1521664087729;-0.7;19.4;5.0;-2.4;21.6;-20.800001
1521664087740;-0.7;19.5;4.9;-2.4;21.6;-20.800001
1521664087749;-0.7;19.6;5.0;-2.4;21.6;-20.800001
1521664087759;-0.7;19.7;5.1;-2.4;21.6;-20.800001
1521664087769;-0.7;19.800001;5.0;-2.4;21.6;-20.800001
1521664087789;-0.7;19.9;5.0;-2.4;21.6;-20.800001
1521664087799;-0.7;20.0;5.0;-2.4;21.6;-20.800001
1521664087810;-0.7;20.1;5.0;-2.4;21.6;-20.800001
1521664087820;-0.6;20.2;5.0;-2.4;21.6;-20.800001
1521664087831;-0.6;20.300001;5.0;-2.4;21.6;-20.800001
1521664087841;-0.6;20.4;5.0;-2.4;21.6;-20.800001
1521664087851;-0.6;20.5;5.0;-2.4;21.6;-20.800001
1521664087869;-0.4;20.6;4.9;-2.4;21.6;-20.800001
1521664087880;-0.4;20.6;4.8;-2.4;21.6;-20.800001
1521664087889;-0.3;20.6;4.7000003;-2.4;21.6;-20.800001
1521664087900;-0.2;20.6;4.7000003;-2.4;21.6;-20.800001
1521664087913;-0.1;20.7;4.7000003;-2.4;21.6;-20.800001
1521664087919;0.0;20.7;4.7000003;-2.4;21.6;-20.800001
1521664087929;0.1;20.7;4.7000003;-2.4;21.6;-20.800001
1521664087939;0.1;20.7;4.6;-2.4;21.6;-20.800001
1521664087949;0.2;20.6;4.5;-2.4;21.6;-20.800001
1521664087959;0.3;20.6;4.4;-2.4;21.6;-20.800001
1521664087969;0.4;20.5;4.4;-2.4;21.6;-20.800001
1521664087981;0.5;20.5;4.3;-2.4;21.6;-20.800001
1521664087991;0.6;20.5;4.2000003;-2.4;21.6;-20.800001
1521664087999;0.7;20.4;4.2000003;-2.4;21.6;-20.800001
1521664088009;0.8;20.4;4.2000003;-2.4;21.6;-20.800001
1521664088019;0.90000004;20.300001;4.2000003;-2.4;21.6;-20.800001
1521664088029;1.1;20.300001;4.1;-2.4;21.6;-20.800001
1521664088039;1.2;20.2;4.0;-2.4;21.6;-20.800001
1521664088049;1.3000001;20.1;4.0;-2.4;21.6;-20.800001
1521664088062;1.4;20.0;3.9;-2.4;21.6;-20.800001
1521664088073;1.5;20.0;3.9;-2.4;21.6;-20.800001
1521664088089;1.8000001;19.7;3.8;-2.4;21.6;-20.800001
1521664088099;1.9;19.7;3.8;-2.4;21.6;-20.800001
1521664088109;2.0;19.6;3.7;-2.4;21.6;-20.800001
1521664088119;2.1000001;19.5;3.7;-2.4;21.6;-20.800001
1521664088129;2.2;19.4;3.6000001;-2.4;21.6;-20.800001
1521664088142;2.2;19.2;3.5;-2.4;21.6;-20.800001
1521664088149;2.4;19.1;3.4;-2.4;21.6;-20.800001
1521664088164;2.4;19.0;3.4;-2.4;21.6;-20.800001
1521664088172;2.5;19.0;3.4;-2.4;21.6;-20.800001
1521664088180;2.6000001;18.9;3.4;-2.4;21.6;-20.800001
1521664088190;2.6000001;18.800001;3.4;-2.4;21.6;-20.800001
1521664088200;2.6000001;18.7;3.3;-2.4;21.6;-20.800001
1521664088211;2.7;18.6;3.3;-2.4;21.6;-20.800001
1521664088222;2.7;18.6;3.2;-2.4;21.6;-20.800001
1521664088229;2.7;18.5;3.2;-2.4;21.6;-20.800001
1521664088242;2.7;18.4;3.2;-2.4;21.6;-20.800001
1521664088262;2.8;18.300001;3.2;-2.4;21.6;-20.800001
1521664088271;2.8;18.2;3.2;-2.4;21.6;-20.800001
1521664088330;2.8;17.9;3.1000001;-2.4;21.6;-20.800001
1521664088348;2.8;17.800001;3.1000001;-2.4;21.6;-20.800001
1521664088368;2.8;17.7;3.1000001;-2.4;21.6;-20.800001
1521664088378;2.7;17.7;3.0;-2.4;21.6;-20.800001
1521664088388;2.7;17.6;3.0;-2.4;21.6;-20.800001
1521664088398;2.7;17.6;2.9;-2.4;21.6;-20.800001
1521664088422;2.6000001;17.6;2.9;-2.4;21.6;-20.800001
1521664088448;2.6000001;17.5;3.0;-2.4;21.6;-20.800001
1521664088468;2.5;17.5;2.9;-2.4;21.6;-20.800001
1521664088478;2.5;17.5;2.8;-2.4;21.6;-20.800001
1521664088488;2.4;17.5;2.9;-2.4;21.6;-20.800001
1521664088518;2.4;17.5;3.0;-2.4;21.6;-20.800001
1521664088569;2.3;17.5;3.0;-2.4;21.6;-20.800001
1521664088588;2.3;17.5;2.9;-2.4;21.6;-20.800001
1521664088598;2.3;17.5;2.8;-2.4;21.6;-20.800001
1521664088628;2.3;17.5;2.9;-2.4;21.6;-20.800001
1521664088641;2.3;17.5;2.8;-2.4;21.6;-20.800001
1521664088670;2.2;17.5;2.7;-2.4;21.6;-20.800001
1521664088689;2.3;17.5;2.7;-2.4;21.6;-20.800001
1521664088719;2.4;17.4;2.6000001;-2.4;21.6;-20.800001
1521664088731;2.3;17.5;2.6000001;-2.4;21.6;-20.800001
1521664088759;2.3;17.5;2.5;-2.4;21.6;-20.800001
1521664088789;2.3;17.5;2.6000001;-2.4;21.6;-20.800001
1521664088799;2.3;17.5;2.5;-2.4;21.6;-20.800001
1521664088819;2.4;17.4;2.4;-2.4;21.6;-20.800001
1521664088829;2.4;17.4;2.5;-2.4;21.6;-20.800001
1521664088839;2.3;17.4;2.4;-2.4;21.6;-20.800001
1521664088890;2.3;17.300001;2.3;-2.4;21.6;-20.800001
1521664088910;2.3;17.4;2.2;-2.4;21.6;-20.800001
1521664088923;2.4;17.300001;2.3;-2.4;21.6;-20.800001
1521664088929;2.4;17.300001;2.2;-2.4;21.6;-20.800001
1521664088939;2.4;17.300001;2.3;-2.4;21.6;-20.800001
1521664088969;2.4;17.300001;2.4;-2.4;21.6;-20.800001
1521664089012;2.3;17.300001;2.4;-2.4;21.6;-20.800001
1521664089029;2.3;17.2;2.3;-2.4;21.6;-20.800001
1521664089049;2.3;17.2;2.4;-2.4;21.6;-20.800001
1521664089069;2.3;17.2;2.5;-2.4;21.6;-20.800001
1521664089101;2.3;17.2;2.6000001;-2.4;21.6;-20.800001
1521664089111;2.2;17.2;2.5;-2.4;21.6;-20.800001
1521664089120;2.3;17.2;2.6000001;-2.4;21.6;-20.800001
1521664089131;2.3;17.1;2.5;-2.4;21.6;-20.800001
1521664089140;2.3;17.2;2.6000001;-2.4;21.6;-20.800001
1521664089155;2.2;17.2;2.6000001;-2.4;21.6;-20.800001
1521664089160;2.3;17.2;2.6000001;-2.4;21.6;-20.800001
1521664089169;2.3;17.2;2.7;-2.4;21.6;-20.800001
1521664089179;2.3;17.2;2.8;-2.4;21.6;-20.800001
1521664089189;2.2;17.2;2.8;-2.4;21.6;-20.800001
1521664089199;2.2;17.1;2.8;-2.4;21.6;-20.800001
1521664089221;2.1000001;17.1;2.8;-2.4;21.6;-20.800001
1521664089232;2.2;17.1;2.7;-2.4;21.6;-20.800001
1521664089241;2.2;17.0;2.7;-2.4;21.6;-20.800001
1521664089261;2.1000001;17.0;2.7;-2.4;21.6;-20.800001
1521664089270;2.1000001;17.0;2.6000001;-2.4;21.6;-20.800001
1521664089279;2.1000001;17.0;2.7;-2.4;21.6;-20.800001
1521664089327;2.2;17.0;2.7;-2.4;21.6;-20.800001
1521664089338;2.2;16.9;2.7;-2.4;21.6;-20.800001
1521664089358;2.2;16.9;2.6000001;-2.4;21.6;-20.800001
1521664089378;2.2;16.9;2.5;-2.4;21.6;-20.800001
1521664089398;2.1000001;16.9;2.5;-2.4;21.6;-20.800001
1521664089438;2.1000001;16.7;2.4;-2.4;21.6;-20.800001
1521664089448;2.1000001;16.800001;2.5;-2.4;21.6;-20.800001
1521664089478;2.1000001;16.800001;2.4;-2.4;21.6;-20.800001
1521664089488;2.1000001;16.7;2.4;-2.4;21.6;-20.800001
1521664089499;2.1000001;16.7;2.5;-2.4;21.6;-20.800001
1521664089529;2.1000001;16.7;2.4;-2.4;21.6;-20.800001
1521664089558;2.1000001;16.7;2.5;-2.4;21.6;-20.800001
1521664089569;2.0;16.7;2.5;-2.4;21.6;-20.800001
1521664089579;2.0;16.7;2.6000001;-2.4;21.6;-20.800001
1521664089588;2.1000001;16.7;2.5;-2.4;21.6;-20.800001
1521664089599;2.0;16.7;2.4;-2.4;21.6;-20.800001
1521664089629;2.0;16.7;2.5;-2.4;21.6;-20.800001
1521664089649;1.9;16.7;2.6000001;-2.4;21.6;-20.800001
1521664089663;1.9;16.7;2.7;-2.4;21.6;-20.800001
1521664089672;2.0;16.7;2.6000001;-2.4;21.6;-20.800001
1521664089709;2.0;16.7;2.7;-2.4;21.6;-20.800001
1521664089719;2.0;16.7;2.8;-2.4;21.6;-20.800001
1521664089729;2.0;16.7;2.7;-2.4;21.6;-20.800001
1521664089749;2.1000001;16.7;2.7;-2.4;21.6;-20.800001
1521664089769;2.1000001;16.7;2.8;-2.4;21.6;-20.800001
1521664089779;2.0;16.7;2.8;-2.4;21.6;-20.800001
1521664089822;2.0;16.7;2.9;-2.4;21.6;-20.800001
1521664089830;1.9;16.800001;2.9;-2.4;21.6;-20.800001
1521664089839;1.9;16.800001;3.0;-2.4;21.6;-20.800001
1521664089911;1.9;16.800001;3.2;-2.4;21.6;-20.800001
1521664089918;1.9;16.9;3.2;-2.4;21.6;-20.800001
1521664089942;1.9;16.9;3.3;-2.4;21.6;-20.800001
1521664089960;1.9;16.9;3.2;-2.4;21.6;-20.800001
1521664089969;1.9;16.9;3.3;-2.4;21.6;-20.800001
1521664089979;1.8000001;16.9;3.3;-2.4;21.6;-20.800001
1521664089989;1.8000001;16.9;3.4;-2.4;21.6;-20.800001
1521664089999;1.7;17.0;3.3;-2.4;21.6;-20.800001
1521664090032;1.7;17.0;3.4;-2.4;21.6;-20.800001
1521664090040;1.7;17.0;3.3;-2.4;21.6;-20.800001
1521664090050;1.6;17.0;3.3;-2.4;21.6;-20.800001
1521664090071;1.6;17.0;3.2;-2.4;21.6;-20.800001
1521664090103;1.6;17.0;3.1000001;-2.4;21.6;-20.800001
1521664090149;1.6;17.0;3.0;-2.4;21.6;-20.800001
1521664090172;1.6;17.0;2.9;-2.4;21.6;-20.800001
1521664090184;1.5;17.0;2.9;-2.4;21.6;-20.800001
1521664090190;1.5;17.0;2.8;-2.4;21.6;-20.800001
1521664090210;1.4;17.0;2.8;-2.4;21.6;-20.800001
1521664090230;1.3000001;17.0;2.8;-2.4;21.6;-20.800001
1521664090259;1.2;17.0;2.8;-2.4;21.6;-20.800001
1521664090269;1.1;17.1;2.9;-2.4;21.6;-20.800001
1521664090324;0.90000004;17.2;2.9;-2.4;21.6;-20.800001
1521664090338;0.8;17.2;2.8;-2.4;21.6;-20.800001
1521664090358;0.8;17.2;2.9;-2.4;21.6;-20.800001
1521664090369;0.7;17.300001;2.9;-2.4;21.6;-20.800001
1521664090398;0.6;17.300001;2.9;-2.4;21.6;-20.800001
1521664090419;0.5;17.300001;2.9;-2.4;21.6;-20.800001
1521664090470;0.4;17.4;3.0;-2.4;21.6;-20.800001
1521664090503;0.4;17.4;3.1000001;-2.4;21.6;-20.800001
1521664090539;0.3;17.4;3.1000001;-2.4;21.6;-20.800001
1521664090580;0.4;17.300001;3.0;-2.4;21.6;-20.800001
1521664090590;0.3;17.300001;3.0;-2.4;21.6;-20.800001
1521664090602;0.3;17.300001;3.1000001;-2.4;21.6;-20.800001
1521664090640;0.2;17.300001;3.1000001;-2.4;21.6;-20.800001
1521664090651;0.2;17.300001;3.2;-2.4;21.6;-20.800001
1521664090659;0.2;17.300001;3.1000001;-2.4;21.6;-20.800001
1521664090669;0.2;17.2;3.2;-2.4;21.6;-20.800001
1521664090698;0.2;17.2;3.3;-2.4;21.6;-20.800001
1521664090718;0.1;17.2;3.3;-2.4;21.6;-20.800001
1521664090738;0.0;17.2;3.4;-2.4;21.6;-20.800001
1521664090758;-0.1;17.2;3.4;-2.4;21.6;-20.800001
1521664090768;-0.1;17.2;3.3;-2.4;21.6;-20.800001
1521664090777;-0.1;17.2;3.4;-2.4;21.6;-20.800001
1521664090788;-0.2;17.300001;3.4;-2.4;21.6;-20.800001
1521664090808;-0.2;17.300001;3.3;-2.4;21.6;-20.800001
