1521664065133;-100.37891;86.65886;21.699747
1521664065144;-197.46875;20.43998;0.55999756
1521664065152;-8.539795;0.20999908;0.069999695
1521664065166;0.769989;-1.3999939;0.48999786
1521664065173;1.1199952;-1.3999939;0.55999756
1521664065185;1.2599794;-1.4699707;0.20999908
1521664065193;0.9799957;-1.75;0.41999817
1521664065205;0.48999786;-1.8199768;0.6299896
1521664065213;-0.27999878;-1.6099854;0.6299896
1521664065225;-0.6299896;-1.3299866;0.6299896
1521664065233;-0.769989;-1.1199951;0.769989
1521664065245;-0.13999939;-1.3999939;0.6299896
1521664065253;-0.20999908;-1.6099854;0.6299896
1521664065276;-0.9099884;-1.539978;0.6299896
1521664065288;-1.4699707;-1.8199768;0.6299896
1521664065297;-1.9599915;-2.3099976;0.769989
1521664065307;-2.4499512;-2.169983;1.0499879
1521664065315;-2.9399414;-1.9599915;0.9099884
1521664065328;-2.0299683;-1.1899719;0.55999756
1521664065335;-0.41999817;-1.3299866;0.48999786
1521664065348;0.55999756;-1.1199951;0.27999878
1521664065356;0.769989;-1.6799927;0.41999817
1521664065368;1.189972;-1.75;0.20999908
1521664065376;0.9799957;-1.9599915;0.27999878
1521664065397;0.41999817;-2.0299683;0.41999817
1521664065407;0.20999908;-2.0299683;0.55999756
1521664065416;0.20999908;-2.0999756;0.34999847
1521664065427;0.48999786;-2.2399902;0.34999847
1521664065436;0.9099884;-2.0999756;0.20999908
1521664065447;0.55999756;-2.0299683;0.34999847
1521664065455;0.41999817;-2.169983;-0.34999847
1521664065467;0.27999878;-2.3099976;-0.41999817
1521664065475;-0.41999817;-2.4499512;-0.34999847
1521664065495;-2.0999756;-1.4699707;-0.69999695
1521664065507;-2.5899658;-0.69999695;-0.55999756
1521664065515;-1.8899841;-0.9099884;-0.69999695
1521664065527;-1.75;-1.3999939;-0.6299896
1521664065536;-1.8199768;-2.0299683;-0.69999695
1521664065547;-2.169983;-1.9599915;-0.769989
1521664065555;-2.0299683;-1.539978;-0.9799957
1521664065567;-1.2599792;-0.9799957;-1.3999939
1521664065575;-0.9099884;-0.9799957;-1.539978
1521664065591;-0.769989;-1.3999939;-1.3999939
1521664065610;-0.83999634;-1.9599915;-0.83999634
1521664065617;-1.6099854;-1.539978;-0.769989
1521664065629;-1.9599915;-1.1199951;-1.0499878
1521664065640;-1.4699707;-0.9099884;-1.1199951
1521664065648;-1.1899719;-1.0499878;-1.1199951
1521664065657;-1.0499878;-1.539978;-1.3299866
1521664065668;-0.83999634;-2.169983;-1.3299866
1521664065676;-0.769989;-2.7999878;-1.1199951
1521664065697;-0.6299896;-2.3799438;-0.9099884
1521664065707;-0.9799957;-2.4499512;-0.9099884
1521664065716;-1.4699707;-2.3799438;-0.55999756
1521664065729;-2.4499512;-2.3799438;-0.27999878
1521664065736;-2.3799438;-2.3799438;-0.34999847
1521664065748;-1.75;-2.3099976;-0.6299896
1521664065756;-1.0499878;-2.3099976;-1.1199951
1521664065767;-0.9099884;-2.0999756;-0.9799957
1521664065776;-1.8199768;-1.8899841;-1.1199951
1521664065790;-2.7299805;-1.9599915;-1.2599792
1521664065797;-3.6399536;-2.3099976;-0.9099884
1521664065808;-3.9899902;-2.5199585;-0.69999695
1521664065816;-3.4299927;-2.7999878;-0.55999756
1521664065828;-3.079956;-2.9399414;-0.48999786
1521664065836;-3.5699463;-2.9399414;-0.20999908
1521664065848;-3.289978;-2.4499512;-0.6299896
1521664065856;-3.919983;-2.5199585;0.48999786
1521664065868;-2.6599731;-3.4299927;0.41999817
1521664065876;-1.3999939;-3.2199707;0.069999695
1521664065896;-0.9799957;-3.4299927;0.9099884
1521664065909;-2.5199585;-2.7299805;1.189972
1521664065916;-3.289978;-2.5199585;1.399994
1521664065928;-2.4499512;-2.169983;1.0499879
1521664065937;-1.1199951;-2.3099976;0.69999695
1521664065948;-0.27999878;-2.5199585;0.9799957
1521664065957;0.41999817;-2.7299805;0.9099884
1521664065968;-0.6299896;-2.2399902;0.55999756
1521664065976;-1.1899719;-1.9599915;0.6299896
1521664065997;-3.1499634;-1.8899841;1.2599794
1521664066010;-2.7999878;-1.8199768;1.1199952
1521664066016;-1.3999939;-0.69999695;0.34999847
1521664066028;-1.3299866;-0.069999695;0.34999847
1521664066036;-1.3299866;-0.069999695;-0.20999908
1521664066048;-1.539978;-0.55999756;-0.83999634
1521664066057;-2.169983;-0.20999908;-0.6299896
1521664066068;-1.3999939;0.41999817;-1.3999939
1521664066076;-1.2599792;0.9799957;-1.6799927
1521664066090;-1.3999939;1.3299867;-1.75
1521664066097;-1.8199768;1.5399781;-2.2399902
1521664066108;-2.169983;1.399994;-2.169983
1521664066116;-2.0299683;0.9799957;-1.8899841
1521664066129;-2.0299683;1.0499879;-1.8899841
1521664066137;-1.1899719;0.83999634;-2.2399902
1521664066149;-0.83999634;0.69999695;-2.0999756
1521664066157;-0.34999847;0.13999939;-1.8899841
1521664066168;1.3299867;-0.34999847;-1.9599915
1521664066176;-0.20999908;-0.6299896;-1.6099854
1521664066190;-0.27999878;-1.3299866;-1.539978
1521664066197;-0.769989;-1.539978;-1.1899719
1521664066209;-3.7799683;-0.9099884;-0.83999634
1521664066216;-4.9699707;-0.83999634;-1.1199951
1521664066228;-6.2299805;-0.9099884;-1.2599792
1521664066237;-7.209961;-1.1899719;-0.83999634
1521664066249;-5.1099854;-2.3099976;-1.1199951
1521664066257;-3.4299927;-2.869995;-1.3299866
1521664066268;-3.6399536;-3.2199707;-0.83999634
1521664066276;-3.0099487;-4.0599365;-1.4699707
1521664066290;-3.7799683;-4.409912;-1.2599792
1521664066298;-5.039917;-5.3199463;0.27999878
1521664066309;-5.1799316;-6.159912;0.20999908
1521664066317;-4.8999023;-6.9299316;-0.27999878
1521664066329;-3.919983;-7.1398926;0.34999847
1521664066337;-3.5;-8.259766;1.6099855
1521664066349;-2.2399902;-10.079834;1.6799928
1521664066357;1.9599916;-12.459961;1.2599794
1521664066368;3.569947;-13.369873;1.399994
1521664066377;2.519959;-15.119873;1.9599916
1521664066390;0.069999695;-17.07959;2.5899663
1521664066397;-1.8899841;-18.689941;3.9199836
1521664066408;-2.3099976;-20.509766;5.3199487
1521664066416;-1.3999939;-21.769531;6.2999296
1521664066428;0.27999878;-22.819824;6.2999296
1521664066437;0.9799957;-22.889648;7.2099643
1521664066449;-0.55999756;-23.449707;7.0000033
1521664066457;-3.3599854;-24.70996;7.55994
1521664066468;-9.0998535;-26.739746;8.609871
1521664066477;-10.919922;-28.769531;8.959969
1521664066496;-12.879883;-30.589844;9.44996
1521664066508;-12.5998535;-32.40918;9.799813
1521664066517;-14.769775;-34.299805;10.849863
1521664066528;-18.689941;-35.629883;11.899913
1521664066536;-21.909668;-37.44922;12.250011
1521664066549;-22.609863;-39.40918;12.949963
1521664066556;-23.799805;-40.879883;14.349867
1521664066568;-25.269531;-42.279297;15.750014
1521664066577;-26.80957;-45.009766;17.849642
1521664066598;-27.439941;-47.25;20.230019
1521664066608;-28.839844;-49.20996;21.279825
1521664066630;-34.719727;-56.90918;24.500046
1521664066636;-36.11914;-60.129883;26.25005
1521664066648;-32.759766;-65.93945;30.449764
1521664066655;-33.59961;-68.5293;33.1095
1521664066667;-38.63965;-71.88867;35.27943
1521664066676;-42.55957;-77.2793;37.170063
1521664066690;-43.539062;-82.458984;39.47964
1521664066695;-38.569336;-89.73828;42.76969
1521664066707;-34.15918;-94.7793;44.799973
1521664066715;-32.8291;-99.88867;47.179867
1521664066728;-35.13965;-103.17969;49.42011
1521664066738;-36.679688;-106.46875;50.609566
1521664066749;-39.8291;-110.458984;52.009964
1521664066757;-41.15918;-114.86914;53.130085
1521664066769;-36.189453;-120.11914;54.809776
1521664066777;-31.07959;-124.59961;56.979706
1521664066800;-29.189941;-134.95703;61.809803
1521664066808;-28.419922;-140.90625;64.53955
1521664066817;-26.25;-145.25;67.47903
1521664066829;-24.28955;-149.23828;70.35014
1521664066837;-23.239746;-154.34766;72.59039
1521664066849;-26.109863;-159.10938;75.60018
1521664066857;-25.969727;-164.21875;77.279884
1521664066869;-23.09961;-169.67969;79.72912
1521664066877;-21.839844;-173.94922;83.29946
1521664066900;-24.989746;-180.3164;85.4694
1521664066908;-27.159668;-183.53906;88.47919
1521664066917;-27.439941;-188.78906;90.71944
1521664066930;-21.419922;-192.98828;93.52024
1521664066937;-19.25;-195.85938;93.17063
1521664066949;-15.75;-197.04688;94.7097
1521664066957;-14.699951;-196.76953;97.64918
1521664066968;-11.829834;-199.07812;96.73901
1521664066977;-4.9699707;-201.52734;98.06911
1521664067000;9.659921;-204.1875;105.13947
1521664067009;10.359873;-206.63672;110.80943
1521664067017;5.9499536;-213.84766;112.70007
1521664067029;5.389895;-215.8086;112.489136
1521664067037;9.589852;-210.83984;115.28994
1521664067050;20.369667;-203.83984;115.56924
1521664067057;23.939985;-198.86719;117.31925
1521664067069;19.459997;-202.36719;120.61029
1521664067078;10.359873;-208.52734;120.88959
1521664067100;17.289583;-208.25;123.899376
1521664067109;19.739782;-204.46875;125.020485
1521664067117;15.329848;-203.76953;125.57908
1521664067129;3.5000007;-205.86719;125.15916
1521664067138;-1.3299866;-211.1875;122.85054
1521664067150;-4.9699707;-205.3789;122.98921
1521664067157;-3.1499634;-200.96875;120.750916
1521664067169;-0.83999634;-195.92969;118.93059
1521664067177;-8.329834;-193.75781;118.37004
1521664067200;-15.819824;-198.02734;114.03017
1521664067209;-15.399902;-197.32812;110.73912
1521664067217;-15.119873;-191.3086;107.30941
1521664067229;-15.539795;-183.46875;102.899216
1521664067237;-17.569824;-174.29688;100.170685
1521664067249;-24.219727;-168.76953;96.18042
1521664067257;-28.139648;-165.40625;90.51045
1521664067269;-35.20996;-159.73828;85.95963
1521664067277;-35.55957;-150.07812;82.318985
1521664067299;-31.779785;-132.36719;74.76033
1521664067309;-31.219727;-125.36914;70.27983
1521664067317;-27.019531;-117.31836;65.6587
1521664067329;-22.32959;-105.34961;62.43969
1521664067337;-18.969727;-94.56836;58.23948
1521664067350;-14.279785;-84.69922;55.57931
1521664067357;-10.779785;-74.33984;53.479694
1521664067369;-5.879883;-64.67969;51.659374
1521664067377;1.6099855;-51.379883;43.960125
1521664067400;11.339854;-29.75;39.13003
1521664067409;16.239777;-19.389648;34.22962
1521664067417;19.459997;-9.0998535;28.419975
1521664067430;19.389685;1.189972;23.029829
1521664067437;20.299843;11.269786;18.199741
1521664067450;22.11967;20.369667;13.579846
1521664067457;21.489786;26.25005;8.8899
1521664067469;19.459997;31.71002;4.6899433
1521664067477;17.149935;38.500145;-1.1899719
1521664067500;9.93995;58.02952;-13.439941
1521664067509;7.629886;63.00024;-19.45996
1521664067517;5.9499536;66.5005;-27.509766
1521664067529;2.1699834;73.56892;-29.399902
1521664067537;0.13999939;78.19005;-31.009766
1521664067549;0.55999756;80.21936;-34.929688
1521664067557;-0.55999756;81.19984;-38.5
1521664067577;-1.1199951;86.799484;-45.84961
1521664067598;-4.8999023;93.52024;-53.61914
1521664067610;-3.0099487;96.87964;-55.929688
1521664067618;5.4599633;100.79959;-57.609375
1521664067640;23.939985;106.61018;-58.729492
1521664067657;23.169966;106.53987;-62.509766
1521664067669;21.489786;111.15905;-62.789062
1521664067677;14.2797985;112.770386;-65.51953
1521664067700;4.8999043;116.27042;-74.759766
1521664067718;17.359896;136.56848;-80.28906
1521664067730;27.15972;140.00214;-80.708984
1521664067737;29.329645;135.65831;-83.43945
1521664067750;20.789589;126.42088;-88.33984
1521664067757;6.4399443;123.69039;-90.92969
1521664067769;-10.5;129.1504;-92.04883
1521664067779;-23.239746;138.11148;-93.728516
1521664067793;-29.819824;147.9085;-94.708984
1521664067809;-15.259766;157.15083;-97.64844
1521664067817;0.069999695;155.88908;-97.578125
1521664067830;4.1298847;144.97095;-100.0293
1521664067837;-7.419922;142.09982;-98.34961
1521664067850;-23.30957;143.43187;-95.828125
1521664067857;-32.129883;147.27959;-96.109375
1521664067869;-34.719727;154.9086;-95.61914
1521664067878;-42.0;158.40866;-95.4082
1521664067898;-45.009766;157.63911;-96.5293
1521664067910;-40.529297;162.54153;-90.92969
1521664067918;-37.30957;165.69002;-89.25
1521664067930;-29.819824;165.47908;-90.08984
1521664067938;-37.589844;156.79926;-83.859375
1521664067950;-48.439453;144.61938;-81.54883
1521664067957;-46.61914;142.38107;-77.34961
1521664067970;-38.289062;151.76012;-71.259766
1521664067977;-32.129883;161.63136;-70.41992
1521664067994;-28.34961;163.86967;-71.259766
1521664068009;-30.029785;150.5687;-65.0293
1521664068017;-23.519531;140.9787;-60.479492
1521664068030;-12.669922;141.61153;-54.109375
1521664068042;-4.0599365;148.33038;-52.70996
1521664068053;0.48999786;152.04138;-53.61914
1521664068070;11.829844;144.76001;-45.359375
1521664068078;18.619663;139.09196;-43.88965
1521664068094;26.179737;135.0294;-44.09961
1521664068101;31.28961;134.11923;-44.16992
1521664068118;30.730038;134.33017;-46.759766
1521664068138;25.12993;123.760704;-50.259766
1521664068150;25.829638;118.71965;-50.679688
1521664068158;29.750055;114.10048;-52.70996
1521664068170;37.2394;116.620026;-53.899414
1521664068178;35.909313;117.95011;-54.80957
1521664068200;24.639694;113.26063;-52.219727
1521664068218;32.96985;112.28015;-47.38965
1521664068230;37.09975;109.340675;-45.149414
1521664068238;34.789192;103.87969;-42.76953
1521664068250;30.519588;97.36988;-42.279297
1521664068258;28.69976;94.07884;-41.01953
1521664068270;28.980034;96.039795;-40.25
1521664068278;26.319874;98.90895;-39.549805
1521664068300;10.639902;88.96942;-39.479492
1521664068310;7.839969;81.40882;-39.26953
1521664068318;7.0000033;76.15878;-37.729492
1521664068330;10.569834;71.68023;-38.91992
1521664068338;16.029816;69.648964;-38.84961
1521664068358;11.339854;61.670155;-36.189453
1521664068370;7.139896;54.319542;-33.319336
1521664068378;6.159915;49.909367;-29.819824
1521664068400;6.159915;43.8195;-23.939941
1521664068410;1.5399781;39.82925;-21.97998
1521664068418;-1.6099854;34.36927;-19.80957
1521664068438;-3.709961;24.079636;-15.049805
1521664068458;-5.949951;16.799835;-10.919922
1521664068470;-5.879883;13.299817;-8.889893
1521664068478;-6.7199707;9.869882;-6.8599854
1521664068493;-9.169922;5.3199487;-4.4799805
1521664068510;-12.179932;-3.4299927;1.9599916
1521664068518;-13.369873;-6.369995;4.0599384
1521664068538;-16.449707;-13.159912;8.679939
1521664068558;-16.659668;-21.139648;12.740002
1521664068570;-14.769775;-23.659668;14.349867
1521664068578;-12.809814;-25.619629;15.959975
1521664068594;-12.669922;-28.419922;18.059605
1521664068610;-16.169922;-35.90918;22.750042
1521664068618;-15.399902;-40.59961;25.759813
1521664068633;-13.929932;-43.259766;26.879932
1521664068646;-11.829834;-45.359375;28.559624
1521664068659;-13.509766;-52.569336;33.250126
1521664068678;-16.30957;-59.91992;37.799946
1521664068698;-16.09961;-63.13965;39.6896
1521664068704;-14.419922;-65.30859;41.64957
1521664068718;-11.549805;-71.81836;44.659348
1521664068738;-14.48999;-85.11914;50.67988
1521664068759;-15.889893;-95.05859;54.88009
1521664068770;-15.399902;-98.76953;57.050022
1521664068778;-15.049805;-103.31836;59.21995
1521664068794;-15.539795;-108.708984;60.689682
1521664068810;-17.009766;-120.609375;65.30909
1521664068818;-15.75;-126.0;66.56886
1521664068838;-15.609863;-133.0664;69.02006
1521664068858;-27.509766;-150.14844;74.76033
1521664068878;-27.78955;-161.6289;75.039635
1521664068893;-22.819824;-163.86719;76.578705
1521664068902;-20.859863;-168.69922;75.73885
1521664068918;-14.839844;-171.42969;77.42051
1521664068931;-12.039795;-174.78906;77.9791
1521664068941;-8.329834;-176.46875;81.549446
1521664068958;-1.0499878;-192.98828;87.920586
1521664068979;21.909708;-192.91797;90.02022
1521664068994;34.509895;-188.50781;91.3503
1521664069003;36.469864;-187.25;94.28978
1521664069019;36.469864;-197.39844;98.42067
1521664069040;38.289207;-202.64844;100.72928
1521664069058;29.889704;-199.21875;101.28983
1521664069079;23.659712;-199.5664;97.71949
1521664069095;22.189983;-196.76953;97.15894
1521664069101;14.629896;-199.70703;95.969475
1521664069119;1.8899843;-207.1289;93.23899
1521664069140;-6.0198975;-202.57812;90.86006
1521664069159;-10.639893;-201.3164;86.100266
1521664069179;-15.539795;-196.90625;82.3893
1521664069193;-18.269531;-189.69922;76.78964
1521664069202;-23.939941;-183.04688;75.10995
1521664069219;-38.219727;-174.71875;70.770065
1521664069239;-50.539062;-164.5664;61.73949
1521664069260;-47.179688;-143.91797;51.939648
1521664069279;-44.51953;-126.69922;43.539227
1521664069293;-46.40918;-120.18945;39.61929
1521664069303;-49.069336;-102.68945;33.809696
1521664069319;-41.089844;-75.87891;30.16998
1521664069340;-29.609863;-59.289062;22.960003
1521664069360;-11.619873;-36.11914;17.289583
1521664069380;-3.079956;-16.169922;9.589852
1521664069395;-0.069999695;-6.6499023;9.239999
1521664069401;0.9799957;-0.55999756;7.419925
1521664069419;2.6599736;18.619663;-1.4699707
1521664069440;5.5299096;35.420055;-8.819824
1521664069460;7.2099643;49.699406;-14.769775
1521664069480;6.2299833;59.429913;-20.299805
1521664069494;5.3199487;64.18994;-23.239746
1521664069502;2.4499516;68.25052;-26.669922
1521664069520;2.4499516;81.76038;-31.359863
1521664069540;5.4599633;91.69991;-37.379883
1521664069560;9.659921;99.32888;-41.719727
1521664069580;18.199741;106.32893;-46.129883
1521664069595;25.339891;110.879745;-46.899414
1521664069602;29.679743;113.75086;-49.13965
1521664069619;31.009825;117.389565;-58.09961
1521664069640;33.389774;134.25986;-67.54883
1521664069660;48.229675;144.40845;-69.36914
1521664069680;50.049995;134.95908;-75.5293
1521664069695;41.579258;135.52159;-77.76953
1521664069701;31.28961;140.77167;-80.91992
1521664069713;25.89995;149.38118;-83.509766
1521664069721;24.989792;159.6704;-85.18945
1521664069733;28.279839;162.47122;-88.05859
1521664069741;33.88001;160.36963;-89.5293
1521664069760;27.089895;151.34215;-93.51953
1521664069780;20.01957;156.52191;-94.42969
1521664069800;21.069864;164.29156;-97.43945
1521664069820;12.250011;155.9594;-99.88867
1521664069840;-9.519775;148.47101;-99.75
1521664069860;-14.839844;154.13907;-100.58984
1521664069880;-15.189941;162.88919;-101.078125
1521664069895;-18.47998;157.5688;-99.46875
1521664069901;-25.409668;155.81877;-94.708984
1521664069913;-33.38965;150.15073;-93.09961
1521664069921;-45.219727;146.72098;-92.328125
1521664069933;-58.029297;142.02951;-89.109375
1521664069941;-66.98828;138.38882;-84.06836
1521664069960;-54.38965;138.67007;-81.33984
1521664069980;-40.879883;152.52966;-75.73828
1521664069994;-42.13965;152.67029;-69.509766
1521664070002;-48.36914;143.84984;-62.929688
1521664070020;-34.929688;124.319305;-56.20996
1521664070040;-0.55999756;132.29889;-51.65918
1521664070060;-7.629883;130.54886;-51.029297
1521664070080;-6.7199707;125.15916;-48.15918
1521664070096;6.579959;121.87006;-46.61914
1521664070101;14.490004;115.780174;-49.0
1521664070113;24.289597;109.059425;-50.11914
1521664070121;31.71002;106.04964;-46.8291
1521664070133;33.460087;103.250786;-45.5
1521664070141;31.849669;99.469505;-45.149414
1521664070153;33.389774;98.629654;-43.049805
1521664070161;36.609512;98.69997;-40.319336
1521664070173;37.729633;96.389404;-40.179688
1521664070181;36.18959;90.36983;-40.59961
1521664070195;37.86928;83.29946;-39.479492
1521664070201;39.13003;78.19005;-36.3291
1521664070213;35.630016;69.36967;-35.90918
1521664070221;29.04986;63.55981;-35.13965
1521664070233;23.029829;57.889866;-33.80957
1521664070241;18.96976;53.340046;-31.919922
1521664070253;16.86966;49.559757;-30.72998
1521664070261;14.2797985;44.93962;-29.609863
1521664070273;10.70997;39.26968;-27.78955
1521664070281;6.369998;34.089973;-24.5
1521664070295;2.8699956;28.980034;-21.97998
1521664070302;2.519959;26.179737;-18.969727
1521664070312;2.7999883;25.339891;-16.029785
1521664070325;1.399994;21.629923;-12.669922
1521664070335;-2.5899658;17.149935;-10.079834
1521664070341;-4.199951;11.969981;-8.119873
1521664070360;-3.709961;7.769901;-3.709961
1521664070372;-4.829956;5.879885;-1.8199768
1521664070381;-7.0;2.5899663;-0.069999695
1521664070393;-7.629883;-0.27999878;1.8899843
1521664070404;-7.3499756;-2.2399902;3.7099617
1521664070420;-7.209961;-6.5098877;6.649905
1521664070432;-7.699951;-9.169922;9.309823
1521664070441;-8.329834;-11.269775;10.70997
1521664070460;-8.189941;-16.799805;13.369885
1521664070480;-7.7698975;-21.839844;17.009798
1521664070494;-9.72998;-25.969727;19.039587
1521664070502;-11.899902;-30.519531;20.929726
1521664070520;-12.319824;-36.95996;25.89995
1521664070540;-16.029785;-45.009766;32.829224
1521664070560;-17.429688;-58.30957;37.519672
1521664070572;-17.569824;-60.899414;40.670074
1521664070581;-18.899902;-66.21875;42.979652
1521664070594;-22.119629;-75.03906;46.619316
1521664070603;-27.649902;-84.9082;49.97968
1521664070612;-28.34961;-93.30859;52.219925
1521664070621;-26.529785;-97.92969;54.88009
1521664070633;-24.989746;-103.109375;56.48947
1521664070641;-24.569824;-109.05859;59.289288
1521664070653;-28.55957;-116.478516;62.579338
1521664070661;-29.32959;-129.77734;64.81885
1521664070680;-25.129883;-140.97656;68.529816
1521664070695;-23.30957;-146.92969;70.20952
1521664070704;-23.72998;-152.73828;71.26031
1521664070712;-21.139648;-157.84766;73.35993
1521664070721;-18.409668;-161.48828;76.578705
1521664070733;-17.919922;-169.32812;78.119736
1521664070741;-19.03955;-179.54688;78.04942
1521664070753;-11.129883;-185.98828;78.53966
1521664070761;1.0499879;-185.35938;80.14905
1521664070780;21.419962;-189.76953;84.069
1521664070793;24.289597;-194.66797;86.799484
1521664070804;30.16998;-199.35938;90.299515
1521664070813;37.09975;-200.89844;94.149155
1521664070821;44.30974;-202.50781;98.06911
1521664070833;50.11933;-203.20703;101.14921
1521664070841;54.10958;-203.48828;103.80938
1521664070853;58.23948;-203.41797;107.30941
1521664070861;58.02952;-202.29688;110.38951
1521664070872;56.48947;-204.39844;111.78991
1521664070881;54.670128;-203.90625;114.23915
1521664070897;51.099804;-203.6289;115.56924
1521664070901;47.6701;-204.04688;114.94032
1521664070912;47.80975;-202.29688;114.45009
1521664070921;45.2199;-198.86719;113.95985
1521664070934;43.46989;-199.42969;113.32899
1521664070941;42.00016;-200.96875;111.57897
1521664070953;39.47964;-199.63672;110.530136
1521664070962;36.819473;-195.50781;108.989105
1521664070972;35.210094;-188.22656;107.72933
1521664070981;29.889704;-181.29688;107.03011
1521664070996;21.629923;-180.66797;105.909004
1521664071002;6.0899687;-183.53906;101.98905
1521664071014;1.3299867;-181.64844;99.39919
1521664071021;-3.1499634;-175.34766;95.619865
1521664071033;-6.2999268;-168.34766;89.6706
1521664071041;-8.119873;-158.82812;84.62955
1521664071053;-14.769775;-150.84766;80.50061
1521664071061;-19.109863;-147.0664;75.73885
1521664071073;-25.619629;-142.02734;70.69975
1521664071081;-33.80957;-137.54688;66.07863
1521664071096;-39.969727;-131.03906;61.17992
1521664071103;-42.629883;-121.58984;57.119358
1521664071113;-52.149414;-108.708984;48.159363
1521664071121;-54.529297;-98.55859;43.39958
1521664071133;-56.69922;-87.078125;39.339993
1521664071141;-55.5791;-77.9082;35.420055
1521664071153;-53.19922;-71.46875;31.50006
1521664071161;-47.45996;-65.09961;28.210014
1521664071173;-40.529297;-57.049805;26.949757
1521664071181;-34.859375;-51.379883;24.009811
1521664071196;-28.769531;-44.939453;21.069864
1521664071205;-23.449707;-35.69922;18.689976
1521664071213;-18.47998;-26.529785;14.979994
1521664071221;-11.129883;-13.22998;11.059825
1521664071235;-6.2999268;-5.879883;10.359873
1521664071241;-3.6399536;-2.7999878;7.139896
1521664071253;-2.3099976;-0.34999847;4.6899433
1521664071261;-1.1899719;4.8999043;2.2399907
1521664071273;1.7500001;12.389904;-0.27999878
1521664071282;4.5499287;20.089882;-2.2399902
1521664071296;5.2500024;25.339891;-4.5499268
1521664071301;3.6399543;28.839897;-7.419922
1521664071313;1.8199769;32.130005;-10.219971
1521664071321;1.399994;36.819473;-12.179932
1521664071333;-0.13999939;41.719883;-14.069824
1521664071341;-6.2299805;48.090027;-18.82959
1521664071354;-7.1398926;53.40938;-23.239746
1521664071361;-6.089966;60.199448;-24.779785
1521664071373;-3.919983;65.799324;-26.669922
1521664071381;-2.2399902;70.06889;-28.069824
1521664071396;-3.289978;72.379456;-29.469727
1521664071404;-4.9699707;73.92048;-31.70996
1521664071413;-4.2698975;77.13926;-34.649414
1521664071421;-1.8199768;82.87953;-36.75
1521664071433;1.8899843;89.31904;-39.19922
1521664071441;6.78992;95.54955;-41.719727
1521664071453;13.509778;102.899216;-46.40918
1521664071461;17.009798;108.01059;-49.13965
1521664071473;19.87992;112.770386;-52.779297
1521664071481;23.939985;118.37004;-55.509766
1521664071497;28.210014;123.899376;-58.09961
1521664071503;34.719856;128.79883;-59.359375
1521664071513;38.920067;131.8809;-61.38965
1521664071522;38.849754;132.29889;-65.23828
1521664071533;36.39955;134.4708;-68.109375
1521664071541;33.389774;140.4201;-71.81836
1521664071554;29.25982;148.95929;-76.78906
1521664071562;30.659725;160.09229;-82.25
1521664071573;33.809696;164.56891;-84.34961
1521664071581;35.349743;163.86967;-87.5
1521664071597;36.18959;159.18211;-91.06836
1521664071603;34.299934;155.61174;-92.75
1521664071613;33.88001;156.10004;-93.51953
1521664071621;31.919981;161.70168;-93.37891
1521664071634;27.929739;165.13142;-95.54883
1521664071642;23.799849;164.5025;-97.43945
1521664071655;15.119887;161.2798;-98.55859
1521664071662;7.0699496;156.79926;-100.0293
1521664071673;-0.069999695;156.38129;-99.53906
1521664071681;-1.6099854;158.90085;-98.76953
1521664071697;2.519959;165.20174;-97.509766
1521664071702;-1.6799927;165.27205;-97.08984
1521664071713;-11.269775;159.95164;-96.94922
1521664071721;-23.519531;152.45935;-97.43945
1521664071734;-29.889648;147.42021;-95.68945
1521664071743;-32.26953;147.20927;-93.37891
1521664071754;-27.369629;148.68195;-91.34961
1521664071762;-21.909668;152.45935;-90.29883
1521664071774;-19.879883;154.35;-88.05859
1521664071782;-21.419922;151.61949;-87.009766
1521664071797;-29.049805;147.42021;-82.5293
1521664071804;-41.859375;143.43187;-80.078125
1521664071813;-42.13965;136.84973;-79.86914
1521664071822;-37.51953;141.88887;-76.71875
1521664071834;-29.119629;146.22879;-77.13867
1521664071842;-15.959961;148.11945;-77.34961
1521664071856;-17.639648;146.58035;-74.68945
1521664071862;-21.419922;137.7599;-73.14844
1521664071873;-21.769531;135.09972;-69.43945
1521664071882;-23.659668;137.20131;-66.5
1521664071897;-22.119629;136.92004;-67.19922
1521664071903;-11.619873;139.299;-66.98828
1521664071914;-1.6099854;136.84973;-67.26953
1521664071922;11.899913;133.63094;-65.16992
1521664071934;14.559828;128.16992;-63.20996
1521664071943;8.539803;118.71965;-64.259766
1521664071954;5.1099877;112.62976;-62.439453
1521664071962;4.0599384;111.57897;-59.359375
1521664071973;7.419925;112.13953;-59.429688
1521664071982;13.719983;113.61024;-60.129883
1521664071997;20.369667;114.45009;-58.86914
1521664072005;23.23979;111.930534;-56.13965
1521664072014;25.269579;104.44025;-53.479492
1521664072022;27.509817;91.27999;-50.3291
1521664072034;30.029842;81.69007;-48.929688
1521664072043;33.460087;75.670494;-46.969727
1521664072055;37.380024;75.94979;-44.239258
1521664072062;38.77944;77.9791;-43.75
1521664072074;33.1095;75.670494;-42.76953
1521664072082;24.919968;67.76028;-39.8291
1521664072098;17.919954;57.679905;-37.65918
1521664072102;15.959975;48.229675;-36.3291
1521664072114;16.09964;42.90934;-34.5791
1521664072122;14.559828;40.17984;-32.8291
1521664072134;7.9099154;35.210094;-29.95996
1521664072142;1.6799928;30.239803;-27.299805
1521664072154;-0.9099884;24.500046;-24.639648
1521664072162;-1.6799927;20.64994;-20.859863
1521664072174;-2.7999878;17.989779;-17.779785
1521664072182;-4.4799805;15.119887;-15.049805
1521664072196;-7.699951;12.039806;-11.199951
1521664072202;-10.639893;8.819832;-8.469971
1521664072214;-12.669922;6.0899687;-6.8599854
1521664072222;-12.389893;4.1298847;-4.7598877
1521664072234;-11.129883;3.2199714;-2.3099976
1521664072242;-10.219971;0.55999756;0.69999695
1521664072255;-11.059814;-2.7299805;2.6599736
1521664072265;-10.98999;-5.529907;4.0599384
1521664072274;-8.399902;-6.369995;5.1099877
1521664072282;-5.459961;-6.5098877;6.78992
1521664072297;-5.459961;-8.259766;7.349979
1521664072303;-5.039917;-11.339844;7.769901
1521664072314;-4.619995;-13.089844;9.379891
1521664072322;-2.9399414;-14.48999;10.70997
1521664072337;-0.69999695;-15.609863;12.109875
1521664072343;0.41999817;-17.359863;13.719983
1521664072355;0.48999786;-20.57959;15.329848
1521664072362;1.9599916;-24.639648;16.799835
1521664072374;2.6599736;-26.669922;17.779818
1521664072382;1.4699708;-29.259766;18.899937
1521664072397;1.189972;-31.28955;21.069864
1521664072405;0.069999695;-34.649414;23.309614
1521664072415;-1.9599915;-40.179688;25.619677
1521664072423;-4.619995;-45.0791;27.649954
1521664072435;-4.6899414;-48.439453;30.309628
1521664072443;-4.7598877;-50.399414;33.739384
1521664072456;-6.579956;-53.969727;36.119278
1521664072463;-9.309814;-58.379883;39.26968
1521664072476;-14.139893;-67.19922;44.30974
1521664072483;-17.009766;-74.759766;46.969902
1521664072497;-16.449707;-81.19922;50.399605
1521664072502;-13.439941;-86.09961;54.179893
1521664072515;-14.419922;-92.18945;57.050022
1521664072522;-15.399902;-99.39844;60.13011
1521664072535;-13.789795;-104.71875;64.260254
1521664072542;-12.949951;-109.19922;68.03958
1521664072555;-12.809814;-115.009766;70.62944
1521664072562;-14.069824;-120.88867;73.92048
1521664072574;-13.019775;-127.53906;77.55918
1521664072582;-10.5;-136.14844;82.67055
1521664072597;-7.0699463;-142.58984;84.48892
1521664072603;-3.0099487;-146.01953;86.65886
1521664072615;-2.7999878;-151.1289;88.5495
1521664072623;0.83999634;-156.3789;90.51045
1521664072635;1.5399781;-159.59766;94.01048
1521664072643;2.2399907;-164.35938;95.47924
1521664072656;5.1099877;-167.71875;96.60034
1521664072663;4.5499287;-171.28906;98.69997
1521664072676;3.569947;-177.02734;99.469505
1521664072684;5.5299096;-180.45703;100.520294
1521664072697;7.9099154;-181.29688;103.67071
1521664072702;12.529797;-185.84766;103.87969
1521664072716;13.1599245;-190.75;105.209785
1521664072723;15.399917;-195.4375;107.30941
1521664072736;19.389685;-196.13672;108.639496
1521664072743;23.44975;-194.73828;109.61997
1521664072756;26.949757;-192.84766;110.110214
1521664072763;31.079649;-190.04688;111.22936
1521664072776;33.599735;-190.39844;113.46961
1521664072783;35.839977;-194.59766;115.01064
1521664072797;43.189617;-198.3086;115.56924
1521664072804;48.92987;-199.07812;117.039955
1521664072815;52.71016;-197.88672;118.29973
1521664072823;50.259956;-193.82812;118.64934
1521664072835;42.069496;-189.41797;118.93059
1521664072842;31.569883;-186.89844;118.71965
1521664072855;19.31986;-189.0664;115.56924
1521664072862;13.719983;-192.98828;111.51061
1521664072875;12.949963;-190.95703;108.920746
1521664072882;13.649915;-182.27734;107.59066
1521664072897;8.259773;-177.16797;104.29962
1521664072906;1.6799928;-175.83984;101.21952
1521664072916;-9.309814;-175.13672;97.44019
1521664072923;-25.899902;-171.84766;90.44014
1521664072936;-34.089844;-167.4375;85.53971
1521664072943;-39.549805;-160.71875;80.56897
1521664072956;-43.95996;-153.50781;75.25057
1521664072964;-46.549805;-146.29688;69.57865
1521664072975;-49.0;-137.26953;66.920425
1521664072983;-55.509766;-132.71875;61.599842
1521664072998;-59.0791;-129.84766;55.649624
1521664073002;-60.40918;-122.14844;51.869335
1521664073015;-59.359375;-112.55859;49.210148
1521664073023;-56.0;-105.2793;45.42986
1521664073036;-49.69922;-96.66992;40.3898
1521664073043;-45.91992;-89.94922;37.029438
1521664073056;-40.529297;-82.03906;34.089973
1521664073063;-37.09961;-73.84961;31.429747
1521664073076;-33.94922;-65.93945;28.769585
1521664073083;-27.57959;-58.029297;25.68999
1521664073098;-21.699707;-51.44922;22.88969
1521664073103;-12.389893;-43.95996;21.55961
1521664073117;-3.6399536;-37.379883;21.699747
1521664073123;3.4299934;-32.899414;20.64994
1521664073135;6.369998;-30.09961;20.299843
1521664073143;5.4599633;-27.57959;17.42972
1521664073156;5.5299096;-16.659668;15.469985
1521664073163;7.139896;-8.959961;13.579846
1521664073175;8.8899;-3.1499634;10.70997
1521664073183;11.619884;1.6799928;8.189949
1521664073197;11.899913;5.809939;6.5098906
1521664073205;10.0798435;8.959969;3.8499763
1521664073215;7.6999545;13.1599245;0.55999756
1521664073223;5.879885;18.689976;-3.079956
1521664073235;5.179934;23.869673;-6.2999268
1521664073243;6.7199736;28.419975;-10.009766
1521664073256;8.609871;33.389774;-12.529785
1521664073263;7.55994;39.759914;-17.219727
1521664073275;4.8999043;44.30974;-19.879883
1521664073283;0.48999786;48.85956;-23.379883
1521664073296;-1.6099854;54.389854;-26.529785
1521664073306;-2.2399902;60.969955;-29.53955
1521664073317;-1.3299866;66.43019;-32.40918
1521664073324;0.9799957;70.90874;-35.489258
1521664073336;3.359986;75.389244;-38.0791
1521664073344;6.2299833;79.59045;-41.299805
1521664073356;11.549815;84.97916;-43.259766
1521664073363;16.169952;91.06905;-44.939453
1521664073375;21.34965;96.809326;-48.649414
1521664073383;24.639694;101.078896;-51.16992
1521664073396;27.859915;106.53987;-53.899414
1521664073406;31.28961;112.13953;-56.979492
1521664073415;33.670048;116.27042;-61.039062
1521664073423;36.18959;120.32904;-64.88867
1521664073436;40.17984;126.559555;-66.63867
1521664073443;43.329266;131.95122;-69.1582
1521664073457;43.189617;135.24034;-70.83984
1521664073464;37.939594;133.97859;-74.96875
1521664073476;33.1095;132.50983;-79.16992
1521664073484;25.409716;133.84187;-85.609375
1521664073498;17.569857;138.8107;-90.08984
1521664073505;18.129917;145.25221;-92.46875
1521664073515;22.609905;152.31873;-94.14844
1521664073523;31.28961;156.72894;-94.708984
1521664073536;37.589985;156.02972;-96.03906
1521664073543;38.989403;151.0609;-99.11914
1521664073556;32.829224;144.40845;-103.73828
1521664073563;22.11967;139.36931;-107.30859
1521664073576;12.879894;138.8107;-108.14844
1521664073583;11.479991;143.6389;-106.46875
1521664073598;15.889907;152.25232;-103.25
1521664073608;7.139896;156.72894;-103.31836
1521664073615;-1.9599915;152.38904;-104.71875
1521664073623;-8.049805;147.77177;-104.36914
1521664073636;-6.159912;143.70921;-101.91992
1521664073643;6.579959;139.22868;-100.51953
1521664073657;23.23979;137.06068;-99.67969
1521664073664;33.949345;140.90839;-98.48828
1521664073675;34.57923;148.04913;-98.978516
1521664073683;17.500032;153.29921;-100.0293
1521664073697;-9.799805;150.50229;-100.6582
1521664073704;-37.239258;139.50993;-99.75
1521664073715;-43.469727;124.87985;-97.01953
1521664073723;-28.0;123.96969;-96.17969
1521664073737;-9.519775;131.18169;-95.96875
1521664073743;-5.039917;140.06854;-98.69922
1521664073756;-13.439941;143.6389;-103.5293
1521664073763;-27.719727;144.76001;-106.46875
1521664073776;-48.089844;141.11934;-103.5293
1521664073784;-66.84961;128.16992;-100.44922
1521664073798;-67.828125;116.82901;-98.13867
1521664073807;-55.36914;118.510666;-93.58984
1521664073817;-44.16992;128.0293;-90.228516
1521664073823;-34.15918;132.72076;-91.208984
1521664073836;-33.94922;136.36145;-90.29883
1521664073845;-32.61914;136.00989;-86.09961
1521664073856;-29.049805;135.45128;-81.478516
1521664073865;-16.239746;132.79108;-77.83984
1521664073876;-9.169922;130.61917;-73.21875
1521664073884;-4.9699707;124.45993;-71.46875
1521664073898;-2.869995;121.37983;-67.61914
1521664073906;-3.2199707;121.03022;-63.20996
1521664073917;1.6099855;118.090744;-63.629883
1521664073925;9.44996;117.670815;-63.55957
1521664073937;14.069838;118.510666;-62.439453
1521664073945;18.409702;114.23915;-65.0293
1521664073957;22.609905;110.38951;-64.11914
1521664073965;21.419962;104.57892;-64.18945
1521664073976;22.11967;94.989;-66.28906
1521664073984;21.489786;90.15889;-63.90918
1521664073998;20.369667;86.8698;-62.859375
1521664074006;21.629923;85.32877;-63.979492
1521664074016;24.56987;85.680336;-61.739258
1521664074024;23.730024;86.02995;-57.609375
1521664074037;20.64994;81.76038;-56.0
1521664074044;19.739782;74.69002;-53.969727
1521664074057;16.799835;65.100105;-48.649414
1521664074065;18.339878;60.899643;-45.289062
1521664074076;16.659698;59.429913;-41.859375
1521664074085;16.029816;58.09983;-38.989258
1521664074098;11.059825;54.88009;-36.399414
1521664074105;5.4599633;48.019714;-33.529297
1521664074116;0.34999847;41.09;-29.679688
1521664074125;-2.4499512;36.18959;-27.019531
1521664074137;-4.129883;32.339966;-24.919922
1521664074145;-6.9299316;27.859915;-22.119629
1521664074157;-9.449951;23.309614;-18.549805
1521664074165;-13.159912;17.149935;-13.789795
1521664074176;-16.09961;13.229993;-10.639893
1521664074184;-18.339844;9.44996;-7.699951
1521664074198;-18.409668;5.879885;-3.5699463
1521664074208;-17.5;2.099976;-0.27999878
1521664074217;-15.75;-0.9799957;2.5899663
1521664074225;-14.699951;-4.129883;4.7598896
1521664074236;-13.369873;-6.8599854;7.419925
1521664074244;-12.879883;-9.589844;10.21998
1521664074256;-12.179932;-13.369873;12.109875
1521664074265;-11.339844;-16.799805;14.769789
1521664074276;-8.75;-19.80957;17.709993
1521664074284;-3.0099487;-22.75;21.839884
1521664074298;-2.169983;-25.05957;24.289597
1521664074306;-4.5499268;-29.32959;27.089895
1521664074317;-5.1799316;-33.38965;29.960016
1521664074324;-4.0599365;-36.189453;32.479614
1521664074337;-0.069999695;-38.5;35.139782
1521664074344;4.3399677;-40.59961;37.799946
1521664074356;5.1099877;-43.88965;40.670074
1521664074365;0.55999756;-50.049805;44.72966
1521664074377;-3.4299927;-57.259766;48.299988
1521664074385;-6.789917;-61.59961;52.71016
1521664074399;-13.089844;-67.05859;56.769745
1521664074406;-16.519531;-71.75;59.710186
1521664074417;-17.359863;-76.859375;63.69946
1521664074426;-18.689941;-84.0;68.25052
1521664074438;-18.269531;-92.81836;72.65875
1521664074446;-17.28955;-99.88867;74.619705
1521664074458;-16.659668;-105.41992;76.71933
1521664074466;-18.759766;-111.78906;81.19984
1521664074478;-23.169922;-119.76953;83.86001
1521664074486;-24.84961;-127.67969;86.100266
1521664074505;-28.20996;-143.28906;90.36983
1521664074517;-28.55957;-148.67969;92.61008
1521664074525;-28.769531;-153.50781;94.7097
1521664074537;-27.78955;-157.35938;96.87964
1521664074545;-24.5;-162.95703;98.69997
1521664074557;-19.319824;-170.16797;99.61013
1521664074565;-14.559814;-175.6289;102.40898
1521664074577;-17.219727;-181.85938;104.020325
1521664074585;-16.869629;-186.89844;102.760544
1521664074599;-15.259766;-185.77734;101.56913
1521664074608;-11.759766;-185.84766;99.26052
1521664074616;-3.1499634;-186.82812;96.809326
1521664074625;1.6799928;-190.53906;97.36988
1521664074637;-0.48999786;-203.76953;97.44019
1521664074645;4.8999043;-214.89844;96.73901
1521664074657;11.479991;-215.94922;97.15894
1521664074664;19.809607;-215.25;97.510506
1521664074677;24.009811;-210.83984;96.94995
1521664074685;29.399958;-207.1289;96.73901
1521664074699;26.179737;-204.32812;98.13942
1521664074707;22.819866;-206.63672;99.26052
1521664074717;19.31986;-208.52734;98.77028
1521664074724;23.379927;-208.03906;98.77028
1521664074737;25.12993;-207.33984;97.7898
1521664074744;26.46001;-206.77734;96.670654
1521664074757;21.210001;-202.4375;97.29957
1521664074764;13.649915;-202.64844;95.34057
1521664074776;13.929944;-202.08984;94.21947
1521664074785;11.689952;-195.36719;95.69018
1521664074799;7.6999545;-192.98828;95.12963
1521664074808;5.7399926;-192.77734;94.92064
1521664074817;-1.75;-192.07812;93.44993
1521664074825;-3.2199707;-189.69922;91.69991
1521664074837;-0.6299896;-182.90625;91.06905
1521664074845;5.6699243;-173.17969;90.57881
1521664074857;5.5299096;-168.48828;91.69991
1521664074865;-0.6299896;-168.27734;90.09053
1521664074877;-7.699951;-167.15625;88.61981
1521664074885;-17.009766;-162.95703;88.340515
1521664074900;-25.82959;-158.82812;83.71938
1521664074906;-31.5;-152.59766;79.59045
1521664074918;-35.69922;-142.09766;77.42051
1521664074926;-40.319336;-133.0664;73.85017
1521664074938;-45.0791;-127.88867;69.22904
1521664074946;-51.939453;-122.84961;64.398926
1521664074958;-55.36914;-113.67969;59.989483
1521664074966;-54.94922;-95.478516;54.250206
1521664074978;-51.86914;-85.46875;50.049995
1521664074986;-49.34961;-76.578125;47.46014
1521664075000;-48.859375;-69.29883;43.67985
1521664075008;-45.359375;-59.70996;40.3898
1521664075017;-37.379883;-47.879883;37.65932
1521664075029;-25.129883;-37.379883;34.299934
1521664075049;-6.4399414;-17.569824;29.04986
1521664075058;0.13999939;-9.589844;24.849655
1521664075067;8.39991;-0.20999908;22.750042
1521664075078;15.889907;12.250011;16.589874
1521664075086;18.129917;21.34965;12.250011
1521664075110;21.00004;41.719883;2.8699956
1521664075117;22.750042;48.019714;-1.539978
1521664075125;24.289597;52.359573;-5.459961
1521664075138;24.009811;56.699432;-10.149902
1521664075145;21.279825;62.30004;-15.329834
1521664075158;16.939972;70.420456;-20.019531
1521664075166;11.899913;78.26036;-24.70996
1521664075177;8.119881;84.35025;-28.839844
1521664075185;6.579959;89.25068;-33.94922
1521664075209;9.309823;92.190155;-40.319336
1521664075218;12.039806;95.270256;-42.629883
1521664075225;13.929944;98.55934;-45.429688
1521664075237;17.709993;102.69023;-47.66992
1521664075246;21.34965;108.14926;-49.0
1521664075258;25.059618;113.32899;-50.679688
1521664075266;27.019583;116.969635;-52.91992
1521664075277;30.449764;119.97942;-56.279297
1521664075286;35.909313;124.250946;-57.049805
1521664075300;39.969875;128.16992;-60.26953
1521664075308;42.979652;130.97073;-63.0
1521664075318;42.13981;133.97859;-64.75
1521664075325;41.929844;136.99036;-67.54883
1521664075337;41.929844;139.8615;-70.76953
1521664075346;43.889812;142.17014;-74.19922
1521664075358;46.969902;145.1819;-76.78906
1521664075365;47.529476;148.61163;-78.259766
1521664075377;46.059746;150.0101;-79.79883
1521664075385;41.369297;147.9085;-82.38867
1521664075400;35.139782;145.25221;-84.9082
1521664075407;24.989792;143.43187;-87.91992
1521664075419;14.349867;144.97095;-92.88867
1521664075427;12.879894;152.25232;-93.93945
1521664075438;14.699965;160.7915;-93.51953
1521664075446;18.829624;165.6197;-92.04883
1521664075458;27.230032;166.88144;-87.359375
1521664075466;18.269566;156.72894;-87.91992
1521664075478;3.149964;138.11148;-93.51953
1521664075486;-8.189941;130.83011;-94.078125
1521664075499;-8.679932;137.90053;-92.88867
1521664075508;-0.20999908;151.90074;-93.728516
1521664075517;11.969981;166.60019;-93.09961
1521664075525;16.730011;171.50261;-89.80859
1521664075537;10.919931;160.229;-88.61914
1521664075545;-4.7598877;143.0803;-91.48828
1521664075558;-15.819824;135.17003;-91.83984
1521664075565;-14.559814;140.70135;-91.69922
1521664075577;2.3799443;156.59222;-91.9082
1521664075586;6.159915;172.20184;-93.09961
1521664075600;3.8499763;168.2096;-94.359375
1521664075607;4.6899433;157.85005;-92.609375
1521664075617;-3.289978;144.54907;-90.1582
1521664075626;-14.419922;128.31055;-89.31836
1521664075637;-28.279785;123.69039;-88.96875
1521664075645;-23.169922;138.38882;-91.69922
1521664075658;-17.219727;157.08052;-93.79883
1521664075666;-19.03955;168.8424;-95.12891
1521664075678;-21.629883;169.47133;-94.56836
1521664075686;-22.819824;160.15869;-92.04883
1521664075705;-21.699707;140.06854;-89.59961
1521664075718;-26.319824;113.04969;-82.38867
1521664075725;-24.779785;120.6806;-80.42969
1521664075740;-17.429688;135.45128;-83.509766
1521664075746;-17.639648;149.09993;-86.79883
1521664075758;-23.72998;152.95154;-83.1582
1521664075767;-20.929688;141.54121;-80.078125
1521664075779;-16.30957;127.81933;-77.0
1521664075786;-10.079834;116.82901;-73.7793
1521664075800;-3.0099487;113.26063;-70.06836
1521664075810;-4.2698975;114.65907;-67.89844
1521664075818;-8.889893;114.94032;-66.7793
1521664075826;-10.009766;111.299675;-63.629883
1521664075838;-4.129883;106.61018;-58.65918
1521664075846;3.0799568;100.44998;-56.34961
1521664075859;12.599865;94.989;-54.109375
1521664075866;19.1099;89.38935;-48.649414
1521664075878;19.529821;85.04948;-46.05957
1521664075886;18.689976;79.44982;-43.259766
1521664075907;23.44975;64.95947;-40.109375
1521664075918;28.349663;60.0598;-39.549805
1521664075926;32.4093;56.27951;-39.05957
1521664075938;31.429747;50.819527;-39.549805
1521664075947;27.859915;42.69938;-39.549805
1521664075958;26.0396;37.09975;-37.799805
1521664075967;26.319874;34.01966;-36.399414
1521664075978;26.949757;28.419975;-34.01953
1521664075986;25.549852;24.639694;-31.009766
1521664076010;18.409702;18.899937;-24.359863
1521664076018;16.449738;17.359896;-20.859863
1521664076026;15.049819;15.399917;-17.639648
1521664076038;12.949963;13.719983;-14.419922
1521664076047;11.129893;11.269786;-11.759766
1521664076058;8.609871;8.539803;-9.169922
1521664076066;5.599978;6.2999296;-7.909912
1521664076078;1.4699708;4.3399677;-6.2999268
1521664076086;-2.2399902;1.6799928;-4.199951
1521664076100;-4.9699707;-2.3799438;-0.83999634
1521664076107;-6.789917;-5.949951;1.399994
1521664076126;-9.659912;-13.719971;2.939942
1521664076138;-9.169922;-15.75;6.0899687
1521664076146;-9.0998535;-18.129883;8.39991
1521664076158;-8.119873;-21.20996;11.409923
1521664076166;-6.789917;-25.969727;15.119887
1521664076178;-5.039917;-31.359863;20.01957
1521664076187;-3.709961;-35.279297;23.589888
1521664076207;-1.1199951;-45.429688;32.759888
1521664076218;-1.9599915;-50.679688;36.750137
1521664076227;-4.2698975;-57.11914;41.22965
1521664076248;-6.2299805;-73.14844;48.92987
1521664076259;-10.219971;-80.28906;53.550007
1521664076266;-13.789795;-86.93945;56.840057
1521664076278;-16.589844;-92.11914;61.52953
1521664076287;-19.739746;-98.0;65.52003
1521664076310;-30.449707;-115.078125;71.539604
1521664076320;-35.34961;-127.53906;76.71933
1521664076327;-42.20996;-137.26953;79.10021
1521664076339;-47.59961;-146.29688;81.76038
1521664076346;-53.40918;-155.11719;83.5104
1521664076360;-57.469727;-165.61719;84.97916
1521664076366;-64.328125;-172.89844;86.100266
1521664076378;-73.63867;-179.0586;85.04948
1521664076386;-83.578125;-186.75781;83.71938
1521664076407;-91.55859;-205.9375;77.77012
1521664076418;-88.26953;-210.83984;73.70954
1521664076426;-77.208984;-213.5664;69.57865
1521664076440;-56.839844;-214.19922;70.06889
1521664076447;-49.55957;-222.45703;69.8599
1521664076459;-45.63965;-234.07812;68.7388
1521664076467;-34.719727;-240.3086;69.648964
1521664076478;-24.429688;-238.69922;70.420456
1521664076487;-13.649902;-234.5;69.299355
1521664076510;7.139896;-225.8164;67.059105
1521664076518;13.719983;-223.22656;69.8599
1521664076527;15.819839;-228.54688;70.35014
1521664076539;16.519562;-235.47656;70.770065
1521664076547;11.899913;-240.79688;70.000534
1521664076560;13.859876;-238.83984;68.38919
1521664076566;12.740002;-231.34766;67.828636
1521664076578;8.750008;-226.72656;66.5005
1521664076587;2.939942;-227.28906;63.630123
1521664076607;2.7999883;-224.5586;61.38988
1521664076618;3.989991;-223.78906;60.759995
1521664076626;5.1099877;-225.25781;59.989483
1521664076638;6.78992;-225.04688;59.3596
1521664076646;8.189949;-221.82812;57.050022
1521664076660;18.829624;-208.45703;59.14964
1521664076666;20.01957;-203.6289;57.259983
1521664076680;24.919968;-199.91797;58.729713
1521664076687;25.339891;-195.08984;61.670155
1521664076710;32.829224;-193.54688;58.800026
1521664076718;38.710106;-183.53906;59.56956
1521664076726;41.78922;-173.94922;58.86936
1521664076739;41.019688;-166.94922;57.889866
1521664076747;38.079247;-161.13672;56.000214
1521664076760;34.57923;-154.0;54.88009
1521664076767;32.689575;-146.4375;51.309765
1521664076778;32.479614;-130.82812;50.469917
1521664076786;29.679743;-122.14844;48.019714
1521664076808;24.639694;-107.79883;42.55973
1521664076819;23.730024;-98.55859;39.899563
1521664076826;27.859915;-86.86914;38.920067
1521664076847;30.449764;-66.56836;33.389774
1521664076859;30.16998;-57.3291;31.639708
1521664076867;28.909721;-47.039062;28.559624
1521664076878;28.629936;-36.189453;24.289597
1521664076887;31.079649;-18.82959;18.7598
1521664076910;38.849754;2.729981;10.70997
1521664076918;43.189617;12.319836;7.629886
1521664076927;44.72966;19.809607;3.569947
1521664076940;43.750164;25.68999;-0.55999756
1521664076947;39.82925;31.919981;-5.529907
1521664076960;36.18959;40.670074;-10.219971
1521664076967;34.36927;51.8;-14.699951
1521664076979;33.179813;62.85961;-18.759766
1521664076987;30.16998;70.20952;-23.09961
1521664077010;20.929726;78.39903;-31.919922
1521664077019;17.289583;81.61976;-36.11914
1521664077027;14.909925;86.5905;-39.689453
1521664077039;14.839857;93.17063;-41.859375
1521664077047;15.959975;99.61013;-44.379883
1521664077059;15.959975;103.73907;-47.80957
1521664077067;15.889907;106.32893;-50.3291
1521664077079;17.009798;108.78012;-52.63965
1521664077087;20.230019;111.51061;-55.229492
1521664077100;24.079636;115.01064;-57.3291
1521664077109;29.539606;118.090744;-59.70996
1521664077119;30.799862;121.10053;-62.789062
1521664077127;31.28961;123.69039;-65.58984
1521664077139;30.869686;127.75097;-68.31836
1521664077147;29.539606;132.65045;-71.609375
1521664077159;28.559624;137.06068;-76.08984
1521664077167;30.730038;140.84198;-78.53906
1521664077179;35.420055;144.90063;-80.63867
1521664077187;43.67985;149.5218;-79.51953
1521664077200;43.889812;149.38118;-79.6582
1521664077210;38.989403;141.33028;-85.609375
1521664077220;34.57923;136.7091;-90.08984
1521664077228;30.869686;141.33028;-94.009766
1521664077247;42.069496;155.9594;-98.48828
1521664077259;51.170116;165.47908;-97.1582
1521664077267;56.000214;163.59233;-100.23828
1521664077279;54.949425;154.13907;-104.36914
1521664077287;44.38005;144.90063;-106.46875
1521664077302;34.859505;138.74039;-107.86914
1521664077319;18.549839;137.131;-114.37891
1521664077327;10.149912;139.79118;-118.92969
1521664077339;7.979984;146.09207;-119.9082
1521664077347;-0.13999939;143.50218;-121.6582
1521664077360;-1.8199768;141.4709;-121.58984
1521664077367;-8.189941;144.83032;-119.41992
1521664077387;-28.20996;146.51004;-115.63867
1521664077410;-34.229492;139.8615;-115.5
1521664077419;-25.129883;140.77167;-112.48828
1521664077428;-8.959961;143.29124;-108.84961
1521664077440;7.979984;150.92026;-105.06836
1521664077450;15.959975;161.13918;-101.42969
1521664077460;7.6999545;164.08063;-98.76953
1521664077467;-5.949951;156.10004;-98.2793
1521664077480;-11.969971;144.27173;-98.978516
1521664077487;-4.199951;140.3498;-98.978516
1521664077503;-3.709961;141.11934;-100.30859
1521664077519;-5.3199463;145.25221;-108.078125
1521664077527;-19.45996;154.97891;-108.91992
1521664077539;-33.25;152.7406;-108.5
1521664077547;-35.76953;143.77953;-107.23828
1521664077560;-32.129883;135.09972;-103.66992
1521664077567;-31.219727;122.21968;-98.55859
1521664077579;-27.089844;123.27047;-97.859375
1521664077588;-24.5;134.68173;-96.03906
1521664077608;-22.889648;145.1819;-88.26953
1521664077620;-17.28955;136.43176;-86.44922
1521664077628;-5.25;126.77049;-82.109375
1521664077640;1.6099855;118.29973;-76.08984
1521664077648;2.5899663;111.57897;-73.009766
1521664077667;2.099976;106.95979;-68.80859
1521664077679;-2.7999878;105.13947;-63.41992
1521664077687;-5.1099854;96.60034;-60.759766
1521664077708;6.2299833;73.98884;-54.66992
1521664077720;13.019788;65.59034;-51.729492
1521664077728;19.599646;61.460194;-48.15918
1521664077740;20.509804;58.380104;-44.65918
1521664077747;17.289583;53.899616;-40.739258
1521664077760;16.799835;48.50995;-36.88965
1521664077767;17.849642;42.420082;-33.45996
1521664077779;18.899937;35.839977;-30.869629
1521664077788;20.509804;28.139702;-27.089844
1521664077810;12.599865;18.409702;-21.489746
1521664077820;8.609871;14.2797985;-19.109863
1521664077828;4.5499287;10.429941;-15.609863
1521664077848;-1.2599792;3.6399543;-10.429932
1521664077868;-4.619995;-1.6099854;-3.1499634
1521664077880;-6.2999268;-5.25;-0.9799957
1521664077888;-5.879883;-7.5599365;2.2399907
1521664077909;-4.409912;-14.909912;9.379891
1521664077928;-3.919983;-20.859863;15.679946
1521664077940;-3.6399536;-23.659668;18.409702
1521664077948;-3.5699463;-26.529785;20.230019
1521664077960;-2.5899658;-30.589844;22.399944
1521664077968;-2.5899658;-34.859375;25.480028
1521664077980;0.769989;-38.91992;28.279839
1521664077988;3.6399543;-43.399414;31.359922
1521664078010;7.139896;-51.029297;38.00991
1521664078020;7.4899936;-56.489258;43.889812
1521664078028;6.579959;-60.549805;47.59979
1521664078040;3.569947;-63.76953;51.659374
1521664078048;2.0299687;-70.0;55.929897
1521664078060;0.27999878;-77.13867;60.40941
1521664078068;-0.34999847;-83.78906;63.630123
1521664078080;-0.20999908;-90.36914;67.61965
1521664078088;-1.8899841;-96.17969;71.539604
1521664078102;-3.8499756;-101.5;75.18026
1521664078120;-10.219971;-114.79883;82.318985
1521664078128;-11.619873;-124.25;87.988945
1521664078140;-10.079834;-129.98828;91.20968
1521664078148;-10.149902;-134.39844;94.430405
1521664078160;-13.719971;-138.8789;98.06911
1521664078168;-17.919922;-145.52734;100.72928
1521664078180;-18.689941;-151.33984;103.53008
1521664078188;-19.389648;-156.51953;106.19026
1521664078202;-17.569824;-161.34766;108.07895
1521664078220;-22.53955;-168.20703;110.530136
1521664078228;-17.919922;-172.89844;111.4403
1521664078240;-15.259766;-175.0;113.539925
1521664078248;-15.049805;-183.67969;117.53019
1521664078260;-16.72998;-191.02734;119.00091
1521664078268;-15.889893;-195.08984;119.20989
1521664078288;-6.2299805;-194.52734;118.64934
1521664078310;15.399917;-198.58984;117.039955
1521664078320;28.210014;-198.72656;118.93059
1521664078328;34.509895;-200.61719;121.170845
1521664078349;40.039215;-203.13672;127.39941
1521664078369;53.479694;-205.72656;130.61917
1521664078389;65.449715;-204.95703;132.86139
1521664078410;70.770065;-196.34766;133.34969
1521664078420;64.32861;-194.8789;133.90828
1521664078428;59.429913;-194.8789;133.77156
1521664078448;56.630096;-189.41797;130.06058
1521664078468;44.799973;-173.59766;124.87985
1521664078480;37.799946;-170.65625;122.709915
1521664078488;20.230019;-168.5586;121.170845
1521664078503;8.8899;-167.50781;117.6005
1521664078520;-2.4499512;-154.13672;108.219574
1521664078528;-8.329834;-145.45703;104.09064
1521664078549;-19.109863;-132.36719;94.7097
1521664078569;-31.919922;-125.1582;83.789696
1521664078588;-39.689453;-104.64844;71.11968
1521664078609;-44.589844;-86.86914;59.21995
1521664078629;-45.0791;-68.17969;48.439636
1521664078649;-52.359375;-53.689453;37.30971
1521664078669;-56.34961;-34.229492;26.25005
1521664078688;-50.259766;-14.97998;16.519562
1521664078704;-47.039062;-6.789917;9.44996
1521664078711;-45.5;-1.539978;4.7598896
1521664078730;-39.969727;12.529797;-5.25
1521664078750;-32.40918;28.839897;-10.5
1521664078769;-28.769531;32.829224;-16.169922
1521664078789;-22.259766;42.55973;-23.029785
1521664078810;-7.0699463;63.630123;-31.07959
1521664078829;8.329842;72.379456;-33.25
1521664078849;16.86966;74.34041;-38.219727
1521664078870;21.279825;86.65886;-43.11914
1521664078889;23.44975;97.71949;-50.469727
1521664078910;28.909721;106.39925;-55.649414
1521664078930;34.01966;111.78991;-62.509766
1521664078949;25.89995;113.539925;-70.55859
1521664078969;14.490004;124.319305;-80.28906
1521664078990;4.0599384;137.27162;-88.4082
1521664079010;2.939942;145.7405;-91.9082
1521664079029;-11.269775;143.56859;-98.2793
1521664079049;-36.11914;145.95143;-103.94922
1521664079069;-45.149414;163.10014;-106.67969
1521664079090;-40.59961;173.38936;-103.87891
1521664079110;-38.289062;166.88144;-99.67969
1521664079130;-43.75;156.52191;-98.13867
1521664079150;-22.679688;180.25275;-92.328125
1521664079170;-7.909912;195.29985;-88.19922
1521664079190;-20.719727;172.69012;-85.53906
1521664079219;-14.419922;169.95961;-79.23828
1521664079227;-6.159912;177.65895;-78.88867
1521664079233;-2.5899658;183.04967;-82.73828
1521664079250;-1.75;189.1396;-85.11914
1521664079270;-11.829834;167.22911;-89.17969
1521664079290;-15.119873;170.45181;-85.88867
1521664079306;-25.759766;171.01042;-88.26953
1521664079312;-37.30957;169.3307;-90.36914
1521664079323;-43.3291;166.81113;-88.33984
1521664079334;-47.039062;165.13142;-84.0
1521664079350;-40.45996;160.93213;-83.29883
1521664079356;-27.509766;159.1118;-82.17969
1521664079370;-16.589844;155.75237;-76.01953
1521664079389;-22.679688;144.54907;-64.88867
1521664079402;-15.819824;141.68184;-63.069336
1521664079412;-2.869995;140.20917;-58.799805
1521664079430;20.369667;133.56062;-51.029297
1521664079450;30.730038;118.090744;-48.089844
1521664079470;27.019583;97.15894;-44.51953
1521664079490;24.849655;78.39903;-41.229492
1521664079502;28.069878;74.69002;-41.089844
1521664079511;31.28961;69.57865;-39.05957
1521664079530;31.989805;52.849808;-33.94922
1521664079550;27.230032;40.52945;-27.57959
1521664079569;18.059605;32.829224;-22.189941
1521664079590;7.0699496;23.730024;-17.07959
1521664079605;3.0099494;18.7598;-13.859863
1521664079612;3.0099494;16.09964;-11.059814
1521664079630;-7.0;10.149912;-7.0699463
1521664079650;-14.48999;3.7099617;-2.5199585
1521664079670;-15.329834;0.48999786;1.399994
1521664079690;-15.819824;-3.3599854;5.6699243
1521664079704;-16.169922;-5.529907;7.9099154
1521664079712;-17.009766;-7.629883;9.799813
1521664079730;-15.75;-14.069824;12.529797
1521664079750;-13.859863;-20.859863;14.839857
1521664079770;-9.23999;-28.839844;17.569857
1521664079790;-5.879883;-35.629883;21.279825
1521664079804;-3.1499634;-38.779297;23.589888
1521664079811;0.069999695;-42.069336;26.319874
1521664079830;9.729989;-56.20996;34.719856
1521664079850;15.189956;-65.44922;40.880035
1521664079870;16.799835;-74.12891;47.319515
1521664079890;14.490004;-84.34961;53.619343
1521664079904;10.359873;-90.578125;56.630096
1521664079912;4.5499287;-98.41992;60.199448
1521664079930;-7.7698975;-113.958984;65.3794
1521664079942;-19.179688;-121.09961;68.60013
1521664079951;-25.199707;-126.9082;70.97905
1521664079962;-34.01953;-136.28906;74.34041
1521664079971;-41.229492;-147.5586;76.93027
1521664079990;-48.649414;-162.25781;81.27015
1521664080004;-44.44922;-167.36719;80.50061
1521664080012;-40.529297;-170.09766;82.600235
1521664080023;-38.779297;-176.04688;84.69986
1521664080031;-34.719727;-182.97656;87.70965
1521664080050;-24.779785;-196.90625;93.52024
1521664080070;17.919954;-202.29688;101.63944
1521664080090;48.299988;-211.1875;108.14926
1521664080105;62.09008;-211.04688;113.190315
1521664080113;67.89895;-210.76953;118.1591
1521664080130;68.38919;-220.35938;123.760704
1521664080150;77.06895;-217.0664;129.29103
1521664080170;68.7388;-208.73828;134.40048
1521664080183;58.44944;-215.94922;134.18954
1521664080191;48.159363;-220.98828;135.5919
1521664080206;36.259903;-225.11719;134.61142
1521664080211;25.549852;-228.61719;134.04892
1521664080223;11.549815;-229.59766;133.97859
1521664080231;-4.619995;-230.15625;131.3184
1521664080243;-14.699951;-229.73828;126.28026
1521664080251;-16.72998;-226.3789;122.98921
1521664080263;-16.30957;-220.84766;120.61029
1521664080271;-16.169922;-215.8086;119.42083
1521664080290;-22.189941;-214.61719;109.7606
1521664080306;-21.629883;-205.44922;108.28989
1521664080311;-21.699707;-196.41797;104.369934
1521664080330;-21.55957;-180.73828;96.25073
1521664080350;-20.369629;-167.36719;87.639336
1521664080370;-26.949707;-151.1289;77.90879
1521664080382;-32.339844;-142.23828;71.04937
1521664080391;-35.489258;-130.6875;62.929924
1521664080406;-36.95996;-111.08984;56.769745
1521664080411;-34.859375;-100.16992;50.189644
1521664080423;-34.5791;-90.36914;44.38005
1521664080432;-34.439453;-79.86914;38.289207
1521664080443;-34.859375;-69.01953;32.759888
1521664080451;-35.76953;-58.30957;26.46001
1521664080463;-35.0;-45.149414;22.469769
1521664080471;-31.5;-31.429688;18.689976
1521664080483;-27.22998;-20.089844;13.859876
1521664080491;-23.09961;-11.619873;8.959969
1521664080505;-17.009766;-3.5;4.0599384
1521664080512;-0.6299896;14.000013;2.2399907
1521664080525;8.189949;23.730024;-0.48999786
1521664080531;12.529797;28.210014;-4.5499268
1521664080550;18.199741;42.34977;-11.339844
1521664080570;27.230032;61.52953;-16.379883
1521664080590;25.619677;67.47903;-25.82959
1521664080606;23.519575;71.26031;-29.679688
1521664080611;22.609905;75.94979;-33.319336
1521664080630;20.299843;83.64907;-41.229492
1521664080650;18.689976;85.61002;-46.8291
1521664080662;19.039587;88.8288;-49.069336
1521664080671;20.089882;93.17063;-50.609375
1521664080690;27.36968;100.239044;-53.339844
1521664080705;33.03919;102.899216;-54.039062
1521664080712;34.509895;106.11995;-53.969727
1521664080722;35.06947;105.97932;-56.069336
1521664080731;32.130005;108.3602;-58.239258
1521664080743;29.119684;110.67076;-62.15918
1521664080751;26.80962;114.379776;-64.75
1521664080762;26.949757;119.13958;-66.63867
1521664080771;32.899536;125.29978;-68.03906
1521664080782;36.9601;130.90042;-69.29883
1521664080791;38.710106;133.70125;-71.53906
1521664080805;35.839977;133.90828;-73.359375
1521664080811;29.399958;132.15826;-76.64844
1521664080822;20.159706;131.45903;-80.21875
1521664080831;13.019788;132.65045;-85.46875
1521664080842;11.059825;139.8615;-88.19922
1521664080851;18.269566;153.7914;-92.46875
1521664080862;29.399958;161.20949;-90.08984
1521664080871;35.139782;160.15869;-91.76953
1521664080882;37.2394;153.36952;-94.91992
1521664080891;28.559624;148.33038;-93.86914
1521664080905;17.079622;144.97095;-95.19922
1521664080913;6.579959;145.8108;-99.259766
1521664080922;-3.5;151.27184;-101.7793
1521664080931;-11.899902;156.31097;-103.25
1521664080942;-9.939941;161.13918;-104.71875
1521664080951;-0.69999695;166.60019;-103.31836
1521664080962;11.129893;163.02983;-101.42969
1521664080971;10.569834;158.54929;-98.06836
1521664080982;-7.5599365;146.79129;-101.42969
1521664080991;-27.159668;134.68173;-106.67969
1521664081005;-39.129883;137.131;-104.509766
1521664081012;-42.90918;148.61163;-104.36914
1521664081022;-34.439453;160.51025;-105.76953
1521664081031;-21.55957;169.11977;-105.69922
1521664081042;-12.809814;169.19008;-101.63867
1521664081051;-13.649902;156.65863;-100.16992
1521664081062;-20.859863;142.59201;-99.88867
1521664081072;-35.55957;139.09196;-95.96875
1521664081083;-38.5;148.04913;-95.96875
1521664081091;-29.819824;162.26028;-95.96875
1521664081103;-23.029785;175.7722;-94.56836
1521664081113;-19.529785;176.54175;-94.98828
1521664081122;-11.829834;171.08073;-93.09961
1521664081131;-16.09961;162.47122;-91.13867
1521664081143;-22.609863;149.17024;-93.09961
1521664081151;-23.589844;148.54132;-92.259766
1521664081166;-24.429688;158.83054;-93.09961
1521664081172;-27.299805;169.8893;-97.36914
1521664081182;-31.359863;177.3816;-98.55859
1521664081191;-42.76953;173.67061;-93.37891
1521664081206;-35.839844;155.88908;-93.93945
1521664081214;-20.369629;142.09982;-89.109375
1521664081222;-21.279785;132.86139;-83.64844
1521664081231;-23.869629;127.75097;-81.828125
1521664081242;-25.549805;132.86139;-78.81836
1521664081251;-19.80957;141.81856;-77.208984
1521664081263;-10.639893;146.36942;-72.0293
1521664081271;-6.369995;141.95918;-63.0
1521664081282;-4.829956;127.81933;-58.589844
1521664081291;0.69999695;114.65907;-54.319336
1521664081303;11.129893;99.95974;-50.049805
1521664081313;20.230019;95.05932;-48.299805
1521664081322;26.80962;94.07884;-45.219727
1521664081331;27.579641;88.690125;-42.41992
1521664081343;24.149948;78.32872;-40.38965
1521664081351;22.539593;67.408714;-37.65918
1521664081363;22.539593;59.21995;-35.0
1521664081371;23.44975;53.899616;-32.549805
1521664081382;25.549852;50.049995;-30.239746
1521664081391;26.879932;45.77947;-27.299805
1521664081408;26.80962;40.460114;-24.07959
1521664081411;23.659712;30.37994;-20.159668
1521664081422;21.55961;25.199755;-16.589844
1521664081432;19.599646;22.049847;-12.949951
1521664081443;17.079622;20.43998;-9.309814
1521664081451;12.250011;19.389685;-5.8099365
1521664081463;6.369998;16.449738;-3.8499756
1521664081471;2.309998;13.369885;-1.3299866
1521664081482;-0.34999847;10.849863;1.399994
1521664081491;-3.5699463;7.9099154;3.2199714
1521664081506;-7.1398926;5.179934;4.5499287
1521664081512;-10.779785;2.309998;6.0899687
1521664081523;-13.649902;-0.34999847;7.979984
1521664081531;-13.019775;-4.339966;9.379891
1521664081543;-12.389893;-7.209961;11.129893
1521664081551;-12.25;-10.219971;13.089856
1521664081563;-14.769775;-13.859863;14.629896
1521664081571;-14.209961;-16.449707;16.239777
1521664081583;-12.109863;-17.84961;17.849642
1521664081591;-10.149902;-20.439941;19.250036
1521664081606;-7.3499756;-24.70996;20.859901
1521664081612;-3.8499756;-30.09961;22.960003
1521664081623;-0.69999695;-35.20996;26.319874
1521664081631;0.48999786;-40.179688;29.889704
1521664081643;1.399994;-46.40918;34.859505
1521664081652;-0.20999908;-51.029297;37.86928
1521664081664;-0.83999634;-57.049805;41.019688
1521664081671;-1.8199768;-62.509766;44.86931
1521664081683;-5.1099854;-67.68945;48.159363
1521664081691;-7.0;-72.6582;51.239452
1521664081706;-9.589844;-78.328125;55.649624
1521664081713;-12.039795;-85.39844;60.61937
1521664081723;-14.139893;-91.69922;66.43019
1521664081731;-13.649902;-98.9082;72.52008
1521664081743;-9.72998;-107.728516;78.88927
1521664081751;-7.209961;-120.46875;87.639336
1521664081767;-7.3499756;-127.11914;91.84054
1521664081772;-9.589844;-133.34766;94.63939
1521664081784;-13.089844;-139.4375;97.860115
1521664081793;-18.549805;-147.6289;101.14921
1521664081806;-21.069824;-157.70703;103.45977
1521664081812;-20.22998;-166.3164;106.11995
1521664081823;-19.669922;-173.45703;108.920746
1521664081832;-20.929688;-181.15625;111.51061
1521664081843;-30.379883;-188.57812;113.12
1521664081852;-38.989258;-193.26953;113.68055
1521664081864;-51.029297;-196.34766;113.539925
1521664081872;-51.65918;-204.95703;112.28015
1521664081883;-50.469727;-208.45703;111.02038
1521664081892;-45.429688;-210.13672;110.25084
1521664081906;-36.3291;-209.08984;110.38951
1521664081912;-30.379883;-210.0664;112.97937
1521664081923;-31.009766;-220.21875;117.039955
1521664081932;-30.09961;-233.86719;119.06927
1521664081943;-17.989746;-241.28906;119.35052
1521664081952;-3.079956;-237.08984;119.280205
1521664081963;14.769789;-229.8086;117.670815
1521664081972;30.589901;-219.3789;118.37004
1521664081983;33.670048;-219.72656;122.709915
1521664081992;30.869686;-228.19922;123.760704
1521664082007;37.86928;-232.25781;124.319305
1521664082013;46.75994;-228.26953;126.06932
1521664082024;51.099804;-225.60938;124.950165
1521664082033;54.670128;-225.39844;122.85054
1521664082044;56.06955;-221.19922;122.0107
1521664082052;47.389828;-215.52734;122.28999
1521664082064;36.750137;-216.57812;120.9599
1521664082072;30.869686;-216.29688;118.44035
1521664082084;23.169966;-211.60938;115.85049
1521664082093;13.929944;-201.45703;111.78991
1521664082107;6.2299833;-198.23828;106.95979
1521664082115;4.3399677;-195.36719;102.05937
1521664082123;5.9499536;-186.47656;99.95974
1521664082132;6.859988;-177.9375;98.97926
1521664082144;1.7500001;-177.65625;97.510506
1521664082152;-6.8599854;-180.38672;94.07884
1521664082164;-14.0;-177.23828;89.25068
1521664082172;-13.159912;-165.96875;86.65886
1521664082184;-12.669922;-151.47656;85.11979
1521664082192;-11.409912;-144.26953;80.98889
1521664082207;-12.179932;-140.41797;76.71933
1521664082212;-13.369873;-135.79688;74.05916
1521664082223;-12.109863;-130.89844;70.90874
1521664082232;-9.379883;-121.6582;68.10989
1521664082244;-8.75;-111.71875;64.398926
1521664082252;-10.079834;-101.078125;61.17992
1521664082264;-13.579834;-90.43945;56.27951
1521664082272;-13.649902;-79.51953;53.059772
1521664082286;-13.22998;-70.208984;49.349796
1521664082292;-8.539795;-62.15918;45.63982
1521664082305;-6.0198975;-55.36914;42.00016
1521664082313;-3.079956;-49.90918;36.609512
1521664082323;6.78992;-35.13965;33.03919
1521664082332;14.209974;-24.219727;31.009825
1521664082346;16.379913;-18.619629;26.599659
1521664082355;16.939972;-15.119873;20.719765
1521664082364;14.419935;-8.469971;15.469985
1521664082372;13.089856;1.7500001;10.289804
1521664082383;13.929944;11.899913;5.9499536
1521664082392;18.199741;20.43998;3.5000007
1521664082405;19.179724;24.710007;-0.13999939
1521664082414;16.730011;25.12993;-6.159912
1521664082425;12.250011;26.80962;-11.339844
1521664082432;5.6699243;39.339993;-19.109863
1521664082444;1.9599916;50.819527;-23.659668
1521664082452;-1.2599792;59.500225;-28.069824
1521664082464;-3.2199707;64.11963;-31.70996
1521664082472;-4.129883;65.72901;-34.649414
1521664082483;-4.409912;66.35988;-36.95996
1521664082494;-3.7799683;67.47903;-39.19922
1521664082504;-4.7598877;69.299355;-42.0
1521664082515;-6.7199707;72.30914;-44.939453
1521664082524;-6.7199707;78.04942;-47.59961
1521664082533;-5.3898926;84.48892;-49.279297
1521664082545;-0.9099884;88.96942;-53.40918
1521664082553;3.8499763;91.55929;-54.45996
1521664082565;7.4899936;93.44993;-56.76953
1521664082573;9.659921;95.76049;-58.589844
1521664082584;8.679939;97.7898;-60.969727
1521664082593;5.879885;100.30936;-63.55957
1521664082608;4.7598896;105.2801;-65.6582
1521664082613;5.2500024;111.7196;-66.708984
1521664082624;5.0399194;116.05948;-68.94922
1521664082633;6.2299833;118.64934;-71.46875
1521664082645;8.750008;120.39935;-73.009766
1521664082653;11.409923;122.43062;-74.26953
1521664082666;12.389904;123.20016;-76.509766
1521664082673;11.409923;123.05953;-78.18945
1521664082684;10.779795;123.54977;-80.98828
1521664082693;9.309823;125.51072;-82.80859
1521664082705;7.4899936;127.12011;-86.86914
1521664082713;7.0699496;131.45903;-88.33984
1521664082724;6.859988;136.56848;-88.12891
1521664082732;7.979984;138.95132;-90.578125
1521664082744;10.359873;140.4201;-92.609375
1521664082752;20.230019;143.70921;-90.92969
1521664082765;28.069878;146.79129;-87.98828
1521664082773;29.399958;135.93956;-92.328125
1521664082784;26.25005;130.13089;-94.078125
1521664082792;23.44975;130.40823;-93.86914
1521664082805;17.919954;130.90042;-99.04883
1521664082815;20.089882;138.95132;-99.53906
1521664082824;27.15972;151.6898;-96.31836
1521664082832;33.1095;156.24066;-98.06836
1521664082845;39.899563;155.75237;-97.78906
1521664082853;40.039215;149.17024;-98.2793
1521664082865;33.1095;135.86925;-103.59961
1521664082872;23.23979;127.54003;-106.04883
1521664082884;0.9799957;124.87985;-112.13867
1521664082892;-6.369995;130.34183;-116.05859
1521664082905;-4.339966;141.61153;-116.19922
1521664082916;3.359986;150.50229;-116.759766
1521664082924;17.709993;154.56094;-115.359375
1521664082932;28.839897;155.33049;-112.0
1521664082944;24.710007;148.04913;-113.81836
1521664082952;6.5098906;133.56062;-119.13867
1521664082965;-12.5998535;124.600555;-119.62891
1521664082972;-27.649902;125.020485;-114.16992
1521664082984;-40.80957;130.34183;-112.55859
1521664082993;-42.13965;138.74039;-112.83984
1521664083007;-25.129883;152.81091;-114.16992
1521664083013;-22.679688;155.04924;-114.44922
1521664083024;-33.529297;149.31087;-111.859375
1521664083032;-47.80957;139.72087;-109.54883
1521664083045;-57.469727;134.40048;-105.55859
1521664083053;-62.15918;134.88876;-101.359375
1521664083065;-64.53906;138.67007;-100.37891
1521664083073;-58.729492;143.77953;-100.86914
1521664083086;-51.239258;150.50229;-96.87891
1521664083093;-49.20996;150.77963;-93.30859
1521664083108;-46.129883;145.31862;-91.0
1521664083115;-25.899902;140.9787;-81.26953
1521664083125;-17.70996;136.77942;-77.06836
1521664083133;-13.649902;133.90828;-73.359375
1521664083145;-13.929932;132.02155;-69.78906
1521664083153;-10.919922;129.63869;-67.54883
1521664083165;-6.089966;128.38086;-65.09961
1521664083173;4.5499287;126.209946;-63.41992
1521664083184;19.389685;123.96969;-61.039062
1521664083193;34.649544;120.32904;-58.729492
1521664083208;44.099777;113.889534;-56.76953
1521664083213;47.59979;104.51056;-55.15918
1521664083224;41.159336;89.25068;-54.039062
1521664083233;37.729633;81.96937;-53.19922
1521664083245;38.639793;78.39903;-52.289062
1521664083253;42.13981;77.62949;-51.729492
1521664083265;43.329266;73.56892;-50.75
1521664083273;44.38005;66.21925;-48.439453
1521664083284;42.90934;59.289288;-45.0791
1521664083293;40.109528;53.40938;-41.929688
1521664083307;36.609512;49.069523;-38.779297
1521664083315;33.460087;45.50017;-35.979492
1521664083325;29.750055;42.21012;-33.529297
1521664083333;26.879932;38.989403;-29.95996
1521664083345;26.46001;34.929817;-26.80957
1521664083353;24.919968;31.639708;-23.169922
1521664083365;21.55961;27.089895;-20.439941
1521664083373;19.039587;23.099653;-17.639648
1521664083385;17.289583;20.089882;-14.0
1521664083394;14.209974;17.989779;-11.269775
1521664083409;10.009775;15.25978;-9.379883
1521664083414;5.4599633;11.759776;-6.9299316
1521664083425;0.83999634;8.119881;-3.919983
1521664083433;-2.9399414;5.599978;-1.539978
1521664083445;-5.8099365;4.199953;0.9099884
1521664083453;-10.8498535;0.55999756;3.2899787
1521664083465;-14.839844;-3.289978;5.879885
1521664083473;-19.45996;-7.3499756;8.259773
1521664083485;-20.509766;-10.709961;10.429941
1521664083493;-19.879883;-12.109863;13.509778
1521664083508;-19.59961;-13.649902;16.939972
1521664083514;-20.159668;-16.659668;20.089882
1521664083525;-22.75;-20.78955;23.589888
1521664083533;-26.669922;-26.179688;26.529835
1521664083545;-28.139648;-30.589844;30.16998
1521664083553;-28.629883;-33.109375;34.509895
1521664083566;-31.70996;-38.359375;40.460114
1521664083573;-39.899414;-46.26953;44.099777
1521664083585;-51.86914;-56.13965;47.109554
1521664083593;-59.70996;-63.979492;49.210148
1521664083607;-65.23828;-68.59961;52.71016
1521664083614;-66.84961;-71.75;56.48947
1521664083626;-63.839844;-74.54883;59.3596
1521664083635;-59.84961;-78.88867;63.13989
1521664083646;-55.5791;-86.0293;67.54934
1521664083654;-49.34961;-91.83984;72.729065
1521664083666;-42.839844;-96.80859;78.26036
1521664083674;-35.76953;-103.03906;85.75065
1521664083685;-27.299805;-111.71875;90.86006
1521664083693;-21.0;-117.31836;96.11011
1521664083707;-14.559814;-124.31836;99.61013
1521664083714;-9.169922;-130.40625;102.05937
1521664083725;-6.2999268;-135.16797;105.0008
1521664083733;-5.25;-139.50781;107.94027
1521664083746;-3.289978;-143.91797;110.0399
1521664083754;-4.409912;-150.14844;112.13953
1521664083766;-3.7799683;-158.33984;113.75086
1521664083773;1.9599916;-163.9375;116.40909
1521664083785;4.1298847;-166.45703;118.93059
1521664083793;-0.769989;-173.66797;121.10053
1521664083810;-8.539795;-179.0586;123.05953
1521664083815;-11.409912;-184.79688;124.18063
1521664083826;-4.8999023;-185.91797;123.899376
1521664083834;2.099976;-182.20703;123.96969
1521664083846;7.629886;-179.96875;124.53024
1521664083854;12.599865;-181.57812;126.559555
1521664083866;13.719983;-185.63672;130.27151
1521664083873;10.009775;-196.0;132.86139
1521664083885;13.509778;-203.41797;134.04892
1521664083894;17.569857;-200.54688;133.77156
1521664083909;17.42972;-191.23828;132.43951
1521664083915;14.699965;-186.54688;130.97073
1521664083926;10.639902;-186.89844;129.63869
1521664083935;7.9099154;-192.21875;126.209946
1521664083947;12.250011;-195.57812;123.899376
1521664083954;17.989779;-194.25;122.92085
1521664083966;22.329632;-193.89844;122.360306
1521664083973;21.419962;-194.66797;122.43062
1521664083985;12.599865;-196.6289;120.819275
1521664083993;6.0199003;-198.86719;118.229416
1521664084009;3.2899787;-196.76953;113.75086
1521664084015;11.549815;-181.4375;109.7606
1521664084026;10.289804;-168.5586;108.639496
1521664084035;1.6099855;-162.8164;108.85043
1521664084047;-11.969971;-164.5664;106.260574
1521664084054;-19.80957;-167.85938;102.27031
1521664084066;-20.57959;-164.77734;100.37967
1521664084074;-16.72998;-158.75781;96.039795
1521664084085;-9.449951;-150.91797;92.81906
1521664084094;-3.9899902;-142.72656;88.76044
1521664084109;-0.55999756;-133.97656;86.37956
1521664084116;-4.4799805;-127.81836;86.100266
1521664084127;-12.459961;-127.46875;84.13931
1521664084135;-29.32959;-130.26953;76.64902
1521664084147;-29.609863;-124.66992;73.01032
1521664084155;-27.019531;-113.958984;73.28962
1521664084166;-25.129883;-106.67969;69.299355
1521664084174;-28.629883;-103.59961;64.88916
1521664084185;-30.30957;-100.728516;60.13011
1521664084195;-29.259766;-95.61914;57.259983
1521664084209;-25.759766;-88.19922;53.689655
1521664084215;-22.32959;-79.51953;52.92012
1521664084226;-22.53955;-74.828125;49.76972
1521664084234;-23.029785;-71.81836;47.109554
1521664084246;-23.029785;-65.93945;43.889812
1521664084254;-21.699707;-61.25;41.78922
1521664084268;-18.689941;-53.899414;39.05972
1521664084274;-14.3498535;-46.899414;35.909313
1521664084285;-9.23999;-41.299805;33.389774
1521664084294;-5.949951;-37.239258;30.730038
1521664084308;-4.339966;-33.25;28.559624
1521664084315;-3.5;-30.029785;25.339891
1521664084325;-4.199951;-26.03955;21.699747
1521664084334;-5.3898926;-20.509766;17.63968
1521664084346;-4.9699707;-14.909912;13.1599245
1521664084354;-2.3799438;-7.1398926;7.55994
1521664084367;-0.83999634;-2.7299805;4.199953
1521664084376;1.3299867;0.83999634;1.8199769
1521664084388;2.309998;3.4299934;-1.2599792
1521664084395;2.099976;4.7598896;-4.8999023
1521664084410;-1.2599792;6.859988;-9.589844
1521664084416;-2.4499512;12.599865;-13.089844
1521664084426;-2.7299805;20.509804;-16.239746
1521664084434;-3.919983;27.789602;-18.47998
1521664084446;-3.079956;31.639708;-22.259766
1521664084455;-4.129883;34.22962;-23.659668
1521664084466;-4.9699707;36.049942;-26.179688
1521664084474;-3.2199707;42.069496;-29.119629
1521664084487;-1.0499878;47.109554;-30.869629
1521664084495;1.4699708;51.449413;-32.40918
1521664084506;3.7099617;54.460167;-33.039062
1521664084515;4.3399677;55.300014;-35.0
1521664084527;4.619997;57.53928;-36.609375
1521664084536;6.2999296;61.38988;-37.51953
1521664084547;8.329842;65.17042;-39.61914
1521664084555;9.93995;68.7388;-41.36914
1521664084567;12.179943;72.02985;-43.609375
1521664084575;13.719983;75.52987;-45.0791
1521664084587;13.1599245;79.86974;-49.979492
1521664084595;12.389904;84.840485;-52.0791
1521664084608;12.250011;89.45966;-54.739258
1521664084615;13.229993;92.88937;-57.399414
1521664084627;13.649915;94.989;-60.05957
1521664084635;15.399917;96.60034;-63.069336
1521664084647;17.42972;100.59061;-66.7793
1521664084655;18.339878;107.37972;-69.92969
1521664084667;20.509804;113.889534;-74.05859
1521664084675;22.819866;120.120056;-77.13867
1521664084687;27.439993;123.760704;-79.44922
1521664084695;31.639708;124.73923;-85.04883
1521664084708;30.799862;124.73923;-87.5
1521664084715;29.889704;126.48924;-91.978516
1521664084727;26.669971;132.3692;-95.19922
1521664084736;22.11967;136.0802;-101.42969
1521664084747;19.459997;140.56073;-106.53906
1521664084755;19.389685;146.79129;-110.59961
1521664084767;22.819866;152.52966;-112.76953
1521664084775;26.529835;154.42032;-114.30859
1521664084787;25.969774;151.47887;-117.17969
1521664084795;24.849655;145.59987;-121.93945
1521664084808;26.949757;142.86935;-124.73828
1521664084815;21.909708;143.92015;-126.76953
1521664084827;12.109875;144.97095;-129.28906
1521664084835;3.149964;152.04138;-128.9375
1521664084847;-6.7199707;159.95164;-130.19922
1521664084855;-18.82959;161.06886;-134.46875
1521664084867;-29.95996;156.02972;-138.8789
1521664084875;-29.469727;153.93202;-139.01953
1521664084887;-20.649902;155.54143;-136.5
1521664084895;-10.569824;157.43208;-132.85938
1521664084908;-5.73999;157.63911;-130.0586
1521664084916;-4.8999023;156.52191;-128.3086
1521664084927;-25.269531;153.51015;-127.328125
1521664084936;-40.45996;150.50229;-127.18945
1521664084948;-49.41992;151.6898;-124.66992
1521664084956;-53.05957;154.9086;-122.359375
1521664084967;-45.219727;158.27194;-119.34961
1521664084975;-25.47998;164.85016;-113.11914
1521664084987;-15.609863;169.11977;-107.86914
1521664084995;-20.719727;155.54143;-107.728516
1521664085008;-30.239746;144.27173;-105.34961
1521664085016;-43.88965;141.95918;-102.478516
1521664085029;-50.399414;144.61938;-103.03906
1521664085036;-47.739258;156.86957;-103.17969
1521664085047;-42.489258;157.92036;-101.21875
1521664085056;-36.88965;153.51015;-98.2793
1521664085067;-24.989746;143.99046;-96.5293
1521664085076;-13.789795;138.04117;-92.39844
1521664085087;-9.72998;131.252;-90.78906
1521664085095;-8.75;128.93945;-88.26953
1521664085108;-6.369995;133.06844;-83.509766
1521664085116;0.83999634;136.6388;-81.05859
1521664085127;10.429941;138.59976;-77.69922
1521664085136;17.779818;135.86925;-73.708984
1521664085148;30.939999;128.09961;-72.0293
1521664085156;38.710106;115.9208;-69.64844
1521664085168;42.489418;110.73912;-69.1582
1521664085176;41.22965;106.53987;-69.08984
1521664085188;40.039215;103.03985;-68.80859
1521664085196;36.750137;99.68044;-66.84961
1521664085220;29.81988;88.76044;-63.629883
1521664085228;30.16998;83.86001;-60.8291
1521664085236;30.449764;79.0299;-58.09961
1521664085247;32.059692;74.40877;-55.649414
1521664085255;30.730038;70.000534;-52.0791
1521664085267;23.589888;61.17992;-48.01953
1521664085275;19.250036;55.229702;-44.589844
1521664085287;15.049819;50.329292;-40.319336
1521664085296;9.869882;45.63982;-37.86914
1521664085309;7.979984;41.43961;-35.13965
1521664085319;7.419925;37.939594;-31.639648
1521664085327;6.2299833;34.789192;-28.279785
1521664085335;3.6399543;30.939999;-25.47998
1521664085347;0.48999786;25.549852;-22.609863
1521664085355;-1.4699707;19.809607;-19.80957
1521664085367;-0.069999695;15.189956;-17.009766
1521664085375;4.0599384;10.21998;-13.019775
1521664085387;6.0899687;7.139896;-10.359863
1521664085395;6.859988;3.989991;-7.699951
1521664085409;6.649905;3.989991;-5.3898926
1521664085416;7.139896;-3.3599854;-2.869995
1521664085428;8.819832;-6.0198975;-2.869995
1521664085436;11.829844;-8.609863;2.4499516
1521664085448;13.509778;-10.8498535;5.3199487
1521664085456;13.299817;-14.629883;7.769901
1521664085468;11.759776;-19.25;10.99
1521664085476;9.379891;-24.149902;14.000013
1521664085488;10.149912;-28.279785;18.7598
1521664085496;9.239999;-31.28955;22.399944
1521664085519;5.0399194;-40.25;30.029842
1521664085528;5.1099877;-44.65918;34.22962
1521664085536;4.5499287;-46.549805;38.56948
1521664085548;3.5000007;-49.979492;42.34977
1521664085556;0.13999939;-55.789062;46.89959
1521664085568;-2.869995;-62.649414;51.02949
1521664085576;-2.3799438;-68.59961;54.88009
1521664085587;-1.1199951;-72.93945;59.14964
1521664085596;-0.27999878;-77.2793;63.00024
1521664085610;0.83999634;-83.36914;67.54934
1521664085618;-0.69999695;-87.359375;72.44977
1521664085627;-6.5098877;-94.7793;76.44003
1521664085636;-9.659912;-102.4082;80.21936
1521664085647;-12.879883;-107.37891;84.00064
1521664085656;-12.879883;-112.06836;86.37956
1521664085668;-12.529785;-115.84961;88.76044
1521664085675;-13.369873;-121.0293;91.6296
1521664085687;-13.859863;-127.328125;95.12963
1521664085696;-16.519531;-135.58984;98.55934
1521664085710;-16.939941;-141.88672;101.28983
1521664085717;-13.509766;-145.73828;105.06916
1521664085730;-13.859863;-148.67969;107.72933
1521664085737;-19.389648;-155.95703;110.879745
1521664085747;-21.0;-166.10938;112.13953
1521664085755;-12.389893;-170.65625;113.68055
1521664085767;-2.9399414;-169.8164;115.9208
1521664085777;5.9499536;-168.41797;118.29973
1521664085788;11.199962;-170.23828;120.469666
1521664085795;19.179724;-173.45703;123.479454
1521664085816;35.210094;-173.73828;133.34969
1521664085827;31.50006;-188.15625;138.1818
1521664085836;30.589901;-196.0;138.95132
1521664085847;30.730038;-197.11719;139.50993
1521664085856;31.149961;-193.82812;137.97084
1521664085867;33.529423;-187.45703;138.1818
1521664085877;25.89995;-182.83984;138.67007
1521664085888;17.709993;-183.67969;137.97084
1521664085896;13.1599245;-185.35938;137.83022
1521664085910;6.78992;-189.41797;137.68959
1521664085917;3.5000007;-197.53906;136.56848
1521664085927;7.979984;-203.0664;135.09972
1521664085936;15.679946;-202.29688;133.13875
1521664085947;19.1099;-192.63672;134.75204
1521664085957;10.99;-193.61719;131.95122
1521664085967;10.289804;-190.95703;131.11137
1521664085977;6.159915;-184.3789;129.91994
1521664085988;1.399994;-181.22656;126.42088
1521664085997;-1.1899719;-179.54688;122.14937
1521664086016;7.419925;-168.0664;117.11027
1521664086027;5.4599633;-165.47656;113.32899
1521664086036;4.9699726;-163.23828;111.09069
1521664086047;-0.6299896;-159.52734;109.54966
1521664086056;-3.2199707;-153.36719;102.40898
1521664086068;-5.5999756;-145.3164;99.88943
1521664086076;-9.939941;-138.3164;96.039795
1521664086087;-13.789795;-134.67969;91.20968
1521664086096;-16.449707;-130.96875;87.85027
1521664086110;-17.919922;-126.62891;84.77017
1521664086117;-18.689941;-121.09961;81.40882
1521664086127;-18.47998;-114.86914;77.20957
1521664086137;-19.109863;-109.05859;73.21931
1521664086148;-21.629883;-105.76953;67.61965
1521664086156;-20.089844;-98.41992;63.279537
1521664086168;-20.299805;-84.2793;58.02952
1521664086177;-20.649902;-76.64844;53.340046
1521664086188;-20.299805;-69.01953;49.210148
1521664086196;-19.59961;-61.879883;45.289234
1521664086217;-18.759766;-50.3291;35.630016
1521664086228;-15.329834;-44.029297;31.569883
1521664086237;-12.669922;-36.819336;28.419975
1521664086257;-13.439941;-24.219727;17.500032
1521664086268;-10.009766;-16.169922;13.1599245
1521664086277;-3.5;-8.679932;9.44996
1521664086288;4.619997;-3.6399536;6.2299833
1521664086297;7.419925;-0.9099884;3.2199714
1521664086317;8.329842;10.0798435;-4.409912
1521664086328;9.589852;17.989779;-7.3499756
1521664086337;8.609871;23.939985;-11.059814
1521664086350;10.149912;28.909721;-14.419922
1521664086356;9.519784;32.19934;-17.70996
1521664086368;8.049812;35.769665;-21.0
1521664086376;7.349979;40.17984;-24.07959
1521664086387;6.859988;45.920094;-26.529785
1521664086396;5.599978;53.269733;-30.659668
1521664086418;3.569947;60.759995;-35.629883
1521664086428;3.0799568;64.60986;-37.939453
1521664086437;1.399994;68.529816;-40.80957
1521664086449;0.48999786;72.65875;-43.469727
1521664086457;0.83999634;77.06895;-46.339844
1521664086469;1.3299867;81.76038;-49.13965
1521664086477;1.9599916;86.02995;-51.379883
1521664086489;2.3799443;90.02022;-53.129883
1521664086497;1.8899843;94.07884;-53.26953
1521664086519;-6.089966;100.37967;-61.879883
1521664086527;-8.889893;104.020325;-66.7793
1521664086536;-8.119873;112.28015;-68.59961
1521664086548;-6.5098877;118.579025;-71.67969
1521664086556;-2.9399414;122.50093;-75.25
1521664086568;1.7500001;126.28026;-76.228516
1521664086576;7.139896;128.5918;-77.76953
1521664086587;10.0798435;129.22072;-80.009766
1521664086596;9.93995;129.29103;-82.94922
1521664086610;11.689952;132.3692;-85.75
1521664086616;18.619663;137.34193;-88.05859
1521664086628;28.139702;144.06079;-87.91992
1521664086636;36.9601;149.02962;-84.69922
1521664086648;36.119278;144.90063;-87.21875
1521664086656;29.119684;136.56848;-90.859375
1521664086668;24.710007;134.25986;-93.44922
1521664086676;22.609905;140.20917;-94.21875
1521664086688;22.049847;146.02176;-97.29883
1521664086697;26.879932;150.77963;-99.609375
1521664086720;35.06947;153.58046;-98.208984
1521664086728;42.69938;150.29135;-95.68945
1521664086736;40.039215;132.86139;-102.26953
1521664086748;31.219786;123.69039;-103.5293
1521664086757;19.87992;119.13958;-103.94922
1521664086769;8.679939;121.520454;-107.44922
1521664086777;-2.2399902;129.709;-109.828125
1521664086788;-12.039795;139.36931;-111.43945
1521664086797;-14.139893;147.13896;-113.75
1521664086820;-11.829834;148.04913;-112.9082
1521664086828;-21.97998;130.47855;-114.6582
1521664086837;-28.20996;119.280205;-109.4082
1521664086848;-39.40918;112.8407;-111.78906
1521664086857;-41.439453;120.04974;-110.80859
1521664086868;-33.319336;133.20906;-108.98828
1521664086877;-22.259766;146.22879;-108.359375
1521664086888;-11.129883;149.5218;-107.728516
1521664086897;-11.129883;146.58035;-101.42969
1521664086917;-14.629883;123.20016;-96.80859
1521664086928;-20.089844;119.70013;-93.86914
1521664086937;-25.199707;124.45993;-92.67969
1521664086957;-8.329834;139.58025;-95.61914
1521664086968;3.0799568;142.72873;-94.21875
1521664086977;2.309998;134.95908;-94.009766
1521664086988;1.189972;120.819275;-94.14844
1521664086997;-7.1398926;111.4403;-91.2793
1521664087019;-25.409668;109.47935;-92.53906
1521664087028;-28.909668;120.61029;-91.978516
1521664087037;-33.319336;125.93064;-93.09961
1521664087049;-31.009766;122.709915;-91.62891
1521664087057;-24.009766;116.620026;-88.26953
1521664087069;-13.159912;107.94027;-85.81836
1521664087077;0.55999756;100.44998;-82.66992
1521664087088;2.729981;98.00075;-79.0293
1521664087097;-1.3299866;95.05932;-74.89844
1521664087118;1.1199952;94.36009;-68.17969
1521664087128;9.029794;97.578865;-63.55957
1521664087137;15.329848;95.40893;-61.109375
1521664087149;20.369667;92.04953;-58.30957
1521664087157;25.059618;87.07879;-56.0
1521664087169;26.599659;80.77991;-54.59961
1521664087178;27.15972;74.47908;-52.569336
1521664087189;27.859915;66.14894;-48.01953
1521664087197;25.829638;60.340073;-45.149414
1521664087220;23.939985;53.059772;-38.989258
1521664087228;23.23979;50.399605;-36.189453
1521664087237;22.819866;46.89959;-34.089844
1521664087249;22.399944;42.00016;-31.919922
1521664087257;21.55961;36.679825;-30.09961
1521664087269;21.210001;31.919981;-28.069824
1521664087277;20.579628;28.980034;-24.84961
1521664087289;20.01957;27.089895;-22.259766
1521664087298;18.619663;23.169966;-18.689941
1521664087318;14.000013;15.609878;-12.669922
1521664087338;10.99;11.759776;-7.699951
1521664087350;10.50001;9.93995;-5.73999
1521664087358;10.009775;8.609871;-3.3599854
1521664087370;9.379891;6.9299345;-1.3299866
1521664087378;6.2299833;4.619997;0.20999908
1521664087389;3.0099494;2.099976;2.309998
1521664087410;-1.2599792;-1.6799927;6.159915
1521664087418;-3.7799683;-3.3599854;9.029794
1521664087429;-5.879883;-4.9699707;11.339854
1521664087437;-6.7199707;-7.3499756;13.229993
1521664087449;-8.329834;-11.199951;15.469985
1521664087457;-10.219971;-15.049805;18.269566
1521664087477;-13.159912;-21.139648;23.869673
1521664087488;-16.029785;-25.759766;26.80962
1521664087497;-16.589844;-30.30957;30.239803
1521664087509;-13.929932;-33.319336;33.949345
1521664087520;-10.779785;-35.76953;37.519672
1521664087528;-9.309814;-39.26953;43.539227
1521664087539;-10.289795;-42.90918;48.299988
1521664087549;-9.379883;-47.529297;52.219925
1521664087557;-9.659912;-51.589844;55.719936
1521664087569;-9.659912;-56.279297;59.14964
1521664087577;-13.439941;-60.899414;63.4895
1521664087589;-17.429688;-66.42969;68.10989
1521664087598;-20.78955;-73.42969;73.63923
1521664087618;-27.369629;-86.09961;83.22915
1521664087630;-28.279785;-91.208984;87.43035
1521664087638;-30.799805;-102.05859;94.56908
1521664087650;-32.479492;-111.01953;99.39919
1521664087658;-31.07959;-118.509766;103.600395
1521664087678;-30.799805;-128.44922;110.45982
1521664087689;-35.69922;-134.88672;113.3993
1521664087697;-36.679688;-143.14844;115.430565
1521664087717;-33.179688;-160.22656;119.5595
1521664087729;-28.419922;-165.1289;119.629814
1521664087737;-22.259766;-169.8164;120.120056
1521664087749;-17.07959;-171.98828;120.19037
1521664087757;-25.619629;-178.00781;122.360306
1521664087769;-32.26953;-184.44922;121.65913
1521664087777;-38.219727;-188.08984;119.13958
1521664087789;-38.009766;-190.67969;116.82901
1521664087798;-31.149902;-191.72656;114.30946
1521664087819;-24.219727;-194.73828;115.85049
1521664087830;-17.149902;-204.67969;116.27042
1521664087837;-14.699951;-209.50781;117.25089
1521664087849;-15.259766;-214.6875;117.80949
1521664087857;-12.5998535;-214.89844;115.28994
1521664087869;-11.129883;-206.77734;112.8407
1521664087877;-9.589844;-205.3086;109.82896
1521664087889;-2.869995;-202.50781;108.28989
1521664087897;4.1298847;-202.15625;108.78012
1521664087918;20.299843;-209.29688;110.3192
1521664087929;27.929739;-206.21875;110.38951
1521664087937;32.689575;-197.67969;111.51061
1521664087949;31.569883;-192.5;111.15905
1521664087958;28.000053;-192.35938;110.67076
1521664087970;24.710007;-190.8164;109.96958
1521664087977;24.639694;-184.3086;105.77033
1521664087989;24.989792;-176.1875;105.70002
1521664087997;18.549839;-171.14844;104.44025
1521664088020;-1.8899841;-174.71875;100.03006
1521664088030;-6.9299316;-173.03906;96.53003
1521664088038;-10.8498535;-165.96875;94.989
1521664088050;-15.469971;-159.10938;92.39914
1521664088058;-20.719727;-156.16797;88.47919
1521664088070;-26.389648;-152.66797;87.70965
1521664088078;-32.689453;-147.90625;85.399086
1521664088090;-37.09961;-143.70703;80.078735
1521664088099;-34.089844;-138.73828;77.55918
1521664088110;-27.22998;-133.90625;76.44003
1521664088118;-19.25;-129.84766;74.34041
1521664088130;-12.669922;-127.46875;71.8189
1521664088138;-7.1398926;-124.66992;69.43998
1521664088158;0.069999695;-106.39844;66.70949
1521664088179;1.3299867;-90.64844;60.759995
1521664088199;6.859988;-80.21875;53.550007
1521664088220;15.329848;-64.67969;45.98943
1521664088238;10.149912;-51.51953;36.469864
1521664088250;6.649905;-43.11914;29.679743
1521664088258;5.2500024;-32.969727;23.730024
1521664088270;6.0899687;-23.72998;18.689976
1521664088278;5.879885;-17.07959;13.509778
1521664088289;4.619997;-12.389893;8.39991
1521664088298;3.6399543;-6.9299316;3.359986
1521664088320;-2.169983;11.059825;-12.949951
1521664088330;0.069999695;21.629923;-17.429688
1521664088338;1.2599794;30.730038;-22.53955
1521664088350;1.8899843;37.519672;-27.509766
1521664088358;3.569947;44.38005;-33.25
1521664088370;6.4399443;54.88009;-36.049805
1521664088378;8.539803;64.11963;-40.879883
1521664088390;10.569834;72.59039;-45.009766
1521664088398;15.119887;80.85022;-47.38965
1521664088410;20.789589;87.21941;-49.76953
1521664088430;32.619263;96.039795;-55.439453
1521664088438;36.049942;103.11016;-58.379883
1521664088450;37.170063;108.3602;-61.529297
1521664088458;36.679825;113.04969;-64.328125
1521664088470;39.199368;117.8798;-66.63867
1521664088478;42.21012;120.750916;-68.03906
1521664088490;43.329266;120.32904;-70.978516
1521664088499;45.42986;118.44035;-74.12891
1521664088518;40.880035;119.280205;-79.37891
1521664088530;35.000134;122.709915;-81.759766
1521664088539;28.629936;125.15916;-84.9082
1521664088559;20.43998;131.45903;-91.48828
1521664088579;25.969774;131.95122;-95.33984
1521664088599;22.609905;128.31055;-97.92969
1521664088618;17.009798;131.04106;-98.83984
1521664088630;13.1599245;132.29889;-100.6582
1521664088639;8.750008;131.45903;-104.64844
1521664088650;10.009775;133.56062;-107.09961
1521664088660;16.939972;141.33028;-108.009766
1521664088670;21.069864;144.83032;-108.21875
1521664088678;20.01957;144.06079;-107.23828
1521664088690;11.689952;137.34193;-111.578125
1521664088698;8.819832;134.5411;-113.328125
1521664088712;4.5499287;136.00989;-114.44922
1521664088730;-0.6299896;135.72862;-123.26953
1521664088738;9.16993;145.31862;-122.98828
1521664088750;20.230019;155.81877;-120.609375
1521664088758;19.459997;158.6196;-118.29883
1521664088778;2.519959;145.04128;-120.39844
1521664088790;-4.8999023;141.18965;-121.93945
1521664088799;-7.279907;140.77167;-122.14844
1521664088811;-7.419922;142.02951;-123.19922
1521664088830;3.5000007;150.43198;-117.94922
1521664088838;5.9499536;148.75226;-115.5
1521664088860;-8.959961;136.92004;-115.5
1521664088879;-36.189453;137.54897;-119.41992
1521664088899;-27.439941;164.15094;-123.89844
1521664088911;-22.75;166.31894;-122.21875
1521664088921;-24.149902;160.29932;-118.78906
1521664088939;-39.40918;131.252;-116.33984
1521664088950;-45.84961;130.83011;-114.0293
1521664088958;-48.01953;140.20917;-113.81836
1521664088978;-40.59961;160.7915;-117.458984
1521664088990;-29.259766;164.92047;-111.578125
1521664088998;-21.629883;152.7406;-103.66992
1521664089020;11.479991;132.02155;-94.28906
1521664089030;13.929944;127.0498;-86.93945
1521664089039;9.379891;124.45993;-82.03906
1521664089059;9.659921;127.68066;-72.37891
1521664089079;19.179724;117.45988;-65.30859
1521664089090;20.579628;105.48908;-64.11914
1521664089099;24.56987;95.82885;-63.69922
1521664089113;35.48939;89.110054;-60.899414
1521664089130;41.719883;77.84043;-59.359375
1521664089139;42.55973;69.930214;-55.089844
1521664089159;48.369324;60.40941;-47.879883
1521664089179;51.02949;54.739464;-42.55957
1521664089199;45.569508;45.079273;-37.65918
1521664089213;40.17984;40.670074;-36.75
1521664089230;26.669971;31.359922;-31.70996
1521664089239;22.609905;28.139702;-28.629883
1521664089259;10.919931;23.659712;-22.049805
1521664089279;-2.0299683;17.989779;-16.029785
1521664089299;-11.549805;11.479991;-10.5
1521664089313;-13.929932;10.919931;-8.609863
1521664089321;-17.009766;9.869882;-7.1398926
1521664089340;-21.489746;5.2500024;-2.3799438
1521664089352;-22.119629;3.569947;-1.0499878
1521664089361;-22.189941;1.6799928;0.48999786
1521664089380;-20.369629;-0.34999847;3.149964
1521664089400;-17.70996;-2.2399902;5.599978
1521664089415;-15.679932;-3.7799683;7.0000033
1521664089421;-14.3498535;-4.8999023;8.049812
1521664089439;-12.109863;-7.5599365;9.379891
1521664089460;-11.269775;-8.959961;10.289804
1521664089479;-9.029785;-11.409912;11.199962
1521664089500;-4.8999023;-12.389893;11.549815
1521664089511;-3.9899902;-12.879883;12.179943
1521664089522;-4.199951;-13.509766;12.599865
1521664089539;-4.829956;-14.699951;13.369885
1521664089560;-3.8499756;-14.279785;13.509778
1521664089579;-5.5999756;-14.97998;13.019788
1521664089599;-5.8099365;-15.049805;13.229993
1521664089615;-6.5098877;-14.909912;13.229993
1521664089621;-8.469971;-15.469971;13.579846
1521664089632;-10.569824;-16.30957;13.789807
1521664089641;-11.829834;-16.519531;13.649915
1521664089660;-11.129883;-15.329834;12.809826
1521664089680;-12.459961;-15.469971;12.459972
1521664089700;-13.089844;-16.939941;11.759776
1521664089714;-12.179932;-16.449707;11.689952
1521664089721;-11.269775;-15.469971;12.109875
1521664089739;-12.389893;-14.629883;11.479991
1521664089759;-12.319824;-15.889893;11.059825
1521664089780;-11.409912;-16.169922;10.009775
1521664089799;-10.219971;-15.329834;8.959969
1521664089813;-9.939941;-14.699951;8.679939
1521664089821;-9.589844;-14.0;8.750008
1521664089840;-7.3499756;-13.089844;8.469978
1521664089860;-5.1799316;-11.899902;7.6999545
1521664089880;-4.339966;-10.079834;6.649905
1521664089900;-3.2199707;-8.469971;5.6699243
1521664089920;-3.1499634;-7.629883;4.8999043
1521664089940;-2.2399902;-6.789917;4.3399677
1521664089952;-2.4499512;-6.159912;4.2698994
1521664089961;-2.3099976;-5.529907;3.779969
1521664089972;-3.2199707;-5.039917;3.6399543
1521664089981;-3.8499756;-4.619995;3.4299934
1521664090000;-3.3599854;-3.0099487;3.0099494
1521664090015;-3.1499634;-2.6599731;2.4499516
1521664090021;-2.7299805;-2.169983;2.2399907
1521664090040;-0.27999878;-0.83999634;2.099976
1521664090060;0.34999847;-1.1199951;1.6799928
1521664090080;-0.69999695;-0.41999817;1.4699708
1521664090100;-1.75;0.6299896;1.189972
1521664090120;-0.41999817;0.9799957;1.4699708
1521664090140;0.34999847;1.1199952;1.2599794
1521664090160;-0.069999695;1.7500001;1.1199952
1521664090180;-2.0299683;0.69999695;0.9099884
1521664090200;-1.6099854;1.0499879;0.48999786
1521664090215;-2.0999756;0.9799957;0.769989
1521664090221;-2.9399414;0.769989;1.0499879
1521664090240;-3.709961;1.3299867;2.0299687
1521664090260;-3.3599854;1.2599794;2.2399907
1521664090280;-5.73999;0.41999817;2.4499516
1521664090300;-6.7199707;0.55999756;2.729981
1521664090315;-6.159912;0.55999756;2.6599736
1521664090323;-5.3898926;0.27999878;2.7999883
1521664090332;-5.669922;-0.48999786;3.0099494
1521664090341;-6.2299805;-0.83999634;2.7999883
1521664090360;-4.4799805;-0.27999878;2.729981
1521664090380;-4.199951;-0.069999695;2.6599736
1521664090400;-4.619995;-1.0499878;2.5899663
1521664090415;-4.339966;-0.83999634;2.8699956
1521664090422;-3.079956;-0.13999939;2.5899663
1521664090432;-2.9399414;0.20999908;3.0099494
1521664090441;-2.869995;0.41999817;2.5899663
1521664090452;-2.5199585;0.769989;2.519959
1521664090461;-2.5199585;0.69999695;2.7999883
1521664090472;-3.9899902;0.069999695;3.0799568
1521664090481;-2.9399414;0.48999786;2.7999883
1521664090492;-2.7299805;0.9799957;2.939942
1521664090501;-3.1499634;0.83999634;3.0799568
1521664090514;-4.0599365;0.069999695;3.149964
1521664090522;-4.829956;-0.13999939;3.0799568
1521664090533;-4.339966;0.55999756;3.0799568
1521664090541;-4.2698975;0.83999634;3.359986
1521664090553;-4.199951;0.20999908;3.6399543
1521664090561;-4.129883;-0.34999847;3.2899787
1521664090573;-4.199951;-0.48999786;3.2199714
1521664090582;-4.199951;-0.20999908;2.729981
1521664090593;-4.409912;-0.13999939;2.729981
1521664090601;-3.8499756;-0.34999847;3.0099494
1521664090615;-3.079956;-1.0499878;2.729981
1521664090623;-3.289978;-1.3299866;2.939942
1521664090640;-2.0999756;-1.2599792;2.939942
1521664090660;-2.5899658;-0.6299896;3.0799568
1521664090672;-3.0099487;-0.55999756;3.4299934
1521664090681;-2.7299805;-0.83999634;3.6399543
1521664090692;-2.7299805;-0.9799957;3.569947
1521664090701;-1.3999939;-1.0499878;3.359986
1521664090714;-1.1199951;-0.769989;3.149964
1521664090721;-1.8199768;-0.83999634;2.8699956
1521664090732;-2.3099976;-0.9099884;3.149964
1521664090741;-2.9399414;-1.1899719;2.729981
1521664090753;-2.869995;-1.3299866;2.5899663
1521664090762;-2.5199585;-1.4699707;2.519959
1521664090773;-1.8199768;-1.75;2.1699834
1521664090783;-1.3299866;-1.1899719;1.9599916
1521664090794;-2.6599731;-1.1899719;1.8899843
1521664090812;-2.869995;-1.6799927;1.6099855
1521664090846;-2.6599731;-1.4699707;1.6099855
