1521663674257;-7.1;14.6;0.8;-2.4;21.6;-20.800001
1521663674264;-7.0;14.5;0.8;-2.4;21.6;-20.800001
1521663674275;-7.0;14.400001;0.8;-2.4;21.6;-20.800001
1521663674284;-6.9;14.3;0.7;-2.4;21.6;-20.800001
1521663674295;-6.8;14.2;0.8;-2.4;21.6;-20.800001
1521663674304;-6.7000003;14.1;0.8;-2.4;21.6;-20.800001
1521663674316;-6.7000003;14.0;0.8;-2.4;21.6;-20.800001
1521663674325;-6.6;13.900001;0.8;-2.4;21.6;-20.800001
1521663674335;-6.5;13.8;0.8;-2.4;21.6;-20.800001
1521663674344;-6.4;13.7;0.8;-2.4;21.6;-20.800001
1521663674364;-6.3;13.6;0.7;-2.4;21.6;-20.800001
1521663674376;-6.2000003;13.5;0.7;-2.4;21.6;-20.800001
1521663674385;-6.1;13.400001;0.8;-2.4;21.6;-20.800001
1521663674405;-6.1;13.400001;0.7;-2.4;21.6;-20.800001
1521663674416;-6.1;13.400001;0.8;-2.4;21.6;-20.800001
1521663674449;-6.1;13.400001;0.6;-2.4;21.6;-20.800001
1521663674456;-6.1;13.400001;0.7;-2.4;21.6;-20.800001
1521663674505;-6.1;13.400001;0.8;-2.4;21.6;-20.800001
1521663674515;-6.0;13.400001;0.8;-2.4;21.6;-20.800001
1521663674524;-6.1;13.400001;0.8;-2.4;21.6;-20.800001
1521663674545;-6.0;13.400001;0.90000004;-2.4;21.6;-20.800001
1521663674568;-6.1;13.5;0.90000004;-2.4;21.6;-20.800001
1521663674575;-6.1;13.5;1.0;-2.4;21.6;-20.800001
1521663674616;-6.1;13.5;0.90000004;-2.4;21.6;-20.800001
1521663674624;-6.1;13.5;1.0;-2.4;21.6;-20.800001
1521663674635;-6.1;13.5;0.90000004;-2.4;21.6;-20.800001
1521663674648;-6.1;13.5;1.0;-2.4;21.6;-20.800001
1521663674655;-6.1;13.400001;0.90000004;-2.4;21.6;-20.800001
1521663674665;-6.1;13.5;0.90000004;-2.4;21.6;-20.800001
1521663674676;-6.1;13.5;1.0;-2.4;21.6;-20.800001
1521663674684;-6.2000003;13.5;0.90000004;-2.4;21.6;-20.800001
1521663674696;-6.2000003;13.6;1.0;-2.4;21.6;-20.800001
1521663674704;-6.3;13.7;1.1;-2.4;21.6;-20.800001
1521663674716;-6.4;13.7;1.1;-2.4;21.6;-20.800001
1521663674725;-6.5;13.8;1.2;-2.4;21.6;-20.800001
1521663674736;-6.5;13.900001;1.2;-2.4;21.6;-20.800001
1521663674744;-6.6;13.900001;1.4;-2.4;21.6;-20.800001
1521663674756;-6.6;14.0;1.3000001;-2.4;21.6;-20.800001
1521663674764;-6.7000003;14.0;1.3000001;-2.4;21.6;-20.800001
1521663674776;-6.7000003;14.1;1.3000001;-2.4;21.6;-20.800001
1521663674785;-6.8;14.2;1.3000001;-2.4;21.6;-20.800001
1521663674797;-6.8;14.2;1.4;-2.4;21.6;-20.800001
1521663674826;-6.9;14.2;1.5;-2.4;21.6;-20.800001
1521663674836;-7.0;14.400001;1.5;-2.4;21.6;-20.800001
1521663674844;-7.0;14.5;1.6;-2.4;21.6;-20.800001
1521663674856;-7.1;14.5;1.6;-2.4;21.6;-20.800001
1521663674864;-7.1;14.5;1.5;-2.4;21.6;-20.800001
1521663674875;-7.1;14.5;1.6;-2.4;21.6;-20.800001
1521663674885;-7.1;14.6;1.7;-2.4;21.6;-20.800001
1521663674906;-7.2000003;14.7;1.8000001;-2.4;21.6;-20.800001
1521663674925;-7.2000003;14.8;1.8000001;-2.4;21.6;-20.800001
1521663674938;-7.3;14.900001;2.0;-2.4;21.6;-20.800001
1521663675016;-7.2000003;14.900001;2.0;-2.4;21.6;-20.800001
1521663675045;-7.1;14.900001;1.9;-2.4;21.6;-20.800001
1521663675055;-7.1;14.900001;2.0;-2.4;21.6;-20.800001
1521663675076;-7.1;14.900001;2.1000001;-2.4;21.6;-20.800001
1521663675104;-7.1;14.900001;2.0;-2.4;21.6;-20.800001
1521663675144;-7.0;14.900001;2.0;-2.4;21.6;-20.800001
1521663675184;-7.0;15.0;2.0;-2.4;21.6;-20.800001
1521663675235;-7.1;15.0;1.9;-2.4;21.6;-20.800001
1521663675264;-7.0;14.900001;1.9;-2.4;21.6;-20.800001
1521663675276;-7.0;14.900001;2.0;-2.4;21.6;-20.800001
1521663675295;-7.0;14.900001;2.1000001;-2.4;21.6;-20.800001
1521663675376;-6.9;14.900001;2.4;-2.4;21.6;-20.800001
1521663675384;-6.9;14.900001;2.5;-2.4;21.6;-20.800001
1521663675416;-6.9;14.900001;2.7;-2.4;21.6;-20.800001
1521663675426;-6.8;14.900001;2.7;-2.4;21.6;-20.800001
1521663675436;-6.8;14.900001;2.8;-2.4;21.6;-20.800001
1521663675445;-6.8;14.900001;2.7;-2.4;21.6;-20.800001
1521663675457;-6.8;14.900001;2.8;-2.4;21.6;-20.800001
1521663675476;-6.8;14.900001;2.9;-2.4;21.6;-20.800001
1521663675486;-6.8;14.900001;2.8;-2.4;21.6;-20.800001
1521663675499;-6.8;14.8;2.8;-2.4;21.6;-20.800001
1521663675507;-6.7000003;14.900001;2.8;-2.4;21.6;-20.800001
1521663675520;-6.7000003;14.8;2.8;-2.4;21.6;-20.800001
1521663675535;-6.6;14.8;2.9;-2.4;21.6;-20.800001
1521663675544;-6.6;14.8;3.0;-2.4;21.6;-20.800001
1521663675555;-6.5;14.8;3.0;-2.4;21.6;-20.800001
1521663675564;-6.6;14.8;3.0;-2.4;21.6;-20.800001
1521663675576;-6.5;14.8;3.0;-2.4;21.6;-20.800001
1521663675616;-6.5;14.8;2.9;-2.4;21.6;-20.800001
1521663675656;-6.4;14.7;2.9;-2.4;21.6;-20.800001
1521663675684;-6.4;14.7;2.8;-2.4;21.6;-20.800001
1521663675704;-6.4;14.7;2.9;-2.4;21.6;-20.800001
1521663675716;-6.4;14.7;2.8;-2.4;21.6;-20.800001
1521663675744;-6.4;14.6;2.8;-2.4;21.6;-20.800001
1521663675764;-6.3;14.6;2.8;-2.4;21.6;-20.800001
1521663675806;-6.3;14.6;2.9;-2.4;21.6;-20.800001
1521663675825;-6.3;14.6;2.8;-2.4;21.6;-20.800001
1521663675838;-6.2000003;14.6;2.7;-2.4;21.6;-20.800001
1521663675848;-6.2000003;14.5;2.7;-2.4;21.6;-20.800001
1521663675855;-6.3;14.5;2.7;-2.4;21.6;-20.800001
1521663675864;-6.2000003;14.5;2.7;-2.4;21.6;-20.800001
1521663675878;-6.2000003;14.5;2.6000001;-2.4;21.6;-20.800001
1521663675916;-6.1;14.5;2.6000001;-2.4;21.6;-20.800001
1521663675925;-6.2000003;14.5;2.6000001;-2.4;21.6;-20.800001
1521663675937;-6.2000003;14.5;2.7;-2.4;21.6;-20.800001
1521663675946;-6.1;14.5;2.6000001;-2.4;21.6;-20.800001
1521663675957;-6.1;14.5;2.7;-2.4;21.6;-20.800001
1521663675987;-6.1;14.400001;2.7;-2.4;21.6;-20.800001
1521663675998;-6.1;14.400001;2.6000001;-2.4;21.6;-20.800001
1521663676036;-6.1;14.400001;2.5;-2.4;21.6;-20.800001
1521663676044;-6.0;14.400001;2.5;-2.4;21.6;-20.800001
1521663676064;-6.1;14.400001;2.5;-2.4;21.6;-20.800001
1521663676076;-6.1;14.3;2.5;-2.4;21.6;-20.800001
1521663676085;-6.1;14.400001;2.5;-2.4;21.6;-20.800001
1521663676097;-6.0;14.3;2.5;-2.4;21.6;-20.800001
1521663676105;-6.1;14.3;2.5;-2.4;21.6;-20.800001
1521663676145;-6.1;14.400001;2.6000001;-2.4;21.6;-20.800001
1521663676205;-6.1;14.400001;2.7;-2.4;21.6;-20.800001
1521663676217;-6.1;14.400001;2.6000001;-2.4;21.6;-20.800001
1521663676224;-6.1;14.400001;2.5;-2.4;21.6;-20.800001
1521663676236;-6.0;14.400001;2.5;-2.4;21.6;-20.800001
1521663676244;-6.1;14.3;2.4;-2.4;21.6;-20.800001
1521663676255;-6.1;14.400001;2.4;-2.4;21.6;-20.800001
1521663676275;-6.1;14.400001;2.3;-2.4;21.6;-20.800001
1521663676285;-6.0;14.3;2.3;-2.4;21.6;-20.800001
1521663676307;-5.9;14.3;2.3;-2.4;21.6;-20.800001
1521663676315;-5.9;14.3;2.2;-2.4;21.6;-20.800001
1521663676325;-5.8;14.2;2.2;-2.4;21.6;-20.800001
1521663676344;-5.8;14.2;2.1000001;-2.4;21.6;-20.800001
1521663676356;-5.7000003;14.1;2.0;-2.4;21.6;-20.800001
1521663676365;-5.7000003;14.0;2.0;-2.4;21.6;-20.800001
1521663676376;-5.6;14.0;1.9;-2.4;21.6;-20.800001
1521663676386;-5.6;13.900001;1.9;-2.4;21.6;-20.800001
1521663676396;-5.6;13.900001;1.8000001;-2.4;21.6;-20.800001
1521663676404;-5.5;13.900001;1.8000001;-2.4;21.6;-20.800001
1521663676418;-5.5;13.900001;1.7;-2.4;21.6;-20.800001
1521663676426;-5.4;13.8;1.6;-2.4;21.6;-20.800001
1521663676436;-5.3;13.7;1.6;-2.4;21.6;-20.800001
1521663676445;-5.2000003;13.7;1.5;-2.4;21.6;-20.800001
1521663676457;-5.2000003;13.6;1.4;-2.4;21.6;-20.800001
1521663676468;-5.1;13.6;1.4;-2.4;21.6;-20.800001
1521663676476;-5.1;13.5;1.3000001;-2.4;21.6;-20.800001
1521663676486;-5.0;13.5;1.2;-2.4;21.6;-20.800001
1521663676496;-5.0;13.400001;1.2;-2.4;21.6;-20.800001
1521663676505;-4.9;13.400001;1.1;-2.4;21.6;-20.800001
1521663676516;-4.9;13.3;1.1;-2.4;21.6;-20.800001
1521663676526;-4.8;13.3;1.1;-2.4;21.6;-20.800001
1521663676538;-4.7000003;13.2;1.0;-2.4;21.6;-20.800001
1521663676546;-4.7000003;13.1;1.0;-2.4;21.6;-20.800001
1521663676557;-4.6;13.0;0.90000004;-2.4;21.6;-20.800001
1521663676577;-4.5;12.900001;0.8;-2.4;21.6;-20.800001
1521663676597;-4.5;12.900001;0.7;-2.4;21.6;-20.800001
1521663676615;-4.5;12.900001;0.6;-2.4;21.6;-20.800001
1521663676644;-4.6;12.900001;0.6;-2.4;21.6;-20.800001
1521663676656;-4.6;13.0;0.7;-2.4;21.6;-20.800001
1521663676675;-4.7000003;13.1;0.7;-2.4;21.6;-20.800001
1521663676684;-4.6;13.1;0.7;-2.4;21.6;-20.800001
1521663676696;-4.7000003;13.1;0.7;-2.4;21.6;-20.800001
1521663676704;-4.7000003;13.0;0.6;-2.4;21.6;-20.800001
1521663676724;-4.7000003;13.0;0.5;-2.4;21.6;-20.800001
1521663676736;-4.7000003;13.1;0.6;-2.4;21.6;-20.800001
1521663676746;-4.8;13.1;0.6;-2.4;21.6;-20.800001
1521663676765;-4.8;13.1;0.5;-2.4;21.6;-20.800001
1521663676798;-4.9;13.1;0.5;-2.4;21.6;-20.800001
1521663676806;-4.9;13.2;0.5;-2.4;21.6;-20.800001
1521663676827;-5.0;13.2;0.4;-2.4;21.6;-20.800001
1521663676860;-5.0;13.2;0.5;-2.4;21.6;-20.800001
1521663676868;-5.0;13.2;0.6;-2.4;21.6;-20.800001
1521663676885;-5.0;13.2;0.7;-2.4;21.6;-20.800001
1521663676897;-5.0;13.2;0.6;-2.4;21.6;-20.800001
1521663676906;-5.0;13.2;0.7;-2.4;21.6;-20.800001
1521663676916;-5.0;13.3;0.7;-2.4;21.6;-20.800001
1521663676937;-5.0;13.3;0.8;-2.4;21.6;-20.800001
1521663676957;-5.0;13.2;0.7;-2.4;21.6;-20.800001
1521663676966;-4.9;13.1;0.6;-2.4;21.6;-20.800001
1521663676985;-4.9;13.2;0.6;-2.4;21.6;-20.800001
1521663676996;-4.9;13.2;0.7;-2.4;21.6;-20.800001
1521663677018;-4.9;13.3;0.7;-2.4;21.6;-20.800001
1521663677036;-5.0;13.3;0.7;-2.4;21.6;-20.800001
1521663677056;-5.0;13.400001;0.7;-2.4;21.6;-20.800001
1521663677064;-5.0;13.400001;0.8;-2.4;21.6;-20.800001
1521663677085;-5.0;13.400001;0.90000004;-2.4;21.6;-20.800001
1521663677116;-5.1;13.5;1.0;-2.4;21.6;-20.800001
1521663677196;-5.2000003;13.6;0.8;-2.4;21.6;-20.800001
1521663677215;-5.2000003;13.6;0.90000004;-2.4;21.6;-20.800001
1521663677224;-5.2000003;13.6;1.0;-2.4;21.6;-20.800001
1521663677235;-5.2000003;13.6;0.90000004;-2.4;21.6;-20.800001
1521663677265;-5.2000003;13.7;1.0;-2.4;21.6;-20.800001
1521663677305;-5.3;13.7;1.0;-2.4;21.6;-20.800001
1521663677318;-5.2000003;13.7;1.0;-2.4;21.6;-20.800001
1521663677336;-5.3;13.7;1.1;-2.4;21.6;-20.800001
1521663677344;-5.3;13.7;1.0;-2.4;21.6;-20.800001
1521663677356;-5.3;13.6;1.0;-2.4;21.6;-20.800001
1521663677396;-5.3;13.6;0.90000004;-2.4;21.6;-20.800001
1521663677406;-5.3;13.6;1.0;-2.4;21.6;-20.800001
1521663677416;-5.2000003;13.6;0.90000004;-2.4;21.6;-20.800001
1521663677426;-5.2000003;13.6;1.0;-2.4;21.6;-20.800001
1521663677445;-5.3;13.6;1.0;-2.4;21.6;-20.800001
1521663677476;-5.3;13.6;1.1;-2.4;21.6;-20.800001
1521663677485;-5.3;13.7;1.1;-2.4;21.6;-20.800001
1521663677517;-5.3;13.6;1.0;-2.4;21.6;-20.800001
1521663677526;-5.4;13.7;1.0;-2.4;21.6;-20.800001
1521663677546;-5.5;13.7;1.0;-2.4;21.6;-20.800001
1521663677558;-5.5;13.8;1.0;-2.4;21.6;-20.800001
1521663677582;-5.6;13.8;0.90000004;-2.4;21.6;-20.800001
1521663677616;-5.6;13.7;0.90000004;-2.4;21.6;-20.800001
1521663677625;-5.6;13.7;0.8;-2.4;21.6;-20.800001
1521663677636;-5.7000003;13.8;0.90000004;-2.4;21.6;-20.800001
1521663677645;-5.7000003;13.8;0.8;-2.4;21.6;-20.800001
1521663677677;-5.7000003;13.900001;0.8;-2.4;21.6;-20.800001
1521663677715;-5.8;13.900001;0.8;-2.4;21.6;-20.800001
1521663677724;-5.8;13.900001;0.7;-2.4;21.6;-20.800001
1521663677736;-5.8;13.900001;0.8;-2.4;21.6;-20.800001
1521663677744;-5.8;13.900001;0.7;-2.4;21.6;-20.800001
1521663677764;-5.7000003;13.900001;0.7;-2.4;21.6;-20.800001
1521663677776;-5.7000003;13.900001;0.6;-2.4;21.6;-20.800001
1521663677796;-5.8;13.900001;0.6;-2.4;21.6;-20.800001
1521663677845;-5.7000003;13.900001;0.5;-2.4;21.6;-20.800001
1521663677857;-5.8;13.900001;0.5;-2.4;21.6;-20.800001
1521663677864;-5.7000003;13.8;0.5;-2.4;21.6;-20.800001
1521663677875;-5.7000003;13.900001;0.5;-2.4;21.6;-20.800001
1521663677884;-5.7000003;13.900001;0.6;-2.4;21.6;-20.800001
1521663677895;-5.7000003;13.900001;0.5;-2.4;21.6;-20.800001
1521663677904;-5.7000003;13.900001;0.6;-2.4;21.6;-20.800001
1521663677916;-5.8;13.900001;0.5;-2.4;21.6;-20.800001
1521663677924;-5.8;13.900001;0.6;-2.4;21.6;-20.800001
1521663677936;-5.7000003;13.900001;0.6;-2.4;21.6;-20.800001
1521663677946;-5.7000003;13.900001;0.7;-2.4;21.6;-20.800001
1521663677976;-5.8;13.900001;0.7;-2.4;21.6;-20.800001
1521663677998;-5.8;13.900001;0.6;-2.4;21.6;-20.800001
1521663678018;-5.8;14.0;0.6;-2.4;21.6;-20.800001
1521663678037;-5.9;14.1;0.7;-2.4;21.6;-20.800001
1521663678045;-5.9;14.1;0.8;-2.4;21.6;-20.800001
1521663678056;-6.0;14.2;0.7;-2.4;21.6;-20.800001
1521663678084;-6.0;14.2;0.8;-2.4;21.6;-20.800001
1521663678105;-6.1;14.2;0.8;-2.4;21.6;-20.800001
1521663678117;-6.1;14.3;0.8;-2.4;21.6;-20.800001
1521663678124;-6.2000003;14.3;0.8;-2.4;21.6;-20.800001
1521663678135;-6.1;14.3;0.8;-2.4;21.6;-20.800001
1521663678156;-6.2000003;14.3;0.90000004;-2.4;21.6;-20.800001
1521663678196;-6.3;14.3;0.90000004;-2.4;21.6;-20.800001
1521663678205;-6.3;14.3;1.0;-2.4;21.6;-20.800001
1521663678218;-6.4;14.3;1.0;-2.4;21.6;-20.800001
1521663678224;-6.4;14.400001;1.0;-2.4;21.6;-20.800001
1521663678238;-6.4;14.3;0.90000004;-2.4;21.6;-20.800001
1521663678244;-6.5;14.3;0.8;-2.4;21.6;-20.800001
1521663678305;-6.6;14.3;0.8;-2.4;21.6;-20.800001
1521663678316;-6.6;14.3;0.7;-2.4;21.6;-20.800001
1521663678336;-6.6;14.2;0.7;-2.4;21.6;-20.800001
1521663678345;-6.6;14.1;0.6;-2.4;21.6;-20.800001
1521663678366;-6.6;14.2;0.7;-2.4;21.6;-20.800001
1521663678387;-6.6;14.2;0.6;-2.4;21.6;-20.800001
1521663678406;-6.5;14.2;0.5;-2.4;21.6;-20.800001
1521663678437;-6.6;14.2;0.4;-2.4;21.6;-20.800001
1521663678447;-6.5;14.2;0.5;-2.4;21.6;-20.800001
1521663678486;-6.5;14.2;0.4;-2.4;21.6;-20.800001
1521663678497;-6.4;14.2;0.5;-2.4;21.6;-20.800001
1521663678558;-6.4;14.2;0.4;-2.4;21.6;-20.800001
1521663678587;-6.4;14.2;0.5;-2.4;21.6;-20.800001
1521663678645;-6.4;14.2;0.4;-2.4;21.6;-20.800001
1521663678657;-6.5;14.2;0.4;-2.4;21.6;-20.800001
1521663678666;-6.5;14.2;0.3;-2.4;21.6;-20.800001
1521663678686;-6.5;14.2;0.4;-2.4;21.6;-20.800001
1521663678724;-6.5;14.2;0.5;-2.4;21.6;-20.800001
1521663678736;-6.4;14.2;0.5;-2.4;21.6;-20.800001
1521663678758;-6.4;14.2;0.4;-2.4;21.6;-20.800001
1521663678767;-6.5;14.2;0.4;-2.4;21.6;-20.800001
1521663678777;-6.5;14.2;0.5;-2.4;21.6;-20.800001
1521663678844;-6.5;14.2;0.6;-2.4;21.6;-20.800001
1521663678856;-6.5;14.3;0.6;-2.4;21.6;-20.800001
1521663678878;-6.5;14.3;0.7;-2.4;21.6;-20.800001
1521663678916;-6.5;14.3;0.8;-2.4;21.6;-20.800001
1521663678938;-6.5;14.3;0.90000004;-2.4;21.6;-20.800001
1521663678945;-6.5;14.3;1.0;-2.4;21.6;-20.800001
1521663678966;-6.5;14.3;1.2;-2.4;21.6;-20.800001
1521663678979;-6.6;14.3;1.2;-2.4;21.6;-20.800001
1521663678997;-6.5;14.2;1.2;-2.4;21.6;-20.800001
1521663679006;-6.6;14.2;1.2;-2.4;21.6;-20.800001
1521663679064;-6.6;14.3;1.3000001;-2.4;21.6;-20.800001
1521663679076;-6.7000003;14.3;1.3000001;-2.4;21.6;-20.800001
1521663679084;-6.7000003;14.400001;1.3000001;-2.4;21.6;-20.800001
1521663679105;-6.7000003;14.400001;1.2;-2.4;21.6;-20.800001
1521663679117;-6.7000003;14.400001;1.3000001;-2.4;21.6;-20.800001
1521663679138;-6.7000003;14.400001;1.4;-2.4;21.6;-20.800001
1521663679156;-6.6;14.400001;1.3000001;-2.4;21.6;-20.800001
1521663679207;-6.8;14.5;1.3000001;-2.4;21.6;-20.800001
1521663679215;-6.7000003;14.5;1.3000001;-2.4;21.6;-20.800001
1521663679237;-6.7000003;14.5;1.2;-2.4;21.6;-20.800001
1521663679245;-6.7000003;14.5;1.3000001;-2.4;21.6;-20.800001
1521663679256;-6.7000003;14.5;1.2;-2.4;21.6;-20.800001
1521663679264;-6.6;14.400001;1.1;-2.4;21.6;-20.800001
1521663679284;-6.7000003;14.5;1.1;-2.4;21.6;-20.800001
1521663679304;-6.7000003;14.5;1.2;-2.4;21.6;-20.800001
1521663679316;-6.7000003;14.5;1.1;-2.4;21.6;-20.800001
1521663679336;-6.6;14.5;1.1;-2.4;21.6;-20.800001
1521663679364;-6.5;14.5;1.0;-2.4;21.6;-20.800001
1521663679375;-6.5;14.400001;1.0;-2.4;21.6;-20.800001
1521663679385;-6.4;14.400001;0.90000004;-2.4;21.6;-20.800001
1521663679397;-6.5;14.3;1.0;-2.4;21.6;-20.800001
1521663679406;-6.5;14.400001;1.0;-2.4;21.6;-20.800001
1521663679425;-6.5;14.400001;0.90000004;-2.4;21.6;-20.800001
1521663679457;-6.5;14.3;0.90000004;-2.4;21.6;-20.800001
1521663679467;-6.4;14.3;0.8;-2.4;21.6;-20.800001
1521663679486;-6.3;14.3;0.8;-2.4;21.6;-20.800001
1521663679516;-6.3;14.3;0.90000004;-2.4;21.6;-20.800001
1521663679537;-6.3;14.3;0.8;-2.4;21.6;-20.800001
1521663679545;-6.3;14.400001;0.8;-2.4;21.6;-20.800001
1521663679565;-6.4;14.400001;0.8;-2.4;21.6;-20.800001
1521663679578;-6.4;14.5;0.90000004;-2.4;21.6;-20.800001
1521663679606;-6.4;14.5;0.8;-2.4;21.6;-20.800001
1521663679616;-6.4;14.5;0.90000004;-2.4;21.6;-20.800001
1521663679637;-6.5;14.5;0.90000004;-2.4;21.6;-20.800001
1521663679658;-6.5;14.6;0.8;-2.4;21.6;-20.800001
1521663679665;-6.6;14.6;0.8;-2.4;21.6;-20.800001
1521663679725;-6.7000003;14.6;0.90000004;-2.4;21.6;-20.800001
1521663679736;-6.6;14.7;0.90000004;-2.4;21.6;-20.800001
1521663679745;-6.7000003;14.6;0.90000004;-2.4;21.6;-20.800001
1521663679757;-6.7000003;14.6;1.0;-2.4;21.6;-20.800001
1521663679765;-6.7000003;14.6;0.90000004;-2.4;21.6;-20.800001
1521663679786;-6.8;14.6;1.0;-2.4;21.6;-20.800001
1521663679807;-6.8;14.6;1.1;-2.4;21.6;-20.800001
1521663679827;-6.8;14.6;1.0;-2.4;21.6;-20.800001
1521663679848;-6.8;14.5;1.0;-2.4;21.6;-20.800001
1521663679865;-6.7000003;14.5;1.1;-2.4;21.6;-20.800001
1521663679876;-6.6;14.400001;1.0;-2.4;21.6;-20.800001
1521663679884;-6.7000003;14.400001;1.0;-2.4;21.6;-20.800001
1521663679898;-6.7000003;14.400001;1.1;-2.4;21.6;-20.800001
1521663679926;-6.7000003;14.400001;1.0;-2.4;21.6;-20.800001
1521663679937;-6.7000003;14.400001;1.1;-2.4;21.6;-20.800001
1521663679947;-6.7000003;14.400001;1.0;-2.4;21.6;-20.800001
1521663679956;-6.7000003;14.400001;1.1;-2.4;21.6;-20.800001
1521663679976;-6.7000003;14.400001;1.2;-2.4;21.6;-20.800001
1521663679984;-6.7000003;14.400001;1.3000001;-2.4;21.6;-20.800001
1521663679996;-6.8;14.5;1.4;-2.4;21.6;-20.800001
1521663680004;-6.8;14.5;1.3000001;-2.4;21.6;-20.800001
1521663680019;-6.7000003;14.5;1.3000001;-2.4;21.6;-20.800001
1521663680036;-6.7000003;14.400001;1.3000001;-2.4;21.6;-20.800001
1521663680043;-6.7000003;14.5;1.3000001;-2.4;21.6;-20.800001
1521663680076;-6.7000003;14.5;1.4;-2.4;21.6;-20.800001
1521663680096;-6.8;14.6;1.3000001;-2.4;21.6;-20.800001
1521663680118;-6.8;14.6;1.2;-2.4;21.6;-20.800001
1521663680126;-6.8;14.6;1.3000001;-2.4;21.6;-20.800001
1521663680160;-6.8;14.7;1.4;-2.4;21.6;-20.800001
1521663680204;-6.8;14.7;1.3000001;-2.4;21.6;-20.800001
1521663680216;-6.7000003;14.7;1.3000001;-2.4;21.6;-20.800001
1521663680224;-6.7000003;14.7;1.4;-2.4;21.6;-20.800001
1521663680244;-6.7000003;14.8;1.4;-2.4;21.6;-20.800001
1521663680275;-6.7000003;14.8;1.3000001;-2.4;21.6;-20.800001
1521663680296;-6.6;14.7;1.2;-2.4;21.6;-20.800001
1521663680316;-6.6;14.7;1.1;-2.4;21.6;-20.800001
1521663680355;-6.6;14.7;1.2;-2.4;21.6;-20.800001
1521663680377;-6.6;14.7;1.1;-2.4;21.6;-20.800001
1521663680398;-6.6;14.8;1.2;-2.4;21.6;-20.800001
1521663680408;-6.6;14.8;1.3000001;-2.4;21.6;-20.800001
1521663680446;-6.5;14.8;1.3000001;-2.4;21.6;-20.800001
1521663680479;-6.5;14.8;1.4;-2.4;21.6;-20.800001
1521663680485;-6.5;14.8;1.3000001;-2.4;21.6;-20.800001
1521663680497;-6.5;14.8;1.4;-2.4;21.6;-20.800001
1521663680505;-6.6;14.900001;1.4;-2.4;21.6;-20.800001
1521663680516;-6.6;14.900001;1.5;-2.4;21.6;-20.800001
1521663680536;-6.7000003;14.900001;1.5;-2.4;21.6;-20.800001
1521663680545;-6.6;14.900001;1.6;-2.4;21.6;-20.800001
1521663680559;-6.7000003;14.8;1.5;-2.4;21.6;-20.800001
1521663680566;-6.7000003;14.900001;1.6;-2.4;21.6;-20.800001
1521663680586;-6.7000003;14.8;1.5;-2.4;21.6;-20.800001
1521663680598;-6.7000003;14.900001;1.5;-2.4;21.6;-20.800001
1521663680606;-6.7000003;14.8;1.6;-2.4;21.6;-20.800001
1521663680625;-6.6;14.8;1.5;-2.4;21.6;-20.800001
1521663680637;-6.7000003;14.8;1.5;-2.4;21.6;-20.800001
1521663680656;-6.6;14.900001;1.5;-2.4;21.6;-20.800001
1521663680665;-6.6;14.8;1.6;-2.4;21.6;-20.800001
1521663680698;-6.5;14.8;1.5;-2.4;21.6;-20.800001
1521663680706;-6.5;14.8;1.6;-2.4;21.6;-20.800001
1521663680720;-6.6;14.8;1.5;-2.4;21.6;-20.800001
1521663680744;-6.5;14.8;1.5;-2.4;21.6;-20.800001
1521663680756;-6.5;14.8;1.4;-2.4;21.6;-20.800001
1521663680796;-6.4;14.7;1.2;-2.4;21.6;-20.800001
1521663680806;-6.4;14.7;1.3000001;-2.4;21.6;-20.800001
1521663680817;-6.4;14.7;1.2;-2.4;21.6;-20.800001
1521663680825;-6.3;14.6;1.2;-2.4;21.6;-20.800001
1521663680845;-6.2000003;14.6;1.2;-2.4;21.6;-20.800001
1521663680906;-6.2000003;14.6;1.3000001;-2.4;21.6;-20.800001
1521663680939;-6.2000003;14.6;1.4;-2.4;21.6;-20.800001
1521663680948;-6.2000003;14.5;1.3000001;-2.4;21.6;-20.800001
1521663680978;-6.2000003;14.5;1.2;-2.4;21.6;-20.800001
1521663681006;-6.2000003;14.400001;1.2;-2.4;21.6;-20.800001
1521663681017;-6.2000003;14.400001;1.3000001;-2.4;21.6;-20.800001
1521663681040;-6.2000003;14.5;1.3000001;-2.4;21.6;-20.800001
1521663681084;-6.2000003;14.400001;1.4;-2.4;21.6;-20.800001
1521663681097;-6.2000003;14.5;1.5;-2.4;21.6;-20.800001
1521663681104;-6.2000003;14.400001;1.4;-2.4;21.6;-20.800001
1521663681124;-6.3;14.5;1.4;-2.4;21.6;-20.800001
1521663681136;-6.3;14.400001;1.4;-2.4;21.6;-20.800001
1521663681185;-6.3;14.400001;1.3000001;-2.4;21.6;-20.800001
1521663681204;-6.3;14.400001;1.2;-2.4;21.6;-20.800001
1521663681224;-6.3;14.400001;1.3000001;-2.4;21.6;-20.800001
1521663681239;-6.3;14.400001;1.2;-2.4;21.6;-20.800001
1521663681255;-6.3;14.400001;1.3000001;-2.4;21.6;-20.800001
1521663681264;-6.3;14.400001;1.2;-2.4;21.6;-20.800001
1521663681284;-6.3;14.400001;1.3000001;-2.4;21.6;-20.800001
1521663681296;-6.3;14.400001;1.2;-2.4;21.6;-20.800001
1521663681325;-6.3;14.3;1.2;-2.4;21.6;-20.800001
1521663681337;-6.3;14.3;1.1;-2.4;21.6;-20.800001
1521663681357;-6.3;14.3;1.2;-2.4;21.6;-20.800001
1521663681366;-6.3;14.3;1.1;-2.4;21.6;-20.800001
1521663681416;-6.3;14.3;1.2;-2.4;21.6;-20.800001
1521663681425;-6.3;14.3;1.1;-2.4;21.6;-20.800001
1521663681435;-6.3;14.3;1.2;-2.4;21.6;-20.800001
1521663681444;-6.3;14.3;1.1;-2.4;21.6;-20.800001
1521663681484;-6.3;14.3;1.2;-2.4;21.6;-20.800001
1521663681506;-6.3;14.3;1.1;-2.4;21.6;-20.800001
1521663681518;-6.3;14.3;1.2;-2.4;21.6;-20.800001
1521663681526;-6.3;14.3;1.1;-2.4;21.6;-20.800001
1521663681537;-6.3;14.3;1.2;-2.4;21.6;-20.800001
1521663681559;-6.4;14.3;1.2;-2.4;21.6;-20.800001
1521663681567;-6.3;14.3;1.2;-2.4;21.6;-20.800001
1521663681596;-6.4;14.3;1.1;-2.4;21.6;-20.800001
1521663681605;-6.3;14.3;1.2;-2.4;21.6;-20.800001
1521663681638;-6.4;14.3;1.2;-2.4;21.6;-20.800001
1521663681647;-6.4;14.400001;1.2;-2.4;21.6;-20.800001
1521663681657;-6.4;14.3;1.1;-2.4;21.6;-20.800001
1521663681677;-6.4;14.400001;1.0;-2.4;21.6;-20.800001
1521663681705;-6.4;14.400001;1.1;-2.4;21.6;-20.800001
1521663681725;-6.5;14.400001;1.1;-2.4;21.6;-20.800001
1521663681738;-6.5;14.400001;1.0;-2.4;21.6;-20.800001
1521663681745;-6.4;14.400001;1.1;-2.4;21.6;-20.800001
1521663681758;-6.4;14.400001;1.0;-2.4;21.6;-20.800001
1521663681777;-6.4;14.400001;1.1;-2.4;21.6;-20.800001
1521663681787;-6.3;14.400001;1.1;-2.4;21.6;-20.800001
1521663681822;-6.4;14.400001;1.1;-2.4;21.6;-20.800001
1521663681838;-6.4;14.5;1.1;-2.4;21.6;-20.800001
1521663681867;-6.4;14.5;1.0;-2.4;21.6;-20.800001
1521663681897;-6.3;14.5;1.1;-2.4;21.6;-20.800001
1521663681928;-6.3;14.400001;1.1;-2.4;21.6;-20.800001
1521663681946;-6.2000003;14.400001;1.1;-2.4;21.6;-20.800001
1521663681958;-6.3;14.400001;1.2;-2.4;21.6;-20.800001
1521663681966;-6.3;14.5;1.1;-2.4;21.6;-20.800001
1521663681977;-6.2000003;14.400001;1.2;-2.4;21.6;-20.800001
1521663681987;-6.2000003;14.400001;1.1;-2.4;21.6;-20.800001
1521663682007;-6.2000003;14.5;1.0;-2.4;21.6;-20.800001
1521663682026;-6.1;14.400001;1.0;-2.4;21.6;-20.800001
1521663682045;-6.2000003;14.5;1.1;-2.4;21.6;-20.800001
1521663682056;-6.2000003;14.5;1.0;-2.4;21.6;-20.800001
1521663682084;-6.3;14.5;1.0;-2.4;21.6;-20.800001
1521663682096;-6.2000003;14.5;1.0;-2.4;21.6;-20.800001
1521663682117;-6.2000003;14.5;0.90000004;-2.4;21.6;-20.800001
1521663682125;-6.1;14.400001;0.90000004;-2.4;21.6;-20.800001
1521663682215;-6.2000003;14.400001;0.8;-2.4;21.6;-20.800001
1521663682255;-6.2000003;14.3;0.8;-2.4;21.6;-20.800001
1521663682264;-6.1;14.3;0.90000004;-2.4;21.6;-20.800001
1521663682276;-6.2000003;14.3;0.90000004;-2.4;21.6;-20.800001
1521663682304;-6.1;14.3;1.0;-2.4;21.6;-20.800001
1521663682337;-6.1;14.2;1.0;-2.4;21.6;-20.800001
1521663682346;-6.1;14.3;1.0;-2.4;21.6;-20.800001
1521663682367;-6.2000003;14.3;1.1;-2.4;21.6;-20.800001
1521663682386;-6.1;14.3;1.1;-2.4;21.6;-20.800001
1521663682399;-6.2000003;14.3;1.1;-2.4;21.6;-20.800001
1521663682418;-6.1;14.3;1.2;-2.4;21.6;-20.800001
1521663682428;-6.1;14.3;1.1;-2.4;21.6;-20.800001
1521663682438;-6.1;14.3;1.2;-2.4;21.6;-20.800001
1521663682447;-6.2000003;14.400001;1.2;-2.4;21.6;-20.800001
1521663682478;-6.2000003;14.400001;1.3000001;-2.4;21.6;-20.800001
1521663682498;-6.2000003;14.400001;1.4;-2.4;21.6;-20.800001
1521663682506;-6.2000003;14.400001;1.3000001;-2.4;21.6;-20.800001
1521663682519;-6.2000003;14.400001;1.4;-2.4;21.6;-20.800001
1521663682528;-6.3;14.400001;1.4;-2.4;21.6;-20.800001
1521663682544;-6.3;14.400001;1.5;-2.4;21.6;-20.800001
1521663682556;-6.3;14.400001;1.4;-2.4;21.6;-20.800001
1521663682564;-6.3;14.5;1.4;-2.4;21.6;-20.800001
1521663682586;-6.3;14.5;1.5;-2.4;21.6;-20.800001
1521663682657;-6.3;14.6;1.6;-2.4;21.6;-20.800001
1521663682666;-6.3;14.6;1.5;-2.4;21.6;-20.800001
1521663682718;-6.4;14.5;1.4;-2.4;21.6;-20.800001
1521663682725;-6.4;14.5;1.5;-2.4;21.6;-20.800001
1521663682736;-6.3;14.5;1.4;-2.4;21.6;-20.800001
1521663682765;-6.2000003;14.5;1.5;-2.4;21.6;-20.800001
1521663682808;-6.3;14.6;1.5;-2.4;21.6;-20.800001
1521663682816;-6.3;14.5;1.5;-2.4;21.6;-20.800001
1521663682846;-6.3;14.5;1.4;-2.4;21.6;-20.800001
1521663682857;-6.3;14.6;1.5;-2.4;21.6;-20.800001
1521663682886;-6.3;14.6;1.6;-2.4;21.6;-20.800001
1521663682906;-6.4;14.6;1.4;-2.4;21.6;-20.800001
1521663682917;-6.3;14.6;1.4;-2.4;21.6;-20.800001
1521663682926;-6.3;14.5;1.4;-2.4;21.6;-20.800001
1521663682977;-6.3;14.6;1.5;-2.4;21.6;-20.800001
1521663682986;-6.2000003;14.6;1.5;-2.4;21.6;-20.800001
1521663683045;-6.2000003;14.6;1.6;-2.4;21.6;-20.800001
1521663683056;-6.2000003;14.5;1.5;-2.4;21.6;-20.800001
1521663683064;-6.2000003;14.6;1.4;-2.4;21.6;-20.800001
1521663683077;-6.2000003;14.5;1.5;-2.4;21.6;-20.800001
1521663683084;-6.2000003;14.6;1.5;-2.4;21.6;-20.800001
1521663683125;-6.1;14.6;1.5;-2.4;21.6;-20.800001
1521663683137;-6.1;14.6;1.6;-2.4;21.6;-20.800001
1521663683157;-6.1;14.5;1.6;-2.4;21.6;-20.800001
1521663683175;-6.2000003;14.6;1.7;-2.4;21.6;-20.800001
1521663683216;-6.2000003;14.6;1.8000001;-2.4;21.6;-20.800001
1521663683244;-6.2000003;14.5;1.9;-2.4;21.6;-20.800001
1521663683257;-6.2000003;14.5;1.8000001;-2.4;21.6;-20.800001
1521663683264;-6.2000003;14.5;1.7;-2.4;21.6;-20.800001
1521663683276;-6.2000003;14.5;1.8000001;-2.4;21.6;-20.800001
1521663683284;-6.2000003;14.400001;1.8000001;-2.4;21.6;-20.800001
1521663683367;-6.2000003;14.5;1.9;-2.4;21.6;-20.800001
1521663683386;-6.2000003;14.5;2.0;-2.4;21.6;-20.800001
1521663683446;-6.1;14.5;1.8000001;-2.4;21.6;-20.800001
1521663683458;-6.2000003;14.5;1.8000001;-2.4;21.6;-20.800001
1521663683477;-6.2000003;14.5;1.7;-2.4;21.6;-20.800001
1521663683486;-6.2000003;14.5;1.6;-2.4;21.6;-20.800001
1521663683499;-6.1;14.5;1.5;-2.4;21.6;-20.800001
1521663683518;-6.1;14.5;1.6;-2.4;21.6;-20.800001
1521663683526;-6.1;14.6;1.6;-2.4;21.6;-20.800001
1521663683538;-6.0;14.6;1.6;-2.4;21.6;-20.800001
1521663683546;-6.0;14.6;1.5;-2.4;21.6;-20.800001
1521663683568;-6.1;14.6;1.6;-2.4;21.6;-20.800001
1521663683626;-6.1;14.6;1.7;-2.4;21.6;-20.800001
1521663683646;-6.1;14.6;1.6;-2.4;21.6;-20.800001
1521663683657;-6.1;14.7;1.7;-2.4;21.6;-20.800001
1521663683666;-6.1;14.6;1.7;-2.4;21.6;-20.800001
1521663683678;-6.1;14.6;1.6;-2.4;21.6;-20.800001
1521663683685;-6.1;14.6;1.5;-2.4;21.6;-20.800001
1521663683706;-6.2000003;14.7;1.5;-2.4;21.6;-20.800001
1521663683717;-6.1;14.7;1.5;-2.4;21.6;-20.800001
1521663683725;-6.2000003;14.7;1.5;-2.4;21.6;-20.800001
1521663683737;-6.1;14.7;1.5;-2.4;21.6;-20.800001
1521663683806;-6.2000003;14.8;1.5;-2.4;21.6;-20.800001
1521663683817;-6.2000003;14.8;1.4;-2.4;21.6;-20.800001
1521663683838;-6.2000003;14.8;1.5;-2.4;21.6;-20.800001
1521663683858;-6.2000003;14.8;1.6;-2.4;21.6;-20.800001
1521663683866;-6.2000003;14.8;1.5;-2.4;21.6;-20.800001
1521663683878;-6.3;14.8;1.5;-2.4;21.6;-20.800001
1521663683886;-6.3;14.900001;1.5;-2.4;21.6;-20.800001
1521663683918;-6.3;14.900001;1.4;-2.4;21.6;-20.800001
1521663683937;-6.3;14.900001;1.3000001;-2.4;21.6;-20.800001
1521663683957;-6.2000003;14.900001;1.3000001;-2.4;21.6;-20.800001
1521663683986;-6.3;14.900001;1.3000001;-2.4;21.6;-20.800001
1521663684009;-6.2000003;14.900001;1.3000001;-2.4;21.6;-20.800001
1521663684016;-6.3;14.900001;1.3000001;-2.4;21.6;-20.800001
1521663684026;-6.3;15.0;1.4;-2.4;21.6;-20.800001
1521663684045;-6.2000003;15.0;1.4;-2.4;21.6;-20.800001
1521663684076;-6.2000003;14.900001;1.4;-2.4;21.6;-20.800001
1521663684085;-6.2000003;15.0;1.4;-2.4;21.6;-20.800001
1521663684098;-6.2000003;15.0;1.5;-2.4;21.6;-20.800001
1521663684106;-6.2000003;14.900001;1.5;-2.4;21.6;-20.800001
1521663684136;-6.2000003;14.900001;1.4;-2.4;21.6;-20.800001
1521663684157;-6.1;14.900001;1.3000001;-2.4;21.6;-20.800001
1521663684165;-6.2000003;14.900001;1.3000001;-2.4;21.6;-20.800001
1521663684204;-6.4;15.1;1.5;-2.4;21.6;-20.800001
1521663684217;-6.4;15.2;1.6;-2.4;21.6;-20.800001
1521663684235;-6.5;15.3;1.6;-2.4;21.6;-20.800001
1521663684244;-6.5;15.400001;1.7;-2.4;21.6;-20.800001
1521663684256;-6.6;15.400001;1.8000001;-2.4;21.6;-20.800001
1521663684264;-6.6;15.5;1.8000001;-2.4;21.6;-20.800001
1521663684276;-6.7000003;15.5;1.9;-2.4;21.6;-20.800001
1521663684285;-6.7000003;15.6;2.0;-2.4;21.6;-20.800001
1521663684296;-6.8;15.6;2.0;-2.4;21.6;-20.800001
1521663684304;-6.8;15.7;2.0;-2.4;21.6;-20.800001
1521663684316;-6.9;15.7;2.0;-2.4;21.6;-20.800001
1521663684329;-7.0;15.8;2.0;-2.4;21.6;-20.800001
1521663684337;-7.1;15.8;2.2;-2.4;21.6;-20.800001
1521663684345;-7.2000003;15.900001;2.1000001;-2.4;21.6;-20.800001
1521663684365;-7.3;16.0;2.2;-2.4;21.6;-20.800001
1521663684384;-7.3;16.0;2.3;-2.4;21.6;-20.800001
1521663684396;-7.3;16.1;2.3;-2.4;21.6;-20.800001
1521663684404;-7.4;16.1;2.4;-2.4;21.6;-20.800001
1521663684417;-7.4;16.2;2.5;-2.4;21.6;-20.800001
1521663684435;-7.5;16.300001;2.7;-2.4;21.6;-20.800001
1521663684445;-7.6;16.300001;2.8;-2.4;21.6;-20.800001
1521663684457;-7.6;16.4;2.9;-2.4;21.6;-20.800001
1521663684517;-7.6;16.300001;2.9;-2.4;21.6;-20.800001
1521663684537;-7.6;16.300001;3.0;-2.4;21.6;-20.800001
1521663684545;-7.6;16.300001;2.9;-2.4;21.6;-20.800001
1521663684557;-7.6;16.300001;3.0;-2.4;21.6;-20.800001
1521663684586;-7.6;16.2;2.8;-2.4;21.6;-20.800001
1521663684598;-7.6;16.2;2.9;-2.4;21.6;-20.800001
1521663684618;-7.5;16.2;2.9;-2.4;21.6;-20.800001
1521663684626;-7.5;16.2;3.0;-2.4;21.6;-20.800001
1521663684646;-7.4;16.1;3.0;-2.4;21.6;-20.800001
1521663684667;-7.4;16.2;3.1000001;-2.4;21.6;-20.800001
1521663684686;-7.3;16.1;3.1000001;-2.4;21.6;-20.800001
1521663684698;-7.4;16.1;3.0;-2.4;21.6;-20.800001
1521663684735;-7.4;16.0;3.0;-2.4;21.6;-20.800001
1521663684745;-7.4;16.0;2.9;-2.4;21.6;-20.800001
1521663684757;-7.3;16.0;2.8;-2.4;21.6;-20.800001
1521663684778;-7.3;16.0;2.9;-2.4;21.6;-20.800001
1521663684786;-7.3;16.0;3.0;-2.4;21.6;-20.800001
1521663684797;-7.2000003;15.900001;3.0;-2.4;21.6;-20.800001
1521663684826;-7.2000003;16.0;3.0;-2.4;21.6;-20.800001
1521663684837;-7.2000003;15.900001;3.0;-2.4;21.6;-20.800001
1521663684847;-7.1;15.900001;3.0;-2.4;21.6;-20.800001
1521663684888;-7.1;15.8;3.1000001;-2.4;21.6;-20.800001
1521663684909;-7.0;15.8;3.1000001;-2.4;21.6;-20.800001
1521663684925;-7.1;15.900001;3.1000001;-2.4;21.6;-20.800001
1521663684937;-7.0;15.8;3.0;-2.4;21.6;-20.800001
1521663684956;-7.1;15.8;3.0;-2.4;21.6;-20.800001
1521663684977;-7.0;15.8;3.0;-2.4;21.6;-20.800001
1521663684986;-7.0;15.7;3.0;-2.4;21.6;-20.800001
1521663684998;-6.9;15.6;3.0;-2.4;21.6;-20.800001
1521663685007;-6.9;15.6;3.1000001;-2.4;21.6;-20.800001
1521663685018;-6.8;15.6;3.0;-2.4;21.6;-20.800001
1521663685026;-6.8;15.5;3.0;-2.4;21.6;-20.800001
1521663685037;-6.7000003;15.400001;3.0;-2.4;21.6;-20.800001
1521663685046;-6.6;15.400001;3.1000001;-2.4;21.6;-20.800001
1521663685059;-6.6;15.3;3.0;-2.4;21.6;-20.800001
1521663685066;-6.5;15.3;3.0;-2.4;21.6;-20.800001
1521663685076;-6.4;15.2;2.9;-2.4;21.6;-20.800001
1521663685085;-6.4;15.1;2.8;-2.4;21.6;-20.800001
1521663685096;-6.3;15.1;2.8;-2.4;21.6;-20.800001
1521663685117;-6.3;15.0;2.7;-2.4;21.6;-20.800001
1521663685125;-6.2000003;14.900001;2.7;-2.4;21.6;-20.800001
1521663685147;-6.1;14.8;2.6000001;-2.4;21.6;-20.800001
1521663685168;-6.0;14.7;2.5;-2.4;21.6;-20.800001
1521663685215;-5.8;14.5;2.3;-2.4;21.6;-20.800001
1521663685239;-5.7000003;14.400001;2.2;-2.4;21.6;-20.800001
1521663685246;-5.6;14.3;2.2;-2.4;21.6;-20.800001
1521663685256;-5.5;14.3;2.1000001;-2.4;21.6;-20.800001
1521663685265;-5.5;14.2;2.1000001;-2.4;21.6;-20.800001
1521663685276;-5.5;14.2;2.0;-2.4;21.6;-20.800001
1521663685284;-5.4;14.2;1.9;-2.4;21.6;-20.800001
1521663685304;-5.5;14.2;1.9;-2.4;21.6;-20.800001
1521663685325;-5.5;14.2;1.8000001;-2.4;21.6;-20.800001
1521663685357;-5.6;14.3;1.8000001;-2.4;21.6;-20.800001
1521663685368;-5.6;14.3;1.9;-2.4;21.6;-20.800001
1521663685409;-5.5;14.3;1.8000001;-2.4;21.6;-20.800001
1521663685417;-5.6;14.3;1.8000001;-2.4;21.6;-20.800001
1521663685465;-5.6;14.400001;1.8000001;-2.4;21.6;-20.800001
1521663685497;-5.6;14.3;1.8000001;-2.4;21.6;-20.800001
1521663685507;-5.5;14.3;1.7;-2.4;21.6;-20.800001
1521663685538;-5.5;14.3;1.8000001;-2.4;21.6;-20.800001
1521663685545;-5.6;14.3;1.7;-2.4;21.6;-20.800001
1521663685558;-5.6;14.3;1.8000001;-2.4;21.6;-20.800001
1521663685567;-5.5;14.3;1.8000001;-2.4;21.6;-20.800001
1521663685577;-5.6;14.3;1.7;-2.4;21.6;-20.800001
1521663685585;-5.6;14.3;1.8000001;-2.4;21.6;-20.800001
1521663685606;-5.5;14.3;1.7;-2.4;21.6;-20.800001
1521663685626;-5.5;14.3;1.8000001;-2.4;21.6;-20.800001
1521663685636;-5.6;14.3;1.7;-2.4;21.6;-20.800001
1521663685646;-5.5;14.2;1.8000001;-2.4;21.6;-20.800001
1521663685666;-5.6;14.2;1.8000001;-2.4;21.6;-20.800001
1521663685676;-5.5;14.2;1.7;-2.4;21.6;-20.800001
1521663685698;-5.6;14.2;1.6;-2.4;21.6;-20.800001
1521663685706;-5.5;14.2;1.6;-2.4;21.6;-20.800001
1521663685718;-5.5;14.2;1.7;-2.4;21.6;-20.800001
1521663685756;-5.4;14.2;1.7;-2.4;21.6;-20.800001
1521663685765;-5.5;14.2;1.7;-2.4;21.6;-20.800001
1521663685777;-5.4;14.2;1.7;-2.4;21.6;-20.800001
1521663685785;-5.5;14.2;1.8000001;-2.4;21.6;-20.800001
1521663685796;-5.5;14.2;1.7;-2.4;21.6;-20.800001
1521663685818;-5.5;14.2;1.8000001;-2.4;21.6;-20.800001
1521663685857;-5.5;14.2;1.9;-2.4;21.6;-20.800001
1521663685866;-5.4;14.2;1.9;-2.4;21.6;-20.800001
1521663685877;-5.4;14.2;2.0;-2.4;21.6;-20.800001
1521663685887;-5.4;14.2;2.1000001;-2.4;21.6;-20.800001
1521663685898;-5.4;14.2;2.0;-2.4;21.6;-20.800001
1521663685918;-5.3;14.2;2.0;-2.4;21.6;-20.800001
1521663685926;-5.4;14.2;1.9;-2.4;21.6;-20.800001
1521663686026;-5.4;14.3;2.0;-2.4;21.6;-20.800001
1521663686059;-5.5;14.3;1.9;-2.4;21.6;-20.800001
1521663686065;-5.5;14.400001;1.8000001;-2.4;21.6;-20.800001
1521663686076;-5.5;14.3;1.9;-2.4;21.6;-20.800001
1521663686086;-5.5;14.400001;1.8000001;-2.4;21.6;-20.800001
1521663686096;-5.5;14.400001;2.0;-2.4;21.6;-20.800001
1521663686105;-5.5;14.400001;1.9;-2.4;21.6;-20.800001
1521663686126;-5.6;14.5;1.9;-2.4;21.6;-20.800001
1521663686138;-5.6;14.5;1.8000001;-2.4;21.6;-20.800001
1521663686165;-5.6;14.5;1.7;-2.4;21.6;-20.800001
1521663686224;-5.7000003;14.6;1.8000001;-2.4;21.6;-20.800001
1521663686243;-5.8;14.6;1.8000001;-2.4;21.6;-20.800001
1521663686285;-5.8;14.6;1.9;-2.4;21.6;-20.800001
1521663686296;-5.9;14.6;1.9;-2.4;21.6;-20.800001
1521663686304;-5.8;14.6;1.9;-2.4;21.6;-20.800001
1521663686335;-5.8;14.5;1.9;-2.4;21.6;-20.800001
1521663686345;-5.8;14.6;2.0;-2.4;21.6;-20.800001
1521663686366;-5.8;14.6;2.1000001;-2.4;21.6;-20.800001
1521663686377;-5.9;14.6;2.1000001;-2.4;21.6;-20.800001
1521663686384;-5.8;14.6;2.1000001;-2.4;21.6;-20.800001
1521663686397;-5.8;14.6;2.0;-2.4;21.6;-20.800001
1521663686408;-5.8;14.6;1.9;-2.4;21.6;-20.800001
1521663686418;-5.8;14.7;1.9;-2.4;21.6;-20.800001
1521663686427;-5.8;14.6;1.9;-2.4;21.6;-20.800001
1521663686436;-5.8;14.6;2.0;-2.4;21.6;-20.800001
1521663686476;-5.8;14.6;1.9;-2.4;21.6;-20.800001
1521663686484;-5.8;14.6;2.0;-2.4;21.6;-20.800001
1521663686497;-5.8;14.6;1.9;-2.4;21.6;-20.800001
1521663686528;-5.8;14.6;1.8000001;-2.4;21.6;-20.800001
1521663686536;-5.7000003;14.6;1.8000001;-2.4;21.6;-20.800001
1521663686545;-5.7000003;14.5;1.8000001;-2.4;21.6;-20.800001
1521663686556;-5.8;14.5;1.8000001;-2.4;21.6;-20.800001
1521663686565;-5.8;14.6;1.8000001;-2.4;21.6;-20.800001
1521663686576;-5.7000003;14.6;1.8000001;-2.4;21.6;-20.800001
1521663686585;-5.7000003;14.6;1.7;-2.4;21.6;-20.800001
1521663686596;-5.7000003;14.6;1.8000001;-2.4;21.6;-20.800001
1521663686607;-5.7000003;14.5;1.7;-2.4;21.6;-20.800001
1521663686625;-5.7000003;14.6;1.7;-2.4;21.6;-20.800001
1521663686636;-5.8;14.6;1.6;-2.4;21.6;-20.800001
1521663686645;-5.7000003;14.5;1.5;-2.4;21.6;-20.800001
1521663686664;-5.8;14.5;1.5;-2.4;21.6;-20.800001
1521663686678;-5.8;14.5;1.6;-2.4;21.6;-20.800001
1521663686737;-5.8;14.400001;1.5;-2.4;21.6;-20.800001
1521663686745;-5.9;14.400001;1.5;-2.4;21.6;-20.800001
1521663686786;-5.9;14.5;1.4;-2.4;21.6;-20.800001
1521663686836;-6.0;14.5;1.4;-2.4;21.6;-20.800001
1521663686845;-6.0;14.6;1.5;-2.4;21.6;-20.800001
1521663686857;-5.9;14.6;1.4;-2.4;21.6;-20.800001
1521663686868;-6.0;14.5;1.5;-2.4;21.6;-20.800001
1521663686876;-5.9;14.5;1.4;-2.4;21.6;-20.800001
1521663686885;-6.0;14.5;1.4;-2.4;21.6;-20.800001
1521663686896;-6.0;14.6;1.3000001;-2.4;21.6;-20.800001
1521663686905;-6.0;14.6;1.4;-2.4;21.6;-20.800001
1521663686948;-6.1;14.7;1.5;-2.4;21.6;-20.800001
1521663686958;-6.1;14.7;1.4;-2.4;21.6;-20.800001
1521663687008;-6.2000003;14.7;1.5;-2.4;21.6;-20.800001
1521663687019;-6.2000003;14.6;1.4;-2.4;21.6;-20.800001
1521663687045;-6.2000003;14.6;1.3000001;-2.4;21.6;-20.800001
1521663687059;-6.2000003;14.7;1.3000001;-2.4;21.6;-20.800001
1521663687066;-6.2000003;14.7;1.4;-2.4;21.6;-20.800001
1521663687116;-6.2000003;14.6;1.5;-2.4;21.6;-20.800001
1521663687149;-6.2000003;14.6;1.4;-2.4;21.6;-20.800001
1521663687156;-6.2000003;14.6;1.5;-2.4;21.6;-20.800001
1521663687165;-6.2000003;14.6;1.6;-2.4;21.6;-20.800001
1521663687244;-6.2000003;14.5;1.5;-2.4;21.6;-20.800001
1521663687255;-6.2000003;14.6;1.5;-2.4;21.6;-20.800001
1521663687276;-6.2000003;14.5;1.5;-2.4;21.6;-20.800001
1521663687296;-6.1;14.5;1.5;-2.4;21.6;-20.800001
1521663687305;-6.1;14.5;1.4;-2.4;21.6;-20.800001
1521663687315;-6.2000003;14.6;1.5;-2.4;21.6;-20.800001
1521663687337;-6.1;14.5;1.5;-2.4;21.6;-20.800001
1521663687345;-6.2000003;14.5;1.5;-2.4;21.6;-20.800001
1521663687357;-6.1;14.5;1.5;-2.4;21.6;-20.800001
1521663687426;-6.1;14.5;1.4;-2.4;21.6;-20.800001
1521663687438;-6.0;14.5;1.4;-2.4;21.6;-20.800001
1521663687457;-6.0;14.5;1.3000001;-2.4;21.6;-20.800001
1521663687466;-6.1;14.5;1.3000001;-2.4;21.6;-20.800001
1521663687537;-6.1;14.6;1.3000001;-2.4;21.6;-20.800001
1521663687557;-6.1;14.5;1.3000001;-2.4;21.6;-20.800001
1521663687568;-6.0;14.5;1.3000001;-2.4;21.6;-20.800001
1521663687598;-6.0;14.5;1.4;-2.4;21.6;-20.800001
1521663687608;-6.0;14.5;1.5;-2.4;21.6;-20.800001
1521663687637;-6.0;14.6;1.5;-2.4;21.6;-20.800001
1521663687646;-5.9;14.6;1.5;-2.4;21.6;-20.800001
1521663687657;-6.0;14.6;1.5;-2.4;21.6;-20.800001
1521663687699;-6.0;14.6;1.4;-2.4;21.6;-20.800001
1521663687706;-6.0;14.7;1.5;-2.4;21.6;-20.800001
1521663687736;-6.1;14.7;1.5;-2.4;21.6;-20.800001
1521663687745;-6.1;14.6;1.5;-2.4;21.6;-20.800001
1521663687758;-6.1;14.6;1.6;-2.4;21.6;-20.800001
1521663687765;-6.0;14.6;1.5;-2.4;21.6;-20.800001
1521663687838;-6.0;14.6;1.6;-2.4;21.6;-20.800001
1521663687868;-6.0;14.7;1.6;-2.4;21.6;-20.800001
1521663687886;-6.0;14.7;1.5;-2.4;21.6;-20.800001
1521663687897;-6.0;14.7;1.4;-2.4;21.6;-20.800001
1521663687918;-6.0;14.7;1.3000001;-2.4;21.6;-20.800001
1521663687939;-6.0;14.6;1.3000001;-2.4;21.6;-20.800001
1521663687965;-5.9;14.6;1.4;-2.4;21.6;-20.800001
1521663687977;-6.0;14.7;1.4;-2.4;21.6;-20.800001
1521663687985;-6.0;14.7;1.5;-2.4;21.6;-20.800001
1521663688016;-5.9;14.7;1.5;-2.4;21.6;-20.800001
1521663688076;-5.9;14.8;1.6;-2.4;21.6;-20.800001
1521663688096;-6.0;14.8;1.6;-2.4;21.6;-20.800001
1521663688106;-6.0;14.8;1.7;-2.4;21.6;-20.800001
1521663688117;-6.0;14.8;1.6;-2.4;21.6;-20.800001
1521663688124;-6.0;14.8;1.5;-2.4;21.6;-20.800001
1521663688156;-6.0;14.7;1.6;-2.4;21.6;-20.800001
1521663688236;-6.2000003;14.900001;1.9;-2.4;21.6;-20.800001
1521663688244;-6.3;14.900001;1.9;-2.4;21.6;-20.800001
1521663688264;-6.3;14.900001;1.8000001;-2.4;21.6;-20.800001
1521663688275;-6.2000003;14.900001;1.8000001;-2.4;21.6;-20.800001
1521663688284;-6.2000003;14.8;1.7;-2.4;21.6;-20.800001
1521663688305;-6.2000003;14.8;1.6;-2.4;21.6;-20.800001
1521663688316;-6.3;14.900001;1.6;-2.4;21.6;-20.800001
1521663688324;-6.2000003;14.8;1.6;-2.4;21.6;-20.800001
1521663688336;-6.3;14.8;1.6;-2.4;21.6;-20.800001
1521663688345;-6.3;14.8;1.5;-2.4;21.6;-20.800001
1521663688384;-6.3;14.900001;1.6;-2.4;21.6;-20.800001
1521663688396;-6.3;14.900001;1.7;-2.4;21.6;-20.800001
1521663688405;-6.2000003;14.900001;1.6;-2.4;21.6;-20.800001
1521663688416;-6.2000003;14.8;1.5;-2.4;21.6;-20.800001
1521663688425;-6.2000003;14.8;1.6;-2.4;21.6;-20.800001
1521663688438;-6.2000003;14.900001;1.6;-2.4;21.6;-20.800001
1521663688456;-6.2000003;14.900001;1.5;-2.4;21.6;-20.800001
1521663688485;-6.1;14.8;1.4;-2.4;21.6;-20.800001
1521663688526;-6.1;14.7;1.3000001;-2.4;21.6;-20.800001
1521663688536;-6.1;14.7;1.2;-2.4;21.6;-20.800001
1521663688577;-6.1;14.6;1.2;-2.4;21.6;-20.800001
1521663688585;-6.1;14.7;1.2;-2.4;21.6;-20.800001
1521663688597;-6.1;14.7;1.3000001;-2.4;21.6;-20.800001
1521663688605;-6.2000003;14.7;1.3000001;-2.4;21.6;-20.800001
1521663688616;-6.1;14.7;1.3000001;-2.4;21.6;-20.800001
1521663688625;-6.2000003;14.7;1.2;-2.4;21.6;-20.800001
1521663688636;-6.2000003;14.7;1.3000001;-2.4;21.6;-20.800001
1521663688645;-6.1;14.7;1.3000001;-2.4;21.6;-20.800001
1521663688657;-6.2000003;14.7;1.3000001;-2.4;21.6;-20.800001
1521663688664;-6.1;14.7;1.3000001;-2.4;21.6;-20.800001
1521663688676;-6.1;14.7;1.2;-2.4;21.6;-20.800001
1521663688684;-6.1;14.6;1.1;-2.4;21.6;-20.800001
1521663688707;-6.1;14.6;1.2;-2.4;21.6;-20.800001
1521663688718;-6.2000003;14.6;1.3000001;-2.4;21.6;-20.800001
1521663688766;-6.2000003;14.6;1.2;-2.4;21.6;-20.800001
1521663688825;-6.2000003;14.6;1.3000001;-2.4;21.6;-20.800001
1521663688845;-6.2000003;14.6;1.4;-2.4;21.6;-20.800001
1521663688877;-6.1;14.7;1.4;-2.4;21.6;-20.800001
1521663688888;-6.1;14.6;1.3000001;-2.4;21.6;-20.800001
1521663688907;-6.1;14.7;1.3000001;-2.4;21.6;-20.800001
1521663688918;-6.1;14.6;1.4;-2.4;21.6;-20.800001
1521663688958;-6.1;14.6;1.5;-2.4;21.6;-20.800001
1521663688978;-6.1;14.6;1.6;-2.4;21.6;-20.800001
1521663688988;-6.1;14.7;1.6;-2.4;21.6;-20.800001
1521663689007;-6.2000003;14.7;1.6;-2.4;21.6;-20.800001
1521663689026;-6.2000003;14.7;1.5;-2.4;21.6;-20.800001
1521663689056;-6.2000003;14.7;1.6;-2.4;21.6;-20.800001
1521663689066;-6.3;14.7;1.6;-2.4;21.6;-20.800001
1521663689076;-6.2000003;14.7;1.7;-2.4;21.6;-20.800001
1521663689096;-6.2000003;14.7;1.8000001;-2.4;21.6;-20.800001
1521663689179;-6.2000003;14.6;1.8000001;-2.4;21.6;-20.800001
1521663689256;-6.2000003;14.6;1.7;-2.4;21.6;-20.800001
1521663689266;-6.2000003;14.6;1.6;-2.4;21.6;-20.800001
1521663689278;-6.1;14.6;1.5;-2.4;21.6;-20.800001
1521663689284;-6.2000003;14.6;1.6;-2.4;21.6;-20.800001
1521663689296;-6.2000003;14.7;1.6;-2.4;21.6;-20.800001
1521663689316;-6.3;14.8;1.7;-2.4;21.6;-20.800001
1521663689324;-6.3;14.8;1.8000001;-2.4;21.6;-20.800001
1521663689335;-6.3;14.900001;1.9;-2.4;21.6;-20.800001
1521663689344;-6.3;14.900001;2.0;-2.4;21.6;-20.800001
1521663689355;-6.4;15.0;2.0;-2.4;21.6;-20.800001
1521663689387;-6.5;15.1;2.2;-2.4;21.6;-20.800001
1521663689396;-6.5;15.1;2.1000001;-2.4;21.6;-20.800001
1521663689405;-6.6;15.2;2.1000001;-2.4;21.6;-20.800001
1521663689415;-6.7000003;15.3;2.1000001;-2.4;21.6;-20.800001
1521663689436;-6.8;15.400001;2.2;-2.4;21.6;-20.800001
1521663689444;-6.8;15.5;2.2;-2.4;21.6;-20.800001
1521663689458;-6.9;15.5;2.2;-2.4;21.6;-20.800001
1521663689465;-6.9;15.6;2.3;-2.4;21.6;-20.800001
1521663689486;-7.0;15.7;2.3;-2.4;21.6;-20.800001
1521663689505;-7.0;15.8;2.4;-2.4;21.6;-20.800001
1521663689516;-7.1;15.8;2.3;-2.4;21.6;-20.800001
1521663689526;-7.1;15.900001;2.4;-2.4;21.6;-20.800001
1521663689537;-7.2000003;16.0;2.5;-2.4;21.6;-20.800001
1521663689558;-7.3;16.1;2.6000001;-2.4;21.6;-20.800001
1521663689566;-7.3;16.1;2.7;-2.4;21.6;-20.800001
1521663689576;-7.4;16.2;2.7;-2.4;21.6;-20.800001
1521663689586;-7.3;16.2;2.7;-2.4;21.6;-20.800001
1521663689607;-7.3;16.1;2.6000001;-2.4;21.6;-20.800001
1521663689628;-7.3;16.1;2.5;-2.4;21.6;-20.800001
1521663689637;-7.2000003;16.1;2.5;-2.4;21.6;-20.800001
1521663689645;-7.2000003;16.1;2.4;-2.4;21.6;-20.800001
1521663689677;-7.2000003;16.1;2.3;-2.4;21.6;-20.800001
1521663689705;-7.2000003;16.2;2.4;-2.4;21.6;-20.800001
1521663689720;-7.1;16.2;2.4;-2.4;21.6;-20.800001
1521663689738;-7.1;16.1;2.5;-2.4;21.6;-20.800001
1521663689745;-7.1;16.1;2.6000001;-2.4;21.6;-20.800001
1521663689765;-7.0;16.1;2.6000001;-2.4;21.6;-20.800001
1521663689785;-7.1;16.1;2.6000001;-2.4;21.6;-20.800001
1521663689804;-7.0;16.1;2.6000001;-2.4;21.6;-20.800001
1521663689815;-7.1;16.1;2.7;-2.4;21.6;-20.800001
1521663689825;-7.0;16.1;2.7;-2.4;21.6;-20.800001
1521663689835;-6.9;16.0;2.6000001;-2.4;21.6;-20.800001
1521663689845;-6.9;15.900001;2.6000001;-2.4;21.6;-20.800001
1521663689858;-6.8;15.900001;2.5;-2.4;21.6;-20.800001
1521663689876;-6.8;15.7;2.4;-2.4;21.6;-20.800001
1521663689886;-6.7000003;15.7;2.3;-2.4;21.6;-20.800001
1521663689896;-6.6;15.6;2.2;-2.4;21.6;-20.800001
1521663689904;-6.6;15.5;2.2;-2.4;21.6;-20.800001
1521663689917;-6.6;15.5;2.3;-2.4;21.6;-20.800001
1521663689926;-6.5;15.5;2.2;-2.4;21.6;-20.800001
1521663689937;-6.5;15.400001;2.2;-2.4;21.6;-20.800001
1521663689947;-6.4;15.400001;2.1000001;-2.4;21.6;-20.800001
1521663689957;-6.3;15.3;2.1000001;-2.4;21.6;-20.800001
1521663689966;-6.3;15.3;2.0;-2.4;21.6;-20.800001
1521663689978;-6.3;15.2;2.0;-2.4;21.6;-20.800001
1521663689986;-6.2000003;15.1;1.9;-2.4;21.6;-20.800001
1521663689997;-6.1;15.1;1.9;-2.4;21.6;-20.800001
1521663690007;-6.1;15.0;1.7;-2.4;21.6;-20.800001
1521663690027;-6.0;14.900001;1.6;-2.4;21.6;-20.800001
1521663690038;-5.9;14.8;1.5;-2.4;21.6;-20.800001
1521663690067;-5.7000003;14.7;1.4;-2.4;21.6;-20.800001
1521663690076;-5.7000003;14.6;1.4;-2.4;21.6;-20.800001
1521663690084;-5.6;14.6;1.3000001;-2.4;21.6;-20.800001
1521663690098;-5.5;14.5;1.3000001;-2.4;21.6;-20.800001
1521663690105;-5.5;14.400001;1.3000001;-2.4;21.6;-20.800001
1521663690116;-5.4;14.400001;1.2;-2.4;21.6;-20.800001
1521663690124;-5.5;14.5;1.3000001;-2.4;21.6;-20.800001
1521663690146;-5.4;14.5;1.3000001;-2.4;21.6;-20.800001
1521663690167;-5.5;14.5;1.3000001;-2.4;21.6;-20.800001
1521663690196;-5.5;14.5;1.4;-2.4;21.6;-20.800001
1521663690236;-5.5;14.5;1.3000001;-2.4;21.6;-20.800001
1521663690247;-5.5;14.5;1.4;-2.4;21.6;-20.800001
1521663690256;-5.6;14.6;1.4;-2.4;21.6;-20.800001
1521663690264;-5.6;14.5;1.4;-2.4;21.6;-20.800001
1521663690277;-5.5;14.5;1.4;-2.4;21.6;-20.800001
1521663690284;-5.5;14.6;1.4;-2.4;21.6;-20.800001
1521663690296;-5.6;14.6;1.4;-2.4;21.6;-20.800001
1521663690304;-5.6;14.6;1.5;-2.4;21.6;-20.800001
1521663690336;-5.7000003;14.7;1.6;-2.4;21.6;-20.800001
1521663690425;-5.7000003;14.7;1.5;-2.4;21.6;-20.800001
1521663690436;-5.8;14.7;1.6;-2.4;21.6;-20.800001
1521663690458;-5.8;14.7;1.7;-2.4;21.6;-20.800001
1521663690465;-5.7000003;14.7;1.7;-2.4;21.6;-20.800001
1521663690477;-5.8;14.7;1.7;-2.4;21.6;-20.800001
1521663690497;-5.7000003;14.7;1.7;-2.4;21.6;-20.800001
1521663690506;-5.8;14.7;1.7;-2.4;21.6;-20.800001
1521663690517;-5.8;14.7;1.6;-2.4;21.6;-20.800001
1521663690546;-5.8;14.8;1.6;-2.4;21.6;-20.800001
1521663690559;-5.8;14.7;1.6;-2.4;21.6;-20.800001
1521663690588;-5.8;14.7;1.5;-2.4;21.6;-20.800001
1521663690617;-5.9;14.7;1.5;-2.4;21.6;-20.800001
1521663690626;-5.9;14.8;1.4;-2.4;21.6;-20.800001
1521663690638;-5.9;14.7;1.4;-2.4;21.6;-20.800001
1521663690645;-5.9;14.7;1.3000001;-2.4;21.6;-20.800001
1521663690708;-6.0;14.7;1.3000001;-2.4;21.6;-20.800001
1521663690716;-5.9;14.7;1.2;-2.4;21.6;-20.800001
1521663690736;-5.9;14.7;1.3000001;-2.4;21.6;-20.800001
1521663690747;-5.9;14.7;1.2;-2.4;21.6;-20.800001
1521663690757;-5.9;14.7;1.1;-2.4;21.6;-20.800001
1521663690845;-5.9;14.7;1.2;-2.4;21.6;-20.800001
1521663690856;-6.0;14.7;1.2;-2.4;21.6;-20.800001
1521663690865;-5.9;14.7;1.2;-2.4;21.6;-20.800001
1521663690919;-5.9;14.6;1.1;-2.4;21.6;-20.800001
1521663690929;-5.9;14.6;1.2;-2.4;21.6;-20.800001
1521663690939;-5.9;14.6;1.3000001;-2.4;21.6;-20.800001
1521663690957;-5.9;14.5;1.3000001;-2.4;21.6;-20.800001
1521663690967;-5.9;14.5;1.2;-2.4;21.6;-20.800001
1521663690977;-5.8;14.5;1.2;-2.4;21.6;-20.800001
1521663690988;-5.9;14.5;1.2;-2.4;21.6;-20.800001
1521663690999;-5.9;14.5;1.3000001;-2.4;21.6;-20.800001
1521663691006;-5.8;14.5;1.2;-2.4;21.6;-20.800001
1521663691017;-5.9;14.5;1.2;-2.4;21.6;-20.800001
1521663691038;-5.8;14.5;1.2;-2.4;21.6;-20.800001
1521663691056;-5.9;14.5;1.2;-2.4;21.6;-20.800001
1521663691084;-5.9;14.5;1.3000001;-2.4;21.6;-20.800001
1521663691097;-5.8;14.5;1.3000001;-2.4;21.6;-20.800001
1521663691116;-5.8;14.5;1.2;-2.4;21.6;-20.800001
1521663691124;-5.8;14.5;1.3000001;-2.4;21.6;-20.800001
1521663691136;-5.7000003;14.400001;1.2;-2.4;21.6;-20.800001
1521663691165;-5.7000003;14.400001;1.3000001;-2.4;21.6;-20.800001
1521663691186;-5.7000003;14.400001;1.4;-2.4;21.6;-20.800001
1521663691248;-5.6;14.400001;1.4;-2.4;21.6;-20.800001
1521663691255;-5.6;14.5;1.4;-2.4;21.6;-20.800001
1521663691284;-5.6;14.5;1.3000001;-2.4;21.6;-20.800001
1521663691315;-5.6;14.5;1.2;-2.4;21.6;-20.800001
1521663691324;-5.6;14.5;1.3000001;-2.4;21.6;-20.800001
1521663691344;-5.6;14.400001;1.3000001;-2.4;21.6;-20.800001
1521663691368;-5.5;14.400001;1.4;-2.4;21.6;-20.800001
1521663691376;-5.6;14.400001;1.3000001;-2.4;21.6;-20.800001
1521663691385;-5.6;14.400001;1.2;-2.4;21.6;-20.800001
1521663691425;-5.6;14.5;1.2;-2.4;21.6;-20.800001
1521663691436;-5.6;14.5;1.3000001;-2.4;21.6;-20.800001
1521663691456;-5.7000003;14.6;1.3000001;-2.4;21.6;-20.800001
1521663691465;-5.7000003;14.6;1.2;-2.4;21.6;-20.800001
1521663691526;-5.7000003;14.6;1.1;-2.4;21.6;-20.800001
1521663691546;-5.8;14.6;1.1;-2.4;21.6;-20.800001
1521663691557;-5.8;14.7;1.1;-2.4;21.6;-20.800001
1521663691577;-5.8;14.7;1.2;-2.4;21.6;-20.800001
1521663691598;-5.9;14.7;1.2;-2.4;21.6;-20.800001
1521663691606;-5.8;14.7;1.2;-2.4;21.6;-20.800001
1521663691637;-5.8;14.8;1.2;-2.4;21.6;-20.800001
1521663691646;-5.9;14.8;1.1;-2.4;21.6;-20.800001
1521663691658;-6.0;14.900001;1.1;-2.4;21.6;-20.800001
1521663691686;-6.0;14.900001;1.2;-2.4;21.6;-20.800001
1521663691705;-6.0;14.900001;1.1;-2.4;21.6;-20.800001
1521663691719;-6.0;14.900001;1.2;-2.4;21.6;-20.800001
1521663691738;-6.0;14.900001;1.1;-2.4;21.6;-20.800001
1521663691806;-6.0;14.900001;1.2;-2.4;21.6;-20.800001
1521663691818;-6.0;14.900001;1.1;-2.4;21.6;-20.800001
1521663691827;-6.1;14.900001;1.1;-2.4;21.6;-20.800001
1521663691856;-6.0;14.900001;1.1;-2.4;21.6;-20.800001
1521663691876;-6.1;14.900001;1.1;-2.4;21.6;-20.800001
1521663691885;-6.1;14.900001;1.2;-2.4;21.6;-20.800001
1521663691907;-6.1;15.0;1.2;-2.4;21.6;-20.800001
1521663691926;-6.1;14.900001;1.2;-2.4;21.6;-20.800001
1521663691946;-6.2000003;14.900001;1.2;-2.4;21.6;-20.800001
1521663691958;-6.1;14.8;1.1;-2.4;21.6;-20.800001
1521663691966;-6.1;14.900001;1.1;-2.4;21.6;-20.800001
1521663691977;-6.1;14.900001;1.2;-2.4;21.6;-20.800001
1521663691988;-6.2000003;14.900001;1.1;-2.4;21.6;-20.800001
1521663692006;-6.2000003;14.900001;1.2;-2.4;21.6;-20.800001
1521663692018;-6.2000003;14.900001;1.1;-2.4;21.6;-20.800001
1521663692026;-6.2000003;14.900001;1.2;-2.4;21.6;-20.800001
1521663692065;-6.3;14.900001;1.2;-2.4;21.6;-20.800001
1521663692078;-6.3;15.0;1.3000001;-2.4;21.6;-20.800001
1521663692158;-6.3;15.1;1.3000001;-2.4;21.6;-20.800001
1521663692178;-6.4;15.1;1.3000001;-2.4;21.6;-20.800001
1521663692235;-6.4;15.1;1.4;-2.4;21.6;-20.800001
1521663692276;-6.4;15.1;1.5;-2.4;21.6;-20.800001
1521663692316;-6.4;15.1;1.6;-2.4;21.6;-20.800001
1521663692324;-6.4;15.2;1.5;-2.4;21.6;-20.800001
1521663692335;-6.4;15.2;1.6;-2.4;21.6;-20.800001
1521663692345;-6.4;15.2;1.5;-2.4;21.6;-20.800001
1521663692365;-6.4;15.1;1.6;-2.4;21.6;-20.800001
1521663692376;-6.3;15.1;1.5;-2.4;21.6;-20.800001
1521663692384;-6.3;15.0;1.4;-2.4;21.6;-20.800001
1521663692398;-6.3;15.1;1.4;-2.4;21.6;-20.800001
1521663692405;-6.3;15.0;1.4;-2.4;21.6;-20.800001
1521663692417;-6.3;15.0;1.5;-2.4;21.6;-20.800001
1521663692476;-6.3;15.0;1.6;-2.4;21.6;-20.800001
1521663692499;-6.3;15.0;1.5;-2.4;21.6;-20.800001
1521663692506;-6.2000003;15.0;1.5;-2.4;21.6;-20.800001
1521663692536;-6.2000003;15.0;1.6;-2.4;21.6;-20.800001
1521663692578;-6.1;15.0;1.5;-2.4;21.6;-20.800001
1521663692597;-6.2000003;15.0;1.5;-2.4;21.6;-20.800001
1521663692626;-6.1;15.0;1.5;-2.4;21.6;-20.800001
1521663692638;-6.2000003;15.0;1.4;-2.4;21.6;-20.800001
1521663692648;-6.1;15.0;1.4;-2.4;21.6;-20.800001
1521663692677;-6.2000003;15.0;1.4;-2.4;21.6;-20.800001
1521663692705;-6.2000003;15.0;1.3000001;-2.4;21.6;-20.800001
1521663692717;-6.2000003;15.0;1.4;-2.4;21.6;-20.800001
1521663692728;-6.2000003;15.0;1.3000001;-2.4;21.6;-20.800001
1521663692759;-6.2000003;15.0;1.4;-2.4;21.6;-20.800001
1521663692765;-6.3;15.0;1.3000001;-2.4;21.6;-20.800001
1521663692814;-6.4;15.0;1.3000001;-2.4;21.6;-20.800001
1521663692856;-6.5;15.0;1.4;-2.4;21.6;-20.800001
1521663692876;-6.6;15.0;1.3000001;-2.4;21.6;-20.800001
1521663692884;-6.6;15.0;1.4;-2.4;21.6;-20.800001
1521663692918;-6.7000003;15.0;1.4;-2.4;21.6;-20.800001
1521663692957;-6.7000003;15.0;1.5;-2.4;21.6;-20.800001
1521663692967;-6.8;15.0;1.5;-2.4;21.6;-20.800001
1521663692998;-6.8;15.0;1.6;-2.4;21.6;-20.800001
1521663693007;-6.8;15.0;1.5;-2.4;21.6;-20.800001
1521663693017;-6.9;15.0;1.5;-2.4;21.6;-20.800001
1521663693027;-6.9;15.0;1.6;-2.4;21.6;-20.800001
1521663693038;-6.9;15.0;1.5;-2.4;21.6;-20.800001
1521663693051;-6.9;14.900001;1.6;-2.4;21.6;-20.800001
1521663693066;-6.9;15.0;1.6;-2.4;21.6;-20.800001
1521663693084;-6.9;15.0;1.5;-2.4;21.6;-20.800001
1521663693097;-6.9;15.0;1.6;-2.4;21.6;-20.800001
1521663693104;-7.0;15.0;1.6;-2.4;21.6;-20.800001
1521663693116;-6.9;15.0;1.6;-2.4;21.6;-20.800001
1521663693136;-6.9;15.0;1.5;-2.4;21.6;-20.800001
1521663693167;-6.9;15.0;1.4;-2.4;21.6;-20.800001
1521663693186;-6.8;15.0;1.4;-2.4;21.6;-20.800001
1521663693269;-6.8;15.0;1.3000001;-2.4;21.6;-20.800001
1521663693276;-6.8;15.1;1.3000001;-2.4;21.6;-20.800001
1521663693288;-6.8;15.0;1.3000001;-2.4;21.6;-20.800001
1521663693296;-6.8;15.1;1.2;-2.4;21.6;-20.800001
1521663693315;-6.9;15.1;1.2;-2.4;21.6;-20.800001
1521663693344;-6.9;15.1;1.1;-2.4;21.6;-20.800001
1521663693364;-6.9;15.0;1.1;-2.4;21.6;-20.800001
1521663693375;-6.9;15.0;1.0;-2.4;21.6;-20.800001
1521663693417;-6.8;15.0;1.0;-2.4;21.6;-20.800001
1521663693436;-6.8;15.0;1.1;-2.4;21.6;-20.800001
1521663693464;-6.9;15.0;1.2;-2.4;21.6;-20.800001
1521663693477;-6.8;15.0;1.2;-2.4;21.6;-20.800001
1521663693485;-6.9;14.900001;1.2;-2.4;21.6;-20.800001
1521663693496;-6.8;14.900001;1.2;-2.4;21.6;-20.800001
1521663693506;-6.8;14.900001;1.3000001;-2.4;21.6;-20.800001
1521663693527;-6.9;14.8;1.2;-2.4;21.6;-20.800001
1521663693538;-6.9;14.900001;1.2;-2.4;21.6;-20.800001
1521663693545;-6.8;14.8;1.2;-2.4;21.6;-20.800001
1521663693558;-6.8;14.8;1.3000001;-2.4;21.6;-20.800001
1521663693566;-6.8;14.8;1.4;-2.4;21.6;-20.800001
1521663693605;-6.8;14.8;1.6;-2.4;21.6;-20.800001
1521663693616;-6.8;14.8;1.5;-2.4;21.6;-20.800001
1521663693625;-6.8;14.8;1.6;-2.4;21.6;-20.800001
1521663693639;-6.7000003;14.8;1.6;-2.4;21.6;-20.800001
1521663693676;-6.7000003;14.8;1.7;-2.4;21.6;-20.800001
1521663693699;-6.7000003;14.8;1.6;-2.4;21.6;-20.800001
1521663693758;-6.7000003;14.8;1.5;-2.4;21.6;-20.800001
1521663693767;-6.6;14.8;1.5;-2.4;21.6;-20.800001
1521663693777;-6.7000003;14.8;1.4;-2.4;21.6;-20.800001
1521663693785;-6.6;14.8;1.5;-2.4;21.6;-20.800001
1521663693796;-6.6;14.8;1.4;-2.4;21.6;-20.800001
1521663693807;-6.6;14.8;1.3000001;-2.4;21.6;-20.800001
1521663693818;-6.6;14.900001;1.3000001;-2.4;21.6;-20.800001
1521663693866;-6.6;14.900001;1.1;-2.4;21.6;-20.800001
1521663693907;-6.6;14.900001;1.0;-2.4;21.6;-20.800001
1521663693938;-6.6;15.0;1.0;-2.4;21.6;-20.800001
1521663693946;-6.6;14.900001;0.90000004;-2.4;21.6;-20.800001
1521663693988;-6.5;14.900001;0.8;-2.4;21.6;-20.800001
1521663693998;-6.5;14.900001;0.90000004;-2.4;21.6;-20.800001
1521663694008;-6.5;14.900001;0.8;-2.4;21.6;-20.800001
1521663694025;-6.5;14.8;0.7;-2.4;21.6;-20.800001
1521663694056;-6.6;14.8;0.6;-2.4;21.6;-20.800001
1521663694066;-6.6;14.8;0.8;-2.4;21.6;-20.800001
1521663694085;-6.5;14.8;0.7;-2.4;21.6;-20.800001
1521663694096;-6.6;14.900001;0.7;-2.4;21.6;-20.800001
1521663694144;-6.6;14.900001;0.6;-2.4;21.6;-20.800001
1521663694165;-6.6;14.900001;0.7;-2.4;21.6;-20.800001
1521663694187;-6.7000003;14.900001;0.7;-2.4;21.6;-20.800001
1521663694197;-6.6;14.900001;0.7;-2.4;21.6;-20.800001
1521663694244;-6.5;14.8;0.7;-2.4;21.6;-20.800001
1521663694255;-6.6;14.8;0.6;-2.4;21.6;-20.800001
1521663694284;-6.6;14.8;0.7;-2.4;21.6;-20.800001
1521663694336;-6.6;14.8;0.8;-2.4;21.6;-20.800001
1521663694344;-6.5;14.8;0.8;-2.4;21.6;-20.800001
1521663694357;-6.6;14.8;0.8;-2.4;21.6;-20.800001
1521663694366;-6.5;14.8;0.8;-2.4;21.6;-20.800001
1521663694396;-6.5;14.7;0.8;-2.4;21.6;-20.800001
1521663694418;-6.4;14.6;0.8;-2.4;21.6;-20.800001
1521663694425;-6.5;14.7;0.8;-2.4;21.6;-20.800001
1521663694437;-6.5;14.7;0.90000004;-2.4;21.6;-20.800001
1521663694465;-6.4;14.7;0.90000004;-2.4;21.6;-20.800001
1521663694485;-6.4;14.6;1.0;-2.4;21.6;-20.800001
1521663694497;-6.4;14.6;0.90000004;-2.4;21.6;-20.800001
1521663694505;-6.4;14.6;1.0;-2.4;21.6;-20.800001
1521663694528;-6.4;14.6;0.90000004;-2.4;21.6;-20.800001
1521663694537;-6.4;14.6;1.0;-2.4;21.6;-20.800001
1521663694557;-6.4;14.6;1.1;-2.4;21.6;-20.800001
1521663694565;-6.4;14.6;1.0;-2.4;21.6;-20.800001
1521663694585;-6.4;14.5;1.0;-2.4;21.6;-20.800001
1521663694606;-6.4;14.5;1.1;-2.4;21.6;-20.800001
1521663694619;-6.4;14.5;1.0;-2.4;21.6;-20.800001
1521663694639;-6.4;14.6;1.0;-2.4;21.6;-20.800001
1521663694649;-6.4;14.6;1.1;-2.4;21.6;-20.800001
1521663694657;-6.4;14.5;1.1;-2.4;21.6;-20.800001
1521663694665;-6.4;14.5;1.0;-2.4;21.6;-20.800001
1521663694797;-6.5;14.5;1.0;-2.4;21.6;-20.800001
1521663694817;-6.5;14.6;1.0;-2.4;21.6;-20.800001
1521663694826;-6.4;14.5;1.0;-2.4;21.6;-20.800001
1521663694838;-6.5;14.5;0.90000004;-2.4;21.6;-20.800001
1521663694846;-6.4;14.5;1.0;-2.4;21.6;-20.800001
1521663694857;-6.5;14.5;0.90000004;-2.4;21.6;-20.800001
1521663694867;-6.4;14.5;0.90000004;-2.4;21.6;-20.800001
1521663694877;-6.4;14.6;0.90000004;-2.4;21.6;-20.800001
1521663694899;-6.5;14.5;0.90000004;-2.4;21.6;-20.800001
1521663694907;-6.4;14.5;0.90000004;-2.4;21.6;-20.800001
1521663694917;-6.4;14.5;0.8;-2.4;21.6;-20.800001
1521663694978;-6.4;14.5;0.7;-2.4;21.6;-20.800001
1521663695007;-6.4;14.6;0.8;-2.4;21.6;-20.800001
1521663695018;-6.4;14.5;0.7;-2.4;21.6;-20.800001
1521663695038;-6.4;14.6;0.7;-2.4;21.6;-20.800001
1521663695067;-6.4;14.6;0.8;-2.4;21.6;-20.800001
1521663695085;-6.3;14.6;0.8;-2.4;21.6;-20.800001
1521663695096;-6.3;14.7;0.7;-2.4;21.6;-20.800001
1521663695105;-6.4;14.6;0.7;-2.4;21.6;-20.800001
1521663695116;-6.4;14.7;0.8;-2.4;21.6;-20.800001
1521663695125;-6.4;14.7;0.7;-2.4;21.6;-20.800001
1521663695138;-6.4;14.7;0.8;-2.4;21.6;-20.800001
1521663695145;-6.5;14.8;0.90000004;-2.4;21.6;-20.800001
1521663695168;-6.5;14.8;1.0;-2.4;21.6;-20.800001
1521663695186;-6.5;14.900001;1.1;-2.4;21.6;-20.800001
1521663695275;-6.8;15.1;1.3000001;-2.4;21.6;-20.800001
1521663695285;-6.8;15.2;1.4;-2.4;21.6;-20.800001
1521663695296;-6.9;15.2;1.4;-2.4;21.6;-20.800001
1521663695305;-6.9;15.2;1.5;-2.4;21.6;-20.800001
1521663695317;-6.9;15.3;1.4;-2.4;21.6;-20.800001
1521663695324;-7.0;15.3;1.5;-2.4;21.6;-20.800001
1521663695335;-6.9;15.3;1.5;-2.4;21.6;-20.800001
1521663695344;-7.0;15.400001;1.5;-2.4;21.6;-20.800001
1521663695366;-7.0;15.400001;1.4;-2.4;21.6;-20.800001
1521663695378;-7.1;15.5;1.5;-2.4;21.6;-20.800001
1521663695386;-7.1;15.5;1.6;-2.4;21.6;-20.800001
1521663695406;-7.1;15.5;1.5;-2.4;21.6;-20.800001
1521663695416;-7.1;15.5;1.4;-2.4;21.6;-20.800001
1521663695425;-7.1;15.6;1.5;-2.4;21.6;-20.800001
1521663695437;-7.1;15.6;1.3000001;-2.4;21.6;-20.800001
1521663695446;-7.1;15.5;1.3000001;-2.4;21.6;-20.800001
1521663695466;-7.1;15.6;1.2;-2.4;21.6;-20.800001
1521663695485;-7.1;15.6;1.1;-2.4;21.6;-20.800001
1521663695508;-7.2000003;15.6;1.2;-2.4;21.6;-20.800001
1521663695518;-7.2000003;15.6;1.1;-2.4;21.6;-20.800001
1521663695528;-7.2000003;15.6;1.2;-2.4;21.6;-20.800001
1521663695547;-7.1;15.6;1.2;-2.4;21.6;-20.800001
1521663695568;-7.1;15.7;1.4;-2.4;21.6;-20.800001
1521663695577;-7.1;15.7;1.3000001;-2.4;21.6;-20.800001
1521663695598;-7.1;15.7;1.2;-2.4;21.6;-20.800001
1521663695617;-7.1;15.7;1.3000001;-2.4;21.6;-20.800001
1521663695656;-7.1;15.7;1.4;-2.4;21.6;-20.800001
1521663695685;-7.1;15.7;1.3000001;-2.4;21.6;-20.800001
1521663695697;-7.0;15.7;1.4;-2.4;21.6;-20.800001
1521663695705;-7.0;15.6;1.4;-2.4;21.6;-20.800001
1521663695746;-6.9;15.6;1.5;-2.4;21.6;-20.800001
1521663695778;-6.8;15.6;1.5;-2.4;21.6;-20.800001
1521663695796;-6.8;15.6;1.6;-2.4;21.6;-20.800001
1521663695806;-6.7000003;15.5;1.5;-2.4;21.6;-20.800001
1521663695831;-6.6;15.5;1.5;-2.4;21.6;-20.800001
1521663695845;-6.6;15.5;1.4;-2.4;21.6;-20.800001
1521663695864;-6.6;15.400001;1.2;-2.4;21.6;-20.800001
1521663695876;-6.5;15.400001;1.2;-2.4;21.6;-20.800001
1521663695884;-6.5;15.400001;1.3000001;-2.4;21.6;-20.800001
1521663695907;-6.5;15.400001;1.4;-2.4;21.6;-20.800001
1521663695917;-6.5;15.3;1.4;-2.4;21.6;-20.800001
1521663695938;-6.4;15.3;1.4;-2.4;21.6;-20.800001
1521663695966;-6.4;15.3;1.3000001;-2.4;21.6;-20.800001
1521663695977;-6.4;15.3;1.4;-2.4;21.6;-20.800001
1521663695985;-6.4;15.3;1.3000001;-2.4;21.6;-20.800001
1521663696007;-6.4;15.3;1.4;-2.4;21.6;-20.800001
1521663696017;-6.3;15.3;1.4;-2.4;21.6;-20.800001
1521663696042;-6.3;15.2;1.4;-2.4;21.6;-20.800001
1521663696071;-6.4;15.3;1.5;-2.4;21.6;-20.800001
1521663696076;-6.3;15.3;1.5;-2.4;21.6;-20.800001
1521663696088;-6.3;15.2;1.5;-2.4;21.6;-20.800001
1521663696098;-6.4;15.3;1.4;-2.4;21.6;-20.800001
1521663696105;-6.4;15.3;1.5;-2.4;21.6;-20.800001
1521663696116;-6.4;15.3;1.4;-2.4;21.6;-20.800001
1521663696125;-6.3;15.2;1.5;-2.4;21.6;-20.800001
1521663696137;-6.4;15.2;1.5;-2.4;21.6;-20.800001
1521663696146;-6.4;15.3;1.5;-2.4;21.6;-20.800001
1521663696158;-6.4;15.3;1.4;-2.4;21.6;-20.800001
1521663696166;-6.4;15.3;1.6;-2.4;21.6;-20.800001
1521663696206;-6.4;15.3;1.5;-2.4;21.6;-20.800001
1521663696226;-6.4;15.3;1.4;-2.4;21.6;-20.800001
1521663696284;-6.4;15.400001;1.6;-2.4;21.6;-20.800001
1521663696298;-6.4;15.400001;1.7;-2.4;21.6;-20.800001
1521663696315;-6.5;15.400001;1.6;-2.4;21.6;-20.800001
1521663696336;-6.5;15.400001;1.5;-2.4;21.6;-20.800001
1521663696344;-6.4;15.400001;1.6;-2.4;21.6;-20.800001
1521663696364;-6.4;15.3;1.6;-2.4;21.6;-20.800001
1521663696385;-6.4;15.3;1.5;-2.4;21.6;-20.800001
1521663696416;-6.4;15.3;1.6;-2.4;21.6;-20.800001
1521663696437;-6.4;15.3;1.5;-2.4;21.6;-20.800001
1521663696446;-6.4;15.3;1.6;-2.4;21.6;-20.800001
1521663696467;-6.3;15.3;1.5;-2.4;21.6;-20.800001
1521663696489;-6.3;15.3;1.4;-2.4;21.6;-20.800001
1521663696505;-6.2000003;15.2;1.5;-2.4;21.6;-20.800001
1521663696537;-6.3;15.2;1.5;-2.4;21.6;-20.800001
1521663696546;-6.2000003;15.2;1.4;-2.4;21.6;-20.800001
1521663696556;-6.2000003;15.2;1.5;-2.4;21.6;-20.800001
1521663696567;-6.2000003;15.1;1.4;-2.4;21.6;-20.800001
1521663696598;-6.1;15.1;1.4;-2.4;21.6;-20.800001
1521663696626;-6.1;15.1;1.5;-2.4;21.6;-20.800001
1521663696658;-6.2000003;15.0;1.6;-2.4;21.6;-20.800001
1521663696666;-6.1;15.0;1.5;-2.4;21.6;-20.800001
1521663696679;-6.2000003;15.1;1.5;-2.4;21.6;-20.800001
1521663696687;-6.2000003;15.1;1.6;-2.4;21.6;-20.800001
1521663696697;-6.1;15.0;1.6;-2.4;21.6;-20.800001
1521663696707;-6.2000003;15.1;1.6;-2.4;21.6;-20.800001
1521663696725;-6.2000003;15.1;1.5;-2.4;21.6;-20.800001
1521663696766;-6.2000003;15.0;1.5;-2.4;21.6;-20.800001
1521663696778;-6.2000003;15.1;1.5;-2.4;21.6;-20.800001
1521663696786;-6.3;15.1;1.5;-2.4;21.6;-20.800001
1521663696797;-6.2000003;15.1;1.5;-2.4;21.6;-20.800001
1521663696817;-6.2000003;15.0;1.5;-2.4;21.6;-20.800001
1521663696845;-6.2000003;15.1;1.5;-2.4;21.6;-20.800001
1521663696857;-6.2000003;15.1;1.4;-2.4;21.6;-20.800001
1521663696867;-6.3;15.1;1.3000001;-2.4;21.6;-20.800001
1521663696906;-6.3;15.1;1.2;-2.4;21.6;-20.800001
1521663696926;-6.3;15.1;1.1;-2.4;21.6;-20.800001
1521663696989;-6.4;15.1;1.1;-2.4;21.6;-20.800001
1521663697037;-6.4;15.1;1.2;-2.4;21.6;-20.800001
1521663697068;-6.4;15.2;1.2;-2.4;21.6;-20.800001
1521663697087;-6.4;15.2;1.3000001;-2.4;21.6;-20.800001
1521663697096;-6.5;15.3;1.3000001;-2.4;21.6;-20.800001
1521663697136;-6.6;15.3;1.3000001;-2.4;21.6;-20.800001
1521663697167;-6.6;15.400001;1.4;-2.4;21.6;-20.800001
1521663697178;-6.6;15.400001;1.5;-2.4;21.6;-20.800001
1521663697186;-6.7000003;15.400001;1.5;-2.4;21.6;-20.800001
1521663697198;-6.7000003;15.400001;1.6;-2.4;21.6;-20.800001
1521663697276;-6.7000003;15.400001;1.5;-2.4;21.6;-20.800001
1521663697306;-6.7000003;15.400001;1.4;-2.4;21.6;-20.800001
1521663697315;-6.7000003;15.400001;1.5;-2.4;21.6;-20.800001
1521663697324;-6.7000003;15.400001;1.4;-2.4;21.6;-20.800001
1521663697335;-6.7000003;15.400001;1.5;-2.4;21.6;-20.800001
1521663697356;-6.7000003;15.400001;1.4;-2.4;21.6;-20.800001
1521663697375;-6.8;15.400001;1.4;-2.4;21.6;-20.800001
1521663697386;-6.7000003;15.400001;1.4;-2.4;21.6;-20.800001
1521663697397;-6.7000003;15.3;1.3000001;-2.4;21.6;-20.800001
1521663697436;-6.7000003;15.3;1.4;-2.4;21.6;-20.800001
1521663697487;-6.6;15.2;1.3000001;-2.4;21.6;-20.800001
1521663697545;-6.7000003;15.2;1.3000001;-2.4;21.6;-20.800001
1521663697607;-6.7000003;15.2;1.4;-2.4;21.6;-20.800001
1521663697636;-6.7000003;15.2;1.3000001;-2.4;21.6;-20.800001
1521663697658;-6.8;15.2;1.3000001;-2.4;21.6;-20.800001
1521663697665;-6.7000003;15.2;1.3000001;-2.4;21.6;-20.800001
1521663697726;-6.8;15.2;1.3000001;-2.4;21.6;-20.800001
1521663697787;-6.8;15.2;1.4;-2.4;21.6;-20.800001
1521663697797;-6.7000003;15.2;1.4;-2.4;21.6;-20.800001
1521663697806;-6.8;15.3;1.4;-2.4;21.6;-20.800001
1521663697816;-6.8;15.3;1.3000001;-2.4;21.6;-20.800001
1521663697857;-6.8;15.3;1.4;-2.4;21.6;-20.800001
1521663697866;-6.8;15.2;1.4;-2.4;21.6;-20.800001
1521663697878;-6.8;15.2;1.3000001;-2.4;21.6;-20.800001
1521663697908;-6.8;15.3;1.4;-2.4;21.6;-20.800001
1521663697937;-6.7000003;15.3;1.3000001;-2.4;21.6;-20.800001
1521663697946;-6.7000003;15.2;1.3000001;-2.4;21.6;-20.800001
1521663698007;-6.7000003;15.3;1.4;-2.4;21.6;-20.800001
1521663698027;-6.7000003;15.2;1.3000001;-2.4;21.6;-20.800001
1521663698046;-6.7000003;15.3;1.3000001;-2.4;21.6;-20.800001
1521663698065;-6.6;15.2;1.3000001;-2.4;21.6;-20.800001
1521663698085;-6.6;15.2;1.2;-2.4;21.6;-20.800001
1521663698116;-6.5;15.2;1.3000001;-2.4;21.6;-20.800001
1521663698137;-6.5;15.2;1.2;-2.4;21.6;-20.800001
1521663698145;-6.5;15.2;1.1;-2.4;21.6;-20.800001
1521663698197;-6.5;15.2;1.0;-2.4;21.6;-20.800001
1521663698205;-6.5;15.1;1.0;-2.4;21.6;-20.800001
1521663698216;-6.5;15.2;1.2;-2.4;21.6;-20.800001
1521663698227;-6.5;15.2;1.3000001;-2.4;21.6;-20.800001
1521663698277;-6.5;15.3;1.3000001;-2.4;21.6;-20.800001
1521663698289;-6.5;15.2;1.3000001;-2.4;21.6;-20.800001
1521663698304;-6.4;15.2;1.2;-2.4;21.6;-20.800001
1521663698324;-6.4;15.2;1.3000001;-2.4;21.6;-20.800001
1521663698335;-6.4;15.2;1.2;-2.4;21.6;-20.800001
1521663698345;-6.5;15.2;1.2;-2.4;21.6;-20.800001
1521663698366;-6.5;15.2;1.1;-2.4;21.6;-20.800001
1521663698378;-6.5;15.1;1.1;-2.4;21.6;-20.800001
1521663698397;-6.4;15.1;1.2;-2.4;21.6;-20.800001
1521663698406;-6.4;15.1;1.1;-2.4;21.6;-20.800001
1521663698437;-6.4;15.0;1.2;-2.4;21.6;-20.800001
1521663698458;-6.4;15.1;1.2;-2.4;21.6;-20.800001
1521663698487;-6.4;15.0;1.2;-2.4;21.6;-20.800001
1521663698507;-6.3;15.0;1.2;-2.4;21.6;-20.800001
1521663698517;-6.3;15.0;1.0;-2.4;21.6;-20.800001
1521663698526;-6.4;15.0;1.1;-2.4;21.6;-20.800001
1521663698538;-6.4;15.0;1.0;-2.4;21.6;-20.800001
1521663698546;-6.4;15.0;1.1;-2.4;21.6;-20.800001
1521663698567;-6.3;15.0;1.0;-2.4;21.6;-20.800001
1521663698577;-6.4;15.0;1.0;-2.4;21.6;-20.800001
1521663698597;-6.3;14.900001;1.1;-2.4;21.6;-20.800001
1521663698606;-6.4;15.0;1.1;-2.4;21.6;-20.800001
1521663698647;-6.4;15.0;1.0;-2.4;21.6;-20.800001
1521663698657;-6.4;14.900001;1.1;-2.4;21.6;-20.800001
1521663698685;-6.4;15.0;1.1;-2.4;21.6;-20.800001
1521663698697;-6.4;15.0;1.0;-2.4;21.6;-20.800001
1521663698706;-6.4;14.900001;1.0;-2.4;21.6;-20.800001
1521663698726;-6.5;15.0;1.0;-2.4;21.6;-20.800001
1521663698746;-6.5;15.0;1.1;-2.4;21.6;-20.800001
1521663698756;-6.5;14.900001;1.0;-2.4;21.6;-20.800001
1521663698765;-6.5;14.900001;1.1;-2.4;21.6;-20.800001
1521663698776;-6.5;14.900001;1.0;-2.4;21.6;-20.800001
1521663698785;-6.5;15.0;1.1;-2.4;21.6;-20.800001
1521663698804;-6.5;14.900001;1.1;-2.4;21.6;-20.800001
1521663698816;-6.5;15.0;1.2;-2.4;21.6;-20.800001
1521663698836;-6.4;15.0;1.2;-2.4;21.6;-20.800001
1521663698885;-6.5;15.1;1.2;-2.4;21.6;-20.800001
1521663698925;-6.5;15.1;1.3000001;-2.4;21.6;-20.800001
1521663698937;-6.6;15.2;1.3000001;-2.4;21.6;-20.800001
1521663698947;-6.6;15.2;1.4;-2.4;21.6;-20.800001
1521663698957;-6.6;15.2;1.3000001;-2.4;21.6;-20.800001
1521663698978;-6.6;15.3;1.4;-2.4;21.6;-20.800001
1521663699006;-6.6;15.3;1.5;-2.4;21.6;-20.800001
1521663699046;-6.7000003;15.3;1.5;-2.4;21.6;-20.800001
1521663699078;-6.6;15.400001;1.5;-2.4;21.6;-20.800001
1521663699085;-6.7000003;15.400001;1.6;-2.4;21.6;-20.800001
1521663699098;-6.7000003;15.400001;1.7;-2.4;21.6;-20.800001
1521663699136;-6.6;15.400001;1.6;-2.4;21.6;-20.800001
1521663699145;-6.7000003;15.400001;1.6;-2.4;21.6;-20.800001
1521663699168;-6.7000003;15.5;1.7;-2.4;21.6;-20.800001
1521663699226;-6.7000003;15.400001;1.7;-2.4;21.6;-20.800001
1521663699265;-6.7000003;15.400001;1.8000001;-2.4;21.6;-20.800001
1521663699280;-6.7000003;15.400001;1.7;-2.4;21.6;-20.800001
1521663699284;-6.6;15.400001;1.7;-2.4;21.6;-20.800001
1521663699324;-6.5;15.3;1.6;-2.4;21.6;-20.800001
1521663699336;-6.5;15.3;1.7;-2.4;21.6;-20.800001
1521663699366;-6.6;15.3;1.7;-2.4;21.6;-20.800001
1521663699378;-6.6;15.3;1.6;-2.4;21.6;-20.800001
1521663699385;-6.5;15.3;1.6;-2.4;21.6;-20.800001
1521663699397;-6.5;15.2;1.5;-2.4;21.6;-20.800001
1521663699406;-6.5;15.2;1.6;-2.4;21.6;-20.800001
1521663699416;-6.6;15.3;1.6;-2.4;21.6;-20.800001
1521663699425;-6.6;15.2;1.5;-2.4;21.6;-20.800001
1521663699445;-6.6;15.3;1.6;-2.4;21.6;-20.800001
1521663699486;-6.6;15.2;1.4;-2.4;21.6;-20.800001
1521663699506;-6.5;15.2;1.3000001;-2.4;21.6;-20.800001
1521663699517;-6.5;15.2;1.4;-2.4;21.6;-20.800001
1521663699525;-6.5;15.2;1.3000001;-2.4;21.6;-20.800001
1521663699546;-6.5;15.2;1.4;-2.4;21.6;-20.800001
1521663699556;-6.6;15.3;1.4;-2.4;21.6;-20.800001
1521663699628;-6.6;15.3;1.5;-2.4;21.6;-20.800001
1521663699639;-6.6;15.3;1.4;-2.4;21.6;-20.800001
1521663699647;-6.6;15.400001;1.5;-2.4;21.6;-20.800001
1521663699658;-6.6;15.400001;1.4;-2.4;21.6;-20.800001
1521663699676;-6.6;15.400001;1.5;-2.4;21.6;-20.800001
1521663699706;-6.6;15.400001;1.4;-2.4;21.6;-20.800001
1521663699746;-6.6;15.400001;1.3000001;-2.4;21.6;-20.800001
1521663699758;-6.6;15.400001;1.4;-2.4;21.6;-20.800001
1521663699766;-6.6;15.400001;1.5;-2.4;21.6;-20.800001
1521663699777;-6.6;15.400001;1.6;-2.4;21.6;-20.800001
1521663699796;-6.6;15.400001;1.7;-2.4;21.6;-20.800001
1521663699819;-6.6;15.400001;1.6;-2.4;21.6;-20.800001
1521663699825;-6.5;15.400001;1.6;-2.4;21.6;-20.800001
1521663699839;-6.5;15.400001;1.7;-2.4;21.6;-20.800001
1521663699847;-6.5;15.400001;1.6;-2.4;21.6;-20.800001
1521663699867;-6.5;15.3;1.6;-2.4;21.6;-20.800001
1521663699887;-6.4;15.3;1.6;-2.4;21.6;-20.800001
1521663699898;-6.4;15.3;1.5;-2.4;21.6;-20.800001
1521663699928;-6.5;15.3;1.5;-2.4;21.6;-20.800001
1521663699949;-6.4;15.2;1.4;-2.4;21.6;-20.800001
1521663699957;-6.4;15.3;1.5;-2.4;21.6;-20.800001
1521663699969;-6.4;15.3;1.6;-2.4;21.6;-20.800001
1521663700025;-6.5;15.3;1.6;-2.4;21.6;-20.800001
1521663700038;-6.4;15.3;1.6;-2.4;21.6;-20.800001
1521663700061;-6.3;15.1;1.5;-2.4;21.6;-20.800001
1521663700084;-6.3;15.2;1.4;-2.4;21.6;-20.800001
1521663700096;-6.4;15.2;1.3000001;-2.4;21.6;-20.800001
1521663700116;-6.4;15.2;1.4;-2.4;21.6;-20.800001
1521663700124;-6.4;15.2;1.5;-2.4;21.6;-20.800001
1521663700136;-6.4;15.2;1.4;-2.4;21.6;-20.800001
1521663700156;-6.4;15.2;1.3000001;-2.4;21.6;-20.800001
1521663700164;-6.4;15.3;1.4;-2.4;21.6;-20.800001
1521663700199;-6.5;15.3;1.5;-2.4;21.6;-20.800001
1521663700205;-6.5;15.400001;1.6;-2.4;21.6;-20.800001
1521663700265;-6.5;15.400001;1.5;-2.4;21.6;-20.800001
1521663700275;-6.5;15.400001;1.4;-2.4;21.6;-20.800001
1521663700296;-6.5;15.400001;1.5;-2.4;21.6;-20.800001
1521663700305;-6.6;15.5;1.5;-2.4;21.6;-20.800001
1521663700335;-6.7000003;15.5;1.6;-2.4;21.6;-20.800001
1521663700345;-6.7000003;15.6;1.6;-2.4;21.6;-20.800001
1521663700387;-6.6;15.6;1.7;-2.4;21.6;-20.800001
1521663700405;-6.7000003;15.6;1.7;-2.4;21.6;-20.800001
1521663700416;-6.7000003;15.6;1.6;-2.4;21.6;-20.800001
1521663700436;-6.7000003;15.6;1.5;-2.4;21.6;-20.800001
1521663700445;-6.6;15.5;1.5;-2.4;21.6;-20.800001
1521663700468;-6.6;15.5;1.4;-2.4;21.6;-20.800001
1521663700490;-6.6;15.400001;1.3000001;-2.4;21.6;-20.800001
1521663700498;-6.5;15.400001;1.4;-2.4;21.6;-20.800001
1521663700510;-6.5;15.400001;1.3000001;-2.4;21.6;-20.800001
1521663700546;-6.5;15.5;1.3000001;-2.4;21.6;-20.800001
1521663700557;-6.5;15.400001;1.2;-2.4;21.6;-20.800001
1521663700565;-6.6;15.400001;1.3000001;-2.4;21.6;-20.800001
1521663700586;-6.6;15.400001;1.4;-2.4;21.6;-20.800001
1521663700606;-6.5;15.400001;1.3000001;-2.4;21.6;-20.800001
1521663700616;-6.5;15.400001;1.4;-2.4;21.6;-20.800001
1521663700636;-6.5;15.3;1.3000001;-2.4;21.6;-20.800001
1521663700645;-6.4;15.3;1.3000001;-2.4;21.6;-20.800001
1521663700658;-6.4;15.3;1.2;-2.4;21.6;-20.800001
1521663700667;-6.5;15.400001;1.3000001;-2.4;21.6;-20.800001
1521663700677;-6.5;15.3;1.2;-2.4;21.6;-20.800001
1521663700706;-6.4;15.3;1.1;-2.4;21.6;-20.800001
1521663700716;-6.4;15.3;1.2;-2.4;21.6;-20.800001
1521663700726;-6.5;15.3;1.1;-2.4;21.6;-20.800001
1521663700737;-6.4;15.3;1.1;-2.4;21.6;-20.800001
1521663700748;-6.4;15.3;1.2;-2.4;21.6;-20.800001
1521663700757;-6.4;15.3;1.1;-2.4;21.6;-20.800001
1521663700785;-6.4;15.3;1.2;-2.4;21.6;-20.800001
1521663700825;-6.4;15.2;1.2;-2.4;21.6;-20.800001
1521663700838;-6.4;15.2;1.3000001;-2.4;21.6;-20.800001
1521663700846;-6.4;15.2;1.2;-2.4;21.6;-20.800001
1521663700866;-6.3;15.2;1.2;-2.4;21.6;-20.800001
1521663700907;-6.2000003;15.2;1.1;-2.4;21.6;-20.800001
1521663700929;-6.2000003;15.1;1.0;-2.4;21.6;-20.800001
1521663700947;-6.2000003;15.1;1.1;-2.4;21.6;-20.800001
1521663700966;-6.1;15.1;1.1;-2.4;21.6;-20.800001
1521663700976;-6.1;15.1;1.0;-2.4;21.6;-20.800001
1521663701037;-6.1;15.1;1.2;-2.4;21.6;-20.800001
1521663701068;-6.1;15.1;1.3000001;-2.4;21.6;-20.800001
1521663701084;-6.2000003;15.2;1.4;-2.4;21.6;-20.800001
1521663701105;-6.2000003;15.2;1.3000001;-2.4;21.6;-20.800001
1521663701165;-6.2000003;15.2;1.2;-2.4;21.6;-20.800001
1521663701175;-6.2000003;15.2;1.3000001;-2.4;21.6;-20.800001
1521663701188;-6.3;15.2;1.3000001;-2.4;21.6;-20.800001
1521663701205;-6.3;15.2;1.4;-2.4;21.6;-20.800001
1521663701215;-6.3;15.3;1.4;-2.4;21.6;-20.800001
1521663701225;-6.3;15.3;1.5;-2.4;21.6;-20.800001
1521663701265;-6.3;15.3;1.6;-2.4;21.6;-20.800001
1521663701275;-6.3;15.3;1.7;-2.4;21.6;-20.800001
1521663701294;-6.4;15.3;1.7;-2.4;21.6;-20.800001
1521663701316;-6.4;15.3;1.6;-2.4;21.6;-20.800001
1521663701356;-6.4;15.3;1.5;-2.4;21.6;-20.800001
1521663701376;-6.3;15.2;1.5;-2.4;21.6;-20.800001
1521663701388;-6.2000003;15.2;1.3000001;-2.4;21.6;-20.800001
1521663701405;-6.2000003;15.2;1.4;-2.4;21.6;-20.800001
1521663701425;-6.2000003;15.2;1.3000001;-2.4;21.6;-20.800001
1521663701437;-6.2000003;15.2;1.4;-2.4;21.6;-20.800001
1521663701447;-6.2000003;15.2;1.5;-2.4;21.6;-20.800001
1521663701497;-6.2000003;15.2;1.4;-2.4;21.6;-20.800001
1521663701506;-6.2000003;15.2;1.3000001;-2.4;21.6;-20.800001
1521663701517;-6.2000003;15.2;1.4;-2.4;21.6;-20.800001
1521663701528;-6.2000003;15.2;1.3000001;-2.4;21.6;-20.800001
1521663701548;-6.2000003;15.1;1.3000001;-2.4;21.6;-20.800001
1521663701559;-6.2000003;15.2;1.2;-2.4;21.6;-20.800001
1521663701566;-6.2000003;15.1;1.2;-2.4;21.6;-20.800001
1521663701586;-6.2000003;15.1;1.1;-2.4;21.6;-20.800001
1521663701598;-6.1;15.1;1.2;-2.4;21.6;-20.800001
1521663701607;-6.2000003;15.1;1.2;-2.4;21.6;-20.800001
1521663701627;-6.1;15.1;1.2;-2.4;21.6;-20.800001
1521663701647;-6.2000003;15.2;1.2;-2.4;21.6;-20.800001
1521663701668;-6.2000003;15.1;1.2;-2.4;21.6;-20.800001
1521663701686;-6.2000003;15.2;1.2;-2.4;21.6;-20.800001
1521663701696;-6.3;15.2;1.3000001;-2.4;21.6;-20.800001
1521663701716;-6.2000003;15.2;1.3000001;-2.4;21.6;-20.800001
1521663701725;-6.3;15.2;1.3000001;-2.4;21.6;-20.800001
1521663701748;-6.2000003;15.2;1.2;-2.4;21.6;-20.800001
1521663701766;-6.2000003;15.3;1.2;-2.4;21.6;-20.800001
1521663701786;-6.2000003;15.2;1.2;-2.4;21.6;-20.800001
1521663701798;-6.2000003;15.3;1.2;-2.4;21.6;-20.800001
1521663701900;-6.2000003;15.400001;1.2;-2.4;21.6;-20.800001
1521663701905;-6.2000003;15.3;1.2;-2.4;21.6;-20.800001
1521663701925;-6.2000003;15.3;1.1;-2.4;21.6;-20.800001
1521663701944;-6.2000003;15.3;1.0;-2.4;21.6;-20.800001
1521663701986;-6.2000003;15.2;1.0;-2.4;21.6;-20.800001
1521663701996;-6.2000003;15.2;0.90000004;-2.4;21.6;-20.800001
1521663702005;-6.2000003;15.2;1.0;-2.4;21.6;-20.800001
1521663702037;-6.2000003;15.1;0.90000004;-2.4;21.6;-20.800001
1521663702047;-6.2000003;15.2;0.90000004;-2.4;21.6;-20.800001
1521663702068;-6.2000003;15.2;1.0;-2.4;21.6;-20.800001
1521663702084;-6.2000003;15.1;1.0;-2.4;21.6;-20.800001
1521663702104;-6.3;15.2;1.0;-2.4;21.6;-20.800001
1521663702138;-6.4;15.2;1.0;-2.4;21.6;-20.800001
1521663702157;-6.4;15.2;1.1;-2.4;21.6;-20.800001
1521663702165;-6.4;15.2;1.0;-2.4;21.6;-20.800001
1521663702176;-6.5;15.2;1.0;-2.4;21.6;-20.800001
1521663702196;-6.6;15.2;0.90000004;-2.4;21.6;-20.800001
1521663702219;-6.6;15.2;1.0;-2.4;21.6;-20.800001
1521663702229;-6.7000003;15.3;1.0;-2.4;21.6;-20.800001
1521663702244;-6.7000003;15.3;1.1;-2.4;21.6;-20.800001
1521663702285;-6.8;15.400001;1.2;-2.4;21.6;-20.800001
1521663702305;-6.9;15.400001;1.1;-2.4;21.6;-20.800001
1521663702316;-6.9;15.400001;1.2;-2.4;21.6;-20.800001
1521663702324;-7.0;15.400001;1.2;-2.4;21.6;-20.800001
1521663702345;-7.0;15.400001;1.3000001;-2.4;21.6;-20.800001
1521663702358;-7.1;15.400001;1.3000001;-2.4;21.6;-20.800001
1521663702364;-7.1;15.400001;1.2;-2.4;21.6;-20.800001
1521663702376;-7.2000003;15.400001;1.3000001;-2.4;21.6;-20.800001
1521663702436;-7.3;15.400001;1.3000001;-2.4;21.6;-20.800001
1521663702468;-7.4;15.400001;1.3000001;-2.4;21.6;-20.800001
1521663702477;-7.3;15.400001;1.3000001;-2.4;21.6;-20.800001
1521663702487;-7.4;15.400001;1.3000001;-2.4;21.6;-20.800001
1521663702506;-7.4;15.400001;1.4;-2.4;21.6;-20.800001
1521663702526;-7.3;15.400001;1.2;-2.4;21.6;-20.800001
1521663702538;-7.3;15.3;1.2;-2.4;21.6;-20.800001
1521663702578;-7.4;15.3;1.1;-2.4;21.6;-20.800001
1521663702587;-7.3;15.3;1.1;-2.4;21.6;-20.800001
1521663702606;-7.3;15.2;1.0;-2.4;21.6;-20.800001
1521663702626;-7.3;15.3;1.1;-2.4;21.6;-20.800001
1521663702646;-7.3;15.3;1.0;-2.4;21.6;-20.800001
1521663702656;-7.3;15.3;0.90000004;-2.4;21.6;-20.800001
1521663702678;-7.3;15.2;0.90000004;-2.4;21.6;-20.800001
1521663702705;-7.3;15.2;0.8;-2.4;21.6;-20.800001
1521663702736;-7.3;15.2;0.90000004;-2.4;21.6;-20.800001
1521663702758;-7.2000003;15.2;0.90000004;-2.4;21.6;-20.800001
1521663702776;-7.3;15.2;0.90000004;-2.4;21.6;-20.800001
1521663702786;-7.2000003;15.2;0.90000004;-2.4;21.6;-20.800001
1521663702825;-7.3;15.2;0.90000004;-2.4;21.6;-20.800001
1521663702837;-7.3;15.2;1.0;-2.4;21.6;-20.800001
1521663702845;-7.3;15.2;1.1;-2.4;21.6;-20.800001
1521663702856;-7.3;15.2;1.2;-2.4;21.6;-20.800001
1521663702886;-7.3;15.2;1.3000001;-2.4;21.6;-20.800001
1521663702898;-7.3;15.3;1.3000001;-2.4;21.6;-20.800001
1521663702918;-7.3;15.3;1.2;-2.4;21.6;-20.800001
1521663702929;-7.4;15.3;1.2;-2.4;21.6;-20.800001
1521663702958;-7.5;15.400001;1.3000001;-2.4;21.6;-20.800001
1521663702968;-7.5;15.3;1.3000001;-2.4;21.6;-20.800001
1521663702988;-7.5;15.400001;1.2;-2.4;21.6;-20.800001
1521663702999;-7.5;15.400001;1.3000001;-2.4;21.6;-20.800001
1521663703034;-7.6;15.400001;1.3000001;-2.4;21.6;-20.800001
1521663703042;-7.5;15.400001;1.3000001;-2.4;21.6;-20.800001
1521663703067;-7.6;15.400001;1.3000001;-2.4;21.6;-20.800001
1521663703076;-7.7000003;15.5;1.2;-2.4;21.6;-20.800001
1521663703086;-7.7000003;15.5;1.3000001;-2.4;21.6;-20.800001
1521663703096;-7.8;15.6;1.4;-2.4;21.6;-20.800001
1521663703104;-7.8;15.6;1.3000001;-2.4;21.6;-20.800001
1521663703124;-7.9;15.6;1.4;-2.4;21.6;-20.800001
1521663703136;-7.9;15.7;1.3000001;-2.4;21.6;-20.800001
1521663703144;-7.9;15.6;1.2;-2.4;21.6;-20.800001
1521663703156;-8.0;15.7;1.2;-2.4;21.6;-20.800001
1521663703199;-8.0;15.7;1.1;-2.4;21.6;-20.800001
1521663703225;-8.0;15.6;1.0;-2.4;21.6;-20.800001
1521663703245;-8.0;15.6;0.90000004;-2.4;21.6;-20.800001
1521663703285;-8.0;15.7;1.0;-2.4;21.6;-20.800001
1521663703304;-8.1;15.7;1.0;-2.4;21.6;-20.800001
1521663703316;-8.1;15.7;1.1;-2.4;21.6;-20.800001
1521663703325;-8.1;15.6;1.1;-2.4;21.6;-20.800001
1521663703335;-8.1;15.7;1.1;-2.4;21.6;-20.800001
1521663703345;-8.1;15.7;1.0;-2.4;21.6;-20.800001
1521663703377;-8.1;15.7;1.1;-2.4;21.6;-20.800001
1521663703386;-8.0;15.6;1.0;-2.4;21.6;-20.800001
1521663703396;-8.0;15.6;0.90000004;-2.4;21.6;-20.800001
1521663703465;-8.0;15.6;1.0;-2.4;21.6;-20.800001
1521663703476;-8.0;15.6;0.90000004;-2.4;21.6;-20.800001
1521663703484;-8.0;15.6;1.0;-2.4;21.6;-20.800001
1521663703524;-8.0;15.6;1.1;-2.4;21.6;-20.800001
1521663703536;-8.0;15.6;1.2;-2.4;21.6;-20.800001
1521663703546;-8.0;15.6;1.3000001;-2.4;21.6;-20.800001
1521663703556;-8.0;15.6;1.2;-2.4;21.6;-20.800001
1521663703565;-7.9;15.6;1.3000001;-2.4;21.6;-20.800001
1521663703577;-8.0;15.6;1.3000001;-2.4;21.6;-20.800001
1521663703586;-7.9;15.6;1.3000001;-2.4;21.6;-20.800001
1521663703646;-7.9;15.6;1.4;-2.4;21.6;-20.800001
1521663703658;-7.9;15.6;1.3000001;-2.4;21.6;-20.800001
1521663703666;-7.9;15.7;1.3000001;-2.4;21.6;-20.800001
1521663703678;-7.9;15.6;1.3000001;-2.4;21.6;-20.800001
1521663703697;-7.9;15.7;1.3000001;-2.4;21.6;-20.800001
1521663703705;-7.9;15.7;1.4;-2.4;21.6;-20.800001
1521663703737;-7.8;15.6;1.3000001;-2.4;21.6;-20.800001
1521663703745;-7.9;15.7;1.4;-2.4;21.6;-20.800001
1521663703755;-7.9;15.6;1.4;-2.4;21.6;-20.800001
1521663703767;-7.9;15.6;1.3000001;-2.4;21.6;-20.800001
1521663703787;-7.9;15.6;1.4;-2.4;21.6;-20.800001
1521663703806;-7.9;15.6;1.3000001;-2.4;21.6;-20.800001
1521663703817;-7.9;15.6;1.4;-2.4;21.6;-20.800001
1521663703848;-7.9;15.6;1.5;-2.4;21.6;-20.800001
1521663703856;-8.0;15.6;1.4;-2.4;21.6;-20.800001
1521663703886;-8.0;15.6;1.3000001;-2.4;21.6;-20.800001
1521663703938;-8.0;15.6;1.4;-2.4;21.6;-20.800001
1521663703948;-8.1;15.6;1.3000001;-2.4;21.6;-20.800001
1521663703986;-8.1;15.6;1.4;-2.4;21.6;-20.800001
1521663703998;-8.1;15.6;1.3000001;-2.4;21.6;-20.800001
1521663704020;-8.1;15.6;1.4;-2.4;21.6;-20.800001
1521663704033;-8.1;15.6;1.3000001;-2.4;21.6;-20.800001
1521663704045;-8.1;15.5;1.2;-2.4;21.6;-20.800001
1521663704085;-8.1;15.6;1.2;-2.4;21.6;-20.800001
1521663704096;-8.1;15.5;1.2;-2.4;21.6;-20.800001
1521663704104;-8.1;15.6;1.2;-2.4;21.6;-20.800001
1521663704125;-8.1;15.5;1.1;-2.4;21.6;-20.800001
1521663704145;-8.0;15.5;0.90000004;-2.4;21.6;-20.800001
1521663704157;-8.1;15.5;1.0;-2.4;21.6;-20.800001
1521663704204;-8.1;15.5;0.90000004;-2.4;21.6;-20.800001
1521663704265;-8.1;15.5;1.0;-2.4;21.6;-20.800001
1521663704276;-8.1;15.5;0.90000004;-2.4;21.6;-20.800001
1521663704305;-8.1;15.5;0.8;-2.4;21.6;-20.800001
1521663704356;-8.1;15.6;0.90000004;-2.4;21.6;-20.800001
1521663704396;-8.0;15.6;0.90000004;-2.4;21.6;-20.800001
1521663704406;-8.0;15.5;0.8;-2.4;21.6;-20.800001
1521663704416;-8.0;15.6;0.8;-2.4;21.6;-20.800001
1521663704456;-8.0;15.5;0.8;-2.4;21.6;-20.800001
1521663704476;-7.9;15.5;0.90000004;-2.4;21.6;-20.800001
1521663704516;-7.9;15.5;0.8;-2.4;21.6;-20.800001
1521663704524;-7.9;15.5;0.7;-2.4;21.6;-20.800001
1521663704535;-7.8;15.5;0.7;-2.4;21.6;-20.800001
1521663704556;-7.8;15.5;0.6;-2.4;21.6;-20.800001
1521663704564;-7.8;15.400001;0.6;-2.4;21.6;-20.800001
1521663704595;-7.7000003;15.400001;0.6;-2.4;21.6;-20.800001
1521663704616;-7.8;15.400001;0.6;-2.4;21.6;-20.800001
1521663704624;-7.8;15.5;0.6;-2.4;21.6;-20.800001
1521663704636;-7.8;15.400001;0.6;-2.4;21.6;-20.800001
1521663704736;-7.9;15.400001;0.5;-2.4;21.6;-20.800001
1521663704744;-7.8;15.400001;0.5;-2.4;21.6;-20.800001
1521663704765;-7.9;15.5;0.6;-2.4;21.6;-20.800001
1521663704784;-7.9;15.5;0.7;-2.4;21.6;-20.800001
1521663704796;-7.9;15.5;0.6;-2.4;21.6;-20.800001
1521663704804;-7.9;15.5;0.7;-2.4;21.6;-20.800001
1521663704816;-7.8;15.5;0.8;-2.4;21.6;-20.800001
1521663704824;-7.9;15.5;0.90000004;-2.4;21.6;-20.800001
1521663704856;-7.9;15.5;0.8;-2.4;21.6;-20.800001
1521663704864;-7.9;15.5;0.90000004;-2.4;21.6;-20.800001
1521663704885;-7.9;15.5;1.0;-2.4;21.6;-20.800001
1521663704910;-7.9;15.5;1.1;-2.4;21.6;-20.800001
1521663704925;-7.9;15.5;1.2;-2.4;21.6;-20.800001
1521663704936;-7.8;15.5;1.2;-2.4;21.6;-20.800001
1521663704965;-7.8;15.5;1.3000001;-2.4;21.6;-20.800001
1521663704977;-7.9;15.5;1.3000001;-2.4;21.6;-20.800001
1521663705005;-7.9;15.5;1.4;-2.4;21.6;-20.800001
1521663705016;-7.8;15.5;1.4;-2.4;21.6;-20.800001
1521663705057;-7.9;15.5;1.4;-2.4;21.6;-20.800001
1521663705069;-7.8;15.400001;1.3000001;-2.4;21.6;-20.800001
1521663705084;-7.9;15.400001;1.3000001;-2.4;21.6;-20.800001
1521663705096;-7.9;15.400001;1.4;-2.4;21.6;-20.800001
1521663705105;-7.9;15.400001;1.3000001;-2.4;21.6;-20.800001
1521663705125;-7.9;15.400001;1.2;-2.4;21.6;-20.800001
1521663705176;-7.9;15.400001;1.3000001;-2.4;21.6;-20.800001
1521663705186;-8.0;15.5;1.3000001;-2.4;21.6;-20.800001
1521663705225;-8.0;15.5;1.2;-2.4;21.6;-20.800001
1521663705236;-8.0;15.5;1.3000001;-2.4;21.6;-20.800001
1521663705245;-8.0;15.5;1.2;-2.4;21.6;-20.800001
1521663705285;-8.0;15.6;1.2;-2.4;21.6;-20.800001
1521663705316;-8.1;15.6;1.2;-2.4;21.6;-20.800001
1521663705337;-8.1;15.6;1.3000001;-2.4;21.6;-20.800001
1521663705345;-8.1;15.6;1.4;-2.4;21.6;-20.800001
1521663705356;-8.1;15.6;1.3000001;-2.4;21.6;-20.800001
1521663705408;-8.1;15.6;1.4;-2.4;21.6;-20.800001
1521663705418;-8.1;15.6;1.5;-2.4;21.6;-20.800001
1521663705438;-8.1;15.6;1.6;-2.4;21.6;-20.800001
1521663705447;-8.1;15.6;1.7;-2.4;21.6;-20.800001
1521663705468;-8.1;15.6;1.6;-2.4;21.6;-20.800001
1521663705487;-8.0;15.5;1.6;-2.4;21.6;-20.800001
1521663705498;-8.0;15.5;1.5;-2.4;21.6;-20.800001
1521663705518;-8.1;15.5;1.6;-2.4;21.6;-20.800001
1521663705546;-8.0;15.5;1.6;-2.4;21.6;-20.800001
1521663705607;-7.9;15.5;1.7;-2.4;21.6;-20.800001
1521663705616;-7.9;15.5;1.6;-2.4;21.6;-20.800001
1521663705645;-7.9;15.400001;1.6;-2.4;21.6;-20.800001
1521663705678;-7.9;15.400001;1.5;-2.4;21.6;-20.800001
1521663705687;-7.9;15.400001;1.6;-2.4;21.6;-20.800001
1521663705705;-7.8;15.400001;1.5;-2.4;21.6;-20.800001
1521663705745;-7.9;15.400001;1.5;-2.4;21.6;-20.800001
1521663705757;-7.8;15.400001;1.4;-2.4;21.6;-20.800001
1521663705776;-7.8;15.400001;1.5;-2.4;21.6;-20.800001
1521663705784;-7.8;15.400001;1.4;-2.4;21.6;-20.800001
1521663705796;-7.8;15.400001;1.5;-2.4;21.6;-20.800001
1521663705804;-7.8;15.3;1.5;-2.4;21.6;-20.800001
1521663705816;-7.7000003;15.3;1.5;-2.4;21.6;-20.800001
1521663705824;-7.7000003;15.3;1.4;-2.4;21.6;-20.800001
1521663705836;-7.7000003;15.3;1.5;-2.4;21.6;-20.800001
1521663705845;-7.7000003;15.3;1.4;-2.4;21.6;-20.800001
1521663705856;-7.7000003;15.3;1.5;-2.4;21.6;-20.800001
1521663705864;-7.8;15.3;1.5;-2.4;21.6;-20.800001
1521663705876;-7.8;15.3;1.4;-2.4;21.6;-20.800001
1521663705896;-7.8;15.400001;1.5;-2.4;21.6;-20.800001
1521663705916;-7.8;15.400001;1.4;-2.4;21.6;-20.800001
1521663705945;-7.8;15.400001;1.5;-2.4;21.6;-20.800001
1521663705964;-7.8;15.400001;1.4;-2.4;21.6;-20.800001
1521663705998;-7.9;15.400001;1.5;-2.4;21.6;-20.800001
1521663706028;-7.8;15.400001;1.4;-2.4;21.6;-20.800001
1521663706036;-7.9;15.5;1.4;-2.4;21.6;-20.800001
1521663706097;-7.9;15.6;1.5;-2.4;21.6;-20.800001
1521663706105;-7.9;15.6;1.4;-2.4;21.6;-20.800001
1521663706125;-8.0;15.6;1.4;-2.4;21.6;-20.800001
1521663706145;-8.0;15.6;1.3000001;-2.4;21.6;-20.800001
1521663706164;-7.9;15.6;1.3000001;-2.4;21.6;-20.800001
1521663706176;-8.0;15.6;1.3000001;-2.4;21.6;-20.800001
1521663706184;-7.9;15.6;1.3000001;-2.4;21.6;-20.800001
1521663706215;-7.9;15.6;1.4;-2.4;21.6;-20.800001
1521663706224;-7.8;15.6;1.4;-2.4;21.6;-20.800001
1521663706237;-7.9;15.6;1.4;-2.4;21.6;-20.800001
1521663706264;-7.8;15.6;1.4;-2.4;21.6;-20.800001
1521663706284;-7.9;15.6;1.3000001;-2.4;21.6;-20.800001
1521663706297;-7.8;15.6;1.2;-2.4;21.6;-20.800001
1521663706304;-7.8;15.6;1.3000001;-2.4;21.6;-20.800001
1521663706365;-7.7000003;15.6;1.2;-2.4;21.6;-20.800001
1521663706396;-7.7000003;15.5;1.1;-2.4;21.6;-20.800001
1521663706405;-7.7000003;15.6;1.1;-2.4;21.6;-20.800001
1521663706417;-7.7000003;15.6;1.2;-2.4;21.6;-20.800001
1521663706424;-7.6;15.5;1.2;-2.4;21.6;-20.800001
1521663706445;-7.6;15.6;1.2;-2.4;21.6;-20.800001
1521663706456;-7.6;15.6;1.1;-2.4;21.6;-20.800001
1521663706464;-7.6;15.5;1.0;-2.4;21.6;-20.800001
1521663706484;-7.6;15.5;0.90000004;-2.4;21.6;-20.800001
1521663706496;-7.5;15.5;0.90000004;-2.4;21.6;-20.800001
1521663706605;-7.4;15.400001;0.8;-2.4;21.6;-20.800001
1521663706616;-7.5;15.5;0.8;-2.4;21.6;-20.800001
1521663706625;-7.5;15.6;0.7;-2.4;21.6;-20.800001
1521663706657;-7.6;15.6;0.7;-2.4;21.6;-20.800001
1521663706664;-7.6;15.7;0.8;-2.4;21.6;-20.800001
1521663706676;-7.7000003;15.8;0.8;-2.4;21.6;-20.800001
1521663706704;-7.7000003;15.8;0.7;-2.4;21.6;-20.800001
1521663706716;-7.7000003;15.8;0.6;-2.4;21.6;-20.800001
1521663706724;-7.7000003;15.8;0.7;-2.4;21.6;-20.800001
1521663706804;-7.7000003;15.7;0.6;-2.4;21.6;-20.800001
1521663706815;-7.8;15.8;0.7;-2.4;21.6;-20.800001
1521663706844;-7.8;15.8;0.8;-2.4;21.6;-20.800001
1521663706856;-7.8;15.8;0.7;-2.4;21.6;-20.800001
1521663706864;-7.8;15.8;0.8;-2.4;21.6;-20.800001
1521663706875;-7.7000003;15.8;0.7;-2.4;21.6;-20.800001
1521663706885;-7.7000003;15.8;0.8;-2.4;21.6;-20.800001
1521663706898;-7.8;15.8;0.8;-2.4;21.6;-20.800001
1521663706917;-7.8;15.8;0.90000004;-2.4;21.6;-20.800001
1521663706925;-7.7000003;15.7;0.90000004;-2.4;21.6;-20.800001
1521663706958;-7.6;15.6;0.90000004;-2.4;21.6;-20.800001
1521663706978;-7.5;15.5;0.7;-2.4;21.6;-20.800001
1521663706988;-7.5;15.400001;0.8;-2.4;21.6;-20.800001
1521663707018;-7.5;15.400001;0.90000004;-2.4;21.6;-20.800001
1521663707029;-7.5;15.5;0.90000004;-2.4;21.6;-20.800001
1521663707050;-7.5;15.5;0.8;-2.4;21.6;-20.800001
1521663707058;-7.5;15.5;0.90000004;-2.4;21.6;-20.800001
1521663707080;-7.5;15.5;1.0;-2.4;21.6;-20.800001
1521663707087;-7.6;15.400001;0.90000004;-2.4;21.6;-20.800001
1521663707099;-7.6;15.400001;1.0;-2.4;21.6;-20.800001
1521663707116;-7.5;15.400001;1.0;-2.4;21.6;-20.800001
1521663707124;-7.5;15.400001;0.90000004;-2.4;21.6;-20.800001
1521663707144;-7.5;15.400001;0.8;-2.4;21.6;-20.800001
1521663707178;-7.5;15.400001;0.90000004;-2.4;21.6;-20.800001
1521663707198;-7.4;15.400001;0.90000004;-2.4;21.6;-20.800001
1521663707216;-7.4;15.400001;0.7;-2.4;21.6;-20.800001
1521663707224;-7.4;15.400001;0.8;-2.4;21.6;-20.800001
1521663707246;-7.5;15.400001;0.8;-2.4;21.6;-20.800001
1521663707285;-7.5;15.5;0.7;-2.4;21.6;-20.800001
1521663707296;-7.5;15.400001;0.7;-2.4;21.6;-20.800001
1521663707305;-7.4;15.5;0.6;-2.4;21.6;-20.800001
1521663707316;-7.4;15.400001;0.5;-2.4;21.6;-20.800001
1521663707325;-7.4;15.400001;0.6;-2.4;21.6;-20.800001
1521663707356;-7.4;15.400001;0.5;-2.4;21.6;-20.800001
1521663707365;-7.4;15.3;0.5;-2.4;21.6;-20.800001
1521663707378;-7.4;15.3;0.6;-2.4;21.6;-20.800001
1521663707397;-7.4;15.3;0.5;-2.4;21.6;-20.800001
1521663707407;-7.4;15.400001;0.6;-2.4;21.6;-20.800001
1521663707427;-7.4;15.3;0.6;-2.4;21.6;-20.800001
1521663707478;-7.4;15.3;0.5;-2.4;21.6;-20.800001
1521663707487;-7.5;15.3;0.6;-2.4;21.6;-20.800001
1521663707498;-7.5;15.3;0.7;-2.4;21.6;-20.800001
1521663707518;-7.5;15.3;0.6;-2.4;21.6;-20.800001
1521663707529;-7.5;15.3;0.7;-2.4;21.6;-20.800001
1521663707544;-7.5;15.400001;0.8;-2.4;21.6;-20.800001
1521663707565;-7.5;15.400001;0.90000004;-2.4;21.6;-20.800001
1521663707586;-7.5;15.400001;1.0;-2.4;21.6;-20.800001
1521663707596;-7.5;15.400001;1.1;-2.4;21.6;-20.800001
1521663707636;-7.5;15.5;1.2;-2.4;21.6;-20.800001
1521663707677;-7.6;15.5;1.3000001;-2.4;21.6;-20.800001
1521663707688;-7.5;15.5;1.3000001;-2.4;21.6;-20.800001
1521663707705;-7.6;15.5;1.3000001;-2.4;21.6;-20.800001
1521663707716;-7.6;15.5;1.2;-2.4;21.6;-20.800001
1521663707737;-7.6;15.6;1.3000001;-2.4;21.6;-20.800001
1521663707745;-7.6;15.5;1.3000001;-2.4;21.6;-20.800001
1521663707756;-7.6;15.6;1.4;-2.4;21.6;-20.800001
1521663707767;-7.6;15.5;1.3000001;-2.4;21.6;-20.800001
1521663707785;-7.6;15.6;1.3000001;-2.4;21.6;-20.800001
1521663707804;-7.6;15.6;1.2;-2.4;21.6;-20.800001
1521663707816;-7.6;15.6;1.3000001;-2.4;21.6;-20.800001
1521663707824;-7.6;15.5;1.2;-2.4;21.6;-20.800001
1521663707846;-7.6;15.5;1.1;-2.4;21.6;-20.800001
1521663707866;-7.6;15.5;1.0;-2.4;21.6;-20.800001
1521663707877;-7.6;15.5;0.90000004;-2.4;21.6;-20.800001
1521663707886;-7.5;15.5;0.90000004;-2.4;21.6;-20.800001
1521663707896;-7.6;15.5;0.90000004;-2.4;21.6;-20.800001
1521663707905;-7.6;15.6;0.90000004;-2.4;21.6;-20.800001
1521663707945;-7.7000003;15.7;1.0;-2.4;21.6;-20.800001
1521663707956;-7.7000003;15.6;1.0;-2.4;21.6;-20.800001
1521663707965;-7.7000003;15.6;0.90000004;-2.4;21.6;-20.800001
1521663707977;-7.7000003;15.6;0.8;-2.4;21.6;-20.800001
1521663707997;-7.7000003;15.6;0.90000004;-2.4;21.6;-20.800001
1521663708050;-7.6;15.5;0.8;-2.4;21.6;-20.800001
1521663708057;-7.6;15.6;0.8;-2.4;21.6;-20.800001
1521663708074;-7.6;15.6;0.7;-2.4;21.6;-20.800001
1521663708085;-7.6;15.6;0.8;-2.4;21.6;-20.800001
1521663708116;-7.6;15.6;0.7;-2.4;21.6;-20.800001
1521663708124;-7.7000003;15.6;0.7;-2.4;21.6;-20.800001
1521663708136;-7.6;15.6;0.7;-2.4;21.6;-20.800001
1521663708156;-7.7000003;15.6;0.8;-2.4;21.6;-20.800001
1521663708165;-7.6;15.6;0.8;-2.4;21.6;-20.800001
1521663708176;-7.7000003;15.6;0.8;-2.4;21.6;-20.800001
1521663708205;-7.7000003;15.6;0.7;-2.4;21.6;-20.800001
1521663708217;-7.7000003;15.5;0.7;-2.4;21.6;-20.800001
1521663708225;-7.7000003;15.5;0.6;-2.4;21.6;-20.800001
1521663708236;-7.6;15.5;0.5;-2.4;21.6;-20.800001
1521663708247;-7.6;15.400001;0.5;-2.4;21.6;-20.800001
1521663708305;-7.7000003;15.400001;0.5;-2.4;21.6;-20.800001
1521663708316;-7.8;15.5;0.5;-2.4;21.6;-20.800001
1521663708336;-7.8;15.400001;0.5;-2.4;21.6;-20.800001
1521663708345;-7.8;15.400001;0.4;-2.4;21.6;-20.800001
1521663708376;-7.8;15.400001;0.3;-2.4;21.6;-20.800001
1521663708386;-7.9;15.400001;0.3;-2.4;21.6;-20.800001
1521663708406;-8.0;15.400001;0.3;-2.4;21.6;-20.800001
1521663708416;-8.0;15.400001;0.4;-2.4;21.6;-20.800001
1521663708426;-8.0;15.400001;0.3;-2.4;21.6;-20.800001
1521663708458;-8.1;15.5;0.4;-2.4;21.6;-20.800001
1521663708486;-8.2;15.6;0.5;-2.4;21.6;-20.800001
1521663708496;-8.2;15.6;0.4;-2.4;21.6;-20.800001
1521663708506;-8.2;15.6;0.5;-2.4;21.6;-20.800001
1521663708525;-8.2;15.5;0.5;-2.4;21.6;-20.800001
1521663708537;-8.2;15.6;0.6;-2.4;21.6;-20.800001
1521663708557;-8.3;15.6;0.7;-2.4;21.6;-20.800001
1521663708569;-8.2;15.6;0.7;-2.4;21.6;-20.800001
1521663708588;-8.3;15.6;0.7;-2.4;21.6;-20.800001
1521663708627;-8.3;15.6;0.8;-2.4;21.6;-20.800001
1521663708647;-8.400001;15.6;0.8;-2.4;21.6;-20.800001
1521663708658;-8.400001;15.7;0.8;-2.4;21.6;-20.800001
1521663708705;-8.400001;15.7;0.90000004;-2.4;21.6;-20.800001
1521663708746;-8.3;15.7;1.0;-2.4;21.6;-20.800001
1521663708757;-8.400001;15.7;0.90000004;-2.4;21.6;-20.800001
1521663708836;-8.3;15.7;0.90000004;-2.4;21.6;-20.800001
1521663708844;-8.3;15.7;1.0;-2.4;21.6;-20.800001
1521663708856;-8.3;15.7;0.90000004;-2.4;21.6;-20.800001
1521663708884;-8.3;15.7;1.0;-2.4;21.6;-20.800001
1521663708895;-8.3;15.6;1.0;-2.4;21.6;-20.800001
