1521664310886;9.537606;-0.69151306;1.5792543
1521664310893;9.535165;-0.5790558;1.6103517
1521664310905;9.51368;-0.6077728;1.5792543
1521664310913;9.487313;-0.66519165;1.5935975
1521664310926;9.535165;-0.6628113;1.5385743
1521664310933;9.521005;-0.71066284;1.5337831
1521664310945;9.501718;-0.6819458;1.5194398
1521664310953;9.451425;-0.629303;1.5720826
1521664310965;9.480233;-0.5934143;1.5672914
1521664310973;9.458749;-0.6556244;1.6318971
1521664310986;9.449227;-0.55752563;1.6390687
1521664310994;9.501718;-0.62213135;1.6582032
1521664311007;9.434823;-0.6197357;1.6318971
1521664311015;9.437264;-0.59580994;1.5983888
1521664311035;9.489755;-0.5814514;1.4978944
1521664311051;9.482675;-0.62690735;1.495514
1521664311058;9.456307;-0.629303;1.5768434
1521664311070;9.499276;-0.73698425;1.5912172
1521664311078;9.532968;-0.7202301;1.5529176
1521664311090;9.480233;-0.7130585;1.5337831
1521664311098;9.473153;-0.63648987;1.7060548
1521664311110;9.39161;-0.63409424;1.6677858
1521664311118;9.372567;-0.6053772;1.615143
1521664311140;9.51368;-0.63648987;1.5864259
1521664311150;9.521005;-0.7058716;1.5289918
1521664311158;9.535165;-0.67477417;1.5505372
1521664311170;9.530526;-0.6556244;1.5648805
1521664311178;9.542489;-0.5910187;1.5553285
1521664311190;9.532968;-0.6819458;1.5864259
1521664311198;9.47535;-0.7896271;1.653412
1521664311210;9.489755;-0.732193;1.6175233
1521664311218;9.501718;-0.6197357;1.6797487
1521664311240;9.425302;-0.52641296;1.5912172
1521664311297;9.477792;-0.727417;1.5577089
1521664311307;9.4633875;-0.7465515;1.4835206
1521664311316;9.4443445;-0.57188416;1.5648805
1521664311341;9.46119;-0.62213135;1.4500428
1521664311351;9.547128;-0.61016846;1.4308778
1521664311360;9.611825;-0.68673706;1.5481263
1521664311376;9.590341;-0.7537384;1.5792543
1521664311387;9.497079;-0.72262573;1.6582032
1521664311395;9.482675;-0.6245117;1.615143
1521664311417;9.42994;-0.56469727;1.6414491
1521664311418;9.477792;-0.5862274;1.6366884
1521664311457;9.4633875;-0.7585144;1.5170289
1521664311477;9.552011;-0.8087616;1.5385743
1521664311495;9.643075;-0.61494446;1.6223146
1521664311511;9.592782;-0.5335846;1.653412
1521664311519;9.492196;-0.51924133;1.5983888
1521664311537;9.51368;-0.5407715;1.4883119
1521664311551;9.501718;-0.67237854;1.4548341
1521664311559;9.532968;-0.7130585;1.476349
1521664311572;9.537606;-0.69151306;1.4572145
1521664311579;9.4443445;-0.66519165;1.3591005
1521664311597;9.47535;-0.62213135;1.4141542
1521664311616;9.561532;-0.8590088;1.5505372
1521664311642;9.417977;-0.7657013;1.5529176
1521664311656;9.580819;-0.727417;1.5816346
1521664311676;9.690927;-0.6939087;1.2657777
1521664311688;9.78663;-0.7944031;1.476349
1521664311701;9.767343;-0.7657013;1.5577089
1521664311716;9.774667;-1.0049744;1.9094545
1521664311741;10.155039;-1.9477539;2.4526372
1521664311752;10.284189;-2.277954;2.3975835
1521664311761;10.360849;-2.251587;2.3162236
1521664311776;10.301035;-1.8711853;2.3258061
1521664311790;10.102304;-1.9788513;2.5435185
1521664311800;10.054453;-2.1798096;2.5889897
1521664311816;9.516122;-2.201355;2.9910283
1521664311837;9.492196;-2.8139038;3.608338
1521664311857;9.425302;-3.0460205;3.3140266
1521664311877;9.497079;-3.2757568;3.4145515
1521664311895;9.398934;-3.6107178;3.1513069
1521664311898;9.360604;-3.605957;2.8019414
1521664311917;9.499276;-3.8859253;2.9526982
1521664311942;9.403573;-4.9554443;2.6655889
1521664311952;9.451425;-5.5010986;2.6057744
1521664311961;9.530526;-5.907837;2.6823125
1521664311977;9.568856;-6.6280518;3.2326667
1521664311996;9.585458;-6.919922;3.2757576
1521664311998;9.599862;-6.845825;3.0149543
1521664312017;9.769784;-7.092285;3.3714607
1521664312042;9.942147;-7.178467;3.2302864
1521664312057;9.872567;-7.8220215;3.0962532
1521664312077;9.757821;-8.982422;3.3427742
1521664312097;9.659677;-9.544922;3.108277
1521664312117;9.511239;-10.121582;3.0436409
1521664312137;9.276864;-10.066406;2.761292
1521664312157;8.757576;-9.659668;2.691895
1521664312169;8.367683;-9.781738;3.0269172
1521664312185;7.582767;-10.221924;3.3906257
1521664312192;6.8481474;-10.138184;2.268372
1521664312207;6.5084257;-10.190918;2.780457
1521664312210;5.8647485;-10.52124;3.0460212
1521664312225;5.3215356;-11.05957;2.8737798
1521664312242;4.9937763;-11.502197;2.5315557
1521664312257;4.6037617;-10.547363;2.4047856
1521664312316;1.8113405;-10.102295;2.7134404
1521664312323;1.1652833;-9.111816;2.6201177
1521664312337;0.38763428;-8.623535;1.1748658
1521664312357;0.13639069;-7.7143555;1.4524232
1521664312377;-0.09331894;-7.666504;1.84964
1521664312391;-0.4019928;-7.0372314;1.9094545
1521664312400;-0.9116516;-5.80249;1.8328859
1521664312412;-1.3088684;-5.5704346;1.7586976
1521664312420;-1.8616028;-5.477051;1.7180177
1521664312445;-2.2635498;-5.8096924;1.64386
1521664312453;-2.4430542;-5.9245605;0.8422699
1521664312462;-2.593811;-5.5321045;0.7657013
1521664312470;-2.7445068;-5.4005127;1.4859315
1521664312483;-3.4910889;-3.8261108;1.6629945
1521664312497;-4.9003906;-3.5892334;1.5792543
1521664312517;-5.534546;-2.8043823;1.2753602
1521664312533;-5.742676;-3.3140259;1.43808
1521664312538;-6.168579;-3.0269165;0.74894714
1521664312557;-6.4558105;-1.9405518;0.25602722
1521664312577;-7.003784;-1.435669;0.67237854
1521664312592;-7.142456;-0.7920227;0.6053772
1521664312600;-7.286133;-0.5479431;0.64126587
1521664312612;-7.5109863;-0.34217072;0.35652924
1521664312621;-7.4727783;-0.007178426;0.35891724
1521664312643;-7.673706;0.39720154;0.39720154
1521664312652;-7.805298;0.7561188;0.6939087
1521664312665;-8.046875;1.8280946;0.60058594
1521664312673;-8.271973;2.1199956;0.42113495
1521664312681;-8.35791;1.928589;0.42591858
1521664312694;-8.30542;1.6965028;0.74176025
1521664312702;-8.097168;1.4859315;1.0384828
1521664312712;-7.9608154;1.1868287;1.368683
1521664312721;-8.133057;0.6125488;1.8424684
1521664312743;-8.279053;0.45224;1.8137513
1521664312752;-8.114014;0.19142532;1.8185426
1521664312765;-7.927368;-0.4139557;1.7347718
1521664312773;-7.893921;-0.65322876;1.6965028
1521664312781;-7.874756;-0.63648987;1.6606141
1521664312802;-7.939331;-0.67237854;1.653412
1521664312811;-8.149902;-0.5144501;1.615143
1521664312824;-8.135498;-0.72502136;1.8520204
1521664312845;-7.8867188;-0.9882355;2.0410771
1521664312850;-7.843628;-1.1868286;1.9764711
1521664312858;-7.762207;-1.2610168;1.8328859
1521664312870;-7.8077393;-1.4595947;1.8137513
1521664312886;-7.609131;-1.8903198;1.8639833
1521664312897;-7.1832275;-2.4909058;2.0386357
1521664312917;-6.9749756;-2.1798096;1.919037
1521664312941;-6.0705566;-2.4717407;2.0745244
1521664312963;-5.5968018;-4.0772705;2.3401494
1521664312970;-5.4890137;-4.625244;2.2013555
1521664312978;-5.446045;-4.8933105;1.9118654
1521664312991;-5.3239746;-4.7473145;1.6893312
1521664312998;-5.118164;-4.5631104;1.6247255
1521664313022;-4.2855225;-5.2736816;1.7969972
1521664313057;-3.5939941;-5.938965;1.6223146
1521664313062;-3.055603;-6.876953;1.3040773
1521664313070;-2.8378296;-6.98938;1.4787599
1521664313078;-2.6152954;-6.723755;1.64386
1521664313091;-2.347351;-6.446167;1.887909
1521664313112;-2.0266724;-7.109009;1.7706605
1521664313126;-1.9142456;-7.3410645;1.0958863
1521664313143;-1.435669;-8.111572;0.39720154
1521664313150;-1.0241089;-9.016113;0.9547272
1521664313158;-0.77526855;-8.906006;0.7896271
1521664313172;-0.21056747;-8.295898;1.0599977
1521664313178;-0.20578003;-7.889038;1.2107545
1521664313191;-0.06939125;-8.640381;1.5146486
1521664313198;0.18424606;-8.530273;-0.2392807
1521664313222;1.5601197;-9.159668;1.0145265
1521664313254;2.8593755;-10.174072;2.8952641
1521664313261;2.6990972;-9.901367;0.8087616
1521664313283;2.780457;-8.616455;0.43788147
1521664313292;3.8571784;-9.655029;1.1652833
1521664313298;4.7042255;-9.796143;0.7537384
1521664313320;6.02991;-10.370361;1.6486512
1521664313334;6.226077;-10.418213;1.997986
1521664313338;6.003543;-9.798584;1.7850343
1521664313363;5.836062;-9.709961;0.94036865
1521664313384;7.195194;-9.925293;1.024109
1521664313403;8.853279;-8.913086;0.83987427
1521664313423;9.667001;-7.996704;2.0170903
1521664313447;9.803231;-8.121094;2.4550176
1521664313454;10.100107;-9.025635;1.5696718
1521664313458;10.370371;-9.1501465;1.0480348
1521664313474;10.932627;-9.126221;1.052826
1521664313478;11.071544;-8.750488;0.8590088
1521664313497;11.052257;-7.9919434;0.6819458
1521664313500;11.090587;-7.7000732;1.2873231
1521664313514;10.884775;-7.570801;1.9333802
1521664313518;10.523447;-7.439209;2.0003667
1521664313543;10.217295;-7.4536133;1.9549257
1521664313554;10.167002;-7.8125;1.8735658
1521664313558;9.860604;-7.85791;1.5098573
1521664313570;9.640634;-7.85791;1.2729799
1521664313578;9.5066;-8.013428;1.261017
1521664313591;9.219491;-7.927368;1.3016664
1521664313598;9.028085;-7.654541;1.3974
1521664313610;8.941902;-7.362671;1.4548341
1521664313618;8.57325;-7.35791;1.2849427
1521664313635;8.458504;-7.532593;1.2394716
1521664313639;8.269539;-7.3841553;1.0265199
1521664313651;8.255135;-7.362671;1.2633973
1521664313659;8.025398;-7.388916;1.2490236
1521664313671;7.8436313;-7.130493;1.1437684
1521664313678;7.7813754;-7.1688232;1.2753602
1521664313691;7.6881137;-6.9869385;1.2131349
1521664313698;7.7263217;-6.8601074;1.2657777
1521664313710;7.8459506;-6.843384;1.3949891
1521664313727;7.7957797;-6.8720703;1.3471376
1521664313743;7.7000766;-7.204712;1.3758546
1521664313763;7.697635;-7.293213;1.2442628
1521664313783;8.061287;-7.477539;1.406952
1521664313791;8.250252;-7.484741;1.3519288
1521664313799;8.415535;-7.4344482;1.4452516
1521664313812;8.465584;-7.3363037;1.6127626
1521664313845;8.389168;-7.2717285;1.4978944
1521664313853;8.4824295;-7.5181885;1.7084657
1521664313861;8.535164;-8.166504;1.4524232
1521664313871;8.463387;-8.22168;1.4332887
1521664313879;8.389168;-8.161865;1.5720826
1521664313903;8.3557205;-8.307861;1.751526
1521664313922;8.503914;-8.491943;1.5098573
1521664313943;8.444099;-8.688232;1.5792543
1521664313955;8.369881;-8.932373;1.6940919
1521664313959;8.298103;-9.255371;1.6342775
1521664313980;8.276619;-9.283936;1.84964
1521664313995;8.310066;-9.29834;1.9549257
1521664313999;8.307869;-9.449219;1.8017884
1521664314015;8.319832;-9.537598;1.4715577
1521664314019;8.27198;-9.709961;1.5601197
1521664314045;7.886722;-9.398926;1.7371827
1521664314055;7.6186557;-9.025635;1.4859315
1521664314059;7.63306;-8.8029785;1.7180177
1521664314075;7.645023;-9.271973;2.0362554
1521664314079;7.6163363;-10.011475;2.4909062
1521664314100;6.3552275;-11.164795;1.6318971
1521664314115;6.0466337;-11.504639;1.6749574
1521664314119;5.709231;-11.55249;1.574463
1521664314135;5.3790307;-11.327393;1.220337
1521664314140;5.1947045;-11.250977;1.0695802
1521664314151;4.8166523;-11.128906;0.7537384
1521664314159;4.3046894;-10.954102;0.9547272
1521664314171;3.9505012;-10.640869;1.0671693
1521664314179;3.6107185;-11.035645;1.3495485
1521664314192;3.1154182;-10.920654;1.0145265
1521664314213;2.7589116;-11.064209;0.72979736
1521664314226;2.3832402;-10.358398;0.64126587
1521664314255;2.0314946;-9.820068;1.1102601
1521664314261;1.131775;-9.736328;0.7896271
1521664314271;0.59820557;-9.468262;0.48334503
1521664314279;0.30149078;-8.941895;0.34217072
1521664314326;-0.87576294;-8.3532715;-0.78723145
1521664314340;-1.3232117;-9.042236;-1.1365662
1521664314352;-1.7132568;-7.8723145;-0.33020782
1521664314360;-2.1032715;-7.178467;0.23210144
1521664314371;-2.5698853;-6.9439697;0.559906
1521664314379;-3.1776123;-6.616089;0.35173798
1521664314391;-3.675354;-6.326538;0.41156006
1521664314400;-3.8787231;-6.04895;0.55033875
1521664314411;-3.9672852;-5.737915;0.30149078
1521664314419;-4.1849365;-5.2736816;0.3637085
1521664314436;-4.3286133;-4.706665;0.55752563
1521664314440;-4.622925;-3.9863892;0.8111572
1521664314452;-4.668335;-3.586792;1.0911256
1521664314459;-4.871704;-3.3355713;1.1533204
1521664314471;-5.048828;-2.8928833;0.8949127
1521664314479;-5.3120117;-2.5291748;0.7848358
1521664314492;-5.515381;-2.328186;0.63648987
1521664314500;-5.7164307;-2.0673828;0.5024872
1521664314511;-5.737915;-2.0578003;0.7130585
1521664314519;-5.869507;-1.935791;0.7800598
1521664314535;-5.9868164;-0.6939087;1.1246034
1521664314539;-6.111206;-0.27278137;1.1437684
1521664314552;-6.5897217;0.24167252;1.1676942
1521664314559;-6.98938;0.9164429;1.1485292
1521664314572;-7.0755615;1.368683;1.4691774
1521664314579;-7.0898438;1.6055604;1.682129
1521664314592;-7.116211;1.653412;1.3710634
1521664314600;-7.35791;1.8041688;1.2825319
1521664314611;-7.666504;1.9644777;1.2179261
1521664314619;-7.951294;1.7634889;1.1198121
1521664314635;-8.030273;1.3591005;1.0887147
1521664314640;-7.982422;0.8661957;0.92840576
1521664314652;-7.9871826;0.6628113;0.5790558
1521664314659;-8.042236;0.4402771;0.66519165
1521664314672;-8.080322;0.2895279;0.6939087
1521664314679;-8.142578;0.21295929;0.83987427
1521664314692;-8.109131;0.1531372;0.76330566
1521664314700;-8.058838;0.071783066;0.7178345
1521664314712;-8.018311;-0.11246109;0.8614044
1521664314719;-7.994385;-0.3397751;1.0336915
1521664314743;-8.061279;-1.0432434;1.3567201
1521664314752;-8.233643;-1.0863342;1.2227174
1521664314760;-8.336426;-1.1006775;0.96669006
1521664314772;-8.374756;-1.2992859;0.90927124
1521664314780;-8.192871;-1.4189148;0.78723145
1521664314792;-8.070801;-1.5792542;0.7657013
1521664314800;-8.104248;-1.6940918;0.6316986
1521664314824;-8.154541;-2.0410767;0.8494415
1521664314843;-7.905884;-2.4717407;0.64845276
1521664314852;-7.889038;-2.5889893;0.44984436
1521664314861;-7.881958;-2.8378296;0.44506073
1521664314872;-7.7072754;-3.3810425;0.48812866
1521664314880;-7.666504;-3.5222168;0.37088013
1521664314904;-7.2094727;-4.141968;0.5862274
1521664314925;-7.1712646;-4.029419;0.5910187
1521664314955;-6.6783447;-4.3309326;0.73698425
1521664314960;-6.180542;-5.18042;0.7920227
1521664314972;-5.764282;-6.3743896;0.18663788
1521664314993;-6.185425;-5.199585;-0.04785633
1521664315004;-6.0825195;-5.2856445;0.36849213
1521664315016;-5.4052734;-5.764282;0.23210144
1521664315020;-4.749634;-6.74292;0.08614159
1521664315046;-4.1347656;-8.554199;0.2392807
1521664315052;-4.290283;-8.748047;-0.07417679
1521664315060;-4.7735596;-7.800537;-0.52641296
1521664315076;-4.9052734;-6.9248047;-0.30867004
1521664315080;-4.6085205;-6.7979736;-0.2153511
1521664315101;-3.2279053;-8.030273;-0.19860077
1521664315116;-2.6895142;-9.217041;0.2512436
1521664315120;-2.474121;-9.590332;0.4043808
1521664315146;-2.9910278;-8.133057;-0.4402771
1521664315152;-2.9455566;-7.60437;-0.10528374
1521664315164;-2.5459595;-7.7957764;0.0382843
1521664315176;-1.8065796;-8.819824;-0.011964083
1521664315180;-1.1964111;-9.877441;-0.28474426
1521664315192;-0.8422699;-10.164551;0.23449326
1521664315201;-1.0432434;-10.164551;0.44984436
1521664315212;-1.1437683;-9.1501465;-0.2153511
1521664315224;-1.1270142;-8.233643;-0.6675873
1521664315244;0.043070793;-7.944092;0.19381714
1521664315253;0.76330566;-8.786377;0.48812866
1521664315264;1.1030885;-9.32959;0.28234863
1521664315273;1.3208314;-10.04248;0.66519165
1521664315280;1.476349;-10.090332;0.083747864
1521664315292;1.4931031;-9.690918;-0.6628113
1521664315301;1.7634889;-9.123779;-0.7082672
1521664315312;2.349732;-8.901123;-0.3278122
1521664315324;3.0364387;-9.535156;0.06699753
1521664315345;3.962464;-10.652832;0.65802
1521664315353;4.0318623;-10.6623535;1.1270143
1521664315364;3.7926033;-9.891846;0.40677643
1521664315376;3.5030525;-9.123779;0.17228317
1521664315380;3.5844123;-8.633301;0.53837585
1521664315396;4.0007343;-8.748047;0.68434143
1521664315402;4.4649677;-9.24585;0.51924133
1521664315416;4.8621845;-9.695557;0.34456635
1521664315421;5.261721;-9.855957;0.8183441
1521664315445;5.551272;-9.552002;0.54556274
1521664315453;5.551272;-9.190674;0.06460571
1521664315464;5.670901;-8.8342285;-0.8949127
1521664315476;6.2285185;-8.583008;-0.76330566
1521664315481;6.965457;-8.571045;0.16031647
1521664315497;7.5421176;-8.451416;0.6245117
1521664315502;7.8770785;-8.67627;1.0647889
1521664315516;8.128426;-8.901123;1.4332887
1521664315520;7.9727817;-9.248047;1.3399659
1521664315545;7.697635;-8.654785;0.23449326
1521664315553;7.9321322;-8.300537;-0.15553284
1521664315560;8.401131;-8.204834;-0.29670715
1521664315572;8.958504;-8.216797;-0.08614159
1521664315580;9.363046;-7.8531494;0.11964035
1521664315593;9.659677;-7.786133;0.91404724
1521664315601;9.657235;-7.881958;1.5720826
1521664315612;9.413339;-7.9656982;1.2753602
1521664315621;9.028085;-8.099609;0.67715454
1521664315636;8.970467;-8.054199;0.3637085
1521664315641;9.198007;-7.958496;0.26081085
1521664315652;9.521005;-7.716797;0.33020782
1521664315661;9.750741;-7.300415;0.74176025
1521664315685;9.094979;-6.946289;0.629303
1521664315705;8.609383;-6.9798584;0.6125488
1521664315726;8.736092;-7.508667;0.17945862
1521664315744;8.625984;-7.927368;0.55033875
1521664315767;7.9896274;-7.470337;0.57188416
1521664315776;7.898685;-7.231079;0.65083313
1521664315781;7.975223;-6.9439697;0.7345886
1521664315797;8.054207;-6.843384;0.5431671
1521664315801;8.135506;-7.022827;0.43788147
1521664315812;8.192879;-7.0994873;0.45463562
1521664315821;8.102058;-7.0372314;0.3756714
1521664315842;7.836429;-7.053955;0.31106567
1521664315853;7.8125033;-6.8291016;0.2392807
1521664315861;8.003914;-6.8745117;0.5144501
1521664315882;8.508797;-7.2478027;0.45224
1521664315906;8.432137;-7.1520996;0.57666016
1521664315927;8.448982;-7.3220215;0.42113495
1521664315957;8.669197;-7.750244;0.61494446
1521664315961;8.599617;-7.8914795;0.5934143
1521664315986;8.544685;-7.9488525;0.63409424
1521664315993;8.425056;-7.9608154;0.48812866
1521664316005;8.465584;-7.9680176;0.56469727
1521664316016;8.484871;-8.109131;0.7345886
1521664316021;8.554207;-8.161865;0.7130585
1521664316047;8.415535;-8.468018;0.61494446
1521664316057;8.357918;-8.518311;0.9571228
1521664316061;8.28614;-8.468018;0.96191406
1521664316077;8.295906;-8.616455;0.9451599
1521664316081;8.2168045;-8.697754;0.7896271
1521664316104;8.085213;-8.649902;0.2656021
1521664316117;8.106697;-9.46582;0.16510391
1521664316122;7.9273715;-9.980225;-0.06699753
1521664316146;7.7072787;-10.918213;0.17228317
1521664316153;7.5924106;-11.088135;0.6699829
1521664316161;7.494266;-11.052246;1.0504457
1521664316173;7.336307;-10.834473;0.7130585
1521664316181;7.322025;-10.666992;0.7967987
1521664316194;7.286136;-10.832275;0.89730835
1521664316201;7.094608;-11.31543;1.0408632
1521664316213;6.781253;-11.217529;0.8063812
1521664316229;6.477298;-11.088135;1.2322999
1521664316247;5.943728;-10.126221;1.0911256
1521664316266;4.9195576;-9.638184;1.4237062
1521664316273;4.3166523;-9.288818;1.4835206
1521664316281;3.7806404;-10.092773;1.4643861
1521664316293;3.0962532;-10.57373;0.69869995
1521664316301;2.71106;-10.23877;0.33020782
1521664316325;2.349732;-9.798584;0.96429443
1521664316355;2.0434575;-9.671631;0.51924133
1521664316358;1.5577089;-10.145508;0.79919434
1521664316375;0.94755554;-9.841553;0.8231201
1521664316396;0.3637085;-9.054199;1.3208314
1521664316405;-0.10528374;-8.27417;1.1604921
1521664316417;-0.51205444;-7.977661;1.1054689
1521664316421;-0.9714813;-8.006348;0.99780273
1521664316447;-1.6223145;-8.255127;0.43309784
1521664316457;-1.9214172;-7.5373535;0.52641296
1521664316466;-2.170288;-7.2333984;0.73698425
1521664316473;-2.4765625;-6.857788;0.6628113
1521664316481;-2.7230225;-6.529907;0.31106567
1521664316493;-3.0795288;-6.28833;0.24406433
1521664316501;-3.2996826;-5.742676;0.5048828
1521664316513;-3.644226;-5.14209;0.5144501
1521664316521;-3.998352;-4.6204834;0.8542328
1521664316542;-4.914795;-3.8093262;2.0697637
1521664316553;-5.0822754;-3.751892;2.160706
1521664316574;-5.3048096;-3.637085;1.672577
1521664316596;-5.675659;-2.7086182;1.8257142
1521664316614;-5.9676514;-2.4023438;1.9118654
1521664316621;-6.092041;-2.555481;1.7826234
1521664316647;-6.218872;-2.251587;0.32063293
1521664316653;-6.331299;-1.9285889;0.43549347
1521664316665;-6.515625;-1.6486511;0.62213135
1521664316682;-6.876953;-0.9547272;0.9188385
1521664316695;-7.039673;-0.8207245;1.220337
1521664316701;-7.0683594;-0.9068756;1.60318
1521664316713;-7.1520996;-1.0432434;1.9142457
1521664316721;-7.2789307;-1.0025635;1.6247255
1521664316742;-7.5947266;-1.3112488;1.2131349
1521664316766;-7.6881104;-1.5625;1.5122377
1521664316786;-7.697632;-1.6223145;1.0193177
1521664316805;-7.7957764;-1.366272;1.2944947
1521664316814;-7.661743;-1.8711853;1.6965028
1521664316822;-7.6713867;-2.1152344;1.5888063
1521664316845;-7.750244;-2.3497314;1.6653749
1521664316854;-7.893921;-2.4119263;1.7467347
1521664316862;-7.908203;-2.4645996;1.8687745
1521664316882;-7.6689453;-2.7373657;1.8520204
1521664316903;-7.570801;-2.8569946;1.64386
1521664316917;-7.546875;-2.8187256;1.7060548
1521664316922;-7.396118;-3.2374878;1.8592225
1521664316947;-7.0491943;-3.675354;1.5289918
1521664316962;-7.1951904;-3.2589722;1.4213258
1521664316982;-6.843384;-3.5437622;1.5792543
1521664317003;-5.9820557;-4.4313965;1.466797
1521664317022;-5.4316406;-5.0966797;1.4404603
1521664317047;-5.173218;-5.458008;1.5194398
1521664317062;-4.7281494;-5.656616;1.299286
1521664317082;-4.1849365;-5.927002;1.1461488
1521664317103;-3.479126;-6.661499;2.0458379
1521664317122;-2.9311523;-7.1448975;0.9834442
1521664317142;-2.6009521;-8.22168;1.328003
1521664317154;-2.3258057;-8.250244;1.1772462
1521664317163;-1.8592224;-9.090332;1.0958863
1521664317174;-1.7084656;-9.563965;0.4689865
1521664317182;-1.6055603;-9.152344;0.2656021
1521664317196;-1.533783;-8.269531;0.4283142
1521664317205;-1.2753601;-7.61145;1.0911256
1521664317217;-0.92123413;-7.2214355;1.8951112
1521664317225;-0.65802;-6.630493;1.8137513
1521664317270;-0.15074539;-7.4488525;2.419129
1521664317286;0.7178345;-9.41333;0.91404724
1521664317296;0.92840576;-9.614258;0.30867004
1521664317307;2.7205815;-8.879639;0.9308014
1521664317314;3.1943977;-9.090332;1.5625001
1521664317322;3.5030525;-9.355713;2.160706
1521664317337;3.7327888;-9.877441;2.4047856
1521664317342;3.4910896;-9.231445;1.0121461
1521664317367;4.1490498;-8.38916;0.8494415
1521664317387;5.862307;-10.370361;1.6462404
1521664317406;6.1016874;-10.155029;1.1868287
1521664317408;6.441409;-9.949219;1.6247255
1521664317427;6.111209;-9.45874;1.7563173
1521664317456;6.580203;-8.592529;1.2921144
1521664317462;7.709598;-9.00415;1.2346803
1521664317482;8.64283;-9.810547;1.7347718
1521664317503;8.123543;-9.453857;0.830307
1521664317522;8.142586;-8.970459;0.5934143
1521664317545;8.214363;-8.398682;0.4163437
1521664317548;8.341316;-7.958496;0.6173401
1521664317562;8.805428;-7.932129;0.96191406
1521664317583;9.183602;-8.369873;0.6173401
1521664317604;9.449227;-8.3532715;0.21056747
1521664317622;9.38453;-7.781372;0.04785633
1521664317643;9.322274;-7.4536133;0.0885334
1521664317655;9.382089;-7.269287;0.46180725
1521664317662;9.410897;-7.180786;0.77526855
1521664317675;9.343759;-7.0683594;0.76091003
1521664317682;9.219491;-6.8601074;0.52401733
1521664317697;9.250497;-6.6088867;0.5359802
1521664317706;9.358163;-6.6375732;0.4163437
1521664317717;9.427499;-6.661499;0.2153511
1521664317726;9.504159;-6.5682373;0.15074539
1521664317756;9.415536;-6.6639404;0.38523865
1521664317765;9.2290125;-6.489258;0.5312042
1521664317770;9.195565;-6.168579;0.7130585
1521664317786;9.030282;-5.9868164;1.270569
1521664317815;8.920418;-5.977173;1.261017
1521664317823;8.77198;-5.996338;0.9930115
1521664317828;8.795906;-6.115967;0.9810486
1521664317855;8.707283;-6.3601074;0.60058594
1521664317864;8.702644;-6.6136475;0.36131287
1521664317886;8.693123;-6.577759;0.4307022
1521664317906;8.657234;-6.33374;0.5048828
1521664317908;8.786385;-6.2093506;0.73698425
1521664317927;8.908455;-6.5012207;0.7585144
1521664317955;8.879646;-6.6903076;0.69151306
1521664317964;8.7649;-6.8864746;0.5790558
1521664317983;8.870125;-6.635254;0.33738708
1521664318004;9.176278;-6.8242188;0.2536316
1521664318023;9.46119;-7.3291016;0.30149078
1521664318045;9.394052;-7.788574;0.629303
1521664318048;9.040048;-7.8914795;0.3397751
1521664318063;8.594978;-8.415527;0.043070793
1521664318075;8.525398;-8.846191;-0.1004982
1521664318083;8.563728;-9.33667;-0.38285065
1521664318095;8.609383;-9.975586;-0.5479431
1521664318103;8.652351;-10.463623;-0.5168457
1521664318117;8.685799;-10.52124;-0.7537384
1521664318123;8.661873;-10.678955;-0.7082672
1521664318143;8.31739;-10.487549;-0.19381714
1521664318156;7.898685;-10.645508;-0.20578003
1521664318163;7.625858;-10.786621;-0.11724663
1521664318175;7.4464145;-10.978027;-0.01914215
1521664318183;7.1114535;-10.904053;-0.32302856
1521664318196;6.9128447;-11.121826;-0.045463562
1521664318203;6.7022734;-10.836914;-0.22013855
1521664318215;6.584964;-10.786621;-0.55752563
1521664318231;6.429446;-11.1623535;-0.43309784
1521664318247;5.905398;-10.772461;-0.24406433
1521664318266;5.558474;-10.9470215;-0.0023927689
1521664318268;5.0560327;-10.755615;0.279953
1521664318287;4.7592793;-10.755615;0.55752563
1521664318295;3.6944587;-10.308105;-0.122032166
1521664318303;3.481507;-9.994629;-0.19381714
1521664318326;3.0938728;-10.348877;-0.035891533
1521664318345;2.3975835;-10.274658;0.7130585
1521664318367;1.4237062;-9.293701;0.24406433
1521664318385;0.277565;-8.8029785;0.48095703
1521664318404;-0.15792465;-8.628418;0.06699753
1521664318419;-0.3397751;-7.376953;0.45941925
1521664318430;-0.5407715;-6.82666;0.7513428
1521664318446;-0.8063812;-7.154419;0.51205444
1521664318455;-1.7060547;-6.738159;0.11724663
1521664318463;-1.7634888;-7.0635986;0.4163437
1521664318476;-1.8879089;-6.70459;0.5694885
1521664318483;-2.1104126;-5.9173584;0.76330566
1521664318497;-2.409546;-5.2043457;1.2179261
1521664318503;-2.7732544;-5.2976074;1.9644777
1521664318515;-3.232666;-5.0080566;1.615143
1521664318523;-3.5939941;-4.9698486;1.1868287
1521664318543;-3.9361572;-4.9937744;0.6316986
1521664318555;-4.0844727;-4.6588135;0.78723145
1521664318564;-4.3356934;-4.3309326;1.0121461
1521664318587;-4.4505615;-4.1706543;1.3567201
1521664318588;-4.7976074;-3.6681519;1.0289003
1521664318605;-5.4483643;-2.720581;1.024109
1521664318608;-5.7834473;-2.505249;0.7967987
1521664318625;-6.029907;-2.5722656;0.8494415
1521664318628;-6.1398926;-2.5603027;0.8279114
1521664318647;-6.3432617;-2.8187256;0.7657013
1521664318666;-6.5203857;-2.8258667;0.76330566
1521664318668;-6.6903076;-2.7110596;0.7728729
1521664318687;-7.166504;-1.907074;0.9714813
1521664318696;-7.3530273;-1.5601196;0.95951843
1521664318704;-7.5373535;-1.2825317;0.9236145
1521664318715;-7.647461;-1.3303833;1.0121461
1521664318723;-7.6881104;-1.5122375;1.1365663
1521664318746;-7.77417;-1.5792542;1.0958863
1521664318748;-7.9178467;-1.5672913;0.99061584
1521664318766;-8.006348;-1.533783;1.0767518
1521664318768;-8.171387;-1.5696716;1.3997804
1521664318787;-8.345947;-1.4093628;1.7276002
1521664318790;-8.276611;-1.2729797;1.8592225
1521664318815;-8.279053;-1.3734741;1.0791627
1521664318823;-8.236084;-1.7323914;0.89012146
1521664318846;-7.963257;-2.428711;1.0815431
1521664318856;-7.8603516;-2.6344604;1.1341859
1521664318863;-7.8125;-2.8067627;1.3160402
1521664318876;-7.877075;-2.9766235;1.495514
1521664318896;-7.862793;-2.9957886;1.4907228
1521664318904;-7.735962;-3.1082764;1.6701661
1521664318916;-7.5612793;-3.125;1.6582032
1521664318924;-7.3721924;-3.0795288;1.6079713
1521664318945;-7.211914;-3.3427734;1.4787599
1521664318948;-7.058716;-3.6514282;1.3949891
1521664318966;-6.912842;-3.8476562;1.328003
1521664318968;-6.895996;-3.6418457;1.1772462
1521664318990;-6.754883;-3.9002686;1.3902284
1521664319006;-6.5946045;-4.055786;1.4141542
1521664319016;-5.960449;-4.845459;1.4691774
1521664319024;-5.6972656;-5.230591;1.1006776
1521664319046;-5.6853027;-5.3120117;1.0145265
1521664319048;-5.6015625;-5.453125;1.2083741
1521664319064;-5.067993;-5.484253;1.43808
1521664319085;-4.6085205;-6.084839;1.6390687
1521664319105;-4.0821533;-7.1018066;2.0075688
1521664319120;-3.7567139;-7.673706;2.1893926
1521664319129;-3.53656;-7.5421143;1.6366884
1521664319147;-3.6203003;-7.053955;0.63648987
1521664319156;-3.5222168;-7.149658;0.7178345
1521664319164;-2.9934082;-7.9919434;0.59820557
1521664319176;-2.4119263;-8.625977;0.5288086
1521664319184;-1.7874146;-9.193115;0.9547272
1521664319197;-1.5122375;-9.047119;1.3758546
1521664319204;-1.4883118;-8.051758;1.1676942
1521664319216;-1.493103;-7.61145;1.3088685
1521664319232;-1.3519287;-7.769409;2.1965947
1521664319246;-1.1820374;-7.977661;2.306641
1521664319249;-1.0743713;-8.063721;1.447632
1521664319267;-0.80158997;-8.252686;0.77526855
1521664319269;-0.35891724;-8.367676;0.11964035
1521664319286;0.7800598;-10.372803;0.5814514
1521664319297;2.021912;-10.655029;1.7204286
1521664319304;2.2731328;-10.190918;2.0170903
1521664319327;1.7276002;-8.18335;2.0386357
1521664319346;1.8472291;-7.647461;1.3638917
1521664319356;2.3928227;-8.001465;1.1078492
1521664319364;3.1632698;-9.083008;1.4524232
1521664319377;3.955323;-10.7126465;2.01471
1521664319393;4.156252;-10.786621;1.0887147
1521664319398;4.4194355;-10.985352;1.2227174
1521664319417;4.256716;-9.54248;1.2633973
1521664319443;4.536745;-9.348633;1.6510316
1521664319456;5.5106225;-9.446777;1.7898256
1521664319464;5.8073754;-9.49707;1.1150514
1521664319486;5.8264184;-8.774414;0.1531372
1521664319488;6.206912;-8.38916;0.7944031
1521664319505;7.3961215;-8.819824;1.0839235
1521664319524;7.8149447;-10.138184;1.122223
1521664319547;7.8269076;-10.1813965;0.8805542
1521664319550;7.8077426;-9.602295;0.45702362
1521664319564;8.3557205;-8.19043;1.1150514
1521664319585;8.664314;-7.2094727;1.2633973
1521664319606;8.788826;-7.4990234;1.6055604
1521664319625;8.831795;-8.068359;1.2107545
1521664319646;8.917976;-8.542236;1.0624086
1521664319650;9.011239;-8.14502;0.39720154
1521664319665;9.585458;-7.9417725;0.937973
1521664319677;9.489755;-7.5445557;0.7848358
1521664319685;9.382089;-7.2597656;0.87098694
1521664319697;9.205087;-7.061157;1.2107545
1521664319705;8.970467;-6.78833;1.1198121
1521664319716;8.7649;-7.0324707;1.0504457
1521664319724;8.525398;-7.0946045;0.76091003
1521664319752;8.712166;-7.2789307;0.9068756
1521664319765;8.518318;-7.243042;0.90448
1521664319770;8.396248;-7.015747;0.8661957
1521664319792;8.2480545;-6.7860107;0.7465515
1521664319800;8.231209;-6.5323486;0.5790558
1521664319811;8.245613;-6.3026123;0.55752563
1521664319827;8.470467;-6.711792;0.52641296
1521664319832;8.484871;-7.041992;0.40677643
1521664319857;8.458504;-7.35791;0.49530792
1521664319866;8.2168045;-6.6783447;0.76091003
1521664319887;8.326912;-6.522827;0.89730835
1521664319890;8.4824295;-6.2213135;0.7704773
1521664319911;8.793465;-6.2858887;0.9571228
1521664319927;8.781502;-6.5826416;0.7824402
1521664319929;8.793465;-6.7596436;0.77526855
1521664319961;8.798347;-6.970215;1.0073549
1521664319972;8.729012;-6.730957;1.1796571
1521664319986;8.738533;-6.793213;1.0887147
1521664320006;8.678719;-7.376953;1.0911256
1521664320025;8.580574;-7.755127;0.8805542
1521664320047;8.532722;-8.0563965;0.933197
1521664320050;8.618904;-8.27417;1.0695802
1521664320058;8.652351;-8.42749;1.0193177
1521664320077;8.972908;-8.989746;0.6891327
1521664320085;9.305673;-9.248047;0.16749573
1521664320106;9.96119;-8.970459;0.22731781
1521664320117;10.150156;-9.178711;0.7824402
1521664320125;9.951669;-9.233887;0.72262573
1521664320147;9.655038;-9.391602;0.8542328
1521664320149;9.367684;-9.391602;0.8996887
1521664320158;9.032723;-9.429932;1.0217286
1521664320173;8.705086;-9.781738;1.4715577
1521664320178;7.7766147;-10.355957;1.1102601
1521664320193;7.506229;-11.004395;1.4907228
1521664320206;6.9510527;-10.731689;0.7393799
1521664320217;6.7979765;-10.590576;0.90927124
1521664320252;6.2667265;-10.559326;0.99780273
1521664320265;4.7425556;-10.760498;1.122223
1521664320285;3.9959724;-10.135986;1.1461488
1521664320297;3.727967;-10.336914;1.466797
1521664320306;3.3307502;-10.095215;0.87815857
1521664320325;3.0412605;-9.262451;0.95233154
1521664320347;3.019715;-9.049561;1.1150514
1521664320350;2.6583867;-9.174072;0.9954071
1521664320358;2.141541;-9.102295;0.4283142
1521664320369;1.9238282;-9.817627;0.72979736
1521664320386;0.8470459;-9.626221;0.34456635
1521664320406;0.38763428;-9.733887;1.0169374
1521664320425;-0.29192352;-7.7215576;0.7776642
1521664320451;-0.96429443;-7.219116;1.6223146
1521664320458;-1.3878174;-7.7095947;2.0170903
1521664320477;-2.5579224;-7.1401367;1.1413575
1521664320485;-2.890503;-7.1640625;1.5098573
1521664320497;-3.1991577;-6.6065674;1.2777406
1521664320506;-3.3451538;-6.199707;1.3854371
1521664320517;-3.4432373;-5.833618;1.2179261
1521664320526;-3.3379517;-5.534546;1.0647889
1521664320546;-3.794983;-4.6827393;1.0265199
1521664320557;-4.0151367;-4.19458;1.261017
1521664320566;-4.326172;-3.555725;1.2681886
1521664320590;-5.0321045;-3.2685547;1.8352662
1521664320610;-5.213867;-3.359497;1.2633973
1521664320631;-5.3981934;-3.1967773;1.1844178
1521664320647;-5.8288574;-2.847412;0.87576294
1521664320657;-6.1757812;-2.5411377;0.7585144
1521664320666;-6.3529053;-2.4191284;0.8542328
1521664320692;-6.558716;-2.277954;1.0719606
1521664320706;-6.8530273;-1.8855286;0.90927124
1521664320726;-7.3100586;-1.4787598;1.0312806
1521664320757;-7.3459473;-1.7563171;1.0504457
1521664320765;-7.3841553;-2.1846313;1.2586061
1521664320778;-7.432007;-2.4693604;1.4021913
1521664320790;-7.609131;-2.4119263;1.4572145
1521664320806;-7.7957764;-2.182251;1.6893312
1521664320825;-7.9799805;-1.8711853;1.466797
1521664320847;-8.034912;-1.7802429;1.4261171
1521664320849;-7.8603516;-2.189392;1.6414491
1521664320866;-7.623413;-2.8139038;1.6988832
1521664320878;-7.716797;-2.8306885;1.5840455
1521664320891;-7.8842773;-2.5195923;1.4452516
1521664320906;-7.6833496;-2.5818481;1.653412
1521664320926;-7.1376953;-3.1034546;1.7539369
1521664320951;-6.9415283;-3.5916138;1.9740602
1521664320966;-6.9056396;-3.3881836;1.9931947
1521664320986;-6.446167;-3.8284912;1.9860231
1521664321007;-5.888672;-4.5893555;1.84964
1521664321026;-5.579956;-5.300049;1.7371827
1521664321051;-5.402954;-5.623047;1.5385743
1521664321066;-5.022461;-5.5968018;1.741974
1521664321086;-4.3668213;-6.2404785;2.0817266
1521664321106;-3.5916138;-7.8029785;2.3114629
1521664321126;-3.1680908;-8.451416;2.3209844
1521664321146;-3.3762207;-6.635254;1.4452516
1521664321166;-3.105835;-5.3813477;1.4332887
1521664321186;-1.3973999;-7.4990234;0.5359802
1521664321198;-0.4139557;-9.475342;1.3854371
1521664321209;0.25602722;-10.621582;1.0073549
1521664321232;0.4307022;-11.143311;-0.16031647
1521664321254;0.40677643;-10.678955;-0.29670715
1521664321267;0.39720154;-9.688477;0.37327576
1521664321272;0.22253036;-8.724121;0.6316986
1521664321280;0.25602722;-8.669189;1.1126405
1521664321293;0.7441559;-9.063965;0.86380005
1521664321306;1.5337831;-9.90625;0.8039856
1521664321308;1.7730714;-9.590332;0.41873932
1521664321330;2.5363774;-9.516113;0.55033875
1521664321362;3.0053718;-9.674072;1.5625001
1521664321377;3.5844123;-9.020752;1.4811403
1521664321386;4.144289;-8.527832;1.9644777
1521664321405;4.8166523;-9.552002;1.5170289
1521664321427;5.62781;-11.219727;1.1054689
1521664321457;5.7570825;-11.34668;0.7967987
1521664321458;5.7570825;-10.162109;0.5527344
1521664321473;6.0274687;-9.080566;1.0743715
1521664321487;6.5969267;-7.508667;1.8544313
1521664321506;6.927127;-7.819702;2.5698857
1521664321508;6.996585;-8.317383;2.4550176
1521664321521;7.0300326;-9.123779;2.2970586
1521664321529;6.9630156;-9.736328;1.820923
1521664321547;7.3866;-8.999268;1.2370607
1521664321557;7.59473;-8.4729;1.1078492
1521664321565;7.8819613;-7.989624;1.0624086
1521664321585;8.044441;-7.642578;1.4213258
1521664321598;8.037361;-7.60437;1.4021913
1521664321610;8.046883;-7.9871826;1.4189149
1521664321621;8.0588455;-8.279053;1.1126405
1521664321629;8.283943;-8.6188965;1.1868287
1521664321650;8.542244;-8.729004;1.4284974
1521664321660;8.602058;-8.245605;1.1413575
1521664321673;8.996834;-7.2263184;1.3088685
1521664321682;9.135751;-6.754883;1.3734742
1521664321690;9.21705;-6.616089;1.4356691
1521664321727;9.111825;-6.738159;1.6199342
1521664321732;8.867683;-6.831421;1.4404603
1521664321751;8.647469;-6.9367676;1.4284974
1521664321766;8.6045;-7.039673;1.2394716
1521664321768;8.654793;-6.795532;1.2155458
1521664321779;8.635506;-6.6280518;1.19162
1521664321800;8.348396;-6.312256;0.9499359
1521664321817;8.307869;-6.4414062;1.1892091
1521664321826;8.302986;-6.596924;1.0695802
1521664321850;8.257576;-6.8745117;1.2131349
1521664321872;8.197762;-6.86499;0.9547272
1521664321891;8.413094;-6.553833;1.0073549
1521664321913;8.525398;-6.4558105;1.0671693
1521664321922;8.602058;-6.74292;1.1198121
1521664321932;8.5900955;-6.9869385;0.99061584
1521664321951;8.525398;-7.1065674;1.0384828
1521664321967;8.707283;-6.9821777;1.0671693
1521664321979;8.819832;-7.147339;1.1246034
1521664321991;8.819832;-7.147339;1.0552064
1521664322007;8.685799;-7.6330566;1.2681886
1521664322027;8.551765;-7.5994873;1.5002748
1521664322043;8.575691;-7.673706;1.6653749
1521664322048;8.453621;-7.8531494;1.5864259
1521664322067;8.283943;-8.544678;1.2107545
1521664322087;8.037361;-8.740967;0.72979736
1521664322107;8.159431;-9.166748;0.8039856
1521664322127;8.425056;-10.152588;0.7561188
1521664322151;8.477547;-10.341553;0.49291992
1521664322160;8.532722;-10.49707;0.62690735
1521664322173;8.302986;-10.346436;0.97865295
1521664322182;7.96326;-10.375244;1.1820375
1521664322191;7.747928;-10.678955;1.4548341
1521664322207;7.1999545;-11.210205;1.2083741
1521664322219;7.063602;-11.750977;1.2083741
1521664322235;6.802737;-12.138672;0.58862305
1521664322253;6.388797;-12.081299;1.122223
1521664322271;5.3192163;-11.810791;1.0025636
1521664322293;4.244753;-10.155029;0.937973
1521664322299;3.727967;-10.212402;0.7202301
1521664322311;3.208741;-10.537842;0.3278122
1521664322327;2.5985723;-11.227051;0.2392807
1521664322352;2.1654668;-9.779297;0.57666016
1521664322367;1.3160402;-8.192871;0.30149078
1521664322387;0.21295929;-8.118652;0.56230164
1521664322406;-0.24645996;-8.578125;0.19142532
1521664322408;-0.66519165;-8.360352;-0.25602722
1521664322427;-0.8422699;-8.149902;-0.043070793
1521664322429;-0.9308014;-7.824463;0.06460571
1521664322453;-1.4284973;-7.097046;-0.12442589
1521664322467;-1.5361633;-7.408081;0.9834442
1521664322487;-2.2156982;-5.5943604;0.1890297
1521664322507;-2.5004883;-5.8791504;0.8159485
1521664322527;-2.967041;-5.4747314;1.2227174
1521664322544;-3.3666992;-5.5178223;1.3902284
1521664322548;-3.4767456;-5.7785645;1.6223146
1521664322567;-4.149048;-5.8432617;0.90448
1521664322580;-4.263916;-5.3095703;0.8279114
1521664322596;-4.2232666;-5.7977295;1.7443544
1521664322602;-4.2974854;-5.764282;1.8161317
1521664322616;-4.5893555;-4.926758;0.89012146
1521664322620;-4.852539;-4.479248;1.052826
1521664322636;-5.26416;-3.4504395;1.1557313
1521664322653;-5.970093;-2.012329;1.5074769
1521664322660;-6.29541;-2.1223755;1.3997804
1521664322671;-6.6208496;-1.8711853;0.65322876
1521664322683;-7.3721924;-1.3591003;0.011964083
1521664322688;-7.585205;-1.3830261;0.011964083
1521664322707;-7.647461;-1.5074768;-0.21295929
1521664322709;-7.630615;-1.5505371;-0.07417679
1521664322727;-7.6569824;-1.0241089;-0.0047855377
1521664322744;-7.951294;-0.74176025;-0.057427406
1521664322748;-8.161865;-0.4785614;0.27516937
1521664322760;-8.336426;-0.38523865;0.5312042
1521664322768;-8.408203;-0.58862305;0.96429443
1521664322787;-8.319824;-1.0217285;1.2227174
1521664322814;-8.369873;-1.2633972;1.3423463
1521664322822;-8.365234;-1.5816345;1.261017
1521664322835;-8.333984;-2.3114624;1.1964113
1521664322854;-8.30542;-2.4215088;0.9116516
1521664322861;-8.238281;-2.7038574;0.9116516
1521664322868;-8.156982;-2.7469482;0.60058594
1521664322880;-8.142578;-2.8067627;0.74894714
1521664322895;-8.137939;-2.7373657;0.8039856
1521664322913;-8.22876;-2.6105347;0.57188416
1521664322932;-8.075684;-3.0579834;0.7130585
1521664322951;-7.7574463;-3.4073486;1.0360719
1521664322960;-7.6833496;-3.5772095;1.1581117
1521664322968;-7.5755615;-3.1991577;0.96669006
1521664322980;-7.56604;-3.2374878;1.0001832
1521664322988;-7.4798584;-3.2374878;1.0624086
1521664323000;-7.2908936;-3.1848145;0.9116516
1521664323022;-6.8338623;-3.1776123;1.1270143
1521664323036;-6.74292;-3.2948608;1.2657777
1521664323051;-6.242798;-4.1514893;1.0839235
1521664323074;-5.903076;-5.4101562;0.7058716
1521664323080;-5.7354736;-5.4890137;0.5910187
1521664323088;-5.711548;-5.6207275;0.8039856
1521664323113;-5.383789;-5.288086;1.2275087
1521664323124;-5.1014404;-4.945923;1.1293947
1521664323128;-4.630005;-5.711548;1.6223146
1521664323152;-3.7997437;-7.5994873;1.9931947
1521664323161;-3.598755;-7.951294;1.5433656
1521664323168;-3.5413208;-8.26709;1.4620057
1521664323180;-3.5652466;-8.276611;1.466797
1521664323188;-3.6346436;-7.630615;1.024109
1521664323200;-3.7112427;-6.7668457;0.7728729
1521664323208;-3.498291;-6.6639404;1.3112489
1521664323232;-2.0099487;-7.989624;1.447632
1521664323264;-1.423706;-8.9921875;-0.22013855
1521664323270;-0.9954071;-8.977783;0.8853302
1521664323280;-0.94755554;-8.14502;1.4572145
1521664323288;-0.8183441;-7.31958;1.8161317
1521664323300;-0.46420288;-7.9154053;2.091309
1521664323308;-0.18185425;-9.140381;1.1676942
1521664323336;0.0047855377;-9.772217;-0.071783066
1521664323342;0.4665985;-10.590576;-0.2656021
1521664323352;1.2633973;-11.420898;-0.4905243
1521664323374;1.9309999;-8.372314;1.5960084
1521664323392;2.160706;-8.200195;2.5603032
1521664323413;2.4358525;-9.401367;2.2922978
1521664323421;3.1058357;-11.339355;0.43549347
1521664323432;3.6753547;-11.920898;0.0023927689
1521664323453;4.740114;-10.473145;0.20578003
1521664323465;5.146853;-9.248047;0.92601013
1521664323470;5.1995873;-7.89624;1.6055604
1521664323484;5.1827416;-7.573242;2.8426518
1521664323488;4.9937763;-7.85083;2.926392
1521664323504;4.8382587;-9.283936;2.83783
1521664323509;4.706667;-9.898926;1.6558229
1521664323527;5.0032983;-10.128662;1.1413575
1521664323529;5.608767;-10.00415;0.8733673
1521664323554;6.6591825;-9.29126;1.0743715
1521664323563;6.996585;-8.647461;1.0839235
1521664323574;7.1544223;-8.3029785;1.7826234
1521664323581;6.8410673;-8.858154;1.9166261
1521664323588;6.5203886;-8.515869;1.6486512
1521664323601;6.6519804;-8.592529;1.9931947
1521664323608;6.7524443;-8.446533;1.615143
1521664323621;7.013309;-8.26001;1.2633973
1521664323628;7.4727817;-8.044434;1.261017
1521664323645;8.061287;-8.121094;1.43808
1521664323649;8.360359;-8.14502;1.3256227
1521664323660;8.393806;-7.881958;0.9834442
1521664323668;8.312508;-7.5109863;0.9451599
1521664323681;8.3747635;-7.02771;1.1293947
1521664323688;8.420174;-6.762085;1.466797
1521664323701;8.551765;-6.616089;1.3519288
1521664323708;8.984871;-6.8792725;1.0432435
1521664323723;9.38453;-7.192749;0.9499359
1521664323731;9.686044;-7.3459473;0.65322876
1521664323753;9.858407;-7.4678955;0.69869995
1521664323761;9.982675;-7.6258545;1.0336915
1521664323775;9.655038;-6.9056396;1.122223
1521664323784;9.587899;-6.529907;1.220337
1521664323792;9.585458;-6.2404785;1.495514
1521664323815;9.547128;-6.022705;1.5385743
1521664323834;9.441903;-6.515625;1.4237062
1521664323853;9.231454;-6.553833;1.3543092
1521664323864;9.090341;-6.484497;1.261017
1521664323877;8.802986;-6.4677734;0.97865295
1521664323881;8.774422;-6.527588;0.8566284
1521664323897;8.719246;-6.69751;0.7824402
1521664323902;8.652351;-6.7214355;0.9188385
1521664323917;8.56617;-6.7404785;0.7896271
1521664323923;8.544685;-6.7453613;0.86380005
1521664323937;8.425056;-6.7644043;1.0480348
1521664323953;8.236092;-6.6280518;1.0097657
1521664323975;8.3244705;-6.539551;1.2250978
1521664323985;8.391609;-6.5562744;1.299286
1521664323989;8.487312;-6.687866;1.2035829
1521664324005;8.453621;-6.7404785;1.1772462
1521664324009;8.487312;-6.6185303;1.0839235
1521664324026;8.513435;-6.6711426;1.2083741
1521664324030;8.61158;-6.838623;1.6462404
1521664324053;8.6403885;-7.077881;1.6199342
1521664324065;8.661873;-7.1520996;1.261017
1521664324069;8.762459;-6.915161;0.8470459
1521664324082;9.018319;-6.592163;0.79919434
1521664324089;9.257821;-6.5323486;0.8183441
1521664324101;9.595223;-7.0875244;1.3662721
1521664324109;9.7290125;-7.4870605;1.4261171
1521664324121;9.714852;-7.9560547;1.3974
1521664324129;9.693124;-8.345947;1.4428712
1521664324152;9.29371;-8.393799;1.9262086
1521664324161;9.054208;-8.425049;2.172669
1521664324169;8.781502;-8.525391;1.9644777
1521664324182;8.724129;-8.611572;1.4452516
1521664324189;8.630867;-8.783936;0.9068756
1521664324202;8.793465;-9.264893;0.5742645
1521664324209;8.941902;-9.475342;0.4402771
1521664324235;8.625984;-9.762695;0.44506073
1521664324267;7.6114535;-10.6623535;0.34456635
1521664324270;7.467899;-10.6623535;0.11964035
1521664324295;7.1234164;-10.827393;0.2679901
1521664324301;6.7668486;-10.8203125;0.28234863
1521664324310;6.403079;-10.779541;0.2153511
1521664324333;5.532107;-10.593018;0.29192352
1521664324353;4.809572;-10.593018;0.16031647
1521664324365;4.4769306;-10.992432;0.29670715
1521664324369;4.0725117;-10.7890625;0.18663788
1521664324391;3.0962532;-10.90625;-0.19860077
1521664324405;2.6966558;-10.57373;-0.29192352
1521664324410;2.5507207;-10.427734;0.33499146
1521664324425;2.419129;-10.071289;0.63887024
1521664324429;1.9956056;-9.750732;0.8925171
1521664324451;1.2729799;-9.38208;0.559906
1521664324461;0.835083;-8.499268;0.3541336
1521664324469;0.4665985;-8.324463;0.72262573
1521664324481;-0.43549347;-8.51123;0.3062744
1521664324490;-0.7537384;-9.20752;0.04067707
1521664324514;-1.2011719;-8.630859;-0.6125488
1521664324534;-1.2227173;-7.130493;0.5168457
1521664324565;-1.7084656;-5.642212;1.0887147
1521664324571;-2.5698853;-5.8742676;1.1533204
1521664324582;-3.0962524;-5.5130615;0.8159485
1521664324603;-3.9241943;-5.9053955;0.44745636
1521664324613;-4.1539307;-5.927002;0.23449326
1521664324625;-4.2663574;-5.599121;0.32302856
1521664324629;-4.2806396;-5.1971436;0.47616577
1521664324655;-4.2926025;-4.1203613;0.5072632
1521664324662;-4.484131;-3.7088623;1.1174318
1521664324669;-4.838257;-3.4456177;1.505066
1521664324686;-5.2856445;-3.53656;1.505066
1521664324690;-5.680542;-3.467163;1.4883119
1521664324711;-6.1973877;-3.2183228;0.5431671
1521664324721;-6.2786865;-3.1536865;0.5024872
1521664324730;-6.3720703;-3.0508423;0.8661957
1521664324746;-6.3242188;-2.7158203;0.64126587
1521664324750;-6.5682373;-2.2755737;0.44745636
1521664324774;-7.1376953;-1.0935059;0.021535397
1521664324794;-7.6450195;-0.7202301;0.7944031
1521664324815;-7.5301514;-0.90927124;0.79919434
1521664324821;-7.585205;-0.88772583;0.6819458
1521664324830;-7.712036;-0.76808167;0.8087616
1521664324853;-7.869873;-0.63648987;0.99061584
1521664324862;-7.877075;-0.732193;1.0576173
1521664324870;-7.8842773;-0.8279114;0.9930115
1521664324882;-7.908203;-1.0217285;0.86380005
1521664324890;-7.9345703;-1.119812;0.76808167
1521664324915;-7.989624;-1.1629028;0.50009155
1521664324924;-8.013428;-1.2992859;0.6316986
1521664324937;-7.8100586;-1.6223145;0.98583984
1521664324964;-7.6019287;-2.6201172;0.96191406
1521664324983;-7.5181885;-2.5220337;0.7010956
1521664325002;-7.2094727;-2.909668;0.7178345
1521664325024;-6.86499;-2.897705;1.1413575
1521664325038;-6.718994;-3.1393433;1.3088685
1521664325054;-6.242798;-3.9194336;1.4189149
1521664325073;-5.7331543;-4.7425537;1.2250978
1521664325086;-5.6254883;-4.833496;0.9882355
1521664325090;-5.5512695;-4.8238525;1.0384828
1521664325106;-5.446045;-4.6085205;0.9547272
1521664325110;-5.106201;-4.768799;1.3591005
1521664325131;-4.2280273;-5.819336;1.64386
1521664325146;-3.794983;-6.553833;1.4835206
1521664325151;-3.6849365;-6.769287;1.1796571
1521664325162;-3.6035767;-6.939087;1.2370607
1521664325170;-3.2661743;-7.2717285;1.2107545
1521664325182;-2.897705;-7.4177246;1.545746
1521664325190;-2.3640747;-8.4729;2.6009526
1521664325202;-2.1726685;-8.822266;1.887909
1521664325210;-2.131958;-8.209717;0.19860077
1521664325235;-1.5266113;-7.8339844;0.10528374
1521664325266;-0.6795502;-7.3482666;0.8231201
1521664325273;0.34934998;-8.764893;2.445435
1521664325296;0.58384705;-8.585205;1.3016664
1521664325302;0.9308014;-9.396484;1.5816346
1521664325310;1.2538148;-9.666992;0.8614044
1521664325322;1.5266114;-9.616699;0.2153511
1521664325336;2.2205205;-10.037842;0.8159485
1521664325351;3.0149543;-9.896484;1.0312806
1521664325366;3.3379524;-9.530518;1.466797
1521664325371;3.6107185;-9.307861;2.0554204
1521664325386;4.1395283;-10.07373;2.268372
1521664325390;4.3166523;-10.372803;0.85183716
1521664325411;5.115847;-10.616943;0.8231201
1521664325426;5.532107;-9.963623;1.0265199
1521664325435;5.7331567;-9.432373;1.1676942
1521664325456;6.3504667;-9.310303;2.1271977
1521664325471;6.3098173;-10.379883;1.8161317
1521664325486;6.0753202;-10.212402;0.94036865
1521664325491;6.180545;-10.195801;0.96429443
1521664325512;6.52283;-9.29834;1.201172
1521664325526;6.7214384;-8.8029785;1.4261171
1521664325530;6.8410673;-8.307861;1.5385743
1521664325556;6.9821806;-7.6258545;1.8424684
1521664325562;6.9821806;-7.6258545;1.7443544
1521664325571;7.2453647;-8.018311;1.5266114
1521664325582;7.3698764;-8.410645;1.0791627
1521664325590;7.5493197;-8.535156;0.7848358
1521664325602;7.9201694;-8.826904;0.8925171
1521664325611;8.085213;-8.456055;0.5072632
1521664325622;8.625984;-7.8651123;0.8087616
1521664325630;8.831795;-7.4249268;0.73698425
1521664325646;9.2290125;-7.204712;1.0121461
1521664325650;9.540048;-7.2836914;1.1102601
1521664325662;9.767343;-7.673706;0.91404724
1521664325685;9.889413;-8.149902;0.5359802
1521664325703;10.023447;-7.7382812;1.1174318
1521664325723;9.638192;-6.95105;1.1533204
1521664325731;9.532968;-7.015747;1.2514344
1521664325754;9.205087;-7.522949;0.9547272
1521664325777;8.858162;-7.6522217;0.74894714
1521664325787;8.724129;-7.4057617;0.83747864
1521664325791;8.525398;-7.1137695;0.8542328
1521664325807;8.472908;-6.8530273;0.9954071
1521664325811;8.408211;-6.9031982;1.0791627
1521664325822;8.305428;-6.953491;0.9308014
1521664325831;8.295906;-6.996582;0.9451599
1521664325847;8.190437;-6.95105;0.67477417
1521664325851;8.27198;-6.680664;0.7058716
1521664325867;8.343758;-6.529907;0.6436615
1521664325871;8.429695;-6.6088867;0.8733673
1521664325883;8.499275;-6.9176025;1.0001832
1521664325894;8.369881;-7.0635986;0.8566284
1521664325907;8.420174;-7.2263184;0.9834442
1521664325911;8.537361;-7.154419;1.0265199
1521664325927;8.5900955;-6.9869385;0.9451599
1521664325931;8.678719;-6.876953;0.8996887
1521664325956;8.996834;-7.154419;1.0863343
1521664325967;8.965828;-7.477539;0.8111572
1521664325971;8.760017;-7.4942627;0.4905243
1521664325987;8.948982;-7.573242;0.62690735
1521664325991;8.841316;-7.6138916;0.6963043
1521664326012;8.64283;-7.623413;0.8207245
1521664326027;8.609383;-7.659424;0.5694885
1521664326031;8.477547;-7.889038;0.2009964
1521664326056;8.393806;-8.022949;0.2009964
1521664326067;8.410652;-8.092285;0.21774673
1521664326071;8.231209;-8.188232;0.3038864
1521664326087;8.178474;-8.314941;0.0382843
1521664326091;8.161873;-8.413086;-0.09810448
1521664326103;8.322029;-8.822266;0.071783066
1521664326111;8.31739;-9.17627;-0.04067707
1521664326122;8.114021;-9.482666;-0.31345367
1521664326132;8.097176;-9.585449;-0.277565
1521664326153;7.994388;-9.724365;-0.11724663
1521664326163;7.767093;-9.769775;-0.007178426
1521664326171;7.6497836;-9.90625;-0.021535397
1521664326183;7.621097;-10.209961;-0.078962326
1521664326191;7.3339877;-10.090332;-0.17945862
1521664326206;7.3195834;-10.243652;0.22013855
1521664326215;7.1042514;-10.425293;0.15792465
1521664326236;6.699832;-10.226807;-0.1770668
1521664326258;6.52283;-10.267578;-0.028713703
1521664326276;6.123172;-10.487549;-0.0047855377
1521664326285;5.7714868;-10.494873;0.0023927689
1521664326293;5.601565;-10.640869;0.25842285
1521664326307;4.933962;-10.583252;0.40917206
1521664326313;3.766297;-9.587891;0.5072632
1521664326336;2.9670415;-10.183838;-0.007178426
1521664326367;2.6129155;-10.209961;0.27038574
1521664326374;2.1893926;-9.571289;0.8231201
1521664326396;1.653412;-10.047363;1.2107545
1521664326414;0.8614044;-9.520996;0.028713703
1521664326427;0.7441559;-9.221924;0.29192352
1521664326431;0.6460571;-8.542236;0.56469727
1521664326455;0.3397751;-8.369873;0.6077728
1521664326467;-0.35173798;-8.709717;1.024109
1521664326471;-0.7345886;-9.181152;0.8949127
1521664326484;-1.3351746;-8.700195;0.41156006
1521664326491;-1.670166;-8.109131;1.0169374
1521664326503;-1.9620972;-7.8651123;1.2346803
1521664326511;-2.4238892;-7.1879883;0.9427643
1521664326523;-3.1034546;-6.8361816;-0.1890297
1521664326531;-3.3475342;-6.8338623;-0.10767555
1521664326552;-3.6203003;-5.9365234;0.27516937
1521664326563;-3.794983;-5.8814697;0.55033875
1521664326571;-4.0198975;-5.6015625;0.90448
1521664326583;-4.263916;-5.218628;1.2250978
1521664326606;-4.7281494;-5.338379;0.5431671
1521664326624;-5.2928467;-5.438843;0.34695435
1521664326640;-5.5560303;-4.6898193;0.078962326
1521664326657;-5.7929688;-4.0438232;0.6963043
1521664326663;-5.749878;-3.744751;0.64126587
1521664326671;-5.8814697;-3.4815063;0.5072632
1521664326692;-5.9509277;-3.2494507;0.54556274
1521664326713;-6.2906494;-2.8306885;0.79919434
1521664326723;-6.5203857;-2.4501953;0.7345886
1521664326731;-6.881714;-2.0458374;0.8279114
1521664326752;-7.465576;-1.2322998;0.69869995
1521664326776;-7.640259;-0.6819458;0.8326874
1521664326796;-7.592407;-0.3038864;1.7252198
1521664326815;-7.6881104;-0.61016846;1.9644777
1521664326823;-7.951294;-0.8542328;1.8305055
1521664326832;-8.116211;-0.9714813;1.6462404
1521664326856;-7.9368896;-1.2753601;1.1078492
1521664326864;-7.944092;-1.3136597;1.0121461
1521664326872;-7.9368896;-1.3926086;1.0360719
1521664326884;-7.9106445;-1.5314026;1.0169374
1521664326895;-7.836426;-1.6677856;1.2681886
1521664326913;-7.5445557;-2.3544922;1.3543092
1521664326933;-7.6881104;-2.505249;1.2849427
1521664326957;-7.7143555;-2.5985718;1.3974
1521664326967;-7.554077;-2.5459595;1.2370607
1521664326976;-7.3793945;-2.5531006;1.2418519
1521664326992;-6.9749756;-3.402588;1.3830262
1521664327013;-6.6591797;-3.8069458;1.3519288
1521664327027;-6.6208496;-3.5054321;1.2849427
1521664327032;-6.5515137;-3.2159424;1.1892091
1521664327057;-6.2285156;-3.4528198;1.1748658
1521664327072;-5.4866943;-4.498413;1.4308778
1521664327084;-5.1445312;-5.098999;1.4907228
1521664327092;-4.8933105;-5.5369873;1.574463
1521664327105;-4.7904053;-5.4508057;1.3088685
1521664327112;-4.6875;-5.2785645;1.2944947
1521664327123;-4.4697266;-5.5201416;1.4811403
1521664327132;-4.364502;-5.5201416;1.2322999
1521664327152;-3.555725;-7.097046;1.4452516
1521664327164;-3.0220947;-7.9537354;1.3615113
1521664327172;-2.651245;-8.121094;0.9236145
1521664327184;-2.5674438;-7.7000732;0.8279114
1521664327192;-2.5411377;-7.8029785;1.1413575
1521664327206;-1.9812317;-8.573242;0.72502136
1521664327215;-1.4739685;-9.276855;0.9427643
1521664327238;-1.1772461;-9.154785;1.0815431
1521664327251;-0.92840576;-8.571045;1.1652833
1521664327274;-0.7202301;-8.657227;1.328003
1521664327287;-0.43309784;-7.4990234;1.0743715
1521664327296;0.0047855377;-8.506348;1.3638917
1521664327300;0.48334503;-9.786621;1.131775
1521664327315;1.1652833;-10.705322;-0.58384705
1521664327337;1.5337831;-9.20752;0.95233154
1521664327366;1.8352662;-8.597168;0.90208435
1521664327375;3.4959114;-10.403809;1.6510316
1521664327384;3.5102546;-10.676758;1.0504457
1521664327392;3.582032;-11.052246;1.3016664
1521664327416;3.5604866;-10.059326;0.559906
1521664327432;4.6588154;-9.70752;0.87576294
1521664327455;5.0942407;-10.178955;1.8113405
1521664327458;5.273684;-10.293701;2.0410771
1521664327473;5.0224633;-9.882324;1.3112489
1521664327492;5.2641625;-9.540039;0.21295929
1521664327513;6.5777617;-9.532959;0.9954071
1521664327532;7.1162143;-9.391602;1.8137513
1521664327555;7.0419955;-9.197998;1.7658998
1521664327558;6.611331;-8.994385;1.3088685
1521664327572;6.4869413;-8.669189;0.96429443
1521664327593;7.278934;-8.762451;0.65322876
1521664327614;8.010994;-8.448975;0.9834442
1521664327632;8.082771;-7.9656982;1.476349
1521664327655;7.886722;-7.8723145;1.5002748
1521664327664;7.822025;-7.003784;1.0767518
1521664327673;8.094734;-6.8792725;1.201172
1521664327685;8.314949;-6.9487305;1.1150514
1521664327692;8.578133;-6.9439697;0.8925171
1521664327705;8.898689;-7.255005;0.55752563
1521664327712;9.186044;-7.5421143;0.4426651
1521664327724;9.386971;-7.6378174;0.58862305
1521664327732;9.559335;-7.7790527;0.6939087
1521664327752;9.528085;-7.11145;0.9499359
1521664327777;9.611825;-6.1518555;1.9357911
1521664327796;9.370126;-5.888672;1.9788514
1521664327816;9.252938;-6.3170166;1.9166261
1521664327824;9.193124;-6.8027344;1.4021913
1521664327832;9.205087;-6.984619;1.3543092
1521664327857;9.020761;-6.7333984;1.0719606
1521664327865;8.829353;-6.642456;0.8685913
1521664327872;8.755135;-6.4246826;0.7441559
1521664327885;8.64283;-6.331299;0.7967987
1521664327896;8.479988;-6.503662;1.0169374
1521664327914;8.3557205;-6.757324;1.0719606
1521664327932;8.3747635;-6.907959;0.96191406
1521664327957;8.614021;-6.647217;1.1557313
1521664327973;8.724129;-6.6185303;1.3638917
1521664327993;8.664314;-7.123413;1.0695802
1521664328014;8.822273;-7.269287;0.72262573
1521664328033;9.073495;-7.439209;1.1126405
1521664328057;8.860603;-7.6138916;0.9451599
1521664328073;8.6403885;-8.063721;1.1437684
1521664328093;8.846199;-7.977661;0.91404724
1521664328114;8.872566;-8.681152;0.76091003
1521664328125;8.819832;-8.913086;0.33020782
1521664328133;8.901131;-9.25293;0.1770668
1521664328153;9.157235;-9.712402;0.24885178
1521664328165;9.097421;-9.882324;0.15792465
1521664328173;9.116464;-10.054443;0.28713226
1521664328185;9.150155;-10.143066;0.6963043
1521664328193;9.008798;-10.267578;0.7441559
1521664328206;8.72657;-10.470947;0.44984436
1521664328213;8.401131;-10.518799;0.45941925
1521664328237;7.982425;-10.698242;0.057427406
1521664328266;7.8890414;-11.490234;0.14596176
1521664328275;6.8171415;-11.750977;0.04067707
1521664328297;6.104007;-10.418213;0.6939087
1521664328317;5.5369897;-10.341553;0.8207245
1521664328319;4.9387226;-10.463623;0.62690735
1521664328328;4.259157;-10.403809;0.279953
1521664328338;3.3020637;-10.499512;-0.21774673
1521664328357;2.6105351;-9.896484;0.0023927689
1521664328375;1.9525148;-8.968262;-0.16270828
1521664328393;1.5026857;-8.738525;0.45463562
1521664328413;0.6125488;-7.793335;-0.08135414
1521664328433;-0.13639069;-7.9034424;0.5527344
1521664328466;-1.5457458;-7.1568604;-0.11964035
1521664328477;-1.7132568;-6.996582;-0.045463562
1521664328485;-1.8305054;-6.9223633;0.0382843
1521664328493;-1.9142456;-6.6759033;0.13399506
1521664328506;-1.9788513;-6.5634766;0.72502136
1521664328516;-2.163086;-6.0513916;0.7058716
1521664328525;-2.4143066;-6.04895;0.9308014
1521664328533;-2.8234863;-5.7929688;0.87815857
1521664328554;-3.5820312;-5.888672;0.7800598
1521664328566;-3.9649048;-5.8791504;0.5814514
1521664328573;-4.0653076;-4.929199;0.6675873
1521664328587;-4.003174;-4.6396484;1.4237062
1521664328606;-4.409912;-4.2041016;1.4332887
1521664328625;-4.864502;-3.5892334;0.9762573
1521664328628;-5.192383;-3.2230835;1.0791627
1521664328642;-5.541748;-3.3930054;1.2059633
1521664328655;-5.699585;-3.644226;1.0504457
1521664328667;-5.8671875;-3.0005493;0.9762573
1521664328673;-6.1064453;-2.7565308;1.0265199
1521664328694;-6.6711426;-2.4621582;0.94755554
1521664328715;-6.876953;-2.6799316;0.8542328
1521664328726;-6.927124;-2.5794067;0.8925171
1521664328733;-7.219116;-2.2061768;0.72979736
1521664328754;-7.573242;-1.6366882;0.5862274
1521664328775;-7.673706;-1.8448486;0.9954071
1521664328794;-8.106689;-1.6247253;1.1293947
1521664328815;-8.3532715;-1.5457458;0.8661957
1521664328825;-8.326904;-1.8137512;0.8207245
1521664328833;-8.236084;-1.9620972;0.6436615
1521664328854;-8.291016;-2.2109375;0.835083
1521664328867;-8.291016;-2.320984;1.0576173
1521664328874;-8.276611;-2.675171;1.2107545
1521664328886;-8.269531;-2.732544;1.2346803
1521664328907;-7.970459;-3.3236084;1.2681886
1521664328914;-7.9154053;-3.6107178;1.0743715
1521664328925;-7.912964;-3.7662964;1.0289003
1521664328934;-7.9034424;-3.6514282;1.2035829
1521664328957;-7.8100586;-3.144165;1.3519288
1521664328979;-7.415283;-3.0220947;1.6342775
1521664328996;-7.231079;-3.3379517;1.6606141
1521664328998;-6.9821777;-3.644226;1.7993776
1521664329016;-6.5706787;-4.07251;1.7467347
1521664329026;-6.642456;-4.2088623;1.4907228
1521664329034;-6.5179443;-4.2591553;1.713257
1521664329057;-5.9868164;-4.314209;1.3926088
1521664329075;-5.4699707;-4.553467;2.0601811
1521664329094;-4.795166;-5.553711;2.565064
1521664329114;-4.3812256;-6.774048;1.7611085
1521664329135;-4.6707764;-5.6015625;0.41873932
1521664329156;-4.644409;-5.2736816;0.2536316
1521664329158;-4.19458;-5.2736816;0.14835358
1521664329174;-2.7493286;-6.2786865;0.6053772
1521664329187;-1.9716797;-7.2286377;1.229889
1521664329194;-1.5385742;-7.35791;0.41156006
1521664329206;-1.5050659;-7.02771;-0.057427406
1521664329214;-1.3926086;-7.2836914;0.6077728
1521664329235;-1.2298889;-8.147461;0.059820175
1521664329256;-0.29431152;-9.956299;-0.045463562
1521664329258;0.078962326;-10.353516;-0.071783066
1521664329274;0.5479431;-9.178711;0.11964035
1521664329287;0.629303;-8.501465;0.78723145
1521664329294;0.83747864;-8.279053;1.5553285
1521664329306;1.2562257;-8.791016;1.6988832
1521664329326;2.2037358;-10.978027;1.2897035
1521664329335;2.5818486;-11.502197;1.5864259
1521664329356;2.6009526;-10.7126465;1.0624086
1521664329366;2.7373662;-8.161865;1.1174318
1521664329374;3.127381;-7.539673;1.4452516
1521664329395;4.2041035;-9.468262;2.002747
1521664329414;4.72571;-12.217529;0.732193
1521664329434;5.2210717;-11.786865;1.1964113
1521664329457;5.292849;-10.597656;1.5002748
1521664329460;5.38135;-9.324707;1.7036744
1521664329474;5.994021;-9.061523;2.242066
1521664329486;6.123172;-9.674072;2.1199956
1521664329498;6.0250273;-9.712402;1.7371827
1521664329515;6.072879;-9.910889;1.8257142
1521664329534;6.0825224;-9.587891;1.220337
1521664329557;6.391116;-9.29834;1.2490236
1521664329559;6.7524443;-9.018311;1.5289918
1521664329575;7.0683627;-7.8914795;1.4978944
1521664329595;7.544559;-7.8411865;1.7611085
1521664329616;7.8962436;-8.515869;1.4907228
1521664329635;8.2024;-8.465576;1.368683
1521664329656;8.405769;-8.202393;1.3902284
1521664329660;8.487312;-7.8531494;1.7036744
1521664329675;8.537361;-7.077881;1.3830262
1521664329687;8.788826;-6.6903076;1.6223146
1521664329694;8.858162;-6.800293;1.64386
1521664329707;8.882088;-7.199951;1.5002748
1521664329715;8.829353;-7.4990234;1.2969056
1521664329726;8.872566;-7.6138916;1.0647889
1521664329734;8.992195;-7.7335205;1.0647889
1521664329755;8.977791;-7.374634;1.2825319
1521664329776;8.867683;-6.5897217;1.4452516
1521664329797;8.745613;-6.331299;1.3806459
1521664329800;8.73365;-6.338501;1.5194398
1521664329817;8.736092;-6.539551;1.6223146
1521664329821;8.614021;-6.7022705;1.4524232
1521664329837;8.57325;-6.7453613;1.2394716
1521664329839;8.48951;-6.6759033;1.2681886
1521664329856;8.52784;-6.649536;1.4691774
1521664329859;8.437019;-6.434204;1.3926088
1521664329876;8.499275;-6.273926;1.4356691
1521664329887;8.453621;-6.28833;1.3591005
1521664329899;8.444099;-6.4246826;1.3184205
1521664329915;8.281502;-6.438965;1.3351747
1521664329935;8.243172;-6.5012207;1.3016664
1521664329957;8.27906;-6.6280518;1.2275087
1521664329959;8.415535;-6.776367;1.2083741
1521664329975;8.68824;-7.1760254;1.2825319
1521664329996;8.678719;-7.1448975;1.4021913
1521664330015;8.697762;-7.1712646;1.2155458
1521664330035;8.767097;-7.2453613;1.4404603
1521664330067;8.683357;-7.6689453;1.5194398
1521664330079;8.64283;-7.893921;1.1150514
1521664330095;8.609383;-8.279053;0.8853302
1521664330115;8.513435;-8.633301;0.65322876
1521664330127;8.448982;-8.6953125;0.43549347
1521664330135;8.544685;-8.941895;0.6963043
1521664330155;8.353279;-9.726807;0.78723145
1521664330167;8.264656;-10.025879;0.4426651
1521664330175;8.302986;-10.209961;0.31824493
1521664330187;8.338875;-10.178955;0.18663788
1521664330195;8.269539;-10.159912;0.016749382
1521664330208;8.180916;-10.310547;-0.11485481
1521664330218;8.070808;-10.774658;-0.15553284
1521664330240;7.7933383;-10.992432;-0.41873932
1521664330262;7.601932;-11.090576;-0.34217072
1521664330276;7.3866;-11.179199;-0.14596176
1521664330281;7.044437;-11.119385;-0.035891533
1521664330297;6.4007597;-11.124023;-0.33738708
1521664330302;6.1829863;-11.396973;-0.4905243
1521664330316;5.740359;-11.861084;-0.6245117
1521664330318;5.474734;-11.624268;-0.0765686
1521664330337;5.2186303;-11.145752;0.6053772
1521664330340;4.587038;-10.547363;0.5431671
1521664330377;2.4023442;-10.609619;-1.5266113
1521664330400;2.59137;-11.138428;-0.51924133
1521664330420;2.1199956;-9.274414;-0.6699829
1521664330435;1.5696718;-8.0373535;0.87098694
1521664330467;-0.24645996;-8.487305;-0.090927124
1521664330479;-0.5670929;-8.444092;-0.1770668
1521664330495;-0.8326874;-9.037598;0.07417679
1521664330507;-1.0935059;-8.34375;-0.17467499
1521664330516;-1.3351746;-6.8601074;0.34695435
1521664330527;-1.3112488;-6.0753174;0.8853302
1521664330535;-1.493103;-6.257202;1.1964113
1521664330556;-2.840271;-5.5440674;0.47377777
1521664330567;-3.1608887;-5.0321045;1.0911256
1521664330576;-3.1322021;-5.106201;1.919037
1521664330587;-4.060547;-5.637451;1.5529176
1521664330595;-4.579834;-5.63501;1.0456544
1521664330620;-5.110962;-3.3068237;1.4332887
1521664330640;-5.2976074;-3.8284912;1.5672914
1521664330667;-5.434082;-3.5198364;1.0456544
1521664330676;-6.0130615;-2.5770264;0.99061584
1521664330695;-6.28833;-1.8831482;1.2250978
1521664330720;-6.74292;-1.8496399;1.3447572
1521664330737;-6.996582;-1.6247253;1.6318971
1521664330741;-7.1401367;-1.3758545;1.6629945
1521664330757;-7.266968;-1.2921143;1.8185426
1521664330767;-7.630615;-0.63409424;1.4835206
1521664330775;-7.731201;-0.38763428;1.4404603
1521664330788;-7.838867;-0.33738708;1.3974
1521664330800;-7.8292236;-0.45463562;1.3136598
1521664330816;-8.090088;-0.29910278;1.1174318
1521664330836;-8.142578;-0.48334503;1.0887147
1521664330857;-8.0876465;-1.0504456;1.2753602
1521664330876;-8.35083;-1.3782654;1.3662721
1521664330888;-8.367676;-1.4811401;1.476349
1521664330901;-8.276611;-1.6773682;1.6247255
1521664330916;-8.152344;-1.7084656;1.3806459
1521664330935;-8.078125;-1.8687744;1.3902284
1521664330961;-7.862793;-2.239624;1.505066
1521664330976;-7.8723145;-1.9812317;1.4931031
1521664330996;-7.578003;-2.3425293;1.5266114
1521664331017;-7.326782;-2.9718628;1.6079713
1521664331036;-7.1209717;-3.1536865;1.406952
1521664331061;-6.7644043;-3.2924805;2.0386357
1521664331076;-6.230835;-3.991211;2.407166
1521664331096;-6.029907;-4.2160645;1.9597169
1521664331116;-5.977173;-4.2974854;1.6629945
1521664331127;-5.668579;-4.433838;1.5074769
1521664331136;-5.345459;-4.711426;1.8065797
1521664331152;-4.965088;-5.22583;2.198975
1521664331161;-4.694702;-5.5440674;2.3616948
1521664331170;-4.5343018;-5.814453;2.3593144
1521664331180;-4.467285;-6.077759;2.4501958
1521664331196;-4.287842;-6.307373;2.1654668
1521664331215;-3.605957;-6.9821777;1.0982972
1521664331237;-2.7493286;-8.073242;1.3375856
1521664331265;-2.4837036;-7.958496;0.76330566
1521664331269;-1.9046631;-7.4750977;1.1940004
1521664331287;-0.7944031;-9.00415;2.0242925
1521664331295;-0.4139557;-9.8845215;2.0434575
1521664331307;-0.4163437;-9.528076;0.9834442
1521664331327;-0.29670715;-8.908447;0.4785614
1521664331329;0.014356852;-9.171631;1.299286
1521664331340;0.3637085;-8.88916;1.3902284
1521664331360;1.60318;-9.295898;1.653412
1521664331376;2.6177373;-10.803467;2.0745244
1521664331397;2.615296;-11.502197;1.4620057
1521664331416;2.691895;-9.963623;1.8759462
1521664331437;3.057984;-8.616455;1.9668885
1521664331462;4.101198;-9.585449;2.3258061
1521664331476;4.460207;-10.545166;1.7395631
1521664331497;4.6229267;-10.839355;1.3878175
1521664331517;5.2569604;-9.776855;1.5026857
1521664331536;5.7690454;-8.953857;2.3042607
1521664331562;6.0968046;-9.193115;2.1319585
1521664331576;6.2930937;-9.489746;1.545746
1521664331596;6.7165556;-9.219482;1.7060548
1521664331616;6.946292;-8.9921875;1.8041688
1521664331636;7.202396;-8.444092;1.887909
1521664331657;7.5852084;-7.9537354;1.7826234
1521664331676;7.9704623;-8.314941;1.172455
1521664331696;8.252693;-8.5373535;1.6988832
1521664331737;7.975223;-8.348389;1.8376771
1521664331742;7.771854;-8.092285;1.6749574
1521664331765;8.003914;-7.970459;1.476349
1521664331777;8.063728;-7.2406006;1.6797487
1521664331789;8.0588455;-7.1904297;1.5696718
1521664331805;7.9776645;-7.1329346;1.5625001
1521664331811;7.9847445;-7.1065674;1.4021913
1521664331825;7.9919467;-7.092285;1.4189149
1521664331829;8.025398;-7.185547;1.261017
1521664331845;8.116219;-7.2333984;1.1820375
1521664331863;8.123543;-6.9223633;1.2753602
1521664331877;8.104256;-6.522827;1.5026857
1521664331897;8.094734;-6.2978516;1.6223146
1521664331916;8.078133;-6.357666;1.4620057
1521664331918;8.082771;-6.4294434;1.2921144
1521664331937;8.396248;-6.5323486;1.2897035
1521664331962;8.760017;-6.907959;0.99780273
1521664331972;8.800789;-7.0372314;0.92123413
1521664331981;8.819832;-7.061157;0.8566284
1521664331997;8.853279;-6.7668457;1.5122377
1521664332016;8.800789;-6.7142334;1.6653749
1521664332018;8.654793;-6.8410645;1.8161317
1521664332037;8.441658;-7.369873;1.6797487
1521664332062;8.685799;-7.496704;1.6318971
1521664332077;8.709724;-7.142456;1.2059633
1521664332097;8.705086;-7.6066895;1.2035829
1521664332117;8.415535;-8.185791;0.6316986
1521664332137;8.465584;-8.4729;0.87098694
1521664332157;8.633308;-9.255371;0.65322876
1521664332177;9.267343;-9.879883;-0.21295929
1521664332197;9.676522;-9.200195;0.95233154
1521664332213;9.312753;-8.999268;1.2346803
1521664332221;8.793465;-9.200195;1.0911256
1521664332243;8.333992;-9.86792;1.0647889
1521664332264;8.07325;-10.379883;0.96669006
1521664332283;7.601932;-11.547607;1.1246034
1521664332291;7.2956576;-11.870605;1.1150514
1521664332305;6.573001;-11.753418;0.8542328
1521664332317;6.1016874;-11.538086;0.7010956
1521664332319;6.015506;-11.286865;0.9547272
1521664332337;5.577639;-11.164795;0.7393799
1521664332356;5.280886;-10.698242;0.6316986
1521664332360;4.9315205;-10.171875;1.0049745
1521664332382;3.8715827;-10.645508;0.5216217
1521664332402;3.2877204;-10.420654;0.09810448
1521664332422;2.59137;-9.686035;0.5312042
1521664332442;1.8472291;-8.762451;1.447632
1521664332477;-0.18185425;-9.805664;0.122032166
1521664332497;-0.21056747;-9.018311;0.5216217
1521664332517;-0.4402771;-8.240723;0.1004982
1521664332519;-0.5216217;-7.874756;0.45463562
1521664332537;-0.97387695;-7.788574;0.68673706
1521664332553;-1.4524231;-7.7646484;0.90927124
1521664332558;-2.0266724;-6.7644043;0.7130585
1521664332570;-2.2683716;-6.4174805;1.3327943
1521664332578;-2.6583862;-5.6589355;1.4213258
1521664332597;-3.333191;-5.675659;1.4500428
1521664332612;-3.6968994;-5.1588135;1.0217286
1521664332620;-3.840454;-5.1397705;1.2131349
1521664332642;-4.0318604;-4.6922607;0.99780273
1521664332655;-4.326172;-4.0007324;1.0289003
1521664332683;-4.6898193;-3.5700684;1.172455
1521664332691;-4.9960938;-3.5245972;1.2753602
1521664332705;-5.6207275;-3.1585083;0.92123413
1521664332717;-5.991577;-2.6871338;1.5002748
1521664332719;-6.00354;-2.2133179;1.3567201
1521664332742;-6.1016846;-1.5864258;0.9451599
1521664332762;-6.611328;-1.3064575;1.3327943
1521664332782;-6.9439697;-1.1006775;1.3184205
1521664332802;-7.1951904;-0.6125488;0.70347595
1521664332821;-7.678467;-0.16031647;1.0911256
1521664332837;-7.9560547;-0.16510391;1.0767518
1521664332854;-7.9680176;-0.2656021;0.94036865
1521664332858;-7.996704;-0.2009964;0.68434143
1521664332877;-8.4296875;-0.22970963;1.2227174
1521664332897;-8.43457;-0.8159485;1.328003
1521664332924;-8.606934;-0.9762573;1.3782655
1521664332945;-8.688232;-0.90448;1.4715577
1521664332970;-8.673828;-1.1629028;1.615143
1521664332985;-8.575684;-1.9046631;1.2801515
1521664332993;-8.621338;-2.0601807;1.5074769
1521664333002;-8.690674;-2.1487427;1.6869203
1521664333010;-8.771973;-2.2252808;1.7491456
1521664333023;-8.757568;-2.1032715;1.2586061
1521664333042;-8.5686035;-2.2492065;1.3303834
1521664333077;-8.066162;-2.840271;1.5553285
1521664333080;-8.166504;-2.7684937;1.6653749
1521664333090;-8.180908;-2.701477;1.8592225
1521664333112;-7.723999;-3.2279053;2.2229009
1521664333125;-7.5445557;-3.2973022;2.1487432
1521664333130;-7.501465;-2.9838257;1.7850343
1521664333142;-7.5421143;-2.840271;1.7204286
1521664333154;-7.522949;-2.8617554;1.368683
1521664333158;-7.2071533;-3.175232;1.4931031
1521664333171;-6.970215;-3.4959106;1.505066
1521664333178;-6.6831055;-3.8930664;1.5696718
1521664333190;-6.427002;-4.175415;1.6127626
1521664333198;-6.369629;-4.3740234;1.5505372
1521664333210;-6.3361816;-4.4171143;1.5983888
1521664333224;-6.1949463;-4.744873;1.8185426
1521664333243;-5.845581;-4.529541;1.8687745
1521664333273;-5.211548;-4.553467;2.002747
1521664333280;-4.6132812;-5.541748;1.9692689
1521664333290;-4.3548584;-6.04895;1.84964
1521664333298;-4.1539307;-6.218872;1.7204286
1521664333310;-3.8619995;-6.3481445;1.7778627
1521664333334;-3.225525;-6.7214355;1.7993776
1521664333338;-2.8258667;-7.199951;2.2181401
1521664333363;-2.0530396;-8.137939;2.3640752
1521664333377;-1.8855286;-8.233643;1.7826234
1521664333379;-1.7563171;-8.039795;1.2418519
1521664333394;-1.6653748;-7.420044;0.9690857
1521664333398;-1.3902283;-7.2525635;1.2490236
1521664333414;-0.8446655;-7.420044;1.6007692
1521664333420;-0.25602722;-7.843628;1.8113405
1521664333434;0.27038574;-8.501465;1.8424684
1521664333438;0.8231201;-9.489746;2.2899175
1521664333463;1.299286;-10.133545;1.0624086
1521664333477;1.4284974;-10.439697;1.2562257
1521664333479;1.4620057;-10.207764;1.3303834
1521664333503;1.878357;-9.379639;0.8685913
1521664333514;2.318604;-9.451416;1.1892091
1521664333520;2.7708745;-9.305664;1.3926088
1521664333534;3.4145515;-9.719482;1.6558229
1521664333538;4.3309345;-10.212402;1.2227174
1521664333563;4.871706;-10.844238;1.5720826
1521664333575;4.7807636;-10.442139;0.87815857
1521664333579;4.878908;-10.537842;1.4093629
1521664333591;4.9818134;-10.36084;1.7778627
1521664333598;5.0727563;-10.109619;1.713257
1521664333611;5.0727563;-9.726807;1.2227174
1521664333618;5.3215356;-9.2578125;0.6556244
1521664333632;5.792971;-9.657227;1.0695802
1521664333638;6.1901884;-9.786621;0.9714813
1521664333662;6.695071;-9.949219;1.9525148
1521664333671;6.5395536;-10.166992;2.395203
1521664333678;6.056155;-9.908447;1.9788514
1521664333703;5.804934;-9.70752;1.0815431
1521664333724;6.427005;-8.377197;0.7920227
1521664333743;7.4033237;-8.058838;1.4141542
1521664333762;7.63306;-9.248047;1.0887147
1521664333786;7.6043735;-8.520752;1.3830262
1521664333791;7.4655795;-7.8100586;1.2275087
1521664333802;7.544559;-7.503784;1.131775
1521664333815;7.8149447;-7.1018066;1.2059633
1521664333819;8.116219;-7.173584;1.1987916
1521664333831;8.281502;-7.376953;0.93559265
1521664333839;8.405769;-7.3171387;1.1293947
1521664333855;8.592537;-7.243042;1.3854371
1521664333859;8.64991;-7.2453613;1.4093629
1521664333871;8.57325;-7.1329346;1.3160402
1521664333878;8.547127;-6.8864746;1.2586061
1521664333891;8.743172;-7.0635986;1.3184205
1521664333899;8.77906;-7.058716;1.0719606
1521664333923;9.016122;-7.27417;1.1341859
1521664333944;9.250497;-7.3339844;0.94755554
1521664333975;9.276864;-7.1640625;0.9188385
1521664333981;9.152352;-7.0826416;1.0599977
1521664333995;8.937019;-7.3028564;1.1652833
1521664333999;8.805428;-7.5301514;1.3471376
1521664334015;8.659431;-7.5565186;1.3495485
1521664334019;8.432137;-7.5875244;1.2322999
1521664334037;8.298103;-7.697632;1.2753602
1521664334040;8.209724;-7.6713867;1.1509401
1521664334063;8.207283;-7.735962;1.0982972
1521664334075;8.166512;-7.77417;1.0193177
1521664334080;8.180916;-8.006348;1.2921144
1521664334095;8.054207;-8.022949;1.2490236
1521664334099;8.032478;-8.26001;1.0408632
1521664334111;8.166512;-8.525391;1.0743715
1521664334119;8.276619;-8.645264;1.1365663
1521664334132;8.398689;-8.666748;0.9499359
1521664334139;8.56617;-8.671387;0.83747864
1521664334155;8.702644;-8.80542;0.80158997
1521664334159;8.819832;-8.88208;1.0982972
1521664334171;8.925056;-8.855713;1.0815431
1521664334179;8.8747635;-8.903564;0.73698425
1521664334191;8.929939;-9.1188965;1.1964113
1521664334199;8.941902;-9.243408;1.5792543
1521664334212;8.767097;-9.628662;1.0767518
1521664334227;8.786385;-9.815186;0.8853302
1521664334233;8.788826;-9.95874;0.68673706
1521664334247;8.934578;-10.320068;0.6963043
1521664334262;8.802986;-10.250732;0.82551575
1521664334285;8.154549;-10.442139;0.89012146
1521664334291;7.7766147;-10.717285;0.7896271
1521664334299;7.582767;-11.10498;0.727417
1521664334323;6.946292;-11.868164;0.67715454
1521664334343;6.5634794;-11.88501;0.59580994
1521664334363;6.2428007;-11.205566;0.10528374
1521664334375;5.986819;-10.8967285;-0.08135414
1521664334379;5.71155;-10.889648;-0.05264187
1521664334400;4.9626484;-11.616943;0.3397751
1521664334415;4.4433613;-11.250977;-0.0765686
1521664334420;3.936158;-10.437256;-0.059820175
1521664334435;3.6873176;-10.092773;0.52401733
1521664334439;3.4336555;-10.078369;0.5288086
1521664334461;3.0173347;-9.98999;-0.0502491
1521664334471;2.969483;-9.961182;0.26320648
1521664334479;2.7589116;-9.803223;0.34217072
1521664334491;2.3449101;-9.468262;0.1770668
1521664334504;2.0075688;-9.659668;0.25842285
1521664334515;1.6773683;-9.322266;-0.035891533
1521664334520;1.43808;-8.7265625;0.4426651
1521664334535;1.2514344;-8.398682;1.1389772
1521664334544;0.9427643;-8.042236;0.9571228
1521664334561;0.24645996;-7.716797;1.2586061
1521664334571;-0.17228317;-7.5612793;1.5337831
1521664334579;-0.62213135;-7.573242;1.2035829
1521664334596;-1.1437683;-6.9295654;0.4426651
1521664334601;-1.4213257;-6.3983154;0.6675873
1521664334612;-1.5529175;-6.077759;1.3591005
1521664334623;-1.7826233;-5.838379;1.328003
1521664334635;-2.1080322;-5.54895;1.4021913
1521664334639;-2.524414;-4.833496;1.6773683
1521664334665;-3.53656;-4.7473145;2.0290532
1521664334671;-3.960083;-4.8549805;1.7539369
1521664334680;-4.3859863;-4.3166504;1.4643861
1521664334692;-4.555908;-4.132324;1.5505372
1521664334699;-4.821533;-3.8428345;1.3949891
1521664334716;-5.0775146;-3.3283691;1.0121461
1521664334720;-5.364624;-2.852234;0.87815857
1521664334735;-5.637451;-2.5100708;0.7393799
1521664334739;-5.7403564;-2.3688354;0.6675873
1521664334766;-6.2786865;-2.4717407;0.6173401
1521664334775;-6.453369;-2.1965942;0.40917206
1521664334779;-6.5802;-1.7826233;0.4163437
1521664334796;-6.666382;-1.5194397;0.6436615
1521664334800;-6.845825;-1.4404602;0.87098694
1521664334821;-7.128174;-1.217926;1.3926088
1521664334835;-7.4559326;-1.1557312;1.2657777
1521664334839;-7.7790527;-0.8614044;0.9451599
1521664334856;-7.9727783;-0.7058716;0.81355286
1521664334860;-8.049316;-0.9068756;0.67477417
1521664334875;-8.171387;-0.8231201;0.629303
1521664334880;-8.149902;-0.7800598;0.5072632
1521664334892;-8.324463;-0.8494415;0.7345886
1521664334900;-8.482422;-0.8925171;0.7944031
1521664334923;-8.697754;-0.7848358;0.7561188
1521664334935;-8.702637;-0.8829498;0.8829498
1521664334939;-8.693115;-1.0049744;1.0193177
1521664334965;-8.592529;-1.148529;1.3902284
1521664334976;-8.515869;-1.2275085;1.3112489
1521664334980;-8.477539;-1.3303833;1.229889
1521664334996;-8.477539;-1.4691772;1.1437684
1521664335000;-8.345947;-1.8065796;1.122223
1521664335021;-8.125977;-2.3377686;0.95233154
1521664335036;-8.0563965;-2.5267944;0.87576294
1521664335040;-8.022949;-2.6583862;1.024109
1521664335065;-7.8795166;-2.4956665;1.3136598
1521664335072;-7.781372;-2.5913696;1.5529176
1521664335084;-7.5493164;-2.828308;1.7611085
1521664335096;-7.2836914;-3.232666;1.7706605
1521664335105;-7.0898438;-3.5317993;1.682129
1521664335112;-7.0635986;-3.5222168;1.5505372
1521664335121;-7.022827;-3.440857;1.5505372
1521664335132;-6.8912354;-3.1034546;1.5002748
1521664335140;-6.596924;-3.2063599;1.3902284
1521664335156;-6.185425;-3.8189087;1.7180177
1521664335160;-5.788208;-4.2352295;1.7754518
1521664335172;-5.4699707;-4.5654297;1.8185426
1521664335180;-5.30249;-5.0009766;1.9740602
1521664335192;-5.321533;-5.333496;1.957306
1521664335200;-5.249756;-5.534546;1.899872
1521664335212;-5.1899414;-5.4555664;1.5792543
1521664335234;-4.675537;-5.6063232;2.2061772
1521664335248;-4.2663574;-6.0010986;2.4885259
1521664335264;-3.5700684;-6.4438477;2.7540898
1521664335286;-3.2805176;-6.9415283;2.533997
1521664335292;-3.3116455;-6.357666;1.3758546
1521664335300;-3.1991577;-6.3432617;1.2825319
1521664335325;-2.289917;-7.836426;1.7946168
1521664335332;-1.5601196;-8.740967;1.3064576
1521664335341;-0.8661957;-9.86792;1.8855287
1521664335363;-0.8661957;-8.393799;0.7202301
1521664335385;-0.8279114;-6.958252;1.2179261
1521664335406;0.24167252;-8.506348;0.6628113
1521664335425;1.7180177;-11.045166;1.1437684
1521664335432;2.191773;-11.719971;1.4237062
1521664335440;2.2444463;-11.305908;1.6510316
1521664335475;1.9094545;-10.647949;2.1439214
1521664335482;1.7682801;-9.8845215;0.76330566
1521664335496;2.2324834;-9.171631;0.7920227
1521664335500;2.8019414;-8.494385;1.0695802
1521664335521;4.3070087;-9.071045;2.3329473
1521664335536;4.613283;-9.389404;1.7395631
1521664335540;5.0249047;-10.009033;2.3593144
1521664335565;4.852541;-11.487793;2.4885259
1521664335581;4.1467304;-9.071045;0.9571228
1521664335597;4.732912;-8.202393;1.5720826
1521664335601;5.462771;-7.881958;2.033875
1521664335612;6.168582;-7.9298096;2.0960698
1521664335621;6.8481474;-8.858154;2.3903813
1521664335632;7.1496615;-10.092773;2.368836
1521664335640;7.0419955;-10.841797;1.9022828
1521664335657;6.7214384;-11.126465;1.6175233
1521664335661;6.3242216;-10.698242;1.270569
1521664335683;6.1398954;-9.41333;1.4643861
1521664335705;6.7094755;-8.192871;1.682129
1521664335727;7.2692904;-8.027832;1.8448488
1521664335732;7.259769;-8.133057;1.5266114
1521664335740;7.367435;-8.520752;1.2514344
1521664335764;7.460819;-8.922607;0.6316986
1521664335784;7.874759;-8.731201;0.6628113
1521664335796;7.9393344;-8.240723;0.7920227
1521664335801;7.994388;-7.673706;0.94755554
1521664335817;8.102058;-6.6136475;1.0887147
1521664335821;8.338875;-6.3170166;1.2873231
1521664335837;8.499275;-6.345703;1.3878175
1521664335841;8.525398;-6.7860107;1.3423463
1521664335857;8.446541;-7.1951904;1.2538148
1521664335861;8.386726;-7.788574;1.0815431
1521664335877;8.262215;-7.9154053;0.6460571
1521664335881;8.338875;-7.661743;0.6460571
1521664335893;8.592537;-7.4727783;0.9427643
1521664335901;8.72657;-6.881714;1.0791627
1521664335917;8.77906;-6.553833;1.2322999
1521664335921;8.745613;-6.4940186;1.2825319
1521664335936;8.575691;-6.558716;1.2179261
1521664335947;8.348396;-6.86499;1.2586061
1521664335965;8.341316;-7.324341;1.6103517
1521664335977;8.300545;-7.439209;1.6294862
1521664335981;8.262215;-7.31958;1.5026857
1521664336002;8.336433;-7.3028564;1.4021913
1521664336017;8.425056;-7.415283;1.4500428
1521664336021;8.3747635;-7.508667;1.3615113
1521664336036;8.204842;-7.824463;1.4189149
1521664336041;8.070808;-7.7000732;1.2969056
1521664336066;7.960819;-7.8220215;1.3232118
1521664336073;8.020515;-8.109131;1.4572145
1521664336081;7.8339877;-8.207275;1.3375856
1521664336093;7.7766147;-8.30542;1.3447572
1521664336101;7.8388705;-8.30542;1.4237062
1521664336113;7.886722;-8.446533;1.5553285
1521664336121;7.8962436;-8.4296875;1.3543092
1521664336132;8.099617;-8.604492;1.2969056
1521664336141;8.307869;-8.915527;1.2466432
1521664336166;8.386726;-9.209961;1.0360719
1521664336186;8.487312;-9.240967;0.7130585
1521664336206;8.484871;-9.195557;1.3926088
1521664336216;8.345955;-9.317627;1.0025636
1521664336221;8.288582;-9.839111;0.9834442
1521664336233;8.319832;-10.200439;0.77526855
1521664336242;8.192879;-10.44458;0.74176025
1521664336277;7.5732455;-10.908691;0.37327576
1521664336281;7.3148227;-10.956543;-0.14356613
1521664336293;7.310062;-11.116943;-0.1004982
1521664336301;7.343509;-11.425537;0.4689865
1521664336317;7.1616244;-11.423096;0.35652924
1521664336321;6.7524443;-11.519043;0.19860077
1521664336344;5.9963403;-11.724609;0.6460571
1521664336366;5.2569604;-11.466309;0.6197357
1521664336377;5.0560327;-11.365723;0.44745636
1521664336381;4.7976093;-10.942139;0.14356613
1521664336397;4.7545185;-10.973389;0.38523865
1521664336401;4.4051533;-10.60498;0.33499146
