1521664714635;4.120363;6.611331;-5.984375
1521664714643;4.1036396;6.6903105;-5.895874
1521664714654;4.0198994;6.5969267;-5.9125977
1521664714663;4.0892353;6.726199;-5.8934326
1521664714675;4.0725117;6.802737;-5.8408203
1521664714683;4.170656;6.807498;-5.7785645
1521664714696;4.1228046;6.9056425;-5.946045
1521664714703;4.0892353;6.838626;-5.903076
1521664714715;4.0271015;6.7045927;-6.008301
1521664714723;3.9792488;6.7045927;-6.0322266
1521664714736;3.94336;6.642459;-6.1136475
1521664714744;4.0151386;6.534793;-6.1638184
1521664714756;4.0318623;6.580203;-6.046631
1521664714764;4.0844746;6.6328154;-5.977173
1521664714776;4.0844746;6.6711454;-5.857544
1521664714786;4.106081;6.623294;-5.6517334
1521664714807;4.02466;6.599368;-5.5273438
1521664714811;3.9720466;6.584964;-5.503418
1521664714828;3.897889;6.6663847;-5.6063232
1521664714848;4.0031757;6.891238;-5.7977295
1521664714868;4.048586;6.8433867;-5.8742676
1521664714888;4.055788;6.5897245;-5.9245605
1521664714911;4.0581074;6.604129;-5.850342
1521664714927;4.118044;6.7524443;-5.6087646
1521664714947;4.0533466;6.7334013;-5.295288
1521664714959;4.02466;6.675906;-5.321533
1521664714971;4.0533466;6.6088896;-5.376587
1521664714987;4.086916;6.654422;-5.6589355
1521664715008;4.0964375;6.642459;-5.6326904
1521664715016;4.1228046;6.7334013;-5.675659
1521664715031;4.137087;6.7524443;-5.7211914
1521664715057;4.259157;6.895999;-5.6087646
1521664715068;4.390749;6.8147;-5.546509
1521664715071;4.333376;6.85303;-5.6469727
1521664715086;4.278322;6.9176054;-5.737915
1521664715103;4.345339;7.006107;-5.907837
1521664715116;4.5343037;7.058719;-6.1136475
1521664715125;4.7042255;7.2382846;-6.3050537
1521664715136;4.826296;7.3649936;-6.319336
1521664715144;4.967409;7.563602;-6.276367
1521664715156;4.852541;8.333992;-6.072876
1521664715164;4.7807636;8.281502;-5.6972656
1521664715177;4.7281513;8.453621;-5.6254883
1521664715185;4.591799;8.614021;-5.895874
1521664715205;4.4960957;8.628426;-6.4366455
1521664715217;4.5008564;8.824715;-6.680664
1521664715227;4.371584;9.006356;-6.82666
1521664715248;4.1778584;9.683602;-6.711792
1521664715268;3.8404548;10.135996;-6.7907715
1521664715281;3.677735;10.088144;-6.446167
1521664715290;3.620301;9.889413;-6.206909
1521664715307;3.404969;9.79371;-6.053833
1521664715317;3.0962532;9.78663;-6.022705
1521664715327;2.799561;9.920419;-5.8671875
1521664715340;2.6751714;10.174082;-6.027466
1521664715353;2.533997;10.554697;-6.319336
1521664715361;2.495667;10.743662;-6.446167
1521664715377;2.5244145;10.231699;-6.2547607
1521664715386;2.7134404;10.018564;-6.111206
1521664715406;2.6464238;10.131113;-5.75708
1521664715425;2.2252812;10.226816;-5.915039
1521664715438;1.9836427;9.989999;-5.769043
1521664715445;1.8017884;9.901376;-5.831299
1521664715458;1.5696718;9.846444;-6.0059814
1521664715465;1.3543092;9.956307;-6.0250244
1521664715477;1.3423463;9.674081;-5.7211914
1521664715488;1.3016664;9.640634;-5.7020264
1521664715507;1.1365663;9.061532;-5.934082
1521664715522;0.8446655;9.394052;-5.9484863
1521664715531;0.61016846;9.485116;-5.4938965
1521664715541;0.19620895;10.159922;-5.4316406
1521664715549;-0.16510391;10.245859;-4.7927246
1521664715562;-0.40917206;9.75538;-3.9385376
1521664715571;-0.62690735;9.016122;-3.8356934
1521664715582;-0.7058716;8.267097;-4.3476562
1521664715591;-1.1150513;8.183357;-4.8358154
1521664715607;-2.1295776;8.207283;-4.333374
1521664715628;-3.0292969;7.4895053;-3.0077515
1521664715633;-3.421692;7.625858;-3.6131592
1521664715647;-3.7806396;6.4677763;-3.687317
1521664715668;-2.9120483;4.043825;-3.113037
1521664715688;-2.605774;3.9577034;-4.529541
1521664715707;-2.840271;4.347658;-4.0390625
1521664715713;-3.0412598;4.3189716;-3.1704712
1521664715722;-3.1800537;4.352541;-3.2996826
1521664715730;-3.352295;4.579836;-4.048584
1521664715747;-3.5461426;4.321413;-3.9122314
1521664715767;-3.074768;2.4406743;-3.244629
1521664715787;-3.3092651;2.2372441;-4.3166504
1521664715806;-3.78302;3.0412605;-4.6850586
1521664715812;-4.383545;3.28534;-3.6729736
1521664715822;-4.9052734;3.0340583;-2.3616943
1521664715829;-5.3933105;2.8713384;-2.2181396
1521664715841;-6.54187;3.2518318;-2.5507202
1521664715849;-7.041992;3.3187873;-2.6536255
1521664715862;-7.286133;2.907227;-2.4047852
1521664715870;-7.465576;2.2444463;-2.3999634
1521664715881;-7.685669;1.8376771;-2.4191284
1521664715889;-7.8172607;1.7108461;-2.4430542
1521664715914;-7.939331;1.5816346;-3.0819092
1521664715973;-8.204834;1.7323915;-3.6729736
1521664715987;-8.673828;1.6940919;-3.8930664
1521664715996;-8.51123;2.1630864;-3.7375488
1521664716007;-7.881958;0.6077728;-4.64917
1521664716078;-7.3554688;2.0936894;-4.433838
1521664716079;-7.1712646;1.8855287;-4.314209
1521664716097;-7.0898438;1.7060548;-4.206543
1521664716104;-6.900879;1.6103517;-4.307007
1521664716116;-6.599365;1.574463;-4.4816895
1521664716124;-6.5059814;1.8807374;-4.953125
1521664716136;-6.345703;2.4047856;-4.9626465
1521664716146;-6.2332764;2.6464238;-4.6707764
1521664716158;-6.2093506;2.9790044;-4.5701904
1521664716166;-6.206909;3.4384773;-4.6516113
1521664716182;-6.1398926;3.8930671;-4.663574
1521664716338;-5.9796143;3.0077522;-5.4627686
1521664716341;-5.8862305;2.4550176;-4.378784
1521664716355;-3.4719849;2.91919;-4.833496
1521664716359;-3.4169312;3.8883064;-5.390991
1521664716378;-3.7279663;5.879153;-5.541748
1521664716384;-3.605957;6.0753202;-5.0655518
1521664716397;-3.2781372;6.1016874;-5.0750732
1521664716404;-2.9144287;6.257205;-5.5081787
1521664716417;-2.5195923;5.994021;-5.3311768
1521664716424;-2.1942139;5.6254907;-4.6276855
1521664716436;-2.0505981;5.4842553;-4.553467
1521664716444;-1.9333801;5.8575463;-5.2905273
1521664716456;-1.8544312;6.864993;-6.4127197
1521664716464;-1.7299805;7.539676;-6.7524414
1521664716476;-1.454834;7.805301;-6.2834473
1521664716485;-0.9068756;7.7694125;-5.6589355
1521664716498;-0.34217072;8.068367;-6.2021484
1521664716507;0.026320934;8.491951;-6.8361816
1521664716528;0.78723145;7.613895;-5.529785
1521664716544;0.8829498;7.805301;-5.7475586
1521664716549;1.0384828;7.9727817;-5.8599854
1521664716562;1.1868287;8.302986;-6.314575
1521664716569;1.4595948;8.381844;-6.357666
1521664716581;1.9238282;8.168953;-5.9796143
1521664716589;2.3209844;8.28614;-6.084839
1521664716608;2.7708745;8.518318;-6.422241
1521664716612;3.1297615;8.8557205;-6.3289795
1521664716621;3.4599617;8.915535;-5.876709
1521664716629;3.7160041;9.068612;-5.819336
1521664716648;3.9385383;9.040048;-6.735718
1521664716668;4.4074726;9.382089;-7.02771
1521664716688;5.146853;9.30079;-5.9437256
1521664716707;5.5679955;9.214608;-5.2019043
1521664716710;5.7067895;9.449227;-5.395752
1521664716728;5.869509;9.688485;-5.584839
1521664716748;5.8144555;9.264901;-5.819336
1521664716761;5.8408227;8.870125;-6.104004
1521664716769;5.994021;8.587654;-5.857544
1521664716788;6.0202665;8.221687;-5.6517334
1521664716808;6.0250273;8.063728;-5.6469727
1521664716816;5.989138;7.912967;-5.38855
1521664716823;5.8383813;8.298103;-5.599121
1521664716831;5.886233;8.228767;-5.4172363
1521664716843;5.924563;8.1403885;-5.2666016
1521664716853;6.053836;8.219246;-5.084717
1521664716868;6.429446;7.891483;-4.8549805
1521664716887;6.52991;8.168953;-5.110962
1521664716907;6.2619658;8.295906;-3.9672852
1521664716926;6.0274687;8.178474;-4.2663574
1521664716938;5.989138;8.204842;-4.8118896
1521664716946;6.0585966;8.128426;-5.0009766
1521664716958;6.226077;7.9082065;-5.079956
1521664716966;6.460574;7.518192;-5.326416
1521664716980;6.472537;7.570804;-5.2210693
1521664716989;6.434207;7.7741733;-4.9890137
1521664717008;6.2906523;7.968021;-4.6085205
1521664717013;6.111209;7.822025;-4.3548584
1521664717028;5.905398;7.683353;-4.637207
1521664717040;5.970095;7.3769565;-4.6588135
1521664717049;6.0466337;7.2884555;-4.6707764
1521664717060;6.056155;7.336307;-4.6658936
1521664717069;6.056155;7.3123813;-4.7545166
1521664717080;5.9724145;7.645023;-4.941162
1521664717089;5.9078393;7.886722;-5.2019043
1521664717108;5.881472;8.133064;-5.460327
1521664717112;5.778567;8.463387;-5.618286
1521664717122;5.773806;8.862801;-5.71875
1521664717129;5.761843;9.394052;-5.656616
1521664717142;5.8647485;9.698007;-5.515381
1521664717149;5.82886;10.044931;-5.9198
1521664717161;5.761843;10.167002;-6.0059814
1521664717170;5.8408227;9.980233;-5.7857666
1521664717181;5.931765;9.71705;-5.9125977
1521664717190;6.003543;9.420419;-6.2332764
1521664717207;6.288333;9.621346;-5.51062
1521664717210;6.44617;9.707528;-5.072754
1521664717222;6.3050566;10.162119;-5.5273438
1521664717229;6.0753202;10.439707;-5.903076
1521664717242;5.754641;10.499521;-6.123169
1521664717249;5.5297875;10.559336;-6.168579
1521664717261;5.1707788;10.882334;-6.529907
1521664717270;5.032107;11.215098;-6.7524414
1521664717281;4.984133;11.334727;-6.4558105
1521664717290;4.890871;11.255626;-6.1087646
1521664717315;4.737673;10.767588;-5.876709
1521664717321;4.390749;10.647959;-6.1087646
1521664717335;3.65857;10.758066;-5.7020264
1521664717347;2.723023;10.899179;-5.8408203
1521664717367;1.8352662;10.669443;-5.623047
1521664717387;1.2681886;10.336924;-5.319214
1521664717408;1.1365663;9.92286;-5.4747314
1521664717411;1.1270143;9.121346;-5.5369873
1521664717422;1.131775;7.8197055;-5.364624
1521664717430;1.1198121;7.362674;-4.8669434
1521664717441;0.8996887;7.3123813;-4.6085205
1521664717450;0.5527344;7.43201;-4.4074707
1521664717461;0.1890297;7.202396;-3.663391
1521664717470;-0.19620895;7.025272;-3.5820312
1521664717481;-0.87098694;7.8077426;-4.6468506
1521664717490;-1.5983887;8.707283;-5.321533
1521664717510;-1.4883118;7.082645;-3.3187866
1521664717521;-1.1629028;6.02991;-3.7016602
1521664717529;-1.1437683;5.8193383;-4.711426
1521664717541;-1.3806458;5.931765;-5.029663
1521664717550;-1.591217;6.137576;-4.491211
1521664717561;-1.8209229;5.850344;-3.0220947
1521664717569;-2.036255;5.151736;-1.7491455
1521664717581;-2.6607666;5.792971;-2.3712769
1521664717589;-3.2230835;6.161502;-2.890503
1521664717608;-3.1297607;4.2998066;-1.6390686
1521664717613;-2.809143;2.1343389;-0.9068756
1521664717622;-2.7612915;1.0456544;-1.9429626
1521664717630;-2.9144287;0.83987427;-3.7399292
1521664717641;-3.3307495;1.6965028;-5.1899414
1521664717651;-4.998535;4.787966;-4.876465
1521664717661;-5.6087646;4.7592793;-2.6009521
1521664717670;-5.807373;4.385988;-1.2538147
1521664717682;-5.4555664;3.8069465;-1.2825317
1521664717690;-5.0822754;3.2111213;-2.1343384
1521664717714;-5.3598633;1.8711854;-1.8974915
1521664717722;-5.996338;1.7060548;-1.8137512
1521664717730;-6.5562744;1.7611085;-2.270752
1521664717741;-6.9630127;2.0889287;-2.890503
1521664717750;-7.2286377;2.7373662;-3.2661743
1521664717761;-7.5181885;2.83783;-2.9191895
1521664717769;-7.673706;2.780457;-1.9620972
1521664717782;-7.7574463;2.8067632;-1.7443542
1521664717790;-7.7000732;2.6703496;-2.005127
1521664717807;-7.704834;2.2635503;-2.163086
1521664717811;-7.6713867;1.7969972;-2.0386353
1521664717822;-7.769409;1.3112489;-2.0147095
1521664717830;-7.781372;1.0097657;-2.1942139
1521664717844;-8.090088;1.2370607;-2.8067627
1521664717850;-8.324463;1.5314027;-3.4624023
1521664717862;-8.616455;1.6869203;-3.6801147
1521664717871;-8.743164;1.9764711;-3.7734375
1521664717882;-8.793457;2.3712773;-3.8859253
1521664717890;-8.616455;2.0314946;-3.6466064
1521664717904;-8.384277;1.84964;-3.6275024
1521664717911;-8.283936;1.751526;-3.8596191
1521664717922;-8.248047;1.6007692;-3.9169922
1521664717930;-8.413086;1.9644777;-4.0126953
1521664717941;-8.496826;2.3975835;-3.883545
1521664717952;-8.580566;2.5579228;-3.694458
1521664717971;-8.307861;2.8234868;-3.9457397
1521664717984;-7.712036;2.7469487;-3.928955
1521664717991;-7.3410645;2.603333;-3.86438
1521664718008;-7.154419;2.4741216;-3.7926025
1521664718013;-7.001343;2.59137;-3.7758179
1521664718023;-6.934326;2.856995;-3.991211
1521664718032;-6.8146973;3.0675666;-4.1586914
1521664718042;-6.6950684;3.3762214;-4.484131
1521664718050;-6.5251465;3.7877815;-4.764038
1521664718061;-6.3289795;3.9840095;-4.7615967
1521664718070;-5.941284;3.828492;-4.4625244
1521664718082;-5.623047;3.7518928;-4.737671
1521664718090;-5.3933105;3.9026496;-5.122925
1521664718116;-4.826294;3.5844123;-5.2474365
1521664718122;-4.6157227;3.404969;-5.458008
1521664718130;-4.5151367;3.6801155;-5.850342
1521664718142;-4.6348877;3.9337776;-5.8096924
1521664718150;-4.7473145;3.7543342;-5.0249023
1521664718163;-4.8310547;3.2302864;-3.9074707
1521664718171;-4.8118896;3.2805183;-3.763855
1521664718182;-4.706665;3.570069;-3.7926025
1521664718190;-4.7425537;4.3573017;-4.0461426
1521664718204;-4.929199;5.2569604;-3.751892
1521664718211;-5.206665;5.70447;-3.175232
1521664718224;-5.230591;5.615847;-2.9335938
1521664718230;-5.084717;5.4842553;-3.5222168
1521664718242;-4.7856445;5.388552;-4.40271
1521664718250;-4.8046875;5.5106225;-5.0775146
1521664718263;-5.187622;5.4340844;-4.77124
1521664718270;-5.4483643;5.8264184;-4.795166
1521664718282;-5.1660156;5.994021;-5.1779785
1521664718290;-4.744873;5.9078393;-5.4196777
1521664718306;-4.464966;6.080081;-5.3933105
1521664718311;-4.218506;6.517947;-5.5178223
1521664718322;-4.098877;7.2430453;-5.9125977
1521664718330;-3.9337769;6.8481474;-5.2928467
1521664718342;-3.7423706;6.6160917;-5.1971436
1521664718350;-3.2877197;6.302615;-5.280884
1521664718363;-2.9048462;6.3791533;-5.584839
1521664718370;-2.8881226;6.903201;-5.970093
1521664718384;-2.9240112;7.1544223;-5.5081787
1521664718390;-2.8952637;7.3123813;-5.1540527
1521664718405;-2.6607666;7.676151;-5.668579
1521664718411;-2.2659912;8.137947;-6.673462
1521664718423;-2.093689;8.56617;-7.2263184
1521664718430;-1.9285889;8.360359;-6.572998
1521664718442;-1.6223145;7.91785;-5.9509277
1521664718451;-1.2944946;7.7072787;-6.135132
1521664718462;-1.0671692;8.168953;-7.1688232
1521664718470;-0.9236145;8.623543;-7.432007
1521664718482;-0.99780273;8.72657;-6.331299
1521664718491;-0.8949127;8.807869;-5.54895
1521664718514;-0.17228317;8.310066;-5.7595215
1521664718523;0.24406433;8.269539;-6.0944824
1521664718530;0.59580994;8.27906;-5.984375
1521664718542;0.9188385;8.236092;-5.47229
1521664718551;1.2370607;8.267097;-5.206665
1521664718564;1.8927003;8.618904;-5.6207275
1521664718570;2.110413;8.669197;-5.9053955
1521664718582;2.1893926;8.793465;-5.9940186
1521664718590;2.1942143;8.963387;-5.9628906
1521664718606;2.2995;8.802986;-5.623047
1521664718612;2.407166;8.594978;-5.6661377
1521664718624;2.553101;8.537361;-5.8862305
1521664718631;2.7469487;8.386726;-5.668579
1521664718642;2.9670415;8.331795;-5.5058594
1521664718651;3.2230842;8.147469;-5.2474365
1521664718664;3.4863288;7.9082065;-5.0703125
1521664718671;3.5532844;8.001472;-5.288086
1521664718683;3.5867927;8.544685;-5.553711
1521664718691;3.6538093;8.508797;-5.244995
1521664718706;3.7327888;8.580574;-5.1540527
1521664718711;3.8930671;8.391609;-5.307251
1521664718722;3.993592;8.06617;-5.2402344
1521664718730;4.113161;7.9896274;-5.371826
1521664718742;4.4051533;7.558841;-4.9937744
1521664718750;4.5200214;7.518192;-4.9172363
1521664718762;4.6396503;7.645023;-4.8861084
1521664718770;4.890871;7.374637;-4.397949
1521664718782;5.070315;7.4583774;-4.429077
1521664718790;5.228274;7.752689;-4.6778564
1521664718806;5.1756616;7.9393344;-5.0177
1521664718813;5.21155;8.305428;-5.3359375
1521664718823;5.2713647;8.800789;-5.579956
1521664718831;5.37427;9.166757;-5.503418
1521664718843;5.5297875;9.176278;-5.1445312
1521664718851;5.6566186;9.063973;-5.130127
1521664718863;5.8383813;8.745613;-5.125366
1521664718872;5.936526;8.549324;-4.9578857
1521664718884;6.034671;8.609383;-5.0129395
1521664718892;6.041873;8.81031;-5.213867
1521664718906;6.168582;8.786385;-4.783203
1521664718913;6.173465;8.738533;-4.3428955
1521664718923;6.2595243;8.721687;-4.2424316
1521664718931;6.295413;8.503914;-4.383545
1521664718943;6.3935575;8.2480545;-4.1898193
1521664718951;6.357669;8.104256;-4.149048
1521664718964;6.2858915;8.044441;-4.3476562
1521664718972;6.300296;8.022957;-4.491211
1521664718984;6.2165556;8.3244705;-4.5080566
1521664718992;6.264407;8.302986;-4.3548584
1521664719005;6.173465;8.341316;-4.371582
1521664719011;6.017947;8.125984;-4.4385986
1521664719023;5.8981957;7.9704623;-4.4171143
1521664719031;5.848025;7.9393344;-4.4577637
1521664719042;5.7642846;7.92493;-4.383545
1521664719051;5.8024926;7.6809115;-4.1514893
1521664719063;5.721194;7.6425815;-4.137085
1521664719071;5.7067895;7.640262;-4.2088623
1521664719083;5.639773;7.659427;-4.199341
1521664719091;5.6110864;7.63306;-4.144287
1521664719115;5.41968;7.747928;-3.9337769
1521664719124;5.304812;7.5540805;-3.991211
1521664719131;5.3215356;7.551639;-4.029419
1521664719143;5.369387;7.6306186;-4.125122
1521664719152;5.4460473;7.664188;-4.106079
1521664719164;5.4986596;7.987186;-4.3166504
1521664719172;5.2641625;8.448982;-4.548706
1521664719184;5.1062036;8.807869;-4.7592773
1521664719192;4.895632;9.001718;-5.091919
1521664719206;4.701784;8.944344;-5.680542
1521664719213;4.649172;9.042245;-6.2714844
1521664719224;4.71863;9.159677;-6.723755
1521664719231;4.8933125;9.401376;-7.204712
1521664719243;5.1876245;10.494883;-6.7022705
1521664719251;5.1134057;10.882334;-5.915039
1521664719265;4.9243183;10.980478;-4.764038
1521664719272;4.6085224;11.281993;-4.15625
1521664719284;4.2543964;11.466319;-4.106079
1521664719292;4.055788;11.34669;-4.4960938
1521664719306;3.873963;11.439952;-5.0272217
1521664719312;3.7949836;11.688731;-5.838379
1521664719323;3.6466072;11.832286;-6.6519775
1521664719331;3.8189094;11.447032;-6.7716064
1521664719343;3.835694;10.729258;-6.6903076
1521664719351;3.6418464;10.686289;-7.02771
1521664719363;3.4408576;10.272226;-7.008545
1521664719371;3.2183235;9.896493;-6.7165527
1521664719383;2.9838262;10.009043;-6.489258
1521664719391;2.7636724;10.155039;-6.185425
1521664719406;2.596192;10.351328;-5.5776367
1521664719412;2.3784184;10.851328;-5.498657
1521664719423;2.110413;10.997324;-5.850342
1521664719431;2.0362554;10.12623;-5.6517334
1521664719443;2.0051274;9.331796;-5.579956
1521664719451;1.9931947;8.432137;-5.6661377
1521664719463;1.84964;8.025398;-5.812134
1521664719471;1.6677858;8.487312;-5.321533
1521664719483;1.4572145;8.664314;-4.630005
1521664719491;1.0791627;8.714607;-4.2998047
1521664719514;0.45702362;8.774422;-4.694702
1521664719525;0.29670715;8.571053;-4.7904053
1521664719532;0.32063293;7.7382846;-4.5821533
1521664719544;0.16031647;7.575565;-4.965088
1521664719551;-0.0885334;8.114021;-5.5751953
1521664719564;-0.3780594;7.652225;-4.321411
1521664719571;-0.53837585;6.869754;-3.067566
1521664719583;-1.0982971;7.240604;-3.7088623
1521664719591;-1.5792542;7.2956576;-4.2160645
1521664719606;-2.0505981;6.625613;-3.8476562
1521664719612;-2.3999634;6.092044;-3.6298828
1521664719624;-2.8737793;5.95093;-3.9050293
1521664719631;-3.4552002;6.5203886;-4.5128174
1521664719643;-3.9840088;6.8051786;-4.364502
1521664719651;-4.503174;7.1568637;-3.6705322
1521664719663;-5.003296;7.2812533;-2.8378296
1521664719671;-5.0511475;6.757327;-1.837677
1521664719683;-4.4362793;5.1134057;-1.4500427
1521664719691;-3.3379517;3.373841;-3.7304077
1521664719715;-3.663391;4.3812275;-5.029663
1521664719724;-3.8811035;4.208864;-3.2996826
1521664719732;-4.2041016;4.491213;-2.428711
1521664719744;-4.4313965;4.7927265;-2.4717407
1521664719753;-4.4362793;4.4577656;-2.3042603
1521664719765;-4.3309326;3.170472;-1.4620056
1521664719773;-4.5008545;2.198975;-1.5601196
1521664719785;-4.871704;2.084107;-2.5339966
1521664719791;-5.369385;2.2396245;-3.4001465
1521664719806;-6.130371;2.9742436;-3.9074707
1521664719812;-6.98938;3.5748298;-3.1345825
1521664719824;-7.5994873;3.4001472;-1.5768433
1521664719832;-7.4296875;3.1920173;-1.2059631
1521664719843;-6.9918213;3.4456184;-1.8280945
1521664719851;-6.6950684;3.77826;-2.1942139
1521664719863;-6.876953;4.0271015;-2.1583252
1521664719872;-7.2263184;4.1228046;-1.9573059
1521664719884;-7.558838;4.0725117;-2.2803345
1521664719892;-7.7143555;3.727967;-2.297058
1521664719906;-7.723999;3.2326667;-1.8735657
1521664719912;-7.609131;2.2707524;-2.4047852
1521664719924;-7.8149414;2.457398;-3.163269
1521664719932;-8.161865;2.6871343;-3.5509033
1521664719943;-8.491943;2.703858;-3.4719849
1521664719951;-8.551758;2.8258672;-3.440857
1521664719965;-8.575684;3.1226203;-3.4719849
1521664719972;-8.293457;3.1656501;-2.9718628
1521664719984;-8.159424;2.8737798;-2.782837
1521664719992;-8.276611;3.1034553;-3.1680908
1521664720016;-8.532715;3.2542121;-3.7375488
1521664720024;-8.705078;3.455201;-3.8284912
1521664720032;-8.702637;3.4384773;-3.4121094
1521664720044;-8.487305;3.2518318;-3.0292969
1521664720052;-8.326904;3.089112;-2.6560059
1521664720065;-8.197754;2.9622808;-2.4789429
1521664720073;-8.082764;2.8833013;-2.2611694
1521664720085;-7.9154053;3.00055;-2.4717407
1521664720093;-7.8077393;3.2877204;-2.8234863
1521664720115;-7.5493164;3.4384773;-2.8258667
1521664720124;-7.376953;3.3522956;-2.9599
1521664720132;-7.2263184;3.304444;-3.0269165
1521664720144;-6.958252;2.9359746;-2.9622803
1521664720152;-6.699829;2.8283086;-3.3738403
1521664720164;-6.381592;2.988587;-3.555725
1521664720172;-6.223633;3.316407;-3.8117065
1521664720184;-6.1064453;3.8189094;-3.852417
1521664720192;-5.9556885;4.0007343;-3.4815063
1521664720216;-5.922119;4.6730976;-3.440857
1521664720225;-6.0441895;5.082278;-3.7758179
1521664720232;-6.118408;4.720949;-3.3642578
1521664720244;-6.135132;4.156252;-3.0077515
1521664720252;-5.9484863;3.677735;-3.3140259
1521664720264;-5.630249;3.5341804;-3.644226
1521664720273;-5.3742676;3.639466;-3.9169922
1521664720284;-5.2546387;3.8404548;-3.7590942
1521664720292;-5.364624;4.1993427;-3.3236084
1521664720315;-5.5823975;4.7615986;-2.447815
1521664720325;-5.5321045;4.991335;-2.486084
1521664720332;-5.3287354;4.97217;-2.2946777
1521664720345;-5.1540527;4.8884296;-2.3760376
1521664720352;-5.029663;5.151736;-3.1656494
1521664720364;-5.041626;5.154055;-3.5844116
1521664720372;-4.9698486;4.5511494;-2.9455566
1521664720384;-4.699463;4.6419697;-3.2111206
1521664720392;-4.290283;5.0942407;-3.8356934
1521664720416;-4.201782;6.0944853;-3.8955078
1521664720425;-4.11084;6.2739286;-3.282898
1521664720433;-3.8380737;7.094608;-3.9265747
1521664720444;-3.459961;7.298099;-4.409912
1521664720453;-3.1034546;7.266971;-4.4313965
1521664720464;-2.9383545;7.202396;-3.8261108
1521664720473;-2.682312;7.0228305;-3.4839478
1521664720485;-2.3138428;7.0228305;-4.307007
1521664720493;-1.8328857;6.707034;-4.787964
1521664720515;-1.1006775;6.8051786;-4.4960938
1521664720525;-0.8183441;7.8842807;-5.0249023
1521664720532;-0.71543884;8.913094;-5.546509
1521664720544;-0.65322876;9.097421;-5.1445312
1521664720553;-0.48095703;9.248055;-4.4385986
1521664720564;-0.23449326;9.023202;-4.244751
1521664720572;0.1531372;8.585213;-4.8118896
1521664720586;0.36131287;8.594978;-5.6781006
1521664720592;0.7537384;8.097176;-4.694702
1521664720607;0.9451599;8.408211;-4.3931885
1521664720612;1.2466432;8.64283;-4.397949
1521664720625;1.722809;8.903572;-4.6276855
1521664720632;2.0266728;9.42994;-5.015259
1521664720644;2.2540288;9.616708;-4.706665
1521664720652;2.5746465;9.640634;-4.44104
1521664720664;2.888123;9.439462;-4.6730957
1521664720673;3.3068244;8.910652;-4.7999268
1521664720685;3.589234;8.783943;-4.9315186
1521664720693;3.8811042;9.138192;-5.199585
1521664720707;4.23279;9.240975;-5.168457
1521664720713;4.6157246;9.389413;-4.8286133
1521664720726;5.000979;9.712411;-4.7473145
1521664720734;5.235476;10.138193;-4.833496
1521664720745;5.4460473;10.059336;-4.4769287
1521664720754;5.6063256;9.712411;-3.8691406
1521664720766;5.7498803;9.499276;-3.5939941
1521664720774;5.82886;9.078378;-3.6920776
1521664720785;5.994021;8.712166;-3.8452148
1521664720794;6.0441923;8.690681;-4.2735596
1521664720808;6.1542997;9.116464;-4.5773926
1521664720815;6.2667265;9.590341;-4.756836
1521664720825;6.6472197;10.061777;-4.3094482
1521664720833;6.7907743;9.796151;-3.9146118
1521664720845;6.900882;9.401376;-3.7184448
1521664720854;7.132938;8.645271;-3.5126343
1521664720865;7.202396;8.018318;-3.333191
1521664720874;7.132938;7.9321322;-3.4695435
1521664720886;7.120975;8.08033;-3.61792
1521664720894;7.214359;8.238289;-3.5389404
1521664720907;7.3004184;8.659431;-3.7040405
1521664720912;7.147342;9.056649;-3.9768677
1521664720925;7.089847;9.291268;-4.0438232
1521664720932;6.9559355;9.379647;-4.1898193
1521664720945;6.903201;9.226571;-4.307007
1521664720952;6.934329;8.898689;-4.333374
1521664720965;7.001346;8.673836;-4.3094482
1521664720973;7.1688266;8.295906;-4.1514893
1521664720985;7.2263217;8.121101;-3.8476562
1521664720992;7.240604;8.377205;-3.5437622
1521664721013;7.197513;8.350838;-3.1226196
1521664721026;7.039676;8.415535;-2.8881226
1521664721033;6.8361845;8.353279;-2.9311523
1521664721045;6.695071;8.2168045;-2.9910278
1521664721053;6.630496;8.372322;-3.232666
1521664721066;6.711795;8.224129;-3.3690796
1521664721074;6.7740507;8.125984;-3.4575806
1521664721085;6.802737;7.936893;-3.3355713
1521664721093;6.838626;8.063728;-3.378662
1521664721117;6.8792753;7.5804477;-3.3666992
1521664721126;6.750125;7.4344516;-3.321228
1521664721134;6.584964;7.4775424;-3.3068237
1521664721145;6.479739;7.4703403;-3.3547363
1521664721153;6.4246855;7.5540805;-3.3451538
1521664721166;6.4174833;7.7551303;-3.3068237
1521664721173;6.3098173;8.152351;-3.6681519
1521664721185;6.517947;8.231209;-3.8165283
1521664721194;6.611331;8.460945;-4.0772705
1521664721216;6.673465;9.432382;-4.610962
1521664721226;6.673465;9.80079;-4.4243164
1521664721234;6.4246855;10.066416;-4.4960938
1521664721245;6.1925077;10.205332;-4.606079
1521664721254;5.8981957;10.415781;-4.8046875
1521664721268;5.7642846;10.49;-4.845459
1521664721275;5.936526;10.006601;-4.718628
1521664721285;6.0777617;10.183847;-4.7615967
1521664721293;6.2093534;10.463633;-4.5845947
1521664721314;5.754641;11.071544;-4.0318604
1521664721325;5.355105;11.250987;-3.7471313
1521664721332;4.933962;11.229503;-3.7806396
1521664721345;4.543947;11.427989;-4.2926025
1521664721353;4.340578;11.691173;-4.8933105
1521664721366;4.220827;11.645762;-5.321533
1521664721373;4.1419697;11.667247;-5.6326904
1521664721388;3.9409797;11.597911;-5.7403564
1521664721399;3.6801155;11.521251;-5.5560303
1521664721418;3.424073;11.291514;-5.371826
1521664721427;3.127381;11.014171;-4.8310547
1521664721436;2.8426518;10.616953;-4.2041016
1521664721445;2.5770268;10.066416;-3.9672852
1521664721458;2.0505986;10.188486;-4.744873
1521664721467;1.7347718;10.174082;-4.6778564
1521664721475;1.3758546;9.879891;-4.484131
1521664721487;1.1030885;9.465829;-4.3286133
1521664721495;0.73698425;8.968269;-4.548706
1521664721514;0.19860077;8.142586;-4.8046875
1521664721525;0.026320934;7.9082065;-4.1898193
1521664721533;-0.15792465;7.3698764;-3.2589722
1521664721545;-0.30149078;7.1065707;-2.87854
1521664721553;-0.6819458;7.0659213;-3.2948608
1521664721566;-1.0671692;7.2645297;-3.9863892
1521664721574;-1.5720825;7.6186557;-4.1586914
1521664721586;-1.7467346;7.247806;-3.225525
1521664721594;-1.9142456;6.9199247;-2.517212
1521664721612;-2.0889282;6.372073;-2.9120483
1521664721626;-2.0913086;5.5058618;-3.1656494
1521664721634;-2.074524;4.97217;-3.852417
1521664721645;-2.1152344;4.936281;-4.572632
1521664721653;-2.2229004;4.871706;-4.768799
1521664721666;-2.2683716;4.4505634;-3.637085
1521664721674;-2.6201172;4.4051533;-2.5148315
1521664721685;-3.2542114;4.9626484;-2.3760376
1521664721693;-3.814148;5.532107;-2.4191284
1521664721717;-4.448242;4.3620625;-1.8280945
1521664721726;-4.6468506;3.0532234;-2.6655884
1521664721734;-4.7856445;2.8977056;-3.3068237
1521664721746;-5.0057373;2.4980474;-3.144165
1521664721754;-5.4819336;2.6488042;-2.8761597
1521664721766;-5.9293213;2.7756352;-2.6727295
1521664721774;-6.3624268;3.0675666;-2.8952637
1521664721786;-6.5682373;3.0842903;-2.739746
1521664721794;-6.7261963;3.158509;-2.6105347
1521664721815;-6.5515137;3.3762214;-2.7732544
1521664721826;-6.522827;3.3642585;-2.8330688
1521664721833;-6.654419;3.2948616;-2.7804565
1521664721845;-6.857788;3.4097297;-2.7230225
1521664721853;-7.2597656;3.7112434;-2.789978
1521664721865;-7.6833496;3.7758186;-2.5315552
1521664721873;-7.7407227;3.3116462;-2.2229004
1521664721886;-7.836426;2.7062383;-2.0673828
1521664721894;-7.77417;2.084107;-2.1917725
1521664721916;-8.188232;2.59137;-3.0914917
1521664721935;-8.731201;2.6560063;-2.2659912
1521664721946;-8.513428;2.6105351;-2.4909058
1521664721985;-8.0876465;2.2037358;-2.7971802
1521664721997;-8.578125;1.9668885;-2.6560059
1521664722016;-8.925049;1.7730714;-3.1322021
1521664722026;-8.814941;2.2037358;-2.6679688
1521664722035;-8.657227;2.407166;-2.5650635
1521664722046;-8.451416;2.5172124;-2.397583
1521664722055;-8.233643;2.6177373;-2.3186035
1521664722066;-8.128418;2.8426518;-2.347351
1521664722075;-8.106689;3.03888;-2.4191284
1521664722086;-8.197754;3.5939949;-2.7924194
1521664722095;-8.257568;3.7806404;-2.7995605
1521664722115;-7.9034424;3.4408576;-3.0795288
1521664722127;-7.6258545;3.2614143;-3.397766
1521664722135;-7.388916;3.1680915;-3.4863281
1521664722148;-7.312378;3.1130378;-3.548523
1521664722156;-7.393799;3.278138;-3.763855
1521664722167;-7.522949;3.4479988;-3.940979
1521664722175;-7.578003;3.4001472;-3.902649
1521664722186;-7.5134277;3.8332527;-4.6922607
1521664722195;-7.5421143;3.8524177;-4.3931885
1521664722216;-7.597168;4.3117695;-4.163452
1521664722227;-7.4942627;4.0892353;-3.7112427
1521664722234;-7.3913574;3.809327;-3.498291
1521664722246;-7.0516357;3.8141487;-3.8261108
1521664722255;-6.699829;3.4312751;-3.7973633
1521664722267;-6.312256;3.2326667;-4.005493
1521664722275;-6.060913;3.4097297;-4.567871
1521664722287;-5.8096924;3.3977668;-4.744873
1521664722294;-5.8742676;3.6298835;-4.941162
1521664722316;-6.8530273;4.96509;-4.4505615
1521664722326;-7.039673;4.5701923;-3.163269
1521664722334;-7.0706787;4.4697285;-2.7038574
1521664722345;-6.5203857;3.7447517;-2.3138428
1521664722354;-5.5081787;2.483704;-1.6294861
1521664722366;-4.668335;1.3136598;-0.99780273
1521664722374;-3.8428345;0.7728729;-1.0241089
1521664722386;-3.5461426;1.5289918;-2.6009521
1521664722394;-3.952942;3.6370857;-4.6085205
1521664722415;-6.5443115;6.546756;-2.6152954
1521664722427;-6.0202637;6.8792753;-3.706482
1521664722435;-5.173218;6.314578;-4.029419
1521664722446;-4.548706;5.1301293;-3.7016602
1521664722454;-4.3189697;4.8764668;-4.024658
1521664722466;-4.40271;4.857424;-4.60376
1521664722475;-4.414673;5.1325707;-5.137329
1521664722487;-4.730591;5.709231;-5.3287354
1521664722495;-4.9578857;6.352908;-4.6827393
1521664722517;-3.9577026;6.206912;-4.149048
1521664722526;-3.4384766;6.76929;-4.8741455
1521664722535;-3.0603638;7.298099;-5.0009766
1521664722545;-2.840271;7.4033237;-4.641968
1521664722554;-2.6201172;7.733524;-4.4553223
1521664722567;-2.347351;7.7933383;-4.484131
1521664722574;-2.0170898;7.929813;-4.926758
1521664722587;-1.8185425;8.295906;-5.4819336
1521664722594;-1.5074768;7.929813;-5.0655518
1521664722614;-0.7848358;7.9393344;-5.529785
1521664722627;-0.16749573;8.55909;-5.8096924
1521664722634;0.14835358;9.080575;-5.434082
1521664722648;0.3900299;9.250497;-5.0272217
1521664722654;0.78723145;9.104501;-4.929199
1521664722667;1.0839235;8.970467;-5.3623047
1521664722674;1.2849427;9.30079;-6.156616
1521664722686;1.2969056;9.51368;-6.25
1521664722694;1.2514344;9.655038;-5.8360596
1521664722716;1.2969056;9.985116;-5.3048096
1521664722727;1.4428712;9.643075;-5.1779785
1521664722735;1.7563173;9.164315;-4.8980713
1521664722746;2.0601811;8.729012;-4.706665
1521664722755;2.3999639;8.15699;-4.340576
1521664722767;2.7565312;7.6856723;-4.453003
1521664722775;3.062806;8.125984;-5.175659
1521664722787;3.297303;8.602058;-5.3933105
1521664722795;3.6849372;9.056649;-5.2976074
1521664722815;4.156252;9.640634;-4.5750732
1521664722826;4.1586933;9.389413;-4.4960938
1521664722834;4.1898212;8.951424;-4.4769287
1521664722846;4.18738;8.571053;-4.555908
1521664722854;4.2735615;8.236092;-4.6539307
1521664722866;4.4769306;8.977791;-5.541748
1521664722874;4.5726337;9.267343;-5.149292
1521664722887;4.6611347;9.319833;-4.302246
1521664722895;4.599001;9.396493;-4.118042
1521664722915;4.582155;9.104501;-4.890869
1521664722926;4.8764668;8.994392;-4.7927246
1521664722936;5.2210717;8.896492;-4.3548584
1521664722946;5.532107;8.872566;-4.290283
1521664722955;5.804934;8.786385;-4.3237305
1521664722967;6.0777617;8.975349;-4.464966
1521664722975;6.099246;9.4946375;-4.4385986
1521664722986;6.0250273;9.623788;-4.1395264
1521664722995;5.8886743;9.745858;-3.8069458
1521664723017;5.9604516;9.123788;-4.213745
1521664723027;6.271487;8.678719;-4.460205
1521664723034;6.541873;8.6213455;-4.464966
1521664723046;6.8673124;8.721687;-4.5247803
1521664723055;7.0037875;8.956306;-4.338135
1521664723066;6.900882;9.240975;-3.9816284
1521664723076;6.6831083;9.532968;-3.8308716
1521664723086;6.3601103;9.525643;-3.6849365
1521664723095;6.2858915;9.221932;-3.8691406
1521664723117;6.537112;8.544685;-3.814148
1521664723127;6.6400175;8.312508;-3.8165283
1521664723134;6.6519804;8.24073;-3.7973633
1521664723148;6.4438505;8.178474;-3.6131592
1521664723155;6.2858915;8.250252;-3.4193115
1521664723167;6.053836;8.2480545;-3.397766
1521664723175;5.862307;8.173836;-3.3834229
1521664723186;5.7307153;8.106697;-3.359497
1521664723195;5.6374536;7.822025;-3.3068237
1521664723217;5.635012;7.3649936;-3.6992798
1521664723228;5.6566186;7.4416537;-3.7854004
1521664723236;5.589602;7.575565;-3.8069458
1521664723247;5.596804;7.7048373;-3.7543335
1521664723256;5.362307;7.891483;-3.7662964
1521664723266;5.17322;8.1403885;-3.960083
1521664723276;5.1134057;8.190437;-3.8547974
1521664723295;4.845461;8.456062;-4.0581055
1521664723316;4.720949;9.004159;-4.2974854
1521664723327;4.541506;9.638192;-4.941162
1521664723335;4.421877;10.236338;-5.1325684
1521664723346;4.314211;10.49708;-5.0080566
1521664723356;4.2735615;10.463633;-4.960205
1521664723367;4.213747;10.6504;-5.4747314
1521664723376;4.251955;11.291514;-5.934082
1521664723388;4.663576;10.750742;-5.091919
1521664723396;4.8813496;10.408701;-4.4960938
1521664723416;5.2641625;9.549569;-4.6324463
1521664723428;5.177981;9.621346;-4.5439453
1521664723435;4.8884296;9.934823;-4.498413
1521664723446;4.484133;10.358408;-4.307007
1521664723455;4.0964375;11.14088;-4.40271
1521664723467;3.6466072;11.686534;-5.079956
1521664723475;3.443238;12.021496;-5.7977295
1521664723487;3.3259895;11.887462;-5.953247
1521664723496;3.1991584;11.535655;-6.2547607
1521664723517;2.880921;10.923105;-6.45813
1521664723528;2.6751714;10.70289;-5.745117
1521664723536;2.565064;10.707773;-5.2282715
1521664723547;2.4741216;10.581064;-4.699463
1521664723556;2.1893926;10.712656;-4.44104
1521664723576;1.5218202;10.69581;-4.3286133
1521664723587;1.1533204;10.312998;-4.118042
1521664723595;0.8159485;9.705087;-4.3476562
1521664723617;0.24885178;8.267097;-5.0129395
1521664723628;0.14596176;7.5804477;-4.9626465
1521664723635;-0.10528374;7.621097;-5.4938965
1521664723647;-0.3278122;7.960819;-5.584839
1521664723656;-0.7058716;8.353279;-4.706665
1521664723668;-1.0504456;8.183357;-3.1895752
1521664723675;-1.5409546;8.123543;-2.663208
1521664723687;-2.1367798;8.583015;-3.1991577
1521664723695;-2.5315552;8.264656;-3.0651855
1521664723716;-2.782837;6.807498;-3.3738403
1521664723727;-2.6296997;6.017947;-4.003174
1521664723735;-2.4909058;5.3598657;-4.206543
1521664723747;-2.2252808;4.4625263;-3.6801147
1521664723755;-2.1870117;3.670533;-3.263794
1521664723767;-2.6152954;4.524782;-4.5270996
1521664723776;-3.0484009;5.3144555;-4.644409
1521664723788;-3.6131592;5.563235;-3.9169922
1521664723796;-3.9050293;5.747561;-3.163269
1521664723817;-4.1347656;5.369387;-2.4501953
1521664723827;-3.9816284;4.328615;-1.6223145
1521664723836;-3.586792;3.2757576;-1.2538147
1521664723856;-3.833252;2.3640752;-1.5122375
1521664723876;-5.036865;2.9814458;-2.1056519
1521664723888;-5.5776367;3.050843;-2.1152344
1521664723896;-6.115967;3.0771492;-2.320984
1521664723918;-6.338501;2.7684941;-2.4597778
1521664723927;-6.1757812;2.5626836;-2.7924194
1521664723935;-6.4486084;3.455201;-3.6801147
1521664723947;-6.9606934;3.955323;-3.4265137
1521664723956;-7.458374;3.8596199;-2.6344604
1521664723976;-7.350708;3.0938728;-1.9190369
1521664723996;-7.647461;3.4001472;-2.5076294
1521664724018;-7.8483887;2.7325444;-2.593811
1521664724027;-7.912964;3.2614143;-3.8189087
1521664724036;-8.286133;3.8883064;-4.175415
1521664724056;-8.539795;3.582032;-3.0532227
1521664724067;-8.149902;3.2422493;-3.0077515
1521664724076;-7.76709;2.830689;-2.9144287
1521664724088;-7.7143555;2.6057744;-3.1393433
1521664724096;-8.006348;2.7254033;-3.2901
1521664724117;-8.494385;3.1322029;-2.9742432
1521664724128;-8.314941;3.404969;-3.1513062
1521664724135;-7.9537354;3.3810432;-3.2853394
1521664724147;-7.7072754;3.278138;-3.3379517
1521664724155;-7.7263184;3.2255256;-3.1680908
1521664724168;-7.8269043;2.9431157;-3.136963
1521664724175;-7.7838135;2.8211064;-3.3116455
1521664724187;-7.7143555;2.749329;-3.6011963
1521664724196;-7.5875244;2.6895146;-3.6418457
1521664724217;-7.0061035;3.1943977;-3.706482
1521664724228;-6.7716064;3.2398689;-3.5581055
1521664724236;-6.6088867;3.1465461;-3.397766
1521664724248;-6.4102783;3.2374885;-3.6011963
1521664724256;-6.281128;3.2948616;-3.6203003
1521664724268;-6.111206;3.3140266;-3.4647827
1521664724276;-5.977173;3.5987556;-3.6490479
1521664724288;-5.8049316;4.048586;-4.041382
1521664724296;-5.6207275;4.1778584;-3.7471313
1521664724316;-5.3479004;4.3573017;-3.706482
1521664724328;-5.173218;4.541506;-4.395508
1521664724336;-5.072754;4.6276875;-4.8046875
1521664724348;-5.122925;4.474489;-4.2352295
1521664724356;-5.1851807;3.9505012;-3.2924805
1521664724367;-4.9554443;3.4959114;-3.1728516
1521664724376;-4.7089844;3.41211;-3.9194336
1521664724388;-4.6396484;3.8141487;-4.376465
1521664724396;-4.783203;4.364504;-4.106079
1521664724417;-5.029663;5.2210717;-3.2853394
1521664724428;-4.8095703;5.4029565;-3.282898
1521664724436;-4.429077;5.716433;-3.5724487
1521664724447;-3.6657715;5.66614;-3.3881836
1521664724456;-3.6035767;6.1136503;-3.7590942
1521664724468;-3.5796509;6.068118;-3.5581055
1521664724477;-3.4528198;5.603884;-3.0891113
1521664724488;-3.2183228;5.9101586;-3.5269775
1521664724496;-2.9120483;6.1854277;-4.132324
1521664724513;-2.593811;6.0777617;-4.2232666
1521664724520;-2.2659912;5.9484887;-3.9744263
1521664724537;-1.31604;6.496463;-4.699463
1521664724557;-0.7202301;7.7741733;-4.7784424
1521664724577;-0.13160324;8.312508;-4.283081
1521664724587;0.0023927689;9.341561;-5.3120117
1521664724596;0.17945862;9.561532;-5.7235107
1521664724618;0.45224;8.515877;-4.77124
1521664724631;0.64126587;8.448982;-4.945923
1521664724639;0.8853302;8.401131;-5.364624
1521664724657;1.2418519;8.549324;-4.7425537
1521664724677;1.9931947;9.736337;-5.0249023
1521664724697;2.7277837;9.767343;-5.1397705
1521664724717;3.4695442;9.023202;-5.0321045
1521664724737;3.8715827;9.260018;-4.9937744
1521664724757;4.43384;9.159677;-3.8739624
1521664724777;4.9003925;9.205087;-4.094116
1521664724797;5.3957543;9.805673;-5.072754
1521664724815;5.6374536;9.812753;-4.8884277
1521664724819;5.9293237;9.989999;-4.536743
1521664724837;6.3791533;9.834481;-4.338135
1521664724857;6.6783476;9.583261;-4.378784
1521664724877;6.7979765;9.425302;-4.376465
1521664724898;7.5780063;8.829353;-4.6276855
1521664724916;8.022957;9.1023035;-3.9696655
1521664724928;7.9154086;8.977791;-3.7040405
1521664724936;7.6689487;9.1023035;-3.4121094
1521664724947;7.412967;9.114266;-3.2685547
1521664724956;7.171268;8.980232;-3.302063
1521664724968;7.0922885;8.879646;-3.2877197
1521664724976;7.0803256;8.661873;-3.574829
1521664724988;7.221439;8.408211;-3.8547974
1521664724996;7.266971;8.2168045;-4.1467285
1521664725013;7.367435;8.094734;-4.1514893
1521664725019;7.4080844;8.061287;-3.9768677
1521664725037;7.132938;7.994388;-3.333191
1521664725048;6.984622;7.8842807;-3.0125122
1521664725056;6.9104033;7.8339877;-2.8833008
1521664725068;6.680667;7.829227;-2.7636719
1521664725076;6.5395536;7.6809115;-2.6273193
1521664725088;6.4007597;7.589969;-2.5411377
1521664725098;6.2978544;7.475101;-2.586609
1521664725113;6.300296;7.467899;-2.859375
1521664725120;6.2739286;7.499027;-3.0532227
1521664725136;6.281131;7.5421176;-3.428894
1521664725148;6.1542997;7.336307;-3.402588
1521664725156;6.0944853;7.1927524;-3.5437622
1521664725168;6.1207304;7.020511;-3.4910889
1521664725177;6.161502;7.0419955;-3.4240723
1521664725188;6.3409452;7.063602;-3.0986938
1521664725196;6.338504;7.164066;-2.9072266
1521664725217;6.2858915;7.3459506;-2.2635498
1521664725236;6.0011015;7.4416537;-2.7971802
1521664725248;6.022708;7.63306;-3.0603638
1521664725256;6.118411;7.8890414;-3.3259888
1521664725268;6.2093534;8.252693;-3.7471313
1521664725278;6.434207;8.618904;-3.9241943
1521664725288;6.479739;8.783943;-3.814148
1521664725297;6.5084257;9.212167;-4.0844727
1521664725316;6.5203886;9.501718;-4.472168
1521664725320;6.479739;10.140635;-4.9123535
1521664725337;6.9176054;10.269785;-4.4505615
1521664725348;6.9749784;10.20289;-4.275879
1521664725357;7.094608;9.9755945;-3.7710571
1521664725368;7.109012;10.030527;-3.067566
1521664725377;6.726199;10.308115;-2.644043
1521664725397;5.8575463;10.73414;-3.0842896
1521664725418;5.3718286;11.830089;-4.6085205
1521664725437;5.0990014;12.011974;-5.1540527
1521664725448;4.9746113;11.844249;-5.2091064
1521664725457;4.8358173;11.803721;-5.029663
1521664725468;4.5343037;11.834727;-4.60376
1521664725477;4.0725117;11.985606;-4.421875
1521664725497;3.2326667;12.476086;-3.9169922
1521664725514;2.9240117;11.786876;-4.0510254
1521664725520;2.5507207;11.241466;-4.9195557
1521664725531;2.3401494;11.093028;-5.7857666
1521664725539;2.4047856;10.746103;-6.2644043
1521664725558;2.533997;10.466074;-5.927002
1521664725577;2.4789433;9.032723;-4.7904053
1521664725598;1.8376771;8.444099;-4.0126953
1521664725618;0.96669006;8.9060135;-4.467285
1521664725638;0.14356613;8.2480545;-4.0198975
1521664725658;0.06939125;6.053836;-3.883545
1521664725678;-0.016749382;5.1804223;-3.7926025
1521664725698;-0.4689865;5.015261;-2.359314
1521664725716;-0.87815857;4.7496357;-2.328186
1521664725721;-1.4524231;5.1373315;-3.1728516
1521664725738;-2.675171;5.4364038;-3.359497
1521664725750;-3.2853394;5.9604516;-3.6107178
1521664725760;-3.7279663;5.546511;-3.1226196
1521664725770;-3.802185;4.610964;-2.8569946
1521664725779;-3.7567139;3.4265144;-3.0914917
1521664725790;-3.7590942;3.03888;-3.3762207
1521664725799;-3.871582;2.9526982;-3.1322021
1521664725817;-4.3740234;2.5220342;-2.0673828
1521664725821;-4.718628;2.849793;-2.093689
1521664725838;-5.010498;2.8737798;-1.9262085
1521664725858;-6.0561523;4.6970234;-2.7756348
1521664725878;-6.484497;3.2302864;-1.5074768
1521664725898;-5.826416;2.2348638;-3.5222168
1521664725917;-6.1782227;2.8977056;-4.218506
1521664725922;-7.1951904;3.4767463;-3.352295
1521664725938;-7.9417725;1.4548341;-0.69869995
1521664725957;-6.9031982;2.3258061;-4.118042
1521664725977;-7.881958;3.5198371;-2.170288
1521664725997;-7.503784;3.9313972;-2.8857422
1521664726017;-7.1832275;4.441042;-3.9577026
1521664726019;-7.396118;5.1564965;-4.2304688
1521664726038;-7.9919434;3.785401;-2.7540894
1521664726058;-7.508667;3.323609;-3.6896973
1521664726078;-8.090088;4.010256;-2.9646606
1521664726098;-7.9752197;4.644411;-3.1776123
1521664726116;-7.747925;4.713747;-3.5269775
1521664726121;-7.5755615;4.649172;-3.7112427
1521664726130;-7.415283;4.5343037;-3.663391
1521664726139;-7.250244;4.3955097;-3.6490479
1521664726150;-6.9918213;3.9840095;-3.6083374
1521664726159;-6.7333984;3.766297;-3.625122
1521664726178;-6.4438477;3.4671638;-3.7016602
1521664726191;-6.45813;4.010256;-3.8476562
1521664726201;-6.5203857;4.2878437;-3.5772095
1521664726213;-6.472534;4.3500996;-3.2302856
1521664726219;-6.2524414;4.5271015;-3.251831
1521664726238;-5.654175;4.567873;-3.5796509
1521664726258;-5.1827393;4.8884296;-3.802185
1521664726271;-5.0463867;5.0057397;-3.8452148
1521664726279;-4.9172363;4.7473164;-3.4432373
1521664726290;-4.622925;4.455324;-3.2973022
1521664726299;-4.225708;4.4386005;-3.7734375
1521664726317;-3.9672852;4.5200214;-4.098877
1521664726319;-3.706482;4.5654316;-4.048584
1521664726338;-3.6777344;5.6230493;-3.8356934
1521664726350;-3.7590942;6.0466337;-3.4934692
1521664726359;-3.7423706;5.685305;-2.8617554
1521664726378;-3.53656;5.5153832;-3.9337769
1521664726398;-3.53656;5.096682;-3.2063599
1521664726417;-3.5772095;5.1756616;-2.7182007
1521664726420;-3.5413208;5.7570825;-2.6703491
1521664726431;-3.378662;6.319339;-2.840271
1521664726439;-3.3451538;7.5157504;-3.467163
1521664726458;-3.5939941;8.669197;-3.4265137
1521664726478;-3.2853394;8.678719;-4.1083984
1521664726490;-2.821106;8.046883;-5.611084
1521664726499;-2.720581;7.290897;-4.8621826
1521664726520;-2.517212;8.333992;-4.4505615
1521664726538;-2.012329;8.757576;-3.7040405
1521664726552;-1.6151428;9.212167;-3.0914917
1521664726559;-1.1964111;9.417977;-2.9383545
1521664726571;-0.6963043;9.587899;-3.5939941
1521664726579;-0.2679901;9.528085;-4.287842
1521664726598;0.29431152;9.176278;-4.283081
1521664726614;0.57188416;9.351083;-4.5247803
1521664726620;0.8279114;9.080575;-4.541504
1521664726631;0.9068756;9.121346;-4.579834
1521664726639;1.1174318;9.212167;-4.218506
1521664726651;1.4620057;9.135751;-4.067749
1521664726659;1.8233033;9.116464;-4.3476562
1521664726671;2.2156987;9.386971;-4.529541
1521664726679;2.5698857;9.288827;-4.213745
1521664726691;2.9742436;8.944344;-3.8739624
1521664726699;3.2637947;8.8557205;-4.1203613
1521664726713;3.6849372;8.597176;-4.0007324
1521664726719;3.6920784;8.812752;-3.8596191
1521664726731;3.8596199;9.291268;-3.991211
1521664726739;4.130007;9.322274;-3.78302
1521664726750;4.455324;9.375009;-3.663391
1521664726759;4.7592793;9.635751;-3.921814
1521664726771;5.039187;9.855966;-4.163452
1521664726779;5.2066674;9.762704;-3.9553223
1521664726791;5.388552;9.604745;-3.6729736
1521664726799;5.4364038;9.238534;-3.3140259
1521664726814;5.438845;9.128427;-3.1920166
1521664726819;5.407717;8.836678;-3.3283691
1521664726838;5.879153;8.300545;-3.3475342
1521664726850;6.187747;8.27906;-3.225525
1521664726859;6.118411;8.724129;-3.6920776
1521664726878;6.503665;9.518563;-3.6610107
1521664726890;6.4581327;9.980233;-3.644226
1521664726899;6.3815947;10.054453;-3.6777344
1521664726916;6.1854277;9.714852;-3.3259888
1521664726919;6.5275908;8.946541;-3.0220947
1521664726932;7.0157504;7.5875278;-3.0699463
1521664726939;7.2430453;7.3507113;-3.3236084
1521664726951;7.4392123;7.4967074;-3.1967773
1521664726959;7.7574496;7.5468783;-2.8378296
1521664726971;7.7694125;7.740726;-2.739746
1521664726980;7.525394;8.439461;-2.871338
1521664726991;7.5037875;8.673836;-2.7373657
1521664726999;7.3507113;8.776863;-2.8258667
1521664727017;7.305179;8.896492;-2.8330688
1521664727022;7.097049;9.063973;-2.789978
1521664727032;7.293216;8.68116;-3.0101318
1521664727039;7.164066;9.1787195;-3.5222168
1521664727051;7.0994906;9.138192;-3.5892334
1521664727059;6.922366;9.162118;-3.6466064
1521664727072;6.7716093;9.111825;-3.8261108
1521664727080;6.625613;8.917976;-3.706482
1521664727091;6.718997;8.774422;-3.440857
1521664727099;6.8410673;8.463387;-3.263794
1521664727117;7.032474;7.9512973;-3.2733765
1521664727122;7.097049;7.702396;-3.1465454
1521664727132;7.1234164;7.4847445;-2.8187256
1521664727140;6.8745146;7.6856723;-2.7038574
1521664727151;6.802737;7.786136;-2.7947998
1521664727159;6.6855497;8.039803;-3.5389404
1521664727171;6.718997;8.030281;-3.6418457
1521664727180;6.800296;8.085213;-3.694458
1521664727191;6.907962;8.106697;-3.6777344
1521664727199;6.802737;8.353279;-3.814148
1521664727216;6.73096;8.968269;-3.94812
1521664727219;6.73096;9.678964;-3.8739624
1521664727232;6.764407;10.11915;-3.5413208
1521664727239;6.77637;10.133554;-3.2948608
1521664727251;6.7165556;9.776864;-3.510254
1521664727259;6.5323515;9.480233;-4.074951
1521664727271;6.5777617;9.726815;-4.7904053
1521664727280;6.7979765;10.12623;-4.8933105
1521664727291;7.0037875;10.030527;-4.1898193
1521664727302;6.8673124;10.238779;-3.6585693
1521664727320;6.099246;10.518808;-3.3236084
1521664727332;5.8886743;10.767588;-3.3858032
1521664727339;5.8455834;10.73414;-3.2781372
1521664727351;5.869509;10.6909275;-3.3307495
1521664727359;5.6254907;10.990244;-3.7567139
1521664727371;5.4483666;11.3108015;-3.8261108
1521664727380;5.1445336;11.774913;-3.8571777
1521664727391;4.5128193;11.798839;-4.529541
1521664727399;4.120363;11.873057;-4.9052734
1521664727415;3.94336;11.863536;-4.8741455
1521664727420;3.9265754;11.444835;-4.7401123
1521664727431;3.7758186;11.222178;-4.7615967
1521664727439;3.5652473;11.22462;-4.6204834
1521664727450;3.2757576;11.085948;-4.44104
1521664727459;2.8641973;11.305919;-4.587036
1521664727471;2.4406743;11.219737;-4.390747
1521664727479;2.1271977;10.904062;-4.1514893
1521664727492;1.8807374;10.52125;-4.2280273
1521664727499;1.8257142;9.595223;-4.249634
1521664727517;1.6366884;9.525643;-4.926758
1521664727522;1.3734742;9.509042;-4.6468506
1521664727532;1.328003;8.927498;-3.7686768
1521664727540;1.0504457;8.798347;-4.0772705
1521664727551;0.8159485;8.487312;-4.756836
1521664727560;0.6699829;8.250252;-4.890869
1521664727571;0.5168457;8.446541;-4.618042
1521664727579;0.29192352;8.953865;-4.4744873
1521664727592;0.026320934;8.712166;-3.694458
1521664727600;-0.090927124;7.948856;-2.574646
1521664727623;-0.8949127;5.938967;-2.998169
1521664727632;-0.933197;4.599001;-2.9335938
1521664727640;-1.1222229;3.8308723;-3.1322021
1521664727651;-1.454834;3.790223;-3.5126343
1521664727660;-1.8400574;3.9912117;-3.6777344
1521664727672;-2.3449097;4.2974873;-3.3690796
1521664727680;-2.8617554;4.256716;-2.4573975
1521664727692;-3.3810425;3.8835456;-1.394989
1521664727700;-3.7160034;3.6992805;-1.1557312
1521664727717;-4.074951;4.2232685;-2.2659912
1521664727722;-4.4553223;4.914797;-3.5150146
1521664727732;-4.948242;4.9434834;-3.2924805
1521664727740;-5.460327;4.7042255;-2.447815
1521664727752;-5.6158447;3.7567146;-1.2418518
1521664727760;-5.4052734;2.457398;-1.1437683
1521664727772;-5.283325;1.8807374;-1.8903198
1521664727780;-5.503418;2.4023442;-3.0149536
1521664727792;-6.2093506;2.4980474;-2.5603027
1521664727800;-6.831421;1.9525148;-0.90927124
1521664727818;-7.219116;1.6247255;-0.4402771
1521664727823;-7.178467;1.64386;-1.3710632
1521664727832;-7.4608154;2.483704;-2.1583252
1521664727841;-7.8795166;2.7660527;-1.5672913
1521664727852;-8.008545;2.988587;-1.423706
1521664727861;-7.908203;2.445435;-1.3208313
1521664727872;-7.6138916;1.8448488;-1.7204285
1521664727881;-7.3674316;1.5529176;-2.46698
1521664727892;-7.420044;1.4548341;-3.0149536
1521664727899;-7.628296;1.2322999;-2.9072266
1521664727921;-8.243164;1.8089601;-3.3690796
1521664727935;-8.463379;2.4980474;-3.8189087
1521664727940;-8.604492;2.9862065;-3.6155396
1521664727951;-8.539795;2.9240117;-3.017334
1521664727959;-8.300537;2.7158208;-2.624878
1521664727971;-8.070801;2.4310918;-2.4956665
1521664727980;-7.831665;2.1487432;-2.7158203
1521664727991;-7.9417725;2.1558843;-3.1010742
1521664728000;-8.137939;1.9357911;-2.8833008
1521664728017;-8.491943;1.9740602;-2.5507202
1521664728020;-8.623535;2.110413;-2.5315552
1521664728032;-8.580566;2.1248174;-2.4454346
1521664728040;-8.295898;2.0889287;-2.4885254
1521664728053;-8.180908;2.3616948;-2.5100708
1521664728061;-8.121094;2.742127;-2.328186
1521664728072;-8.114014;3.158509;-2.574646
1521664728081;-8.015869;3.2996833;-2.7684937
1521664728092;-7.7957764;3.0795295;-2.8306885
1521664728101;-7.4823;2.7828374;-2.8761597
1521664728115;-7.128174;2.4717412;-3.0125122
1521664728120;-6.730957;2.1319585;-3.0029907
1521664728132;-6.472534;2.1367803;-3.0460205
1521664728140;-6.3552246;2.5698857;-3.3187866
1521664728151;-6.4797363;3.2422493;-3.4384766
1521664728160;-6.572998;3.5676887;-3.3307495
1521664728171;-6.489258;3.720826;-3.378662
1521664728181;-6.0872803;3.7495124;-3.8500366
1521664728192;-5.6853027;3.7255867;-4.0341797
1521664728200;-5.3120117;3.4910896;-3.5796509
1521664728218;-4.991333;3.2446296;-2.8761597
1521664728223;-4.929199;3.8141487;-3.1106567
1521664728232;-5.22583;4.857424;-3.9241943
1521664728240;-5.838379;5.685305;-3.7614746
1521664728252;-6.4102783;5.1373315;-2.5722656
1521664728261;-6.6447754;4.505617;-2.163086
1521664728272;-6.319336;4.3166523;-2.8689575
1521664728281;-5.9125977;4.326174;-3.4073486
1521664728292;-6.0179443;4.543947;-2.5148315
1521664728300;-6.238037;5.020144;-1.945343
1521664728318;-6.1087646;4.8884296;-1.8448486
1521664728323;-5.7331543;4.878908;-2.151123
1521664728333;-5.3095703;5.0942407;-2.6679688
1521664728340;-5.2521973;5.6685815;-3.4839478
1521664728352;-5.484253;6.407962;-4.1658936
1521664728361;-5.737915;6.946292;-4.529541
1521664728372;-5.6254883;6.687869;-4.4362793
1521664728381;-5.2091064;6.2930937;-4.4505615
1521664728392;-4.7784424;6.080081;-4.6157227
1521664728401;-4.206543;6.271487;-4.8669434
1521664728424;-3.7112427;7.240604;-4.453003
1521664728433;-3.6490479;7.5971713;-3.909851
1521664728441;-3.6203003;7.7359653;-3.5437622
1521664728452;-3.2470093;7.8627963;-3.409729
1521664728461;-2.7062378;7.652225;-3.2924805
1521664728472;-2.1032715;7.405765;-3.3810425
1521664728481;-1.6510315;7.6353793;-3.5628662
1521664728494;-1.3830261;8.02784;-3.8045654
1521664728500;-1.1150513;8.049324;-3.8667603
1521664728518;-0.9116516;8.556648;-4.3309326
1521664728521;-0.74176025;9.733895;-4.965088
1521664728533;-0.38285065;9.580819;-4.1778564
1521664728541;-0.08614159;9.059091;-3.3881836
1521664728552;0.35652924;8.814949;-3.5461426
1521664728561;0.7561188;8.676277;-4.2926025
1521664728573;1.2490236;8.372322;-4.6588135
1521664728581;1.6893312;8.008553;-4.1514893
1521664728592;2.033875;8.102058;-4.060547
1521664728601;2.5172124;8.628426;-4.572632
1521664728615;2.9550786;8.917976;-5.244995
1521664728621;3.4312751;9.236093;-5.546509
1521664728632;3.8069465;9.604745;-5.4627686
1521664728640;4.1275654;9.575936;-5.003296
1521664728651;4.347658;9.056649;-4.9387207
1521664728660;4.4577656;8.597176;-5.2736816
1521664728672;4.5008564;8.491951;-5.7595215
1521664728681;4.682741;8.27906;-6.046631
1521664728692;4.895632;8.283943;-6.273926
1521664728700;5.1612573;8.420174;-6.434204
1521664728718;5.292849;8.673836;-6.261963
1521664728722;5.3024926;9.29371;-6.3863525
1521664728733;5.367068;9.578378;-6.3289795
1521664728741;5.3765893;9.331796;-6.008301
1521664728753;4.9626484;9.2099695;-5.5058594
1521664728761;4.840578;8.685799;-5.1278076
1521664728772;4.7927265;8.0588455;-4.610962
1521664728780;4.859743;7.3698764;-4.2471924
1521664728792;4.979372;7.082645;-4.3166504
1521664728800;5.0679955;7.240604;-4.6516113
1521664728818;5.209109;7.728763;-5.034424
1521664728822;5.3287377;8.437019;-5.369385
1521664728833;5.4722924;8.917976;-5.376587
1521664728841;5.4292016;9.312753;-5.4364014
1521664728852;5.5297875;9.295907;-5.534546
1521664728861;5.386233;9.236093;-5.6708984
1521664728872;5.4842553;8.925056;-5.4938965
1521664728881;5.565676;8.941902;-4.93396
1521664728894;5.7020288;9.200204;-4.510376
1521664728901;6.015506;9.028085;-4.0533447
1521664728915;6.3289824;8.925056;-3.8452148
1521664728921;6.687869;8.843758;-3.7184448
1521664728933;6.946292;8.738533;-3.8883057
1521664728941;7.214359;8.685799;-4.113159
1521664728952;7.341068;8.717049;-4.180176
1521664728964;7.3123813;8.7649;-4.0461426
1521664728973;7.0347934;9.150155;-3.9385376
1521664728982;6.9128447;9.439462;-3.883545
1521664728993;6.884036;9.458749;-3.8547974
1521664729002;6.7668486;9.291268;-3.9888306
1521664729016;6.6831083;8.960945;-3.9863892
1521664729022;6.5395536;8.877205;-3.7710571
1521664729035;6.5251493;9.040048;-3.5341797
1521664729041;6.592166;8.7649;-3.2279053
1521664729052;6.5395536;8.326912;-2.9144287
1521664729061;6.307376;8.159431;-2.871338
1521664729072;6.087283;8.255135;-3.113037
1521664729081;6.144656;7.987186;-3.4073486
1521664729092;6.245242;7.702396;-3.5437622
1521664729101;6.245242;7.645023;-3.7208252
1521664729118;6.3289824;7.3841586;-3.8428345
1521664729122;6.27637;7.1999545;-3.909851
1521664729133;6.3122587;6.946292;-3.682495
1521664729141;6.163821;7.0683627;-3.4049683
1521664729152;5.986819;7.1065707;-3.2733765
1521664729161;5.855227;7.171268;-3.194397
1521664729173;5.778567;7.3579135;-3.2159424
1521664729181;5.7331567;7.6186557;-3.4193115
1521664729193;5.70447;8.106697;-3.6203003
1521664729201;5.7954125;9.521005;-3.9840088
1521664729224;5.7307153;10.899179;-4.1586914
1521664729233;5.735476;10.633554;-4.5582275
1521664729242;5.70447;10.454111;-5.110962
1521664729253;5.8839135;10.504404;-5.3048096
1521664729261;6.3983183;10.301035;-4.795166
1521664729273;6.656741;10.198008;-4.2926025
1521664729281;6.6088896;10.442148;-3.94812
1521664729293;6.376834;10.403818;-3.3259888
1521664729302;5.977175;10.533213;-2.9885864
1521664729316;5.520144;10.851328;-3.1154175
1521664729322;5.350344;10.9565525;-3.4384766
1521664729333;5.331179;11.373057;-3.8691406
1521664729342;5.2497582;12.100353;-3.979248
1521664729353;5.1301293;12.550304;-4.15625
1521664729361;4.771242;12.837414;-4.4936523
1521664729372;4.4386005;12.677013;-4.756836
1521664729381;3.993592;12.097912;-5.0440674
1521664729392;3.6969001;11.6338;-5.199585
1521664729401;3.4887092;11.365733;-4.984131
1521664729416;3.5532844;11.377696;-4.6468506
1521664729422;3.7112434;11.616954;-4.4266357
1521664729433;3.4647834;11.935313;-3.852417
1521664729442;3.2135017;11.631358;-3.5269775
1521664729453;2.7565312;10.980478;-3.5724487
1521664729461;2.457398;9.946786;-3.5700684
1521664729473;2.2515874;9.312753;-3.5317993
1521664729482;2.002747;9.061532;-3.833252
1521664729495;1.8233033;8.939461;-3.8261108
1521664729502;1.3615113;9.657235;-4.0629883
1521664729515;0.9810486;9.803231;-3.8189087
1521664729521;0.6316986;9.7483;-3.5126343
1521664729533;0.34934998;9.516122;-3.1226196
1521664729541;0.0765686;8.616463;-2.8881226
1521664729552;0.01914215;7.9776645;-3.402588
1521664729561;-0.26320648;8.214363;-4.1467285
1521664729574;-0.49530792;7.7502475;-3.4169312
1521664729581;-0.48574066;6.707034;-2.0889282
1521664729593;-0.5910187;5.95801;-1.6917114
1521664729602;-1.0887146;5.9963403;-2.3305664
1521664729623;-1.5433655;5.5058618;-2.4980469
1521664729633;-1.8807373;5.970095;-2.6918945
1521664729642;-2.3928223;6.718997;-2.4501953
1521664729653;-3.005371;6.2475615;-0.5910187
1521664729662;-3.2039795;5.3526635;-0.48812866
1521664729673;-3.3881836;4.6898212;-0.9834442
1521664729682;-3.6011963;4.694704;-1.6079712
1521664729693;-3.991211;4.756838;-2.0266724
1521664729701;-4.522339;5.0799584;-2.2875366
1521664729716;-5.0463867;5.3598657;-1.9812317
1521664729723;-5.611084;5.312014;-1.5601196
1521664729735;-5.8599854;5.04407;-1.5170288
1521664729742;-5.71875;4.2926044;-1.3208313
1521664729753;-5.2905273;2.799561;-0.8326874
1521664729762;-4.7281494;1.7252198;-1.1126404
1521664729773;-4.5821533;1.4691774;-1.837677
1521664729782;-4.7401123;1.6223146;-2.2875366
1521664729793;-5.3813477;2.5770268;-2.6177368
1521664729802;-6.269165;3.670533;-2.3066406
1521664729824;-7.72876;3.785401;-0.7824402
1521664729836;-7.838867;3.6298835;-0.9236145
1521664729841;-7.546875;2.9120488;-0.8685913
1521664729853;-7.2406006;2.4860845;-1.1652832
1521664729861;-7.180786;2.6129155;-1.3878174
1521664729873;-7.396118;2.6990972;-1.2897034
1521664729882;-7.8172607;3.2135017;-1.4787598
1521664729893;-7.9417725;3.393006;-1.5050659
1521664729901;-7.869873;3.2996833;-1.5529175
1521664729916;-7.788574;2.9048467;-1.4093628
1521664729922;-7.7407227;2.4047856;-0.99780273
1521664729934;-7.7766113;2.287537;-1.1270142
1521664729942;-8.063721;2.749329;-1.8065796
1521664729955;-8.465576;3.3427742;-1.9238281
1521664729962;-8.8342285;3.6155403;-1.3710632
1521664729973;-9.083008;3.727967;-1.0599976
1521664729983;-8.88208;3.5389411;-1.2298889
1521664729993;-8.503906;3.2183235;-1.4332886
1521664730002;-8.413086;3.101075;-1.7563171
1521664730024;-8.693115;2.9144292;-2.0266724
1521664730033;-8.93457;3.062806;-2.3449097
1521664730042;-9.104492;3.1848152;-2.1989746
1521664730053;-8.944336;3.0651863;-2.1607056
1521664730062;-8.705078;2.7899785;-2.151123
1521664730073;-8.501465;2.8737798;-2.3521118
1521664730083;-8.527832;3.215943;-2.359314
1521664730093;-8.578125;3.1800544;-2.143921
1521664730102;-8.525391;3.1728523;-1.9620972
1521664730117;-8.19043;3.0029914;-1.9285889
1521664730124;-7.8339844;2.7397466;-2.1152344
1521664730134;-7.546875;2.7708745;-2.2635498
1521664730142;-7.243042;2.8761601;-2.239624
1521664730153;-7.147339;3.1345832;-2.359314
1521664730162;-7.149658;3.5987556;-2.3880005
1521664730175;-7.28125;4.120363;-2.3928223
1521664730182;-7.3674316;4.5726337;-2.4597778
1521664730194;-7.305176;4.441042;-2.3042603
1521664730202;-7.097046;4.036623;-2.0530396
1521664730216;-6.6256104;3.4408576;-2.036255
1521664730223;-6.1518555;2.9144292;-2.1558838
1521664730234;-5.9173584;2.6846929;-2.359314
1521664730242;-5.9796143;2.9240117;-2.5794067
1521664730253;-6.25;3.8691413;-2.8115234
1521664730262;-6.6639404;5.027224;-2.909668
1521664730274;-7.015747;5.4221215;-2.3807983
1521664730282;-7.003784;5.824099;-2.270752
1521664730295;-6.7022705;6.048953;-2.3952026
1521664730302;-6.2355957;5.5609155;-2.0219116
1521664730325;-5.376587;4.2926044;-1.7084656
1521664730334;-5.3551025;4.567873;-2.586609
1521664730343;-5.553711;4.8549824;-2.7301636
1521664730354;-5.7905273;5.0750756;-2.7110596
1521664730365;-5.6135254;4.6730976;-2.3832397
1521664730374;-4.9818115;3.974427;-2.1607056
1521664730383;-4.2663574;3.6753547;-2.163086
1521664730394;-3.7495117;4.278322;-2.7875977
1521664730403;-3.5628662;5.273684;-3.6801147
1521664730417;-3.440857;5.962893;-4.0079346
1521664730423;-3.7614746;6.257205;-3.5413208
1521664730434;-4.07251;6.707034;-3.1704712
1521664730442;-3.9122314;6.8291044;-3.378662
1521664730453;-3.814148;7.044437;-4.0892334
1521664730462;-3.6585693;7.3698764;-4.2806396
1521664730473;-3.428894;7.2047153;-3.7160034
1521664730482;-3.074768;6.93909;-3.5963745
1521664730493;-2.505249;7.221439;-4.5821533
1521664730502;-2.0410767;7.7622104;-5.6636963
1521664730517;-1.7252197;8.236092;-5.895874
1521664730523;-1.6462402;8.800789;-5.6636963
1521664730534;-1.4524231;9.303231;-5.3670654
1521664730542;-1.1054688;9.221932;-5.072754
1521664730553;-0.6125488;8.972908;-4.9243164
1521664730562;0.35173798;8.714607;-5.725952
1521664730574;0.7058716;8.81031;-5.7092285
1521664730582;0.9068756;8.542244;-5.2210693
1521664730596;0.9427643;9.023202;-5.5273438
1521664730602;0.87815857;9.30787;-5.895874
1521664730617;1.0480348;8.736092;-5.300049
1521664730623;1.2849427;8.257576;-4.60376
1521664730635;1.6677858;8.06617;-4.644409
1521664730643;1.9620973;8.08033;-5.2474365
1521664730654;2.280335;8.042244;-5.4052734
1521664730663;2.6009526;8.410652;-5.18042
1521664730675;2.79242;8.992195;-5.053589
1521664730684;2.9910283;9.358163;-5.0009766
1521664730695;3.0747688;9.841561;-5.2713623
1521664730704;2.8522344;10.777109;-6.077759
1521664730718;2.6560063;10.875254;-6.0250244
1521664730724;2.660767;10.449228;-5.30249
1521664730735;2.818726;9.808114;-4.8741455
1521664730743;3.0269172;9.3366785;-4.749634
1521664730754;3.5078743;8.831795;-4.756836
1521664730763;3.9385383;8.750496;-4.637207
1521664730775;4.213747;9.01368;-3.9361572
1521664730784;4.737673;9.7483;-2.6703491
1521664730795;4.7305927;10.102304;-3.1106567
1521664730804;4.826296;9.846444;-3.7997437
1521664730826;5.1373315;10.047373;-4.610962
1521664730835;5.5751977;9.815194;-4.218506
1521664730844;5.893435;9.690927;-3.725586
1521664730854;6.0322294;9.693124;-3.4934692
1521664730863;6.1016874;9.4633875;-3.1800537
1521664730874;6.0466337;9.396493;-2.720581
1521664730883;6.0513945;9.236093;-2.081726
1521664730895;6.0705595;9.068612;-1.6534119
1521664730904;6.034671;9.166757;-1.7706604
1521664730923;6.19971;9.528085;-2.4023438
1521664730934;6.2978544;9.769784;-2.770874
1521664730942;6.2165556;10.088144;-3.163269
1521664730954;6.2021513;9.939706;-3.1967773
1521664730962;6.1207304;9.657235;-2.9838257
1521664730974;5.9484887;9.281747;-3.0029907
1521664730982;5.8911157;8.992195;-2.8857422
1521664730994;5.816897;8.781502;-2.3832397
1521664731003;5.955691;8.422615;-1.837677
1521664731024;5.879153;8.391609;-1.7132568
1521664731035;5.919802;8.556648;-1.7634888
1521664731043;5.970095;8.563728;-1.8233032
1521664731054;5.917361;8.537361;-2.2181396
1521664731063;5.785769;8.597176;-2.3712769
1521664731074;5.82886;8.386726;-2.416748
1521664731085;5.9724145;8.0900955;-2.4573975
1521664731095;6.048953;8.116219;-2.474121
1521664731104;6.233279;7.8436313;-2.4980469
1521664731127;6.465335;7.690433;-1.9692688
1521664731136;6.4892607;7.759891;-1.7060547
1521664731144;6.44617;7.8962436;-1.3878174
1521664731155;6.2547636;8.015877;-1.3016663
1521664731164;6.068118;8.24073;-1.5194397
1521664731175;5.9412866;8.283943;-1.8400574
1521664731185;6.1016874;8.3557205;-2.2301025
1521664731195;6.23804;8.314949;-2.7780151
1521664731205;6.3671904;8.18824;-2.9622803
1521664731226;6.5706816;8.106697;-2.8330688
1521664731236;6.6400175;8.037361;-2.1678467
1521664731243;6.6591825;8.161873;-1.7180176
1521664731255;6.661502;8.477547;-1.4620056
1521664731264;6.541873;8.9060135;-1.7276001
1521664731275;6.584964;9.183602;-1.8998718
1521664731283;6.5203886;9.4946375;-2.3807983
1521664731294;6.372073;9.966073;-3.0269165
1521664731303;6.5323515;10.145517;-3.3810425
1521664731317;6.5275908;10.652842;-3.586792
1521664731324;6.453372;11.176768;-3.7734375
1521664731336;6.4558134;11.234141;-3.6514282
1521664731344;6.1279325;11.976085;-3.5389404
1521664731355;6.0633574;11.942393;-3.0340576
1521664731363;6.080081;11.195811;-1.97406
1521664731375;5.7570825;11.303477;-1.7634888
1521664731383;5.4172387;11.559581;-2.3377686
1521664731395;5.300051;11.782237;-2.6273193
1521664731403;5.12781;12.253429;-2.663208
1521664731418;4.828615;12.356457;-3.1393433
1521664731425;4.541506;12.260754;-4.213745
1521664731435;4.417116;12.342052;-5.4627686
1521664731444;4.278322;13.088635;-6.0130615
1521664731455;4.3812275;13.287122;-5.3623047
1521664731464;4.132326;12.708263;-3.5150146
1521664731475;3.7136238;12.277355;-3.428894
1521664731484;3.3571174;11.593028;-3.282898
1521664731495;3.0914924;10.8801365;-2.928772
1521664731504;2.8928838;10.664804;-3.0914917
1521664731517;2.6823125;10.463633;-3.694458
1521664731523;2.4334722;10.659922;-4.3046875
1521664731535;2.0099492;11.284434;-4.764038
1521664731543;1.8280946;11.43043;-4.6157227
1521664731555;1.4117433;11.526134;-4.4553223
1521664731563;1.2825319;10.889658;-4.1849365
1521664731576;1.4261171;9.477792;-3.6131592
1521664731583;1.4548341;8.850838;-4.022217
1521664731594;1.3782655;8.977791;-4.77124
1521664731604;1.3949891;8.786385;-4.048584
1521664731625;1.2562257;8.537361;-2.4526367
1521664731635;1.0911256;7.8842807;-2.4191284
1521664731643;0.835083;7.6378207;-2.5603027
1521664731655;0.43788147;7.525394;-2.7349854
1521664731664;-0.13399506;7.5852084;-2.8306885
1521664731675;-0.629303;7.405765;-2.2301025
1521664731683;-1.1174316;6.9320097;-1.5529175
1521664731695;-2.0530396;5.728396;-1.6797485
1521664731703;-2.4262695;5.292849;-1.9908142
1521664731724;-3.232666;4.7664814;-1.698883
1521664731735;-3.4240723;3.90503;-1.2250977
1521664731743;-3.4934692;3.1177986;-1.0025635
1521664731755;-3.6801147;3.2828987;-1.4069519
1521664731764;-4.3548584;4.347658;-2.3377686
1521664731775;-4.9123535;4.9578876;-2.3425293
1521664731783;-5.350342;4.2615986;-1.35672
1521664731795;-5.314453;3.170472;-0.7561188
1521664731803;-5.0440674;2.5363774;-1.7299805
1521664731826;-4.8286133;2.1583257;-3.0101318
1521664731836;-5.22583;2.1678472;-2.4023438
1521664731844;-5.7977295;2.4238896;-1.660614
1521664731855;-6.407959;2.438233;-1.1054688
1521664731864;-6.687866;2.191773;-1.0025635
1521664731875;-7.061157;2.1487432;-1.148529
1521664731884;-7.2764893;2.3807988;-1.5625
1521664731896;-7.6497803;2.3975835;-1.5433655
1521664731904;-7.908203;2.5052495;-1.1868286
1521664731918;-7.838867;1.8831483;-1.2011719
1521664731924;-7.573242;1.1557313;-0.9930115
1521664731936;-7.388916;1.3064576;-1.4811401
1521664731944;-7.592407;1.4356691;-1.5601196
1521664731955;-7.970459;1.5170289;-1.2610168
1521664731964;-8.437012;1.7754518;-1.2466431
1521664731976;-8.508789;1.8855287;-1.6462402
1521664731984;-8.391602;1.9262086;-1.9956055
1521664731998;-8.403564;2.3640752;-2.3449097
1521664732004;-8.487305;2.7660527;-2.0697632
1521664732025;-8.355713;2.2970586;-1.3973999
1521664732035;-8.073242;2.3281865;-1.7491455
1521664732044;-8.161865;2.3593144;-1.9142456
1521664732055;-8.4609375;2.8019414;-2.1223755
1521664732064;-8.76709;3.4695442;-2.270752
1521664732075;-8.807861;3.4719856;-2.036255
1521664732084;-8.630859;3.393006;-2.0075684
1521664732095;-8.185791;3.5389411;-2.416748
1521664732104;-7.9226074;3.4887092;-2.6488037
1521664732125;-7.805298;3.4336555;-2.3521118
1521664732136;-8.293457;4.1729755;-2.828308
1521664732144;-8.226318;4.0725117;-2.7924194
1521664732156;-8.042236;3.7423713;-2.6224976
1521664732165;-7.755127;3.589234;-2.6607666
1521664732175;-7.5493164;3.670533;-2.71344
1521664732185;-7.381836;3.7255867;-2.6392822
1521664732196;-7.211914;3.720826;-2.3497314
1521664732204;-7.058716;3.8404548;-2.4382324
1521664732224;-6.8912354;4.2974873;-3.074768
1521664732236;-6.9630127;5.2880883;-3.5916138
1521664732245;-7.0133057;5.4483666;-3.282898
1521664732256;-6.884033;5.177981;-3.1010742
1521664732266;-6.6088867;4.9315205;-3.2039795
1521664732276;-6.149536;4.2232685;-3.0029907
1521664732285;-5.5943604;3.5365608;-2.7062378
1521664732296;-5.295288;3.4265144;-2.6799316
1521664732305;-5.199585;3.651429;-2.7540894
1521664732328;-5.156494;5.000979;-2.6033325
1521664732337;-5.2019043;5.331179;-1.945343
1521664732345;-5.2713623;5.3646264;-0.94755554
1521664732356;-5.106201;5.563235;-0.65322876
1521664732365;-4.6898193;5.570437;-0.8207245
1521664732377;-4.307007;6.0825224;-1.8448486
1521664732385;-4.429077;6.781253;-2.359314
1521664732397;-4.680298;7.1424594;-2.7277832
1521664732405;-4.845459;7.18555;-3.1177979
1521664732425;-4.2686768;6.3601103;-3.4312744
1521664732436;-3.7160034;6.245242;-3.6705322
1521664732445;-3.4528198;6.4127226;-3.8117065
1521664732456;-3.2350464;6.649539;-3.6418457
1521664732465;-3.0532227;7.2191195;-3.4001465
1521664732476;-2.9048462;7.7048373;-3.3475342
1521664732485;-2.6273193;8.264656;-3.4312744
1521664732496;-2.277954;8.475349;-3.6155396
1521664732505;-1.8927002;8.28614;-3.2542114
1521664732528;-1.0073547;8.499275;-3.725586
1521664732537;-0.7920227;8.506355;-3.9122314
1521664732545;-0.72502136;8.547127;-3.744751
1521664732556;-0.68434143;8.776863;-3.459961
1521664732565;-0.48095703;8.791023;-3.2781372
1521664732578;-0.28713226;9.099862;-3.498291
1521664732585;-0.1268158;9.465829;-3.8596191
1521664732605;0.35173798;10.155039;-4.3476562
1521664732624;0.87576294;10.078379;-4.2998047
1521664732637;1.0671693;9.992196;-4.213745
1521664732645;1.2250978;10.138193;-3.9672852
1521664732656;1.2586061;9.9946375;-3.263794
1521664732665;1.5768434;9.446786;-2.6009521
1521664732676;1.9549257;9.3462;-2.8497925
1521664732686;2.4813237;9.020761;-3.1393433
1521664732696;3.0795295;8.367683;-3.1393433
1521664732705;3.2039802;8.2168045;-3.225525
1521664732725;3.5676887;9.547128;-3.4336548
1521664732737;3.7710578;10.006601;-3.0532227
1521664732745;3.816529;10.4565525;-2.897705
1521664732756;3.9002693;10.533213;-2.916809
1521664732765;3.9098518;10.6909275;-3.3499146
1521664732776;4.0031757;10.267588;-3.0962524
1521664732785;4.1347675;9.659677;-2.5411377
1521664732796;4.2686787;9.757821;-2.378418
1521664732805;4.6157246;9.427499;-1.8855286
1521664732825;5.2449975;9.128427;-2.2085571
1521664732837;5.4603295;9.219491;-2.163086
1521664732845;5.501101;9.676522;-2.5603027
1521664732856;5.615847;10.037851;-2.682312
1521664732865;5.651736;10.128672;-2.732544
1521664732876;5.773806;10.052256;-2.6895142
1521664732886;5.843264;9.609384;-2.651245
1521664732897;5.773806;9.616708;-3.1895752
1521664732905;5.879153;9.733895;-3.447998
1521664732925;6.1159697;9.267343;-3.390625
1521664732937;6.1326933;9.059091;-3.6896973
1521664732945;6.1782255;8.999275;-3.9122314
1521664732957;6.403079;9.0710535;-3.8117065
1521664732965;6.4389677;9.552011;-3.7423706
1521664732976;6.4318876;9.738778;-3.9433594
1521664732985;6.2619658;9.688485;-4.118042
1521664732997;6.0944853;9.633309;-4.163452
1521664733005;6.1087675;9.453866;-4.3046875
1521664733028;6.194949;9.075936;-4.787964
1521664733037;6.314578;9.008798;-4.821533
1521664733046;6.427005;8.762459;-4.467285
1521664733057;6.1590605;8.305428;-3.9816284
1521664733065;5.955691;8.305428;-3.9959717
1521664733076;5.9460473;7.999149;-3.9505005
1521664733085;5.919802;7.9154086;-3.9457397
1521664733097;6.015506;7.8316684;-4.024658
1521664733105;6.0657988;7.905887;-4.1156006
1521664733126;5.994021;7.905887;-4.3046875
1521664733137;5.8839135;7.759891;-4.383545
1521664733145;5.8408227;7.4967074;-4.3668213
1521664733157;5.7642846;7.2645297;-4.390747
1521664733166;5.6756616;7.1114535;-4.3620605
1521664733176;5.6685815;6.8314238;-4.302246
1521664733185;5.6876245;6.9295683;-4.067749
1521664733197;5.654177;7.202396;-3.7232056
1521664733206;5.7714868;7.255008;-3.3187866
1521664733228;5.5609155;7.5493197;-3.9361572
1521664733238;5.481936;7.7551303;-4.2041016
1521664733246;5.393313;7.8579135;-4.3573
1521664733257;5.4364038;7.96326;-4.560669
1521664733266;5.38135;8.204842;-4.8310547
1521664733277;5.4842553;9.214608;-5.173218
1521664733296;5.2689233;10.714853;-5.314453
1521664733305;5.228274;11.205577;-5.0201416
1521664733324;5.1373315;11.638682;-5.4124756
1521664733337;5.3837914;11.006846;-5.4866943
1521664733346;5.761843;10.408701;-5.51062
1521664733357;5.862307;10.296152;-6.0585938
1521664733365;5.7642846;10.504404;-5.9245605
1521664733378;5.6805444;10.755625;-5.187622
1521664733385;5.355105;11.078624;-4.5701904
1521664733397;5.1373315;11.10255;-4.541504
1521664733405;4.776003;11.1528425;-4.9746094
1521664733428;4.067751;12.571789;-6.010742
1521664733437;3.785401;12.947521;-6.168579
1521664733446;3.5963752;12.875744;-6.185425
1521664733457;3.3427742;12.457043;-6.1590576
1521664733465;3.2542121;11.815684;-6.111206
1521664733477;3.215943;11.227061;-6.2667236
1521664733486;3.08191;11.042735;-6.1782227
1521664733497;3.1058357;10.308115;-5.591919
1521664733505;2.7756352;9.721932;-5.1660156
1521664733526;2.2635503;9.286386;-4.663574
1521664733537;2.0386357;9.114266;-4.5270996
1521664733546;1.7922059;9.049569;-4.64917
1521664733556;1.3471376;9.441903;-5.036865
1521664733565;0.9499359;9.930184;-5.168457
1521664733577;0.7178345;9.796151;-4.4769287
1521664733585;0.50009155;9.324716;-3.7758179
1521664733597;0.59820557;8.300545;-3.555725
1521664733606;0.7465515;7.360233;-4.263916
1521664733625;0.2656021;6.8314238;-5.0201416
1521664733637;0.016749382;6.4486113;-3.8930664
1521664733645;-0.31345367;5.924563;-2.7947998
1521664733657;-0.8733673;5.792971;-2.6655884
1521664733665;-1.3327942;5.8599877;-2.9240112
1521664733677;-1.8735657;5.850344;-2.8163452
1521664733686;-2.3329468;5.7020288;-2.5291748
1521664733697;-2.7540894;5.613528;-2.6201172
1521664733705;-3.2302856;5.8073754;-2.7804565
1521664733726;-4.414673;5.54407;-3.0005493
1521664733737;-5.22583;7.044437;-3.5939941
1521664733745;-6.0322266;6.8219023;-2.7254028
1521664733757;-6.312256;5.369387;-1.1557312
1521664733765;-5.8049316;3.0364387;0.18185425
1521664733777;-4.945923;1.7204286;-0.277565
1521664733785;-4.2088623;1.5792543;-2.0099487
1521664733798;-3.9744263;1.3232118;-3.163269
1521664733806;-3.9074707;0.56469727;-2.701477
1521664733828;-4.4816895;2.407166;-3.6657715
1521664733838;-5.458008;4.857424;-4.60376
1521664733846;-6.6519775;6.1087675;-3.7543335
1521664733857;-7.420044;5.3718286;-1.3926086
1521664733866;-7.255005;3.9146125;-0.3780594
1521664733877;-6.680664;3.1513069;-1.0001831
1521664733886;-6.384033;3.0460212;-2.0170898
1521664733897;-6.5515137;3.1728523;-2.435852
1521664733906;-7.231079;3.1345832;-1.6797485
1521664733928;-7.762207;2.4885259;-0.88772583
1521664733945;-7.1209717;1.9525148;-1.8257141
1521664733957;-7.5373535;1.741974;-0.96669006
1521664733965;-7.932129;1.7012941;-0.5072632
1521664733977;-8.142578;2.337769;-0.9547272
1521664733986;-8.515869;3.1680915;-1.5433655
1521664733999;-8.810303;3.4169319;-1.6390686
1521664734009;-9.001709;3.424073;-1.4620056
1521664734024;-8.867676;3.4384773;-1.5983887
1521664734038;-7.944092;2.691895;-1.6940918
1521664734046;-7.869873;2.6942754;-1.8185425
1521664734056;-8.051758;2.7540898;-1.8185425
1521664734066;-8.381836;2.9862065;-1.8687744
1521664734078;-8.76709;3.5293586;-2.3999634
1521664734086;-9.047119;3.670533;-2.5603027
1521664734097;-8.9609375;3.589234;-2.4573975
1521664734106;-8.583008;3.335572;-2.366455
1521664734128;-7.8483887;2.900086;-2.4143066
1521664734137;-7.762207;3.0244758;-2.5603027
1521664734147;-7.9106445;3.28534;-2.6655884
1521664734157;-8.063721;3.4360359;-2.517212
1521664734166;-7.9991455;3.5102546;-2.3329468
1521664734177;-7.9537354;3.9912117;-2.6273193
1521664734186;-7.781372;4.51758;-2.7110596
1521664734197;-7.7598877;4.290285;-2.201355
1521664734206;-7.326782;4.06299;-2.1367798
1521664734226;-6.3361816;3.3667;-2.7086182
1521664734238;-6.192505;3.589234;-2.6775513
1521664734246;-6.2906494;3.974427;-2.720581
1521664734257;-6.3791504;4.340578;-2.605774
1521664734266;-6.338501;4.397951;-2.5579224
1521664734277;-6.0753174;4.548708;-2.574646
1521664734286;-5.8552246;4.6468525;-2.770874
1521664734297;-5.692505;4.790407;-2.859375
1521664734306;-5.63501;4.720949;-2.4621582
1521664734327;-5.515381;4.06299;-1.7922058
1521664734338;-5.125366;3.8715827;-1.8568115
1521664734346;-4.7904053;3.828492;-2.1295776
1521664734357;-4.641968;4.082155;-2.3234253
1521664734366;-4.541504;4.7161884;-2.4501953
1521664734378;-4.7664795;5.6805444;-2.6488037
1521664734386;-4.8861084;6.5012236;-2.612915
1521664734398;-4.8549805;6.707034;-2.2181396
1521664734406;-3.921814;5.7307153;-1.5098572
1521664734425;-3.402588;5.690066;-2.1176147
1521664734430;-3.1608887;6.106448;-2.9263916
1521664734446;-3.7471313;7.2310824;-2.9718628
1521664734458;-4.048584;7.4008822;-2.1176147
1521664734466;-3.940979;7.4033237;-1.875946
1521664734478;-3.378662;7.17847;-2.005127
1521664734487;-2.789978;7.1760287;-2.277954
1521664734498;-2.366455;7.5875278;-2.6152954
1521664734507;-2.024292;7.898685;-2.694275
1521664734538;-0.8996887;8.291023;-3.940979
1521664734547;-0.65802;8.984871;-4.902832
1521664734558;-0.55513;9.37745;-4.97937
1521664734567;-0.4019928;9.420419;-4.3286133
1521664734587;-0.08614159;9.561532;-3.6226807
1521664734598;0.22731781;9.628671;-4.010254
1521664734607;0.54556274;9.726815;-4.429077
1521664734624;1.024109;9.386971;-4.2352295
1521664734630;1.5194398;9.123788;-4.15625
1521664734647;2.679932;9.451425;-4.2041016
1521664734658;2.9934087;9.640634;-4.1203613
1521664734668;3.2207038;9.659677;-4.0151367
1521664734686;3.7806404;9.674081;-3.8261108
1521664734698;4.005495;9.812753;-4.271118
1521664734706;4.218508;9.788827;-4.472168
1521664734724;4.5008564;9.566415;-4.3692627
1521664734729;4.706667;9.37745;-3.991211
1521664734747;5.1804223;8.55909;-3.9840088
1521664734758;5.2330346;9.006356;-4.622925
1521664734767;5.563235;9.190682;-4.364502
1521664734778;5.797732;9.2290125;-3.6801147
1521664734788;5.900637;9.403573;-3.5581055
1521664734807;6.2404814;8.992195;-3.8093262
1521664734824;6.391116;8.84864;-3.7495117
1521664734829;6.4820585;8.814949;-3.7806396
1521664734847;6.6711454;8.826912;-3.7399292
1521664734858;6.5515165;8.831795;-4.0964355
1521664734866;6.496463;9.126229;-4.383545
1521664734878;6.6088896;9.482675;-4.505615
1521664734886;6.9559355;9.396493;-4.1395264
1521664734898;7.30286;9.25538;-3.9002686
1521664734907;7.367435;9.372567;-3.9840088
1521664734927;7.3841586;8.729012;-3.732788
1521664734938;7.305179;8.597176;-3.3666992
1521664734946;7.298099;8.666756;-3.2589722
1521664734958;7.3866;8.645271;-3.1010742
1521664734966;7.310062;8.858162;-3.1297607
1521664734978;7.209476;9.114266;-3.2063599
1521664734987;7.082645;9.087899;-3.3164062
1521664734998;6.8745146;8.729012;-3.440857
1521664735006;6.781253;8.377205;-3.6729736
1521664735027;6.9248075;8.02784;-4.2280273
1521664735047;6.9702177;8.125984;-3.8596191
1521664735058;6.9798613;7.9776645;-3.5963745
1521664735066;6.8051786;8.049324;-3.3499146
1521664735078;6.750125;7.905887;-3.0388794
1521664735087;6.661502;7.87952;-3.1513062
1521664735098;6.6447783;7.8149447;-3.0029907
1521664735107;6.580203;7.822025;-2.967041
1521664735127;6.4055204;7.6809115;-3.37146
1521664735138;6.460574;7.6114535;-3.390625
1521664735147;6.4845;7.5612826;-3.4934692
1521664735158;6.4820585;7.575565;-3.3283691
1521664735167;6.4700956;7.6928744;-3.2302856
1521664735178;6.3791533;7.7957797;-3.4001465
1521664735187;6.27637;7.7694125;-3.4312744
1521664735207;6.300296;7.5157504;-3.4743652
1521664735225;6.372073;7.451175;-3.4360352
1521664735230;6.5562773;7.556522;-3.3259888
1521664735247;6.795535;8.250252;-3.2398682
1521664735267;6.5251493;8.946541;-3.9002686
1521664735287;6.2619658;9.492196;-4.464966
1521664735307;6.580203;9.7483;-4.225708
1521664735327;6.695071;10.186045;-4.749634
1521664735331;6.5562773;10.516367;-4.64917
1521664735348;6.5059843;11.138438;-3.4336548
1521664735368;6.2786894;11.009288;-3.4863281
1521664735388;6.1326933;11.255626;-4.321411
1521664735399;6.0274687;11.327403;-4.0438232
1521664735422;5.8408227;11.281993;-3.8883057
1521664735437;4.9387226;11.985606;-4.910034
1521664735442;4.4458027;12.107677;-5.0631104
1521664735449;4.079714;12.143566;-4.560669
1521664735467;3.6610115;11.5451765;-4.9578857
1521664735487;3.6561897;11.274913;-4.484131
1521664735507;3.2422493;10.676767;-4.0533447
1521664735526;2.6966558;10.719736;-4.3692627
1521664735529;2.2156987;10.643076;-4.232788
1521664735547;1.1748658;9.7099695;-4.19458
1521664735558;1.1533204;9.162118;-4.1729736
1521664735567;1.1485292;8.561287;-4.0438232
1521664735587;1.0001832;7.5493197;-3.6107178
1521664735607;0.6795502;6.695071;-3.1848145
1521664735627;-0.21056747;7.0228305;-3.4384766
1521664735647;-1.2227173;6.6208525;-2.1607056
1521664735658;-1.6510315;6.5131865;-2.517212
1521664735667;-2.1223755;6.802737;-3.9002686
1521664735678;-2.2659912;6.3361845;-4.517578
1521664735688;-2.2372437;5.3526635;-4.0821533
1521664735707;-2.5603027;4.8166523;-3.2350464
1521664735727;-3.4145508;5.05115;-3.0388794
1521664735747;-4.15625;3.7686775;-2.0864868
1521664735767;-6.927124;6.180545;-3.2350464
1521664735838;-6.6016846;1.3375856;1.7012941
1521664735847;-3.840454;-0.30867004;-1.2969055
1521664735858;-7.7215576;4.8430195;-2.5889893
1521664735866;-8.451416;4.7976093;-2.100891
1521664735877;-8.245605;4.71863;-2.3425293
1521664735887;-7.331543;4.27112;-2.6105347
1521664735898;-6.565796;3.589234;-2.4909058
1521664735906;-6.154297;2.995789;-2.2827148
1521664735926;-6.82666;2.476563;-2.651245
1521664735957;-8.054199;3.0269172;-2.6775513
1521664735966;-7.6953125;2.4646;-1.9429626
1521664735977;-7.2094727;2.4119267;-1.8879089
1521664735986;-7.149658;2.8211064;-1.9333801
1521664736012;-8.630859;3.7806404;-2.0889282
1521664736035;-8.420166;3.5222175;-2.586609
1521664736046;-7.9368896;2.8761601;-2.8426514
1521664736057;-8.341309;2.9526982;-2.6224976
1521664736066;-8.597168;2.749329;-2.2252808
1521664736077;-8.6188965;2.5866094;-2.3234253
1521664736086;-8.501465;2.59137;-2.5674438
1521664736097;-8.333984;2.5100713;-2.6392822
1521664736110;-8.135498;2.5507207;-2.8306885
1521664736127;-8.118652;2.9718633;-3.093872
1521664736131;-8.188232;3.1417243;-2.9407349
1521664736148;-8.106689;3.0532234;-2.7277832
1521664736150;-7.9178467;3.1034553;-2.840271
1521664736168;-7.7790527;3.1680915;-3.0603638
1521664736178;-7.7598877;3.1489265;-2.890503
1521664736186;-7.7838135;3.278138;-2.71344
1521664736199;-7.7023926;3.2039802;-2.6009521
1521664736228;-6.508423;2.6560063;-2.277954
1521664736232;-6.218872;2.7277837;-2.4501953
1521664736246;-6.300293;3.9218147;-3.3116455
1521664736258;-6.5946045;4.429079;-3.270935
1521664736266;-6.876953;5.058352;-3.2398682
1521664736277;-6.862549;5.316775;-3.2973022
1521664736286;-6.673462;5.1756616;-3.3355713
1521664736300;-6.3289795;4.6922626;-2.9263916
1521664736311;-5.9245605;3.8643806;-2.4023438
1521664736328;-5.6063232;3.2398689;-2.131958
1521664736331;-5.515381;3.2207038;-2.5770264
1521664736348;-5.584839;3.5581062;-3.1010742
1521664736358;-6.118408;5.17322;-3.1800537
1521664736367;-6.187744;5.809695;-3.0292969
1521664736378;-5.630249;5.527346;-2.6607666
1521664736387;-4.89563;4.8502216;-2.5100708
1521664736398;-4.218506;4.632448;-2.7421265
1521664736406;-3.802185;4.991335;-3.7782593
1521664736427;-3.9313965;5.773806;-4.7042236
1521664736438;-4.622925;6.9176054;-3.3379517
1521664736446;-4.2113037;7.0085483;-3.7304077
1521664736458;-3.4719849;6.757327;-3.8284912
1521664736466;-2.947937;6.5131865;-3.6896973
1521664736478;-2.5698853;6.5754423;-3.7279663
1521664736486;-2.2611694;6.807498;-3.8428345
1521664736498;-2.024292;6.8984404;-3.6729736
1521664736506;-1.7204285;6.7214384;-3.574829
1521664736527;-1.1748657;7.779056;-4.433838
1521664736551;-1.2155457;9.398934;-4.768799
1521664736568;-1.2562256;9.590341;-4.5750732
1521664736571;-0.9954071;9.150155;-4.4625244
1521664736598;0.44506073;7.640262;-4.699463
1521664736623;0.8614044;7.4775424;-4.833496
1521664736632;1.2442628;8.460945;-4.8621826
1521664736647;1.8472291;9.138192;-4.2424316
1521664736668;2.2037358;9.365487;-4.2232666
1521664736687;2.7349858;8.72657;-4.6875
1521664736702;2.900086;8.882088;-5.2091064
1521664736711;3.069947;9.240975;-5.3742676
1521664736728;3.3906257;9.233895;-5.0009766
1521664736732;3.5532844;9.396493;-4.821533
1521664736747;4.1275654;9.542489;-4.8166504
1521664736762;4.4625263;9.264901;-4.4553223
1521664736771;4.579836;9.169198;-4.409912
1521664736787;5.1804223;8.862801;-4.187378
1521664736802;5.405276;9.264901;-4.5080566
1521664736812;5.608767;9.736337;-4.725708
1521664736828;5.6182885;9.863046;-4.744873
1521664736832;5.539309;10.581064;-5.1206055
1521664736847;5.797732;10.387217;-5.1206055
1521664736862;5.8767114;10.315439;-5.0249023
1521664736871;6.0897245;9.982675;-4.8310547
1521664736887;6.73096;9.288827;-4.764038
1521664736898;6.8433867;9.614266;-4.9626465
1521664736907;6.9630156;9.664559;-4.3884277
1521664736927;6.5754423;9.7483;-4.0461426
1521664736947;6.1782255;9.635751;-4.7209473
1521664736958;6.2930937;9.473153;-4.541504
1521664736967;6.300296;9.0710535;-4.6157227
1521664736980;6.3432646;8.917976;-4.795166
1521664736990;6.372073;8.690681;-4.5439453
1521664737002;6.271487;8.508797;-4.213745
1521664737010;6.156619;8.14991;-3.7926025
1521664737032;5.9221215;8.200203;-3.3618774
1521664737041;5.900637;7.91785;-3.175232
1521664737054;5.6182885;7.494266;-3.302063
1521664737062;5.6494164;7.355472;-3.4815063
1521664737071;5.7020288;7.310062;-3.7279663
1521664737082;5.723513;7.3698764;-3.8667603
1521664737091;5.6566186;7.4152865;-4.022217
1521664737102;5.525027;7.5875278;-4.010254
1521664737110;5.3144555;7.6353793;-3.8356934
1521664737132;5.1995873;7.367435;-3.4863281
1521664737141;5.2761254;6.6831083;-3.940979
1521664737154;5.893435;6.8864775;-3.5341797
1521664737162;6.1087675;7.037235;-3.2159424
1521664737170;6.1518583;7.1665072;-3.113037
1521664737182;6.015506;7.298099;-3.1848145
1521664737191;5.87427;7.5037875;-3.251831
1521664737213;5.723513;7.7263217;-3.4312744
1521664737234;5.6566186;7.874759;-3.8045654
1521664737248;5.7379174;8.051765;-4.1898193
1521664737253;5.87427;8.238289;-4.4625244
1521664737261;5.977175;8.367683;-4.591797
1521664737274;6.2285185;8.889168;-4.97937
1521664737286;6.1542997;9.39161;-4.1729736
1521664737289;5.994021;9.38453;-4.0844727
1521664737299;5.893435;9.633309;-4.390747
1521664737326;5.773806;9.827157;-4.8046875
1521664737334;5.7331567;10.255625;-4.6778564
1521664737347;5.7187524;10.841806;-4.8430176
1521664737368;5.350344;11.193614;-4.522339
1521664737387;4.845461;11.303477;-5.1086426
1521664737407;4.8358173;11.664805;-4.6875
1521664737428;4.6707783;11.729503;-4.5845947
1521664737447;3.924195;11.571544;-5.1158447
1521664737467;3.2494514;11.854014;-5.7834473
1521664737481;3.2111213;11.750987;-5.30249
1521664737491;3.1800544;11.559581;-4.9123535
1521664737502;3.1871955;11.394542;-4.926758
1521664737511;3.1154182;11.3872175;-5.326416
1521664737568;2.641663;11.394542;-5.206665
1521664737573;2.3807988;11.057139;-5.122925
1521664737586;2.2133183;9.585458;-5.034424
1521664737594;1.7443544;9.499276;-5.1517334
1521664737608;0.6245117;9.597421;-3.4624023
1521664737647;-0.21295929;7.4727817;-4.041382
1521664737650;-0.29670715;6.6328154;-3.6896973
1521664737672;-0.83747864;6.0633574;-3.4863281
1521664737693;-1.7754517;5.5824;-2.801941
1521664737711;-3.0508423;6.099246;-2.5674438
1521664737733;-4.283081;6.9367704;-3.2230835
1521664737748;-5.244995;6.6663847;-2.8833008
1521664737768;-4.64917;3.9194343;-2.0793457
1521664737788;-3.1920166;1.1030885;-3.5461426
1521664737808;-4.479248;2.1893926;-3.6394653
1521664737828;-6.1016846;0.9308014;0.14117432
1521664737848;-6.0513916;1.4356691;-2.0458374
1521664737868;-6.173462;2.4860845;-1.8544312
1521664737882;-6.3791504;3.28534;-1.6199341
1521664737891;-6.477295;3.9218147;-1.875946
1521664737913;-6.565796;4.5343037;-2.30188
1521664737935;-6.8099365;4.9746113;-1.9884338
1521664737948;-6.876953;4.371584;-0.835083
1521664737953;-6.9869385;3.235047;-0.16031647
1521664737962;-6.850586;2.6057744;-0.53837585
1521664737975;-6.984619;2.6105351;-1.9931946
1521664737987;-8.214355;2.8928838;-1.5744629
1521664737989;-8.171387;2.5866094;-1.6103516
1521664738014;-7.9345703;2.976624;-1.9979858
1521664738048;-9.2146;3.1608894;-2.7780151
1521664738051;-8.948975;2.7254033;-2.739746
1521664738072;-8.47998;2.3258061;-2.6273193
1521664738088;-8.645264;2.7445073;-2.624878
1521664738091;-8.970459;3.3667;-2.9646606
1521664738108;-9.432373;3.385804;-2.998169
1521664738124;-9.190674;2.9934087;-2.9742432
1521664738129;-8.6953125;2.7445073;-3.0962524
1521664738148;-8.819824;3.089112;-3.2924805
1521664738168;-9.33667;3.4575813;-3.3475342
1521664738182;-9.016113;3.316407;-3.4193115
1521664738205;-8.597168;3.2494514;-3.397766
1521664738213;-8.279053;3.4479988;-3.0269165
1521664738234;-8.116211;3.6298835;-2.9072266
1521664738245;-8.231201;3.9888313;-2.7995605
1521664738253;-8.475342;4.1467304;-2.701477
1521664738261;-8.393799;4.0581074;-2.871338
1521664738275;-7.9537354;4.0653095;-2.847412
1521664738287;-8.35791;5.0870385;-2.979004
1521664738289;-8.408203;4.7927265;-2.6679688
1521664738312;-7.8795166;3.8906868;-3.4001465
1521664738348;-8.269531;4.7735615;-4.2113037
1521664738350;-8.236084;4.9890156;-4.2855225
1521664738372;-7.6761475;4.453005;-4.706665
1521664738392;-7.723999;4.9818134;-4.6348877
1521664738404;-7.958496;5.300051;-4.326172
1521664738413;-7.9417725;5.5679955;-4.3620605
1521664738425;-7.7766113;5.850344;-4.8549805
1521664738429;-7.5253906;5.8839135;-4.852539
1521664738440;-7.338745;5.7139916;-5.125366
1521664738449;-7.412964;5.809695;-5.364624
1521664738460;-7.7143555;5.970095;-5.0057373
1521664738469;-8.039795;6.28345;-4.7999268
1521664738480;-8.166504;6.415042;-4.295044
1521664738491;-8.200195;6.123172;-3.9385376
1521664738503;-8.080322;5.7067895;-3.7016602
1521664738511;-7.8531494;5.1445336;-3.5700684
1521664738555;-7.85791;4.706667;-3.6418457
1521664738563;-7.989624;4.7089863;-4.0007324
1521664738576;-8.437012;4.5893574;-3.9361572
1521664738595;-8.164307;4.2304707;-3.94812
1521664738602;-8.104248;3.916993;-3.6490479
1521664738625;-8.180908;3.9002693;-3.6657715
1521664738633;-8.137939;4.314211;-3.6610107
1521664738642;-7.9871826;4.2806416;-3.3092651
1521664738649;-7.8483887;4.2471943;-3.1776123
1521664738673;-7.3721924;3.77826;-3.2207031
1521664738694;-7.4727783;4.120363;-3.2087402
1521664738704;-7.7838135;4.1395283;-2.7924194
1521664738709;-7.869873;3.620301;-1.9620972
1521664738732;-7.484741;3.2230842;-2.093689
1521664738745;-7.484741;2.9862065;-1.9333801
1521664738750;-7.77417;2.8330693;-1.97406
1521664738764;-8.080322;2.7182012;-1.9022827
1521664738773;-8.271973;2.6201177;-1.4907227
1521664738784;-8.355713;2.5220342;-1.0217285
1521664738793;-8.3532715;2.4932866;-0.81355286
1521664738804;-8.276611;2.3209844;-0.89012146
1521664738813;-8.106689;2.1654668;-1.0169373
1521664738825;-7.996704;1.9597169;-0.9236145
1521664738829;-8.0876465;1.6558229;-0.6077728
1521664738841;-8.238281;1.3615113;-0.48334503
1521664738850;-8.324463;1.1461488;-0.5144501
1521664738860;-8.420166;1.0169374;-0.20817184
1521664738869;-8.506348;0.9690857;-0.071783066
1521664738880;-8.391602;0.8805542;-0.045463562
1521664738889;-8.379639;0.7848358;0.033498764
1521664738903;-8.384277;0.8805542;0.5335846
1521664738912;-8.8029785;1.2849427;0.77526855
1521664738933;-8.838867;1.2346803;0.559906
1521664738941;-8.532715;0.7058716;0.32541656
1521664738956;-8.140381;-0.12921143;1.6869203
1521664738964;-8.379639;-0.06460571;1.9764711
1521664738972;-9.037598;-0.11724663;1.9525148
1521664738986;-9.456299;-0.4665985;1.9357911
1521664738994;-9.312744;-0.9882355;2.129578
1521664739005;-8.824707;-1.426117;2.368836
1521664739013;-8.1953125;-1.8305054;2.83783
1521664739034;-8.051758;-1.8352661;2.9981694
1521664739047;-8.793457;-1.1987915;3.5724494
1521664739065;-9.623779;-0.033498764;3.797364
1521664739074;-9.781738;0.01914215;2.9862065
1521664739084;-9.798584;-0.5527344;2.3784184
1521664739092;-9.614258;-1.3519287;2.0936894
1521664739105;-9.262451;-1.9501343;2.0075688
1521664739113;-8.858154;-2.232483;2.1654668
1521664739135;-8.743164;-2.3952026;2.2755742
1521664739143;-8.6953125;-2.289917;2.5100713
1521664739153;-8.5373535;-2.3162231;2.9981694
1521664739161;-8.487305;-2.1846313;3.5389411
1521664739174;-7.7382812;-1.3710632;4.082155
1521664739203;-7.5134277;-1.3806458;3.7543342
1521664739216;-7.376953;-1.4093628;2.5363774
1521664739238;-7.2836914;-1.4572144;1.9908143
1521664739257;-8.099609;-0.9571228;0.5096588
1521664739263;-8.345947;-0.13399506;0.65083313
1521664739326;-8.121094;0.39720154;1.1270143
