1521664310679;2.0;14.8;2.2;-2.4;21.6;-20.800001
1521664310689;1.9;14.8;2.3;-2.4;21.6;-20.800001
1521664310708;1.6;15.0;2.4;-2.4;21.6;-20.800001
1521664310719;1.5;15.0;2.4;-2.4;21.6;-20.800001
1521664310728;1.4;15.0;2.5;-2.4;21.6;-20.800001
1521664310748;1.1;15.1;2.5;-2.4;21.6;-20.800001
1521664310760;1.0;15.1;2.5;-2.4;21.6;-20.800001
1521664310769;0.8;15.2;2.6000001;-2.4;21.6;-20.800001
1521664310789;0.6;15.2;2.7;-2.4;21.6;-20.800001
1521664310800;0.5;15.2;2.8;-2.4;21.6;-20.800001
1521664310810;0.4;15.2;2.9;-2.4;21.6;-20.800001
1521664310840;0.4;15.2;3.0;-2.4;21.6;-20.800001
1521664310869;0.4;15.2;2.9;-2.4;21.6;-20.800001
1521664310879;0.3;15.2;2.9;-2.4;21.6;-20.800001
1521664310909;0.3;15.2;3.0;-2.4;21.6;-20.800001
1521664310920;0.4;15.2;3.0;-2.4;21.6;-20.800001
1521664310940;0.3;15.2;3.0;-2.4;21.6;-20.800001
1521664310949;0.4;15.1;3.0;-2.4;21.6;-20.800001
1521664310959;0.4;15.2;3.0;-2.4;21.6;-20.800001
1521664310969;0.4;15.2;3.1000001;-2.4;21.6;-20.800001
1521664310999;0.5;15.2;3.2;-2.4;21.6;-20.800001
1521664311013;0.5;15.2;3.3;-2.4;21.6;-20.800001
1521664311020;0.4;15.2;3.2;-2.4;21.6;-20.800001
1521664311049;0.4;15.2;3.3;-2.4;21.6;-20.800001
1521664311060;0.4;15.2;3.4;-2.4;21.6;-20.800001
1521664311068;0.4;15.2;3.3;-2.4;21.6;-20.800001
1521664311100;0.5;15.2;3.2;-2.4;21.6;-20.800001
1521664311128;0.4;15.2;3.2;-2.4;21.6;-20.800001
1521664311148;0.3;15.400001;3.3;-2.4;21.6;-20.800001
1521664311159;0.3;15.400001;3.4;-2.4;21.6;-20.800001
1521664311169;0.3;15.5;3.5;-2.4;21.6;-20.800001
1521664311183;0.2;15.6;3.6000001;-2.4;21.6;-20.800001
1521664311190;0.2;15.7;3.7;-2.4;21.6;-20.800001
1521664311199;0.1;15.7;3.8;-2.4;21.6;-20.800001
1521664311209;0.0;15.8;3.9;-2.4;21.6;-20.800001
1521664311229;0.0;15.900001;4.0;-2.4;21.6;-20.800001
1521664311240;0.0;15.900001;4.1;-2.4;21.6;-20.800001
1521664311249;-0.1;16.0;4.1;-2.4;21.6;-20.800001
1521664311260;-0.2;16.1;4.2000003;-2.4;21.6;-20.800001
1521664311269;-0.2;16.1;4.3;-2.4;21.6;-20.800001
1521664311280;-0.2;16.2;4.3;-2.4;21.6;-20.800001
1521664311289;-0.3;16.2;4.3;-2.4;21.6;-20.800001
1521664311309;-0.4;16.300001;4.3;-2.4;21.6;-20.800001
1521664311324;-0.4;16.300001;4.4;-2.4;21.6;-20.800001
1521664311332;-0.4;16.4;4.5;-2.4;21.6;-20.800001
1521664311340;-0.5;16.4;4.5;-2.4;21.6;-20.800001
1521664311349;-0.5;16.5;4.6;-2.4;21.6;-20.800001
1521664311368;-0.6;16.6;4.8;-2.4;21.6;-20.800001
1521664311380;-0.7;16.7;4.9;-2.4;21.6;-20.800001
1521664311400;-0.8;16.800001;5.0;-2.4;21.6;-20.800001
1521664311419;-0.8;16.800001;5.1;-2.4;21.6;-20.800001
1521664311428;-0.8;16.800001;5.0;-2.4;21.6;-20.800001
1521664311440;-0.8;16.800001;4.9;-2.4;21.6;-20.800001
1521664311449;-0.8;16.800001;5.1;-2.4;21.6;-20.800001
1521664311460;-0.8;16.800001;5.0;-2.4;21.6;-20.800001
1521664311480;-0.8;16.800001;4.9;-2.4;21.6;-20.800001
1521664311501;-0.8;16.800001;4.8;-2.4;21.6;-20.800001
1521664311530;-0.8;16.7;4.8;-2.4;21.6;-20.800001
1521664311540;-0.7;16.7;4.9;-2.4;21.6;-20.800001
1521664311549;-0.7;16.7;4.8;-2.4;21.6;-20.800001
1521664311591;-0.7;16.7;4.9;-2.4;21.6;-20.800001
1521664311610;-0.6;16.7;4.9;-2.4;21.6;-20.800001
1521664311649;-0.6;16.6;4.8;-2.4;21.6;-20.800001
1521664311659;-0.5;16.6;4.8;-2.4;21.6;-20.800001
1521664311669;-0.5;16.6;4.7000003;-2.4;21.6;-20.800001
1521664311679;-0.5;16.5;4.7000003;-2.4;21.6;-20.800001
1521664311691;-0.5;16.5;4.6;-2.4;21.6;-20.800001
1521664311708;-0.4;16.5;4.6;-2.4;21.6;-20.800001
1521664311749;-0.4;16.5;4.5;-2.4;21.6;-20.800001
1521664311819;-0.3;16.5;4.6;-2.4;21.6;-20.800001
1521664311850;-0.2;16.6;4.5;-2.4;21.6;-20.800001
1521664311888;-0.1;16.6;4.5;-2.4;21.6;-20.800001
1521664311929;-0.1;16.6;4.6;-2.4;21.6;-20.800001
1521664311969;-0.1;16.6;4.7000003;-2.4;21.6;-20.800001
1521664311989;0.0;16.6;4.8;-2.4;21.6;-20.800001
1521664312000;-0.1;16.6;4.8;-2.4;21.6;-20.800001
1521664312008;-0.1;16.6;4.9;-2.4;21.6;-20.800001
1521664312020;0.0;16.6;4.9;-2.4;21.6;-20.800001
1521664312029;0.0;16.6;5.0;-2.4;21.6;-20.800001
1521664312070;0.1;16.5;5.1;-2.4;21.6;-20.800001
1521664312100;0.2;16.5;5.1;-2.4;21.6;-20.800001
1521664312108;0.1;16.5;5.1;-2.4;21.6;-20.800001
1521664312122;0.2;16.5;5.1;-2.4;21.6;-20.800001
1521664312129;0.2;16.5;5.2000003;-2.4;21.6;-20.800001
1521664312140;0.2;16.5;5.1;-2.4;21.6;-20.800001
1521664312159;0.3;16.5;5.1;-2.4;21.6;-20.800001
1521664312169;0.3;16.5;5.2000003;-2.4;21.6;-20.800001
1521664312180;0.2;16.5;5.1;-2.4;21.6;-20.800001
1521664312189;0.2;16.5;5.0;-2.4;21.6;-20.800001
1521664312221;0.2;16.5;4.9;-2.4;21.6;-20.800001
1521664312245;0.3;16.4;4.9;-2.4;21.6;-20.800001
1521664312253;0.3;16.4;5.0;-2.4;21.6;-20.800001
1521664312262;0.3;16.4;4.9;-2.4;21.6;-20.800001
1521664312280;0.4;16.4;4.9;-2.4;21.6;-20.800001
1521664312289;0.4;16.300001;4.8;-2.4;21.6;-20.800001
1521664312310;0.4;16.300001;4.7000003;-2.4;21.6;-20.800001
1521664312331;0.4;16.300001;4.6;-2.4;21.6;-20.800001
1521664312343;0.4;16.300001;4.7000003;-2.4;21.6;-20.800001
1521664312348;0.5;16.300001;4.7000003;-2.4;21.6;-20.800001
1521664312360;0.5;16.300001;4.6;-2.4;21.6;-20.800001
1521664312389;0.7;16.1;4.4;-2.4;21.6;-20.800001
1521664312400;0.7;16.0;4.4;-2.4;21.6;-20.800001
1521664312408;0.8;15.900001;4.2000003;-2.4;21.6;-20.800001
1521664312420;0.90000004;15.900001;4.1;-2.4;21.6;-20.800001
1521664312429;0.90000004;15.8;4.1;-2.4;21.6;-20.800001
1521664312440;1.0;15.8;4.1;-2.4;21.6;-20.800001
1521664312449;1.0;15.7;4.1;-2.4;21.6;-20.800001
1521664312460;1.1;15.6;4.1;-2.4;21.6;-20.800001
1521664312471;1.2;15.6;4.0;-2.4;21.6;-20.800001
1521664312481;1.2;15.5;4.0;-2.4;21.6;-20.800001
1521664312493;1.3000001;15.400001;4.0;-2.4;21.6;-20.800001
1521664312507;1.4;15.3;3.9;-2.4;21.6;-20.800001
1521664312510;1.5;15.2;3.9;-2.4;21.6;-20.800001
1521664312520;1.6;15.2;3.8;-2.4;21.6;-20.800001
1521664312529;1.6;15.1;3.8;-2.4;21.6;-20.800001
1521664312541;1.7;15.1;3.7;-2.4;21.6;-20.800001
1521664312549;1.7;15.1;3.6000001;-2.4;21.6;-20.800001
1521664312560;1.8000001;15.0;3.6000001;-2.4;21.6;-20.800001
1521664312572;1.9;15.0;3.5;-2.4;21.6;-20.800001
1521664312581;2.0;14.900001;3.5;-2.4;21.6;-20.800001
1521664312591;2.0;14.8;3.4;-2.4;21.6;-20.800001
1521664312601;2.1000001;14.7;3.3;-2.4;21.6;-20.800001
1521664312613;2.2;14.7;3.2;-2.4;21.6;-20.800001
1521664312620;2.2;14.6;3.1000001;-2.4;21.6;-20.800001
1521664312650;2.4;14.400001;2.9;-2.4;21.6;-20.800001
1521664312660;2.4;14.5;2.9;-2.4;21.6;-20.800001
1521664312669;2.4;14.400001;2.9;-2.4;21.6;-20.800001
1521664312691;2.5;14.3;2.8;-2.4;21.6;-20.800001
1521664312720;2.5;14.2;2.8;-2.4;21.6;-20.800001
1521664312728;2.5;14.2;2.7;-2.4;21.6;-20.800001
1521664312740;2.5;14.1;2.6000001;-2.4;21.6;-20.800001
1521664312749;2.5;14.2;2.6000001;-2.4;21.6;-20.800001
1521664312760;2.4;14.2;2.7;-2.4;21.6;-20.800001
1521664312782;2.4;14.1;2.6000001;-2.4;21.6;-20.800001
1521664312809;2.3;14.0;2.6000001;-2.4;21.6;-20.800001
1521664312820;2.4;14.0;2.6000001;-2.4;21.6;-20.800001
1521664312830;2.3;14.0;2.6000001;-2.4;21.6;-20.800001
1521664312840;2.3;13.900001;2.5;-2.4;21.6;-20.800001
1521664312849;2.3;13.900001;2.6000001;-2.4;21.6;-20.800001
1521664312860;2.3;13.8;2.6000001;-2.4;21.6;-20.800001
1521664312880;2.3;13.8;2.5;-2.4;21.6;-20.800001
1521664312890;2.3;13.8;2.6000001;-2.4;21.6;-20.800001
1521664312909;2.2;13.8;2.6000001;-2.4;21.6;-20.800001
1521664312928;2.3;13.8;2.7;-2.4;21.6;-20.800001
1521664312949;2.4;13.7;2.7;-2.4;21.6;-20.800001
1521664312960;2.4;13.8;2.7;-2.4;21.6;-20.800001
1521664312989;2.4;13.900001;2.8;-2.4;21.6;-20.800001
1521664313009;2.4;14.0;3.0;-2.4;21.6;-20.800001
1521664313029;2.4;14.1;3.1000001;-2.4;21.6;-20.800001
1521664313040;2.5;14.2;3.2;-2.4;21.6;-20.800001
1521664313049;2.6000001;14.1;3.1000001;-2.4;21.6;-20.800001
1521664313068;2.7;14.3;3.1000001;-2.4;21.6;-20.800001
1521664313089;2.7;14.400001;3.2;-2.4;21.6;-20.800001
1521664313101;2.8;14.400001;3.2;-2.4;21.6;-20.800001
1521664313109;2.8;14.5;3.2;-2.4;21.6;-20.800001
1521664313120;2.8;14.6;3.2;-2.4;21.6;-20.800001
1521664313129;2.9;14.6;3.3;-2.4;21.6;-20.800001
1521664313139;2.9;14.7;3.4;-2.4;21.6;-20.800001
1521664313149;2.9;14.7;3.3;-2.4;21.6;-20.800001
1521664313160;2.8;14.8;3.4;-2.4;21.6;-20.800001
1521664313186;2.8;14.900001;3.4;-2.4;21.6;-20.800001
1521664313200;2.8;15.0;3.4;-2.4;21.6;-20.800001
1521664313209;2.9;15.0;3.4;-2.4;21.6;-20.800001
1521664313229;2.8;15.1;3.4;-2.4;21.6;-20.800001
1521664313249;2.7;15.1;3.3;-2.4;21.6;-20.800001
1521664313268;2.6000001;15.1;3.4;-2.4;21.6;-20.800001
1521664313289;2.5;15.1;3.3;-2.4;21.6;-20.800001
1521664313309;2.4;15.1;3.2;-2.4;21.6;-20.800001
1521664313320;2.4;15.1;3.1000001;-2.4;21.6;-20.800001
1521664313330;2.3;15.1;3.1000001;-2.4;21.6;-20.800001
1521664313340;2.3;15.1;3.2;-2.4;21.6;-20.800001
1521664313349;2.2;15.1;3.2;-2.4;21.6;-20.800001
1521664313360;2.2;15.0;3.1000001;-2.4;21.6;-20.800001
1521664313368;2.1000001;15.0;3.1000001;-2.4;21.6;-20.800001
1521664313381;2.1000001;14.900001;3.1000001;-2.4;21.6;-20.800001
1521664313389;2.0;14.900001;3.1000001;-2.4;21.6;-20.800001
1521664313400;1.9;14.900001;3.1000001;-2.4;21.6;-20.800001
1521664313409;1.9;14.8;3.0;-2.4;21.6;-20.800001
1521664313429;1.8000001;14.8;2.9;-2.4;21.6;-20.800001
1521664313440;1.7;14.8;2.9;-2.4;21.6;-20.800001
1521664313449;1.7;14.7;2.9;-2.4;21.6;-20.800001
1521664313460;1.7;14.6;2.9;-2.4;21.6;-20.800001
1521664313473;1.6;14.7;2.9;-2.4;21.6;-20.800001
1521664313488;1.5;14.6;2.9;-2.4;21.6;-20.800001
1521664313500;1.5;14.6;2.8;-2.4;21.6;-20.800001
1521664313509;1.4;14.6;2.9;-2.4;21.6;-20.800001
1521664313520;1.4;14.5;2.9;-2.4;21.6;-20.800001
1521664313529;1.3000001;14.5;2.9;-2.4;21.6;-20.800001
1521664313549;1.3000001;14.5;3.0;-2.4;21.6;-20.800001
1521664313560;1.3000001;14.400001;2.9;-2.4;21.6;-20.800001
1521664313570;1.2;14.400001;2.9;-2.4;21.6;-20.800001
1521664313601;1.1;14.400001;2.8;-2.4;21.6;-20.800001
1521664313612;1.1;14.3;2.8;-2.4;21.6;-20.800001
1521664313659;1.1;14.2;2.8;-2.4;21.6;-20.800001
1521664313668;1.0;14.2;2.9;-2.4;21.6;-20.800001
1521664313679;1.0;14.3;2.8;-2.4;21.6;-20.800001
1521664313689;0.90000004;14.3;2.8;-2.4;21.6;-20.800001
1521664313699;0.90000004;14.3;2.7;-2.4;21.6;-20.800001
1521664313708;0.90000004;14.2;2.8;-2.4;21.6;-20.800001
1521664313740;0.90000004;14.2;2.7;-2.4;21.6;-20.800001
1521664313749;0.8;14.2;2.7;-2.4;21.6;-20.800001
1521664313780;0.8;14.2;2.8;-2.4;21.6;-20.800001
1521664313800;0.8;14.3;2.8;-2.4;21.6;-20.800001
1521664313869;0.8;14.3;2.7;-2.4;21.6;-20.800001
1521664313880;0.8;14.3;2.8;-2.4;21.6;-20.800001
1521664313909;0.8;14.400001;2.9;-2.4;21.6;-20.800001
1521664313920;0.7;14.5;3.1000001;-2.4;21.6;-20.800001
1521664313929;0.7;14.5;3.2;-2.4;21.6;-20.800001
1521664313940;0.6;14.6;3.2;-2.4;21.6;-20.800001
1521664313960;0.6;14.7;3.3;-2.4;21.6;-20.800001
1521664313968;0.6;14.7;3.2;-2.4;21.6;-20.800001
1521664313980;0.6;14.6;3.2;-2.4;21.6;-20.800001
1521664313989;0.5;14.7;3.3;-2.4;21.6;-20.800001
1521664314000;0.5;14.8;3.5;-2.4;21.6;-20.800001
1521664314009;0.4;14.8;3.6000001;-2.4;21.6;-20.800001
1521664314020;0.4;14.900001;3.6000001;-2.4;21.6;-20.800001
1521664314029;0.3;14.900001;3.8;-2.4;21.6;-20.800001
1521664314040;0.3;15.0;3.8;-2.4;21.6;-20.800001
1521664314060;0.2;15.1;3.8;-2.4;21.6;-20.800001
1521664314080;0.2;15.0;3.8;-2.4;21.6;-20.800001
1521664314088;0.1;15.1;3.8;-2.4;21.6;-20.800001
1521664314100;0.1;15.1;3.9;-2.4;21.6;-20.800001
1521664314109;0.0;15.2;3.9;-2.4;21.6;-20.800001
1521664314128;-0.1;15.2;3.9;-2.4;21.6;-20.800001
1521664314140;-0.1;15.3;4.0;-2.4;21.6;-20.800001
1521664314149;-0.2;15.3;4.0;-2.4;21.6;-20.800001
1521664314160;-0.2;15.400001;4.1;-2.4;21.6;-20.800001
1521664314169;-0.3;15.400001;4.1;-2.4;21.6;-20.800001
1521664314199;-0.4;15.5;4.2000003;-2.4;21.6;-20.800001
1521664314228;-0.4;15.400001;4.2000003;-2.4;21.6;-20.800001
1521664314241;-0.4;15.400001;4.1;-2.4;21.6;-20.800001
1521664314268;-0.4;15.5;4.2000003;-2.4;21.6;-20.800001
1521664314290;-0.5;15.5;4.2000003;-2.4;21.6;-20.800001
1521664314300;-0.4;15.5;4.1;-2.4;21.6;-20.800001
1521664314329;-0.4;15.5;4.0;-2.4;21.6;-20.800001
1521664314340;-0.4;15.5;4.1;-2.4;21.6;-20.800001
1521664314348;-0.4;15.5;4.2000003;-2.4;21.6;-20.800001
1521664314369;-0.4;15.5;4.3;-2.4;21.6;-20.800001
1521664314408;-0.4;15.5;4.4;-2.4;21.6;-20.800001
1521664314429;-0.3;15.5;4.5;-2.4;21.6;-20.800001
1521664314449;-0.3;15.400001;4.5;-2.4;21.6;-20.800001
1521664314468;-0.2;15.400001;4.5;-2.4;21.6;-20.800001
1521664314488;-0.3;15.400001;4.6;-2.4;21.6;-20.800001
1521664314508;-0.2;15.400001;4.5;-2.4;21.6;-20.800001
1521664314519;-0.2;15.400001;4.4;-2.4;21.6;-20.800001
1521664314560;-0.2;15.400001;4.3;-2.4;21.6;-20.800001
1521664314568;-0.2;15.3;4.3;-2.4;21.6;-20.800001
1521664314589;-0.1;15.3;4.3;-2.4;21.6;-20.800001
1521664314610;-0.1;15.2;4.2000003;-2.4;21.6;-20.800001
1521664314640;0.1;15.1;3.9;-2.4;21.6;-20.800001
1521664314649;0.1;15.0;3.8;-2.4;21.6;-20.800001
1521664314668;0.2;14.900001;3.7;-2.4;21.6;-20.800001
1521664314688;0.3;14.8;3.7;-2.4;21.6;-20.800001
1521664314708;0.3;14.8;3.5;-2.4;21.6;-20.800001
1521664314748;0.3;14.8;3.6000001;-2.4;21.6;-20.800001
1521664314759;0.3;14.900001;3.6000001;-2.4;21.6;-20.800001
1521664314808;0.3;14.900001;3.5;-2.4;21.6;-20.800001
1521664314828;0.3;14.900001;3.6000001;-2.4;21.6;-20.800001
1521664314868;0.3;14.900001;3.8;-2.4;21.6;-20.800001
1521664314888;0.2;14.900001;3.7;-2.4;21.6;-20.800001
1521664314908;0.2;15.0;3.7;-2.4;21.6;-20.800001
1521664314928;0.1;15.1;3.9;-2.4;21.6;-20.800001
1521664314948;0.1;15.2;3.9;-2.4;21.6;-20.800001
1521664314968;0.0;15.2;3.9;-2.4;21.6;-20.800001
1521664314988;0.0;15.2;3.8;-2.4;21.6;-20.800001
1521664315019;-0.1;15.2;3.8;-2.4;21.6;-20.800001
1521664315028;0.0;15.2;3.7;-2.4;21.6;-20.800001
1521664315068;0.0;15.1;3.6000001;-2.4;21.6;-20.800001
1521664315088;0.1;15.1;3.5;-2.4;21.6;-20.800001
1521664315099;0.0;15.2;3.6000001;-2.4;21.6;-20.800001
1521664315109;0.1;15.1;3.6000001;-2.4;21.6;-20.800001
1521664315128;0.0;15.1;3.6000001;-2.4;21.6;-20.800001
1521664315148;0.1;15.1;3.5;-2.4;21.6;-20.800001
1521664315188;0.2;15.0;3.5;-2.4;21.6;-20.800001
1521664315228;0.3;15.0;3.4;-2.4;21.6;-20.800001
1521664315239;0.3;14.900001;3.3;-2.4;21.6;-20.800001
1521664315250;0.4;14.8;3.3;-2.4;21.6;-20.800001
1521664315260;0.5;14.8;3.3;-2.4;21.6;-20.800001
1521664315270;0.5;14.7;3.3;-2.4;21.6;-20.800001
1521664315280;0.6;14.7;3.3;-2.4;21.6;-20.800001
1521664315309;0.6;14.6;3.3;-2.4;21.6;-20.800001
1521664315320;0.7;14.6;3.2;-2.4;21.6;-20.800001
1521664315329;0.7;14.5;3.1000001;-2.4;21.6;-20.800001
1521664315342;0.8;14.400001;3.0;-2.4;21.6;-20.800001
1521664315350;0.8;14.400001;2.9;-2.4;21.6;-20.800001
1521664315365;0.90000004;14.3;2.9;-2.4;21.6;-20.800001
1521664315371;0.90000004;14.2;2.9;-2.4;21.6;-20.800001
1521664315381;0.90000004;14.2;2.8;-2.4;21.6;-20.800001
1521664315389;1.0;14.1;2.7;-2.4;21.6;-20.800001
1521664315399;1.0;14.0;2.8;-2.4;21.6;-20.800001
1521664315409;1.0;14.0;2.7;-2.4;21.6;-20.800001
1521664315420;1.1;14.0;2.7;-2.4;21.6;-20.800001
1521664315429;1.1;13.900001;2.7;-2.4;21.6;-20.800001
1521664315442;1.2;13.8;2.6000001;-2.4;21.6;-20.800001
1521664315460;1.3000001;13.7;2.5;-2.4;21.6;-20.800001
1521664315480;1.4;13.6;2.4;-2.4;21.6;-20.800001
1521664315489;1.4;13.5;2.3;-2.4;21.6;-20.800001
1521664315520;1.5;13.400001;2.3;-2.4;21.6;-20.800001
1521664315530;1.5;13.400001;2.2;-2.4;21.6;-20.800001
1521664315540;1.5;13.400001;2.3;-2.4;21.6;-20.800001
1521664315563;1.5;13.3;2.3;-2.4;21.6;-20.800001
1521664315609;1.5;13.3;2.4;-2.4;21.6;-20.800001
1521664315669;1.5;13.3;2.5;-2.4;21.6;-20.800001
1521664315708;1.5;13.2;2.4;-2.4;21.6;-20.800001
1521664315720;1.5;13.2;2.3;-2.4;21.6;-20.800001
1521664315729;1.5;13.2;2.4;-2.4;21.6;-20.800001
1521664315789;1.5;13.1;2.4;-2.4;21.6;-20.800001
1521664315809;1.5;13.0;2.3;-2.4;21.6;-20.800001
1521664315820;1.5;13.0;2.2;-2.4;21.6;-20.800001
1521664315832;1.4;13.1;2.3;-2.4;21.6;-20.800001
1521664315900;1.3000001;13.1;2.3;-2.4;21.6;-20.800001
1521664315920;1.2;13.2;2.4;-2.4;21.6;-20.800001
1521664315929;1.2;13.3;2.5;-2.4;21.6;-20.800001
1521664315940;1.1;13.3;2.5;-2.4;21.6;-20.800001
1521664315951;1.1;13.400001;2.6000001;-2.4;21.6;-20.800001
1521664315961;1.0;13.5;2.6000001;-2.4;21.6;-20.800001
1521664315970;0.90000004;13.5;2.6000001;-2.4;21.6;-20.800001
1521664315983;0.90000004;13.5;2.7;-2.4;21.6;-20.800001
1521664315991;0.8;13.6;2.8;-2.4;21.6;-20.800001
1521664316001;0.7;13.7;2.9;-2.4;21.6;-20.800001
1521664316022;0.6;13.8;3.0;-2.4;21.6;-20.800001
1521664316033;0.5;13.8;3.0;-2.4;21.6;-20.800001
1521664316041;0.5;13.900001;3.1000001;-2.4;21.6;-20.800001
1521664316050;0.4;13.900001;3.1000001;-2.4;21.6;-20.800001
1521664316061;0.4;14.0;3.3;-2.4;21.6;-20.800001
1521664316084;0.2;14.1;3.4;-2.4;21.6;-20.800001
1521664316089;0.2;14.2;3.4;-2.4;21.6;-20.800001
1521664316100;0.2;14.3;3.4;-2.4;21.6;-20.800001
1521664316109;0.1;14.3;3.5;-2.4;21.6;-20.800001
1521664316119;0.1;14.400001;3.6000001;-2.4;21.6;-20.800001
1521664316128;0.0;14.400001;3.6000001;-2.4;21.6;-20.800001
1521664316148;-0.1;14.6;3.8;-2.4;21.6;-20.800001
1521664316160;-0.2;14.6;3.8;-2.4;21.6;-20.800001
1521664316169;-0.2;14.7;3.9;-2.4;21.6;-20.800001
1521664316181;-0.3;14.7;3.9;-2.4;21.6;-20.800001
1521664316189;-0.3;14.8;3.9;-2.4;21.6;-20.800001
1521664316202;-0.4;14.8;3.9;-2.4;21.6;-20.800001
1521664316220;-0.4;14.8;4.0;-2.4;21.6;-20.800001
1521664316260;-0.4;14.8;3.9;-2.4;21.6;-20.800001
1521664316270;-0.4;14.8;4.0;-2.4;21.6;-20.800001
1521664316310;-0.4;14.900001;4.0;-2.4;21.6;-20.800001
1521664316321;-0.3;14.900001;3.9;-2.4;21.6;-20.800001
1521664316330;-0.4;14.900001;3.9;-2.4;21.6;-20.800001
1521664316341;-0.3;14.900001;3.9;-2.4;21.6;-20.800001
1521664316350;-0.3;14.900001;4.0;-2.4;21.6;-20.800001
1521664316376;-0.3;14.8;3.9;-2.4;21.6;-20.800001
1521664316386;-0.3;14.900001;3.9;-2.4;21.6;-20.800001
1521664316400;-0.3;14.900001;4.0;-2.4;21.6;-20.800001
1521664316429;-0.3;14.900001;3.9;-2.4;21.6;-20.800001
1521664316440;-0.4;14.8;4.0;-2.4;21.6;-20.800001
1521664316449;-0.3;14.8;3.9;-2.4;21.6;-20.800001
1521664316482;-0.3;14.900001;3.9;-2.4;21.6;-20.800001
1521664316500;-0.2;14.8;3.8;-2.4;21.6;-20.800001
1521664316509;-0.2;14.7;3.7;-2.4;21.6;-20.800001
1521664316519;-0.1;14.6;3.6000001;-2.4;21.6;-20.800001
1521664316530;-0.1;14.6;3.5;-2.4;21.6;-20.800001
1521664316541;0.0;14.6;3.5;-2.4;21.6;-20.800001
1521664316549;0.0;14.5;3.5;-2.4;21.6;-20.800001
1521664316560;0.0;14.400001;3.5;-2.4;21.6;-20.800001
1521664316570;0.2;14.400001;3.4;-2.4;21.6;-20.800001
1521664316581;0.2;14.3;3.3;-2.4;21.6;-20.800001
1521664316600;0.3;14.2;3.2;-2.4;21.6;-20.800001
1521664316612;0.3;14.1;3.1000001;-2.4;21.6;-20.800001
1521664316660;0.5;13.900001;2.9;-2.4;21.6;-20.800001
1521664316669;0.6;13.8;2.8;-2.4;21.6;-20.800001
1521664316679;0.6;13.8;2.7;-2.4;21.6;-20.800001
1521664316693;0.7;13.7;2.7;-2.4;21.6;-20.800001
1521664316699;0.7;13.6;2.6000001;-2.4;21.6;-20.800001
1521664316708;0.8;13.6;2.6000001;-2.4;21.6;-20.800001
1521664316719;0.90000004;13.5;2.5;-2.4;21.6;-20.800001
1521664316729;0.90000004;13.400001;2.5;-2.4;21.6;-20.800001
1521664316740;1.0;13.400001;2.3;-2.4;21.6;-20.800001
1521664316749;1.0;13.400001;2.2;-2.4;21.6;-20.800001
1521664316760;1.0;13.3;2.2;-2.4;21.6;-20.800001
1521664316771;1.1;13.3;2.2;-2.4;21.6;-20.800001
1521664316783;1.1;13.2;2.2;-2.4;21.6;-20.800001
1521664316792;1.1;13.1;2.2;-2.4;21.6;-20.800001
1521664316804;1.1;13.2;2.2;-2.4;21.6;-20.800001
1521664316811;1.1;13.2;2.3;-2.4;21.6;-20.800001
1521664316830;1.2;13.2;2.3;-2.4;21.6;-20.800001
1521664316841;1.2;13.1;2.2;-2.4;21.6;-20.800001
1521664316852;1.1;13.2;2.3;-2.4;21.6;-20.800001
1521664316861;1.2;13.2;2.2;-2.4;21.6;-20.800001
1521664316871;1.1;13.2;2.3;-2.4;21.6;-20.800001
1521664316881;1.1;13.2;2.2;-2.4;21.6;-20.800001
1521664316903;1.1;13.2;2.3;-2.4;21.6;-20.800001
1521664316909;1.2;13.2;2.3;-2.4;21.6;-20.800001
1521664316942;1.2;13.2;2.2;-2.4;21.6;-20.800001
1521664316960;1.2;13.3;2.4;-2.4;21.6;-20.800001
1521664316969;1.2;13.2;2.4;-2.4;21.6;-20.800001
1521664316980;1.2;13.2;2.3;-2.4;21.6;-20.800001
1521664316989;1.2;13.3;2.3;-2.4;21.6;-20.800001
1521664317020;1.1;13.3;2.3;-2.4;21.6;-20.800001
1521664317050;1.2;13.3;2.4;-2.4;21.6;-20.800001
1521664317090;1.2;13.3;2.3;-2.4;21.6;-20.800001
1521664317101;1.1;13.400001;2.3;-2.4;21.6;-20.800001
1521664317122;1.1;13.400001;2.4;-2.4;21.6;-20.800001
1521664317148;1.1;13.400001;2.3;-2.4;21.6;-20.800001
1521664317160;1.0;13.5;2.3;-2.4;21.6;-20.800001
1521664317189;1.0;13.5;2.2;-2.4;21.6;-20.800001
1521664317200;0.90000004;13.5;2.2;-2.4;21.6;-20.800001
1521664317220;0.90000004;13.5;2.3;-2.4;21.6;-20.800001
1521664317240;0.90000004;13.5;2.4;-2.4;21.6;-20.800001
1521664317261;0.90000004;13.5;2.3;-2.4;21.6;-20.800001
1521664317280;0.90000004;13.5;2.4;-2.4;21.6;-20.800001
1521664317300;0.90000004;13.5;2.5;-2.4;21.6;-20.800001
1521664317349;0.90000004;13.5;2.6000001;-2.4;21.6;-20.800001
1521664317359;0.8;13.6;2.6000001;-2.4;21.6;-20.800001
1521664317400;0.8;13.5;2.6000001;-2.4;21.6;-20.800001
1521664317409;0.90000004;13.6;2.6000001;-2.4;21.6;-20.800001
1521664317420;0.8;13.6;2.6000001;-2.4;21.6;-20.800001
1521664317429;0.90000004;13.6;2.5;-2.4;21.6;-20.800001
1521664317440;0.8;13.6;2.5;-2.4;21.6;-20.800001
1521664317450;0.90000004;13.5;2.5;-2.4;21.6;-20.800001
1521664317463;0.90000004;13.6;2.7;-2.4;21.6;-20.800001
1521664317469;0.8;13.6;2.7;-2.4;21.6;-20.800001
1521664317481;0.8;13.6;2.6000001;-2.4;21.6;-20.800001
1521664317500;0.8;13.6;2.7;-2.4;21.6;-20.800001
1521664317529;0.8;13.6;2.6000001;-2.4;21.6;-20.800001
1521664317540;0.8;13.6;2.5;-2.4;21.6;-20.800001
1521664317560;0.8;13.6;2.6000001;-2.4;21.6;-20.800001
1521664317569;0.8;13.6;2.5;-2.4;21.6;-20.800001
1521664317620;0.8;13.6;2.4;-2.4;21.6;-20.800001
1521664317648;0.8;13.7;2.4;-2.4;21.6;-20.800001
1521664317660;0.8;13.6;2.4;-2.4;21.6;-20.800001
1521664317668;0.8;13.7;2.3;-2.4;21.6;-20.800001
1521664317680;0.90000004;13.7;2.3;-2.4;21.6;-20.800001
1521664317691;0.90000004;13.7;2.4;-2.4;21.6;-20.800001
1521664317720;0.90000004;13.7;2.3;-2.4;21.6;-20.800001
1521664317739;0.90000004;13.7;2.4;-2.4;21.6;-20.800001
1521664317749;1.0;13.7;2.4;-2.4;21.6;-20.800001
1521664317760;1.0;13.6;2.3;-2.4;21.6;-20.800001
1521664317770;1.0;13.7;2.4;-2.4;21.6;-20.800001
1521664317789;1.0;13.8;2.4;-2.4;21.6;-20.800001
1521664317800;1.0;13.8;2.3;-2.4;21.6;-20.800001
1521664317829;1.1;13.8;2.4;-2.4;21.6;-20.800001
1521664317840;1.1;13.900001;2.4;-2.4;21.6;-20.800001
1521664317862;1.0;13.900001;2.4;-2.4;21.6;-20.800001
1521664317871;1.1;13.900001;2.4;-2.4;21.6;-20.800001
1521664317884;1.0;13.900001;2.4;-2.4;21.6;-20.800001
1521664317922;1.1;13.900001;2.4;-2.4;21.6;-20.800001
1521664317988;1.0;13.900001;2.4;-2.4;21.6;-20.800001
1521664317999;1.1;13.900001;2.4;-2.4;21.6;-20.800001
1521664318029;1.0;13.900001;2.5;-2.4;21.6;-20.800001
1521664318050;1.0;13.900001;2.4;-2.4;21.6;-20.800001
1521664318069;1.1;13.8;2.3;-2.4;21.6;-20.800001
1521664318081;1.1;13.8;2.4;-2.4;21.6;-20.800001
1521664318089;1.0;13.8;2.4;-2.4;21.6;-20.800001
1521664318101;1.0;13.7;2.5;-2.4;21.6;-20.800001
1521664318110;1.0;13.7;2.4;-2.4;21.6;-20.800001
1521664318169;0.90000004;13.7;2.5;-2.4;21.6;-20.800001
1521664318189;0.90000004;13.8;2.5;-2.4;21.6;-20.800001
1521664318200;0.90000004;13.7;2.5;-2.4;21.6;-20.800001
1521664318220;0.8;13.7;2.4;-2.4;21.6;-20.800001
1521664318230;0.8;13.7;2.5;-2.4;21.6;-20.800001
1521664318242;0.8;13.7;2.4;-2.4;21.6;-20.800001
1521664318260;0.8;13.7;2.5;-2.4;21.6;-20.800001
1521664318269;0.8;13.7;2.4;-2.4;21.6;-20.800001
1521664318280;0.8;13.8;2.4;-2.4;21.6;-20.800001
1521664318289;0.8;13.7;2.5;-2.4;21.6;-20.800001
1521664318300;0.7;13.8;2.4;-2.4;21.6;-20.800001
1521664318330;0.7;13.7;2.4;-2.4;21.6;-20.800001
1521664318365;0.7;13.8;2.5;-2.4;21.6;-20.800001
1521664318388;0.7;13.8;2.4;-2.4;21.6;-20.800001
1521664318409;0.7;13.8;2.5;-2.4;21.6;-20.800001
1521664318432;0.7;13.8;2.4;-2.4;21.6;-20.800001
1521664318441;0.7;13.8;2.5;-2.4;21.6;-20.800001
1521664318469;0.8;13.8;2.4;-2.4;21.6;-20.800001
1521664318480;0.8;13.8;2.5;-2.4;21.6;-20.800001
1521664318489;0.90000004;13.8;2.5;-2.4;21.6;-20.800001
1521664318509;0.90000004;13.900001;2.5;-2.4;21.6;-20.800001
1521664318520;0.90000004;13.900001;2.6000001;-2.4;21.6;-20.800001
1521664318541;0.90000004;14.0;2.6000001;-2.4;21.6;-20.800001
1521664318570;0.8;14.0;2.6000001;-2.4;21.6;-20.800001
1521664318582;0.90000004;14.0;2.6000001;-2.4;21.6;-20.800001
1521664318600;0.90000004;14.0;2.7;-2.4;21.6;-20.800001
1521664318610;0.90000004;14.1;2.7;-2.4;21.6;-20.800001
1521664318680;0.8;14.3;2.7;-2.4;21.6;-20.800001
1521664318708;0.8;14.400001;2.8;-2.4;21.6;-20.800001
1521664318729;0.8;14.5;2.8;-2.4;21.6;-20.800001
1521664318749;0.7;14.6;2.8;-2.4;21.6;-20.800001
1521664318763;0.7;14.7;2.8;-2.4;21.6;-20.800001
1521664318769;0.6;14.8;2.9;-2.4;21.6;-20.800001
1521664318789;0.6;14.900001;2.9;-2.4;21.6;-20.800001
1521664318800;0.6;14.900001;2.8;-2.4;21.6;-20.800001
1521664318809;0.5;15.0;2.8;-2.4;21.6;-20.800001
1521664318821;0.5;15.1;2.8;-2.4;21.6;-20.800001
1521664318841;0.5;15.1;2.9;-2.4;21.6;-20.800001
1521664318849;0.6;15.2;2.9;-2.4;21.6;-20.800001
1521664318861;0.6;15.3;2.9;-2.4;21.6;-20.800001
1521664318881;0.7;15.400001;2.9;-2.4;21.6;-20.800001
1521664318901;0.6;15.6;2.9;-2.4;21.6;-20.800001
1521664318909;0.6;15.6;3.0;-2.4;21.6;-20.800001
1521664318920;0.6;15.7;2.9;-2.4;21.6;-20.800001
1521664318929;0.6;15.7;3.0;-2.4;21.6;-20.800001
1521664318943;0.6;15.8;3.0;-2.4;21.6;-20.800001
1521664318953;0.6;15.900001;3.0;-2.4;21.6;-20.800001
1521664318971;0.6;15.900001;3.1000001;-2.4;21.6;-20.800001
1521664318980;0.7;16.0;3.1000001;-2.4;21.6;-20.800001
1521664319000;0.7;16.0;3.2;-2.4;21.6;-20.800001
1521664319009;0.7;16.1;3.1000001;-2.4;21.6;-20.800001
1521664319029;0.7;16.2;3.1000001;-2.4;21.6;-20.800001
1521664319071;0.8;16.2;3.1000001;-2.4;21.6;-20.800001
1521664319100;0.7;16.300001;3.3;-2.4;21.6;-20.800001
1521664319122;0.8;16.300001;3.3;-2.4;21.6;-20.800001
1521664319129;0.7;16.300001;3.3;-2.4;21.6;-20.800001
1521664319141;0.8;16.300001;3.3;-2.4;21.6;-20.800001
1521664319149;0.7;16.300001;3.3;-2.4;21.6;-20.800001
1521664319210;0.7;16.300001;3.2;-2.4;21.6;-20.800001
1521664319220;0.7;16.300001;3.3;-2.4;21.6;-20.800001
1521664319249;0.7;16.2;3.3;-2.4;21.6;-20.800001
1521664319263;0.8;16.2;3.3;-2.4;21.6;-20.800001
1521664319271;0.7;16.2;3.3;-2.4;21.6;-20.800001
1521664319281;0.8;16.2;3.3;-2.4;21.6;-20.800001
1521664319351;0.8;16.2;3.2;-2.4;21.6;-20.800001
1521664319389;0.8;16.2;3.1000001;-2.4;21.6;-20.800001
1521664319429;0.8;16.1;3.2;-2.4;21.6;-20.800001
1521664319440;0.8;16.1;3.1000001;-2.4;21.6;-20.800001
1521664319451;0.8;16.1;3.2;-2.4;21.6;-20.800001
1521664319460;0.8;16.1;3.1000001;-2.4;21.6;-20.800001
1521664319481;0.8;16.1;3.2;-2.4;21.6;-20.800001
1521664319489;0.8;16.1;3.1000001;-2.4;21.6;-20.800001
1521664319499;0.90000004;16.0;3.1000001;-2.4;21.6;-20.800001
1521664319510;0.8;16.0;3.1000001;-2.4;21.6;-20.800001
1521664319520;0.8;16.0;3.2;-2.4;21.6;-20.800001
1521664319561;0.8;16.0;3.1000001;-2.4;21.6;-20.800001
1521664319570;0.7;16.0;3.1000001;-2.4;21.6;-20.800001
1521664319583;0.7;16.0;3.0;-2.4;21.6;-20.800001
1521664319590;0.7;16.0;3.1000001;-2.4;21.6;-20.800001
1521664319641;0.7;16.0;3.2;-2.4;21.6;-20.800001
1521664319689;0.6;16.0;3.2;-2.4;21.6;-20.800001
1521664319703;0.7;15.900001;3.1000001;-2.4;21.6;-20.800001
1521664319709;0.7;15.900001;3.2;-2.4;21.6;-20.800001
1521664319728;0.6;16.0;3.1000001;-2.4;21.6;-20.800001
1521664319748;0.6;16.0;3.2;-2.4;21.6;-20.800001
1521664319769;0.6;16.0;3.3;-2.4;21.6;-20.800001
1521664319803;0.6;16.0;3.4;-2.4;21.6;-20.800001
1521664319810;0.6;16.0;3.3;-2.4;21.6;-20.800001
1521664319850;0.7;16.0;3.4;-2.4;21.6;-20.800001
1521664319862;0.6;16.0;3.4;-2.4;21.6;-20.800001
1521664319883;0.6;16.0;3.5;-2.4;21.6;-20.800001
1521664319952;0.6;16.0;3.6000001;-2.4;21.6;-20.800001
1521664319961;0.6;16.0;3.5;-2.4;21.6;-20.800001
1521664319970;0.6;16.0;3.6000001;-2.4;21.6;-20.800001
1521664319982;0.6;16.0;3.5;-2.4;21.6;-20.800001
1521664320023;0.6;16.0;3.4;-2.4;21.6;-20.800001
1521664320029;0.6;16.0;3.5;-2.4;21.6;-20.800001
1521664320040;0.6;16.0;3.4;-2.4;21.6;-20.800001
1521664320069;0.6;16.0;3.3;-2.4;21.6;-20.800001
1521664320109;0.6;16.0;3.1000001;-2.4;21.6;-20.800001
1521664320119;0.5;16.0;3.2;-2.4;21.6;-20.800001
1521664320140;0.5;16.0;3.1000001;-2.4;21.6;-20.800001
1521664320149;0.4;16.0;3.1000001;-2.4;21.6;-20.800001
1521664320169;0.5;16.0;3.1000001;-2.4;21.6;-20.800001
1521664320200;0.5;15.900001;3.1000001;-2.4;21.6;-20.800001
1521664320209;0.5;15.900001;3.0;-2.4;21.6;-20.800001
1521664320220;0.5;16.0;3.1000001;-2.4;21.6;-20.800001
1521664320229;0.5;16.0;3.0;-2.4;21.6;-20.800001
1521664320240;0.5;15.900001;3.0;-2.4;21.6;-20.800001
1521664320260;0.6;15.900001;3.0;-2.4;21.6;-20.800001
1521664320269;0.6;15.8;3.0;-2.4;21.6;-20.800001
1521664320280;0.6;15.8;3.1000001;-2.4;21.6;-20.800001
1521664320324;0.7;15.7;3.1000001;-2.4;21.6;-20.800001
1521664320331;0.7;15.7;3.0;-2.4;21.6;-20.800001
1521664320342;0.7;15.7;3.1000001;-2.4;21.6;-20.800001
1521664320351;0.7;15.7;3.0;-2.4;21.6;-20.800001
1521664320373;0.7;15.6;3.0;-2.4;21.6;-20.800001
1521664320420;0.8;15.5;3.0;-2.4;21.6;-20.800001
1521664320440;0.90000004;15.5;3.0;-2.4;21.6;-20.800001
1521664320471;0.90000004;15.400001;3.0;-2.4;21.6;-20.800001
1521664320502;0.90000004;15.5;3.1000001;-2.4;21.6;-20.800001
1521664320509;1.0;15.400001;3.1000001;-2.4;21.6;-20.800001
1521664320529;1.1;15.400001;3.1000001;-2.4;21.6;-20.800001
1521664320550;1.1;15.400001;3.2;-2.4;21.6;-20.800001
1521664320580;1.1;15.400001;3.1000001;-2.4;21.6;-20.800001
1521664320589;1.1;15.400001;3.0;-2.4;21.6;-20.800001
1521664320603;1.1;15.400001;3.1000001;-2.4;21.6;-20.800001
1521664320670;0.90000004;15.6;3.3;-2.4;21.6;-20.800001
1521664320680;0.8;15.7;3.3;-2.4;21.6;-20.800001
1521664320708;0.7;15.8;3.5;-2.4;21.6;-20.800001
1521664320719;0.7;15.900001;3.5;-2.4;21.6;-20.800001
1521664320729;0.6;15.900001;3.5;-2.4;21.6;-20.800001
1521664320740;0.6;16.0;3.5;-2.4;21.6;-20.800001
1521664320749;0.6;16.0;3.6000001;-2.4;21.6;-20.800001
1521664320759;0.5;16.1;3.6000001;-2.4;21.6;-20.800001
1521664320768;0.4;16.1;3.7;-2.4;21.6;-20.800001
1521664320781;0.4;16.2;3.7;-2.4;21.6;-20.800001
1521664320789;0.3;16.300001;3.8;-2.4;21.6;-20.800001
1521664320800;0.3;16.300001;3.7;-2.4;21.6;-20.800001
1521664320810;0.2;16.4;3.7;-2.4;21.6;-20.800001
1521664320830;0.1;16.4;3.7;-2.4;21.6;-20.800001
1521664320841;0.1;16.5;3.6000001;-2.4;21.6;-20.800001
1521664320861;0.0;16.5;3.6000001;-2.4;21.6;-20.800001
1521664320869;0.0;16.5;3.7;-2.4;21.6;-20.800001
1521664320891;0.0;16.5;3.6000001;-2.4;21.6;-20.800001
1521664320902;0.0;16.5;3.7;-2.4;21.6;-20.800001
1521664320921;0.0;16.6;3.8;-2.4;21.6;-20.800001
1521664320930;0.1;16.5;3.8;-2.4;21.6;-20.800001
1521664320941;0.1;16.6;3.8;-2.4;21.6;-20.800001
1521664320950;0.1;16.6;3.9;-2.4;21.6;-20.800001
1521664320972;0.1;16.6;3.8;-2.4;21.6;-20.800001
1521664320988;0.1;16.6;4.1;-2.4;21.6;-20.800001
1521664321009;0.1;16.6;4.0;-2.4;21.6;-20.800001
1521664321040;0.1;16.6;4.1;-2.4;21.6;-20.800001
1521664321060;0.1;16.7;4.1;-2.4;21.6;-20.800001
1521664321070;0.1;16.7;4.0;-2.4;21.6;-20.800001
1521664321081;0.0;16.7;4.0;-2.4;21.6;-20.800001
1521664321090;0.0;16.7;4.1;-2.4;21.6;-20.800001
1521664321100;0.0;16.7;4.2000003;-2.4;21.6;-20.800001
1521664321130;0.0;16.7;4.3;-2.4;21.6;-20.800001
1521664321148;-0.1;16.800001;4.4;-2.4;21.6;-20.800001
1521664321160;0.0;16.800001;4.3;-2.4;21.6;-20.800001
1521664321172;-0.1;16.800001;4.3;-2.4;21.6;-20.800001
1521664321189;0.0;16.800001;4.3;-2.4;21.6;-20.800001
1521664321209;0.0;16.7;4.2000003;-2.4;21.6;-20.800001
1521664321220;0.0;16.7;4.1;-2.4;21.6;-20.800001
1521664321229;0.0;16.7;4.2000003;-2.4;21.6;-20.800001
1521664321240;0.0;16.6;4.1;-2.4;21.6;-20.800001
1521664321249;0.1;16.6;4.1;-2.4;21.6;-20.800001
1521664321269;0.1;16.6;4.2000003;-2.4;21.6;-20.800001
1521664321280;0.1;16.6;4.1;-2.4;21.6;-20.800001
1521664321288;0.0;16.6;4.1;-2.4;21.6;-20.800001
1521664321299;0.0;16.7;4.1;-2.4;21.6;-20.800001
1521664321329;0.0;16.6;4.1;-2.4;21.6;-20.800001
1521664321369;0.0;16.6;4.2000003;-2.4;21.6;-20.800001
1521664321388;0.0;16.5;4.0;-2.4;21.6;-20.800001
1521664321400;0.1;16.5;4.1;-2.4;21.6;-20.800001
1521664321460;0.0;16.6;4.2000003;-2.4;21.6;-20.800001
1521664321469;0.0;16.7;4.2000003;-2.4;21.6;-20.800001
1521664321481;0.0;16.7;4.3;-2.4;21.6;-20.800001
1521664321491;-0.1;16.800001;4.3;-2.4;21.6;-20.800001
1521664321500;-0.2;16.800001;4.4;-2.4;21.6;-20.800001
1521664321509;-0.2;16.9;4.5;-2.4;21.6;-20.800001
1521664321520;-0.3;16.9;4.5;-2.4;21.6;-20.800001
1521664321529;-0.3;17.0;4.5;-2.4;21.6;-20.800001
1521664321540;-0.4;17.0;4.6;-2.4;21.6;-20.800001
1521664321553;-0.4;17.1;4.5;-2.4;21.6;-20.800001
1521664321562;-0.5;17.0;4.5;-2.4;21.6;-20.800001
1521664321571;-0.4;17.0;4.5;-2.4;21.6;-20.800001
1521664321582;-0.5;17.0;4.5;-2.4;21.6;-20.800001
1521664321591;-0.4;17.0;4.5;-2.4;21.6;-20.800001
1521664321611;-0.4;16.9;4.6;-2.4;21.6;-20.800001
1521664321622;-0.4;16.9;4.5;-2.4;21.6;-20.800001
1521664321630;-0.4;16.9;4.6;-2.4;21.6;-20.800001
1521664321689;-0.3;16.9;4.6;-2.4;21.6;-20.800001
1521664321700;-0.3;16.9;4.7000003;-2.4;21.6;-20.800001
1521664321711;-0.3;16.800001;4.6;-2.4;21.6;-20.800001
1521664321729;-0.1;16.7;4.5;-2.4;21.6;-20.800001
1521664321740;0.0;16.6;4.5;-2.4;21.6;-20.800001
1521664321749;0.0;16.6;4.4;-2.4;21.6;-20.800001
1521664321760;0.1;16.5;4.4;-2.4;21.6;-20.800001
1521664321769;0.2;16.4;4.3;-2.4;21.6;-20.800001
1521664321791;0.2;16.300001;4.3;-2.4;21.6;-20.800001
1521664321803;0.3;16.300001;4.3;-2.4;21.6;-20.800001
1521664321810;0.4;16.2;4.2000003;-2.4;21.6;-20.800001
1521664321821;0.5;16.2;4.3;-2.4;21.6;-20.800001
1521664321831;0.5;16.1;4.2000003;-2.4;21.6;-20.800001
1521664321843;0.6;16.0;4.1;-2.4;21.6;-20.800001
1521664321852;0.7;16.0;4.1;-2.4;21.6;-20.800001
1521664321862;0.7;15.900001;4.0;-2.4;21.6;-20.800001
1521664321872;0.8;15.900001;4.0;-2.4;21.6;-20.800001
1521664321883;0.90000004;15.8;4.0;-2.4;21.6;-20.800001
1521664321890;1.0;15.8;3.9;-2.4;21.6;-20.800001
1521664321901;1.0;15.7;3.8;-2.4;21.6;-20.800001
1521664321910;1.1;15.6;3.8;-2.4;21.6;-20.800001
1521664321924;1.2;15.6;3.8;-2.4;21.6;-20.800001
1521664321933;1.2;15.5;3.7;-2.4;21.6;-20.800001
1521664321942;1.3000001;15.400001;3.7;-2.4;21.6;-20.800001
1521664321949;1.4;15.400001;3.7;-2.4;21.6;-20.800001
1521664321961;1.4;15.3;3.5;-2.4;21.6;-20.800001
1521664322000;1.4;15.3;3.4;-2.4;21.6;-20.800001
1521664322008;1.4;15.400001;3.6000001;-2.4;21.6;-20.800001
1521664322021;1.3000001;15.400001;3.7;-2.4;21.6;-20.800001
1521664322029;1.3000001;15.5;3.7;-2.4;21.6;-20.800001
1521664322040;1.2;15.6;3.8;-2.4;21.6;-20.800001
1521664322049;1.2;15.7;3.8;-2.4;21.6;-20.800001
1521664322069;1.1;15.8;3.9;-2.4;21.6;-20.800001
1521664322080;1.1;15.8;3.8;-2.4;21.6;-20.800001
1521664322090;1.1;15.900001;3.9;-2.4;21.6;-20.800001
1521664322110;1.0;16.0;4.0;-2.4;21.6;-20.800001
1521664322130;0.90000004;16.1;4.0;-2.4;21.6;-20.800001
1521664322142;0.8;16.1;4.1;-2.4;21.6;-20.800001
1521664322150;0.8;16.2;4.1;-2.4;21.6;-20.800001
1521664322160;0.8;16.2;4.2000003;-2.4;21.6;-20.800001
1521664322169;0.7;16.300001;4.3;-2.4;21.6;-20.800001
1521664322189;0.6;16.4;4.4;-2.4;21.6;-20.800001
1521664322200;0.6;16.4;4.3;-2.4;21.6;-20.800001
1521664322220;0.5;16.4;4.2000003;-2.4;21.6;-20.800001
1521664322240;0.6;16.4;4.2000003;-2.4;21.6;-20.800001
1521664322249;0.5;16.4;4.2000003;-2.4;21.6;-20.800001
1521664322261;0.6;16.4;4.2000003;-2.4;21.6;-20.800001
1521664322270;0.6;16.300001;4.2000003;-2.4;21.6;-20.800001
1521664322280;0.6;16.4;4.2000003;-2.4;21.6;-20.800001
1521664322289;0.7;16.4;4.2000003;-2.4;21.6;-20.800001
1521664322300;0.7;16.4;4.1;-2.4;21.6;-20.800001
1521664322320;0.6;16.300001;4.0;-2.4;21.6;-20.800001
1521664322330;0.6;16.4;4.1;-2.4;21.6;-20.800001
1521664322351;0.6;16.300001;4.2000003;-2.4;21.6;-20.800001
1521664322362;0.7;16.300001;4.2000003;-2.4;21.6;-20.800001
1521664322376;0.6;16.300001;4.2000003;-2.4;21.6;-20.800001
1521664322382;0.6;16.300001;4.3;-2.4;21.6;-20.800001
1521664322389;0.6;16.300001;4.4;-2.4;21.6;-20.800001
1521664322400;0.6;16.300001;4.3;-2.4;21.6;-20.800001
1521664322420;0.6;16.300001;4.4;-2.4;21.6;-20.800001
1521664322440;0.6;16.300001;4.5;-2.4;21.6;-20.800001
1521664322500;0.5;16.4;4.6;-2.4;21.6;-20.800001
1521664322520;0.5;16.4;4.7000003;-2.4;21.6;-20.800001
1521664322531;0.5;16.4;4.6;-2.4;21.6;-20.800001
1521664322543;0.6;16.300001;4.7000003;-2.4;21.6;-20.800001
1521664322572;0.6;16.300001;4.8;-2.4;21.6;-20.800001
1521664322581;0.5;16.300001;4.8;-2.4;21.6;-20.800001
1521664322589;0.6;16.300001;4.8;-2.4;21.6;-20.800001
1521664322600;0.6;16.2;4.8;-2.4;21.6;-20.800001
1521664322609;0.7;16.2;4.7000003;-2.4;21.6;-20.800001
1521664322620;0.8;16.1;4.7000003;-2.4;21.6;-20.800001
1521664322629;0.8;16.1;4.6;-2.4;21.6;-20.800001
1521664322689;1.0;15.8;4.4;-2.4;21.6;-20.800001
1521664322699;1.1;15.8;4.3;-2.4;21.6;-20.800001
1521664322720;1.2;15.7;4.2000003;-2.4;21.6;-20.800001
1521664322740;1.3000001;15.6;4.0;-2.4;21.6;-20.800001
1521664322749;1.3000001;15.6;3.9;-2.4;21.6;-20.800001
1521664322760;1.4;15.5;3.9;-2.4;21.6;-20.800001
1521664322768;1.4;15.5;3.8;-2.4;21.6;-20.800001
1521664322780;1.5;15.400001;3.7;-2.4;21.6;-20.800001
1521664322790;1.6;15.400001;3.6000001;-2.4;21.6;-20.800001
1521664322802;1.6;15.3;3.6000001;-2.4;21.6;-20.800001
1521664322821;1.7;15.3;3.6000001;-2.4;21.6;-20.800001
1521664322851;1.6;15.3;3.6000001;-2.4;21.6;-20.800001
1521664322873;1.7;15.3;3.5;-2.4;21.6;-20.800001
1521664322902;1.6;15.3;3.3;-2.4;21.6;-20.800001
1521664322929;1.7;15.3;3.2;-2.4;21.6;-20.800001
1521664322941;1.6;15.3;3.2;-2.4;21.6;-20.800001
1521664322949;1.6;15.3;3.3;-2.4;21.6;-20.800001
1521664322960;1.6;15.3;3.2;-2.4;21.6;-20.800001
1521664322980;1.7;15.2;3.0;-2.4;21.6;-20.800001
1521664322989;1.7;15.2;3.1000001;-2.4;21.6;-20.800001
1521664323000;1.6;15.2;3.2;-2.4;21.6;-20.800001
1521664323010;1.7;15.2;3.1000001;-2.4;21.6;-20.800001
1521664323029;1.6;15.2;3.1000001;-2.4;21.6;-20.800001
1521664323041;1.7;15.2;3.1000001;-2.4;21.6;-20.800001
1521664323051;1.6;15.2;3.2;-2.4;21.6;-20.800001
1521664323060;1.6;15.1;3.2;-2.4;21.6;-20.800001
1521664323109;1.5;15.1;3.1000001;-2.4;21.6;-20.800001
1521664323129;1.5;15.1;3.0;-2.4;21.6;-20.800001
1521664323141;1.5;15.1;3.1000001;-2.4;21.6;-20.800001
1521664323149;1.4;15.1;3.1000001;-2.4;21.6;-20.800001
1521664323160;1.4;15.1;3.0;-2.4;21.6;-20.800001
1521664323190;1.4;15.0;3.0;-2.4;21.6;-20.800001
1521664323200;1.3000001;15.1;3.1000001;-2.4;21.6;-20.800001
1521664323221;1.3000001;15.1;3.2;-2.4;21.6;-20.800001
1521664323230;1.2;15.1;3.2;-2.4;21.6;-20.800001
1521664323241;1.2;15.1;3.1000001;-2.4;21.6;-20.800001
1521664323250;1.2;15.1;3.2;-2.4;21.6;-20.800001
1521664323261;1.2;15.1;3.3;-2.4;21.6;-20.800001
1521664323271;1.2;15.1;3.2;-2.4;21.6;-20.800001
1521664323283;1.1;15.1;3.3;-2.4;21.6;-20.800001
1521664323293;1.2;15.0;3.3;-2.4;21.6;-20.800001
1521664323302;1.2;15.0;3.2;-2.4;21.6;-20.800001
1521664323309;1.1;15.0;3.3;-2.4;21.6;-20.800001
1521664323321;1.1;15.1;3.3;-2.4;21.6;-20.800001
1521664323341;1.0;15.1;3.3;-2.4;21.6;-20.800001
1521664323361;1.0;15.1;3.2;-2.4;21.6;-20.800001
1521664323399;1.0;15.0;3.3;-2.4;21.6;-20.800001
1521664323429;1.0;15.0;3.4;-2.4;21.6;-20.800001
1521664323471;1.0;15.1;3.5;-2.4;21.6;-20.800001
1521664323491;1.0;15.1;3.4;-2.4;21.6;-20.800001
1521664323509;1.0;15.0;3.4;-2.4;21.6;-20.800001
1521664323550;1.0;15.0;3.3;-2.4;21.6;-20.800001
1521664323560;1.0;15.0;3.2;-2.4;21.6;-20.800001
1521664323581;0.90000004;15.0;3.2;-2.4;21.6;-20.800001
1521664323592;0.90000004;15.0;3.1000001;-2.4;21.6;-20.800001
1521664323605;0.8;15.0;3.1000001;-2.4;21.6;-20.800001
1521664323613;0.90000004;15.0;3.1000001;-2.4;21.6;-20.800001
1521664323622;0.90000004;15.0;3.0;-2.4;21.6;-20.800001
1521664323630;0.90000004;15.0;3.1000001;-2.4;21.6;-20.800001
1521664323708;0.8;15.0;3.1000001;-2.4;21.6;-20.800001
1521664323720;0.8;15.1;3.0;-2.4;21.6;-20.800001
1521664323749;0.8;15.1;2.9;-2.4;21.6;-20.800001
1521664323760;0.8;15.1;3.0;-2.4;21.6;-20.800001
1521664323769;0.8;15.1;2.9;-2.4;21.6;-20.800001
1521664323791;0.8;15.1;3.0;-2.4;21.6;-20.800001
1521664323803;0.8;15.1;2.9;-2.4;21.6;-20.800001
1521664323809;0.8;15.1;3.0;-2.4;21.6;-20.800001
1521664323830;0.8;15.2;3.0;-2.4;21.6;-20.800001
1521664323841;0.8;15.2;3.1000001;-2.4;21.6;-20.800001
1521664323849;0.7;15.2;3.1000001;-2.4;21.6;-20.800001
1521664323883;0.7;15.2;3.2;-2.4;21.6;-20.800001
1521664323909;0.7;15.2;3.3;-2.4;21.6;-20.800001
1521664323933;0.7;15.2;3.2;-2.4;21.6;-20.800001
1521664323949;0.6;15.3;3.2;-2.4;21.6;-20.800001
1521664323961;0.6;15.2;3.1000001;-2.4;21.6;-20.800001
1521664323970;0.6;15.2;3.2;-2.4;21.6;-20.800001
1521664323980;0.6;15.2;3.1000001;-2.4;21.6;-20.800001
1521664323989;0.6;15.2;3.2;-2.4;21.6;-20.800001
1521664324020;0.6;15.2;3.3;-2.4;21.6;-20.800001
1521664324090;0.6;15.2;3.2;-2.4;21.6;-20.800001
1521664324102;0.6;15.1;3.2;-2.4;21.6;-20.800001
1521664324120;0.6;15.1;3.1000001;-2.4;21.6;-20.800001
1521664324150;0.7;15.0;3.0;-2.4;21.6;-20.800001
1521664324170;0.7;15.0;2.9;-2.4;21.6;-20.800001
1521664324181;0.7;15.0;2.8;-2.4;21.6;-20.800001
1521664324204;0.6;15.0;2.8;-2.4;21.6;-20.800001
1521664324214;0.6;15.0;2.7;-2.4;21.6;-20.800001
1521664324220;0.6;15.0;2.8;-2.4;21.6;-20.800001
1521664324229;0.6;15.0;2.7;-2.4;21.6;-20.800001
1521664324249;0.6;15.0;2.8;-2.4;21.6;-20.800001
1521664324290;0.6;15.0;2.7;-2.4;21.6;-20.800001
1521664324301;0.6;15.0;2.6000001;-2.4;21.6;-20.800001
1521664324310;0.6;14.900001;2.6000001;-2.4;21.6;-20.800001
1521664324329;0.6;14.900001;2.7;-2.4;21.6;-20.800001
1521664324340;0.6;14.900001;2.6000001;-2.4;21.6;-20.800001
1521664324352;0.6;14.900001;2.7;-2.4;21.6;-20.800001
1521664324380;0.6;15.0;2.7;-2.4;21.6;-20.800001
1521664324394;0.6;14.900001;2.8;-2.4;21.6;-20.800001
1521664324480;0.6;14.900001;2.9;-2.4;21.6;-20.800001
1521664324501;0.7;14.900001;2.9;-2.4;21.6;-20.800001
1521664324509;0.7;14.900001;2.8;-2.4;21.6;-20.800001
1521664324520;0.6;14.900001;2.8;-2.4;21.6;-20.800001
1521664324531;0.6;14.900001;2.9;-2.4;21.6;-20.800001
1521664324549;0.6;14.900001;2.8;-2.4;21.6;-20.800001
1521664324562;0.7;14.900001;2.8;-2.4;21.6;-20.800001
1521664324602;0.7;14.900001;2.9;-2.4;21.6;-20.800001
1521664324624;0.6;14.900001;2.9;-2.4;21.6;-20.800001
1521664324634;0.5;15.0;2.9;-2.4;21.6;-20.800001
1521664324680;0.4;15.0;2.8;-2.4;21.6;-20.800001
1521664324690;0.4;15.0;2.6000001;-2.4;21.6;-20.800001
1521664324702;0.4;15.0;2.7;-2.4;21.6;-20.800001
1521664324710;0.3;15.0;2.7;-2.4;21.6;-20.800001
1521664324729;0.3;15.1;2.7;-2.4;21.6;-20.800001
1521664324740;0.2;15.1;2.7;-2.4;21.6;-20.800001
1521664324760;0.2;15.1;2.6000001;-2.4;21.6;-20.800001
1521664324769;0.2;15.1;2.7;-2.4;21.6;-20.800001
1521664324780;0.3;15.1;2.7;-2.4;21.6;-20.800001
1521664324790;0.2;15.1;2.7;-2.4;21.6;-20.800001
1521664324810;0.2;15.2;2.8;-2.4;21.6;-20.800001
1521664324862;0.1;15.3;2.8;-2.4;21.6;-20.800001
1521664324870;0.2;15.3;2.9;-2.4;21.6;-20.800001
1521664324907;0.2;15.3;2.8;-2.4;21.6;-20.800001
1521664324930;0.3;15.3;2.8;-2.4;21.6;-20.800001
1521664324940;0.3;15.3;2.7;-2.4;21.6;-20.800001
1521664324950;0.3;15.400001;2.8;-2.4;21.6;-20.800001
1521664324972;0.3;15.400001;2.7;-2.4;21.6;-20.800001
1521664324982;0.3;15.400001;2.8;-2.4;21.6;-20.800001
1521664325048;0.4;15.400001;2.8;-2.4;21.6;-20.800001
1521664325060;0.3;15.400001;2.9;-2.4;21.6;-20.800001
1521664325069;0.3;15.5;2.9;-2.4;21.6;-20.800001
1521664325080;0.2;15.5;3.0;-2.4;21.6;-20.800001
1521664325092;0.2;15.6;3.1000001;-2.4;21.6;-20.800001
1521664325100;0.2;15.7;3.1000001;-2.4;21.6;-20.800001
1521664325108;0.1;15.7;3.2;-2.4;21.6;-20.800001
1521664325120;0.1;15.8;3.2;-2.4;21.6;-20.800001
1521664325129;0.1;15.8;3.1000001;-2.4;21.6;-20.800001
1521664325140;0.0;15.8;3.2;-2.4;21.6;-20.800001
1521664325149;0.0;15.900001;3.3;-2.4;21.6;-20.800001
1521664325160;0.0;15.900001;3.4;-2.4;21.6;-20.800001
1521664325169;0.0;16.0;3.5;-2.4;21.6;-20.800001
1521664325180;-0.1;16.0;3.4;-2.4;21.6;-20.800001
1521664325189;-0.2;16.1;3.5;-2.4;21.6;-20.800001
1521664325209;-0.2;16.2;3.6000001;-2.4;21.6;-20.800001
1521664325221;-0.3;16.2;3.7;-2.4;21.6;-20.800001
1521664325229;-0.3;16.300001;3.7;-2.4;21.6;-20.800001
1521664325241;-0.4;16.300001;3.8;-2.4;21.6;-20.800001
1521664325263;-0.4;16.4;3.9;-2.4;21.6;-20.800001
1521664325271;-0.4;16.5;3.9;-2.4;21.6;-20.800001
1521664325291;-0.5;16.5;4.0;-2.4;21.6;-20.800001
1521664325307;-0.5;16.6;4.0;-2.4;21.6;-20.800001
1521664325330;-0.5;16.6;3.9;-2.4;21.6;-20.800001
1521664325362;-0.5;16.6;3.8;-2.4;21.6;-20.800001
1521664325377;-0.4;16.5;3.8;-2.4;21.6;-20.800001
1521664325389;-0.3;16.4;3.8;-2.4;21.6;-20.800001
1521664325402;-0.2;16.300001;3.6000001;-2.4;21.6;-20.800001
1521664325409;-0.1;16.300001;3.7;-2.4;21.6;-20.800001
1521664325420;-0.1;16.2;3.6000001;-2.4;21.6;-20.800001
1521664325430;0.0;16.1;3.5;-2.4;21.6;-20.800001
1521664325441;0.0;16.0;3.4;-2.4;21.6;-20.800001
1521664325450;0.1;16.0;3.3;-2.4;21.6;-20.800001
1521664325461;0.1;15.900001;3.2;-2.4;21.6;-20.800001
1521664325470;0.1;15.900001;3.1000001;-2.4;21.6;-20.800001
1521664325480;0.2;15.8;3.2;-2.4;21.6;-20.800001
1521664325491;0.3;15.7;3.1000001;-2.4;21.6;-20.800001
1521664325502;0.3;15.7;3.0;-2.4;21.6;-20.800001
1521664325510;0.4;15.6;2.8;-2.4;21.6;-20.800001
1521664325522;0.4;15.5;2.7;-2.4;21.6;-20.800001
1521664325532;0.5;15.400001;2.7;-2.4;21.6;-20.800001
1521664325542;0.5;15.400001;2.5;-2.4;21.6;-20.800001
1521664325551;0.5;15.3;2.5;-2.4;21.6;-20.800001
1521664325562;0.6;15.3;2.5;-2.4;21.6;-20.800001
1521664325570;0.6;15.2;2.5;-2.4;21.6;-20.800001
1521664325581;0.7;15.2;2.4;-2.4;21.6;-20.800001
1521664325591;0.7;15.1;2.4;-2.4;21.6;-20.800001
1521664325602;0.8;15.0;2.3;-2.4;21.6;-20.800001
1521664325621;0.8;14.900001;2.3;-2.4;21.6;-20.800001
1521664325689;0.8;14.900001;2.2;-2.4;21.6;-20.800001
1521664325710;0.8;14.900001;2.0;-2.4;21.6;-20.800001
1521664325729;0.8;14.900001;2.1000001;-2.4;21.6;-20.800001
1521664325740;0.90000004;14.900001;2.1000001;-2.4;21.6;-20.800001
1521664325749;0.90000004;14.900001;2.2;-2.4;21.6;-20.800001
1521664325768;0.8;14.900001;2.1000001;-2.4;21.6;-20.800001
1521664325821;0.8;14.900001;2.2;-2.4;21.6;-20.800001
1521664325851;0.90000004;14.900001;2.2;-2.4;21.6;-20.800001
1521664325862;0.90000004;14.900001;2.3;-2.4;21.6;-20.800001
1521664325883;0.90000004;14.900001;2.4;-2.4;21.6;-20.800001
1521664325893;0.90000004;14.900001;2.3;-2.4;21.6;-20.800001
1521664325921;1.0;14.900001;2.3;-2.4;21.6;-20.800001
1521664325963;1.1;14.900001;2.4;-2.4;21.6;-20.800001
1521664325972;1.1;14.900001;2.5;-2.4;21.6;-20.800001
1521664326000;1.0;14.900001;2.5;-2.4;21.6;-20.800001
1521664326009;1.0;14.900001;2.4;-2.4;21.6;-20.800001
1521664326049;1.0;14.8;2.4;-2.4;21.6;-20.800001
1521664326081;1.1;14.8;2.4;-2.4;21.6;-20.800001
1521664326093;1.1;14.8;2.5;-2.4;21.6;-20.800001
1521664326121;1.0;14.900001;2.5;-2.4;21.6;-20.800001
1521664326130;1.0;14.900001;2.6000001;-2.4;21.6;-20.800001
1521664326141;1.0;14.8;2.6000001;-2.4;21.6;-20.800001
1521664326150;1.0;14.8;2.5;-2.4;21.6;-20.800001
1521664326171;1.0;14.900001;2.6000001;-2.4;21.6;-20.800001
1521664326181;1.0;14.900001;2.5;-2.4;21.6;-20.800001
1521664326193;1.0;14.8;2.5;-2.4;21.6;-20.800001
1521664326200;0.90000004;14.900001;2.5;-2.4;21.6;-20.800001
1521664326241;0.90000004;14.8;2.5;-2.4;21.6;-20.800001
1521664326250;0.90000004;14.900001;2.5;-2.4;21.6;-20.800001
1521664326273;0.8;14.900001;2.5;-2.4;21.6;-20.800001
1521664326311;0.8;14.900001;2.6000001;-2.4;21.6;-20.800001
1521664326331;0.90000004;14.900001;2.7;-2.4;21.6;-20.800001
1521664326351;0.90000004;14.900001;2.6000001;-2.4;21.6;-20.800001
1521664326361;0.8;14.900001;2.5;-2.4;21.6;-20.800001
1521664326370;0.8;14.900001;2.6000001;-2.4;21.6;-20.800001
1521664326397;0.8;15.0;2.6000001;-2.4;21.6;-20.800001
1521664326409;0.8;15.0;2.5;-2.4;21.6;-20.800001
1521664326449;0.7;15.0;2.5;-2.4;21.6;-20.800001
1521664326462;0.8;15.0;2.5;-2.4;21.6;-20.800001
1521664326469;0.7;15.0;2.4;-2.4;21.6;-20.800001
1521664326480;0.7;15.0;2.5;-2.4;21.6;-20.800001
1521664326489;0.7;15.0;2.6000001;-2.4;21.6;-20.800001
1521664326562;0.7;15.0;2.7;-2.4;21.6;-20.800001
1521664326580;0.7;15.0;2.6000001;-2.4;21.6;-20.800001
1521664326589;0.7;15.0;2.7;-2.4;21.6;-20.800001
1521664326609;0.7;15.0;2.6000001;-2.4;21.6;-20.800001
1521664326622;0.7;15.1;2.7;-2.4;21.6;-20.800001
1521664326630;0.6;15.0;2.6000001;-2.4;21.6;-20.800001
1521664326642;0.6;15.0;2.7;-2.4;21.6;-20.800001
1521664326650;0.6;15.0;2.8;-2.4;21.6;-20.800001
1521664326660;0.6;15.1;2.8;-2.4;21.6;-20.800001
1521664326711;0.6;15.1;2.9;-2.4;21.6;-20.800001
1521664326728;0.7;15.1;2.9;-2.4;21.6;-20.800001
1521664326740;0.6;15.1;2.9;-2.4;21.6;-20.800001
1521664326749;0.7;15.1;2.9;-2.4;21.6;-20.800001
1521664326769;0.7;15.0;2.9;-2.4;21.6;-20.800001
1521664326780;0.7;15.1;2.9;-2.4;21.6;-20.800001
1521664326789;0.7;15.0;3.0;-2.4;21.6;-20.800001
1521664326801;0.8;15.1;3.0;-2.4;21.6;-20.800001
1521664326809;0.7;15.1;3.0;-2.4;21.6;-20.800001
1521664326820;0.8;15.1;3.1000001;-2.4;21.6;-20.800001
1521664326842;0.8;15.1;3.0;-2.4;21.6;-20.800001
1521664326853;0.7;15.1;3.0;-2.4;21.6;-20.800001
1521664326874;0.7;15.0;2.8;-2.4;21.6;-20.800001
1521664326882;0.7;15.1;2.9;-2.4;21.6;-20.800001
1521664326990;0.7;15.1;2.8;-2.4;21.6;-20.800001
1521664327000;0.7;15.1;2.9;-2.4;21.6;-20.800001
1521664327009;0.7;15.1;2.8;-2.4;21.6;-20.800001
1521664327020;0.6;15.1;2.9;-2.4;21.6;-20.800001
1521664327040;0.7;15.2;2.9;-2.4;21.6;-20.800001
1521664327049;0.7;15.1;2.9;-2.4;21.6;-20.800001
1521664327060;0.6;15.1;3.0;-2.4;21.6;-20.800001
1521664327069;0.6;15.2;3.0;-2.4;21.6;-20.800001
1521664327081;0.7;15.1;2.9;-2.4;21.6;-20.800001
1521664327089;0.6;15.2;3.0;-2.4;21.6;-20.800001
1521664327122;0.6;15.2;2.9;-2.4;21.6;-20.800001
1521664327129;0.6;15.2;3.0;-2.4;21.6;-20.800001
1521664327140;0.7;15.2;3.0;-2.4;21.6;-20.800001
1521664327151;0.6;15.2;3.0;-2.4;21.6;-20.800001
1521664327161;0.7;15.2;3.0;-2.4;21.6;-20.800001
1521664327169;0.7;15.2;3.1000001;-2.4;21.6;-20.800001
1521664327190;0.6;15.2;3.2;-2.4;21.6;-20.800001
1521664327201;0.6;15.2;3.1000001;-2.4;21.6;-20.800001
1521664327211;0.6;15.2;3.2;-2.4;21.6;-20.800001
1521664327231;0.6;15.2;3.1000001;-2.4;21.6;-20.800001
1521664327260;0.5;15.2;3.2;-2.4;21.6;-20.800001
1521664327289;0.5;15.3;3.2;-2.4;21.6;-20.800001
1521664327302;0.5;15.3;3.3;-2.4;21.6;-20.800001
1521664327361;0.5;15.3;3.2;-2.4;21.6;-20.800001
1521664327383;0.5;15.3;3.4;-2.4;21.6;-20.800001
1521664327400;0.4;15.400001;3.4;-2.4;21.6;-20.800001
1521664327409;0.4;15.400001;3.5;-2.4;21.6;-20.800001
1521664327421;0.4;15.400001;3.4;-2.4;21.6;-20.800001
1521664327429;0.4;15.3;3.4;-2.4;21.6;-20.800001
1521664327460;0.4;15.400001;3.3;-2.4;21.6;-20.800001
1521664327469;0.4;15.400001;3.4;-2.4;21.6;-20.800001
1521664327480;0.4;15.400001;3.3;-2.4;21.6;-20.800001
1521664327500;0.4;15.3;3.3;-2.4;21.6;-20.800001
1521664327509;0.4;15.400001;3.3;-2.4;21.6;-20.800001
1521664327540;0.4;15.400001;3.2;-2.4;21.6;-20.800001
1521664327549;0.5;15.400001;3.2;-2.4;21.6;-20.800001
1521664327560;0.5;15.3;3.2;-2.4;21.6;-20.800001
1521664327580;0.5;15.3;3.1000001;-2.4;21.6;-20.800001
1521664327590;0.6;15.3;3.1000001;-2.4;21.6;-20.800001
1521664327601;0.5;15.3;3.1000001;-2.4;21.6;-20.800001
1521664327610;0.6;15.3;3.1000001;-2.4;21.6;-20.800001
1521664327633;0.5;15.3;3.0;-2.4;21.6;-20.800001
1521664327641;0.6;15.3;2.9;-2.4;21.6;-20.800001
1521664327650;0.5;15.3;2.9;-2.4;21.6;-20.800001
1521664327700;0.6;15.2;2.7;-2.4;21.6;-20.800001
1521664327712;0.6;15.3;2.6000001;-2.4;21.6;-20.800001
1521664327720;0.5;15.3;2.6000001;-2.4;21.6;-20.800001
1521664327729;0.6;15.3;2.6000001;-2.4;21.6;-20.800001
1521664327803;0.6;15.3;2.5;-2.4;21.6;-20.800001
1521664327810;0.5;15.3;2.5;-2.4;21.6;-20.800001
1521664327822;0.5;15.3;2.6000001;-2.4;21.6;-20.800001
1521664327851;0.4;15.3;2.6000001;-2.4;21.6;-20.800001
1521664327869;0.4;15.3;2.5;-2.4;21.6;-20.800001
1521664327880;0.4;15.400001;2.6000001;-2.4;21.6;-20.800001
1521664327890;0.4;15.400001;2.5;-2.4;21.6;-20.800001
1521664327901;0.4;15.3;2.5;-2.4;21.6;-20.800001
1521664327909;0.4;15.400001;2.5;-2.4;21.6;-20.800001
1521664327981;0.4;15.400001;2.6000001;-2.4;21.6;-20.800001
1521664327991;0.4;15.3;2.6000001;-2.4;21.6;-20.800001
1521664328002;0.4;15.400001;2.6000001;-2.4;21.6;-20.800001
1521664328011;0.3;15.400001;2.7;-2.4;21.6;-20.800001
1521664328023;0.3;15.400001;2.6000001;-2.4;21.6;-20.800001
1521664328103;0.3;15.400001;2.5;-2.4;21.6;-20.800001
1521664328161;0.3;15.400001;2.6000001;-2.4;21.6;-20.800001
1521664328201;0.3;15.3;2.6000001;-2.4;21.6;-20.800001
1521664328210;0.3;15.400001;2.7;-2.4;21.6;-20.800001
1521664328230;0.2;15.400001;2.7;-2.4;21.6;-20.800001
1521664328291;0.2;15.400001;2.6000001;-2.4;21.6;-20.800001
1521664328310;0.2;15.400001;2.4;-2.4;21.6;-20.800001
1521664328322;0.2;15.400001;2.6000001;-2.4;21.6;-20.800001
1521664328342;0.2;15.3;2.7;-2.4;21.6;-20.800001
1521664328397;0.2;15.400001;2.8;-2.4;21.6;-20.800001
1521664328400;0.2;15.400001;2.9;-2.4;21.6;-20.800001
1521664328420;0.2;15.5;3.0;-2.4;21.6;-20.800001
1521664328440;0.2;15.400001;3.0;-2.4;21.6;-20.800001
1521664328521;0.2;15.400001;3.1000001;-2.4;21.6;-20.800001
1521664328530;0.2;15.400001;3.2;-2.4;21.6;-20.800001
1521664328540;0.3;15.400001;3.1000001;-2.4;21.6;-20.800001
1521664328551;0.3;15.400001;3.2;-2.4;21.6;-20.800001
1521664328610;0.4;15.3;3.3;-2.4;21.6;-20.800001
1521664328623;0.4;15.400001;3.2;-2.4;21.6;-20.800001
1521664328630;0.3;15.400001;3.2;-2.4;21.6;-20.800001
1521664328641;0.3;15.400001;3.1000001;-2.4;21.6;-20.800001
1521664328720;0.4;15.3;3.1000001;-2.4;21.6;-20.800001
1521664328791;0.4;15.3;3.2;-2.4;21.6;-20.800001
1521664328809;0.4;15.400001;3.2;-2.4;21.6;-20.800001
1521664328820;0.5;15.3;3.1000001;-2.4;21.6;-20.800001
1521664328829;0.4;15.400001;3.0;-2.4;21.6;-20.800001
1521664328840;0.4;15.400001;3.1000001;-2.4;21.6;-20.800001
1521664328860;0.4;15.400001;3.0;-2.4;21.6;-20.800001
1521664328872;0.5;15.3;3.1000001;-2.4;21.6;-20.800001
1521664328890;0.4;15.3;3.1000001;-2.4;21.6;-20.800001
1521664328901;0.4;15.400001;3.2;-2.4;21.6;-20.800001
1521664328909;0.4;15.3;3.1000001;-2.4;21.6;-20.800001
1521664328921;0.4;15.3;3.2;-2.4;21.6;-20.800001
1521664329006;0.4;15.3;3.1000001;-2.4;21.6;-20.800001
1521664329040;0.4;15.3;3.0;-2.4;21.6;-20.800001
1521664329081;0.4;15.3;2.9;-2.4;21.6;-20.800001
1521664329091;0.4;15.2;2.9;-2.4;21.6;-20.800001
1521664329122;0.3;15.3;2.9;-2.4;21.6;-20.800001
1521664329130;0.3;15.2;2.9;-2.4;21.6;-20.800001
1521664329140;0.4;15.2;2.9;-2.4;21.6;-20.800001
1521664329149;0.4;15.3;2.8;-2.4;21.6;-20.800001
1521664329161;0.3;15.3;2.9;-2.4;21.6;-20.800001
1521664329169;0.3;15.3;2.8;-2.4;21.6;-20.800001
1521664329203;0.4;15.3;2.8;-2.4;21.6;-20.800001
1521664329211;0.4;15.3;2.9;-2.4;21.6;-20.800001
1521664329241;0.3;15.400001;2.9;-2.4;21.6;-20.800001
1521664329250;0.4;15.400001;3.0;-2.4;21.6;-20.800001
1521664329260;0.3;15.400001;3.0;-2.4;21.6;-20.800001
1521664329280;0.4;15.400001;2.9;-2.4;21.6;-20.800001
1521664329289;0.4;15.400001;3.0;-2.4;21.6;-20.800001
1521664329340;0.3;15.5;3.1000001;-2.4;21.6;-20.800001
1521664329369;0.3;15.5;3.2;-2.4;21.6;-20.800001
1521664329402;0.4;15.5;3.2;-2.4;21.6;-20.800001
1521664329420;0.3;15.5;3.1000001;-2.4;21.6;-20.800001
1521664329429;0.4;15.5;3.2;-2.4;21.6;-20.800001
1521664329440;0.3;15.6;3.2;-2.4;21.6;-20.800001
1521664329449;0.4;15.6;3.3;-2.4;21.6;-20.800001
1521664329460;0.3;15.6;3.3;-2.4;21.6;-20.800001
1521664329470;0.3;15.5;3.3;-2.4;21.6;-20.800001
1521664329482;0.3;15.6;3.3;-2.4;21.6;-20.800001
1521664329491;0.3;15.5;3.3;-2.4;21.6;-20.800001
1521664329510;0.3;15.5;3.2;-2.4;21.6;-20.800001
1521664329521;0.3;15.6;3.3;-2.4;21.6;-20.800001
1521664329541;0.3;15.5;3.2;-2.4;21.6;-20.800001
1521664329549;0.2;15.5;3.1000001;-2.4;21.6;-20.800001
1521664329571;0.2;15.5;3.2;-2.4;21.6;-20.800001
1521664329620;0.2;15.5;3.1000001;-2.4;21.6;-20.800001
1521664329700;0.2;15.5;2.9;-2.4;21.6;-20.800001
1521664329709;0.1;15.5;3.0;-2.4;21.6;-20.800001
1521664329749;0.1;15.5;2.9;-2.4;21.6;-20.800001
1521664329760;0.1;15.5;2.8;-2.4;21.6;-20.800001
1521664329800;0.1;15.5;2.7;-2.4;21.6;-20.800001
1521664329820;0.1;15.400001;2.6000001;-2.4;21.6;-20.800001
1521664329853;0.1;15.5;2.7;-2.4;21.6;-20.800001
1521664329882;0.1;15.5;2.6000001;-2.4;21.6;-20.800001
1521664329890;0.1;15.5;2.5;-2.4;21.6;-20.800001
1521664329900;0.1;15.5;2.6000001;-2.4;21.6;-20.800001
1521664329961;0.1;15.5;2.7;-2.4;21.6;-20.800001
1521664329980;0.1;15.400001;2.6000001;-2.4;21.6;-20.800001
1521664329989;0.1;15.5;2.7;-2.4;21.6;-20.800001
1521664330009;0.2;15.400001;2.6000001;-2.4;21.6;-20.800001
1521664330020;0.2;15.400001;2.7;-2.4;21.6;-20.800001
1521664330060;0.1;15.400001;2.8;-2.4;21.6;-20.800001
1521664330069;0.2;15.400001;2.8;-2.4;21.6;-20.800001
1521664330080;0.1;15.400001;2.8;-2.4;21.6;-20.800001
1521664330109;0.1;15.400001;2.9;-2.4;21.6;-20.800001
1521664330120;0.1;15.5;2.9;-2.4;21.6;-20.800001
1521664330129;0.1;15.400001;2.9;-2.4;21.6;-20.800001
1521664330190;0.1;15.3;3.0;-2.4;21.6;-20.800001
1521664330201;0.2;15.3;3.0;-2.4;21.6;-20.800001
1521664330220;0.2;15.3;3.1000001;-2.4;21.6;-20.800001
1521664330229;0.2;15.3;3.0;-2.4;21.6;-20.800001
1521664330251;0.3;15.3;3.0;-2.4;21.6;-20.800001
1521664330260;0.2;15.3;3.1000001;-2.4;21.6;-20.800001
1521664330289;0.3;15.3;3.1000001;-2.4;21.6;-20.800001
1521664330300;0.3;15.3;3.0;-2.4;21.6;-20.800001
1521664330309;0.3;15.3;3.1000001;-2.4;21.6;-20.800001
1521664330342;0.3;15.2;3.1000001;-2.4;21.6;-20.800001
1521664330363;0.3;15.2;3.0;-2.4;21.6;-20.800001
1521664330372;0.3;15.3;3.1000001;-2.4;21.6;-20.800001
1521664330394;0.4;15.3;3.2;-2.4;21.6;-20.800001
1521664330408;0.5;15.3;3.2;-2.4;21.6;-20.800001
1521664330440;0.5;15.3;3.1000001;-2.4;21.6;-20.800001
1521664330469;0.5;15.3;3.0;-2.4;21.6;-20.800001
1521664330480;0.5;15.3;3.1000001;-2.4;21.6;-20.800001
1521664330510;0.5;15.3;3.0;-2.4;21.6;-20.800001
1521664330520;0.6;15.3;3.0;-2.4;21.6;-20.800001
1521664330530;0.5;15.3;3.0;-2.4;21.6;-20.800001
1521664330560;0.5;15.2;2.9;-2.4;21.6;-20.800001
1521664330571;0.6;15.2;2.9;-2.4;21.6;-20.800001
1521664330604;0.6;15.2;3.0;-2.4;21.6;-20.800001
1521664330612;0.6;15.2;2.9;-2.4;21.6;-20.800001
1521664330640;0.6;15.2;2.8;-2.4;21.6;-20.800001
1521664330660;0.6;15.1;2.7;-2.4;21.6;-20.800001
1521664330670;0.7;15.1;2.6000001;-2.4;21.6;-20.800001
1521664330711;0.6;15.1;2.6000001;-2.4;21.6;-20.800001
1521664330729;0.6;15.0;2.6000001;-2.4;21.6;-20.800001
1521664330740;0.6;15.0;2.5;-2.4;21.6;-20.800001
1521664330780;0.6;15.0;2.6000001;-2.4;21.6;-20.800001
1521664330789;0.6;15.0;2.5;-2.4;21.6;-20.800001
1521664330801;0.6;15.0;2.6000001;-2.4;21.6;-20.800001
1521664330809;0.5;15.0;2.6000001;-2.4;21.6;-20.800001
1521664330820;0.5;15.0;2.5;-2.4;21.6;-20.800001
1521664330830;0.5;14.900001;2.5;-2.4;21.6;-20.800001
1521664330882;0.5;14.900001;2.4;-2.4;21.6;-20.800001
1521664330894;0.4;14.900001;2.5;-2.4;21.6;-20.800001
1521664330912;0.4;15.0;2.5;-2.4;21.6;-20.800001
1521664330940;0.4;15.0;2.6000001;-2.4;21.6;-20.800001
1521664330960;0.4;15.0;2.7;-2.4;21.6;-20.800001
1521664330982;0.4;15.0;2.8;-2.4;21.6;-20.800001
1521664330992;0.4;15.0;2.7;-2.4;21.6;-20.800001
1521664331021;0.4;15.1;2.7;-2.4;21.6;-20.800001
1521664331029;0.4;15.1;2.8;-2.4;21.6;-20.800001
1521664331040;0.4;15.1;2.7;-2.4;21.6;-20.800001
1521664331060;0.4;15.0;2.7;-2.4;21.6;-20.800001
1521664331080;0.3;15.1;2.7;-2.4;21.6;-20.800001
1521664331110;0.3;15.2;2.7;-2.4;21.6;-20.800001
1521664331129;0.4;15.2;2.7;-2.4;21.6;-20.800001
1521664331183;0.3;15.3;2.8;-2.4;21.6;-20.800001
1521664331200;0.3;15.3;2.7;-2.4;21.6;-20.800001
1521664331209;0.3;15.3;2.8;-2.4;21.6;-20.800001
1521664331220;0.4;15.3;2.7;-2.4;21.6;-20.800001
1521664331240;0.3;15.3;2.7;-2.4;21.6;-20.800001
1521664331270;0.4;15.3;2.7;-2.4;21.6;-20.800001
1521664331280;0.4;15.3;2.6000001;-2.4;21.6;-20.800001
1521664331290;0.4;15.3;2.7;-2.4;21.6;-20.800001
1521664331300;0.4;15.3;2.6000001;-2.4;21.6;-20.800001
1521664331309;0.3;15.2;2.6000001;-2.4;21.6;-20.800001
1521664331329;0.3;15.2;2.5;-2.4;21.6;-20.800001
1521664331341;0.3;15.2;2.6000001;-2.4;21.6;-20.800001
1521664331382;0.4;15.2;2.6000001;-2.4;21.6;-20.800001
1521664331405;0.4;15.1;2.5;-2.4;21.6;-20.800001
1521664331480;0.4;15.1;2.4;-2.4;21.6;-20.800001
1521664331489;0.5;15.1;2.4;-2.4;21.6;-20.800001
1521664331520;0.4;15.1;2.4;-2.4;21.6;-20.800001
1521664331529;0.4;15.1;2.5;-2.4;21.6;-20.800001
1521664331566;0.4;15.1;2.6000001;-2.4;21.6;-20.800001
1521664331582;0.4;15.0;2.6000001;-2.4;21.6;-20.800001
1521664331622;0.4;15.0;2.7;-2.4;21.6;-20.800001
1521664331640;0.5;15.0;2.7;-2.4;21.6;-20.800001
1521664331649;0.4;15.0;2.7;-2.4;21.6;-20.800001
1521664331728;0.4;15.0;2.6000001;-2.4;21.6;-20.800001
1521664331749;0.5;15.0;2.6000001;-2.4;21.6;-20.800001
1521664331760;0.4;15.0;2.6000001;-2.4;21.6;-20.800001
1521664331790;0.4;14.900001;2.6000001;-2.4;21.6;-20.800001
1521664331809;0.4;14.900001;2.7;-2.4;21.6;-20.800001
1521664331829;0.4;14.900001;2.6000001;-2.4;21.6;-20.800001
1521664331851;0.4;15.0;2.6000001;-2.4;21.6;-20.800001
1521664331861;0.5;15.0;2.5;-2.4;21.6;-20.800001
1521664331869;0.4;15.0;2.5;-2.4;21.6;-20.800001
1521664331881;0.4;15.0;2.4;-2.4;21.6;-20.800001
1521664331949;0.4;15.0;2.5;-2.4;21.6;-20.800001
1521664331960;0.5;15.0;2.5;-2.4;21.6;-20.800001
1521664331982;0.5;15.0;2.6000001;-2.4;21.6;-20.800001
1521664331990;0.5;15.0;2.5;-2.4;21.6;-20.800001
1521664332003;0.5;15.0;2.6000001;-2.4;21.6;-20.800001
1521664332009;0.4;15.0;2.6000001;-2.4;21.6;-20.800001
1521664332089;0.5;15.0;2.5;-2.4;21.6;-20.800001
1521664332101;0.4;15.1;2.6000001;-2.4;21.6;-20.800001
1521664332110;0.5;15.1;2.6000001;-2.4;21.6;-20.800001
1521664332121;0.4;15.1;2.6000001;-2.4;21.6;-20.800001
1521664332149;0.4;15.0;2.5;-2.4;21.6;-20.800001
1521664332170;0.4;15.0;2.6000001;-2.4;21.6;-20.800001
1521664332189;0.4;15.1;2.6000001;-2.4;21.6;-20.800001
1521664332202;0.4;15.1;2.7;-2.4;21.6;-20.800001
1521664332211;0.3;15.1;2.7;-2.4;21.6;-20.800001
1521664332230;0.4;15.1;2.7;-2.4;21.6;-20.800001
1521664332241;0.3;15.1;2.6000001;-2.4;21.6;-20.800001
1521664332281;0.3;15.1;2.5;-2.4;21.6;-20.800001
1521664332290;0.3;15.1;2.6000001;-2.4;21.6;-20.800001
1521664332300;0.4;15.0;2.5;-2.4;21.6;-20.800001
1521664332309;0.4;14.900001;2.5;-2.4;21.6;-20.800001
1521664332324;0.4;15.0;2.5;-2.4;21.6;-20.800001
1521664332329;0.4;15.0;2.6000001;-2.4;21.6;-20.800001
1521664332340;0.4;15.0;2.5;-2.4;21.6;-20.800001
1521664332349;0.4;14.900001;2.5;-2.4;21.6;-20.800001
1521664332370;0.4;15.0;2.5;-2.4;21.6;-20.800001
1521664332381;0.4;14.900001;2.4;-2.4;21.6;-20.800001
1521664332395;0.4;15.0;2.5;-2.4;21.6;-20.800001
1521664332400;0.4;14.900001;2.4;-2.4;21.6;-20.800001
1521664332429;0.4;14.900001;2.5;-2.4;21.6;-20.800001
1521664332471;0.4;14.900001;2.6000001;-2.4;21.6;-20.800001
1521664332500;0.4;14.900001;2.5;-2.4;21.6;-20.800001
1521664332529;0.4;14.900001;2.6000001;-2.4;21.6;-20.800001
1521664332541;0.5;14.900001;2.6000001;-2.4;21.6;-20.800001
1521664332564;0.5;14.900001;2.7;-2.4;21.6;-20.800001
1521664332570;0.4;14.900001;2.7;-2.4;21.6;-20.800001
1521664332590;0.4;14.900001;2.8;-2.4;21.6;-20.800001
1521664332600;0.3;14.900001;2.7;-2.4;21.6;-20.800001
1521664332622;0.3;14.900001;2.8;-2.4;21.6;-20.800001
1521664332709;0.3;14.900001;2.9;-2.4;21.6;-20.800001
1521664332721;0.4;14.900001;2.9;-2.4;21.6;-20.800001
1521664332780;0.4;15.0;2.9;-2.4;21.6;-20.800001
1521664332789;0.4;14.900001;2.9;-2.4;21.6;-20.800001
1521664332800;0.4;14.900001;2.8;-2.4;21.6;-20.800001
1521664332821;0.4;15.0;3.0;-2.4;21.6;-20.800001
1521664332849;0.4;15.0;2.9;-2.4;21.6;-20.800001
1521664332870;0.4;15.0;2.8;-2.4;21.6;-20.800001
1521664332880;0.4;15.0;2.7;-2.4;21.6;-20.800001
1521664332901;0.5;15.0;2.6000001;-2.4;21.6;-20.800001
1521664332912;0.5;15.0;2.7;-2.4;21.6;-20.800001
1521664332924;0.4;15.1;2.6000001;-2.4;21.6;-20.800001
1521664332930;0.5;15.0;2.6000001;-2.4;21.6;-20.800001
1521664332941;0.5;15.1;2.6000001;-2.4;21.6;-20.800001
1521664332980;0.5;15.1;2.5;-2.4;21.6;-20.800001
1521664332989;0.5;15.1;2.6000001;-2.4;21.6;-20.800001
1521664333001;0.5;15.0;2.6000001;-2.4;21.6;-20.800001
1521664333010;0.5;15.0;2.5;-2.4;21.6;-20.800001
1521664333021;0.4;15.1;2.5;-2.4;21.6;-20.800001
1521664333041;0.4;15.1;2.4;-2.4;21.6;-20.800001
1521664333050;0.3;15.1;2.4;-2.4;21.6;-20.800001
1521664333061;0.4;15.0;2.3;-2.4;21.6;-20.800001
1521664333076;0.4;15.1;2.3;-2.4;21.6;-20.800001
1521664333084;0.4;15.1;2.4;-2.4;21.6;-20.800001
1521664333090;0.3;15.1;2.4;-2.4;21.6;-20.800001
1521664333111;0.4;15.1;2.4;-2.4;21.6;-20.800001
1521664333122;0.4;15.0;2.3;-2.4;21.6;-20.800001
1521664333191;0.4;15.0;2.4;-2.4;21.6;-20.800001
1521664333221;0.4;14.900001;2.4;-2.4;21.6;-20.800001
1521664333230;0.4;15.0;2.4;-2.4;21.6;-20.800001
1521664333241;0.3;15.0;2.5;-2.4;21.6;-20.800001
1521664333249;0.3;15.1;2.5;-2.4;21.6;-20.800001
1521664333272;0.3;15.0;2.5;-2.4;21.6;-20.800001
1521664333283;0.2;15.1;2.5;-2.4;21.6;-20.800001
1521664333290;0.2;15.1;2.4;-2.4;21.6;-20.800001
1521664333320;0.3;15.1;2.4;-2.4;21.6;-20.800001
1521664333330;0.3;15.0;2.4;-2.4;21.6;-20.800001
1521664333340;0.3;15.0;2.5;-2.4;21.6;-20.800001
1521664333349;0.3;15.1;2.6000001;-2.4;21.6;-20.800001
1521664333360;0.2;15.1;2.5;-2.4;21.6;-20.800001
1521664333391;0.3;15.1;2.5;-2.4;21.6;-20.800001
1521664333400;0.3;15.0;2.4;-2.4;21.6;-20.800001
1521664333410;0.3;15.0;2.3;-2.4;21.6;-20.800001
1521664333451;0.2;15.0;2.3;-2.4;21.6;-20.800001
1521664333469;0.3;15.0;2.4;-2.4;21.6;-20.800001
1521664333522;0.3;15.0;2.3;-2.4;21.6;-20.800001
1521664333584;0.4;14.900001;2.2;-2.4;21.6;-20.800001
1521664333629;0.4;14.900001;2.1000001;-2.4;21.6;-20.800001
1521664333671;0.4;14.900001;2.2;-2.4;21.6;-20.800001
1521664333684;0.4;14.900001;2.1000001;-2.4;21.6;-20.800001
1521664333722;0.4;14.900001;2.2;-2.4;21.6;-20.800001
1521664333769;0.3;14.900001;2.1000001;-2.4;21.6;-20.800001
1521664333789;0.3;14.900001;2.0;-2.4;21.6;-20.800001
1521664333840;0.3;14.900001;2.1000001;-2.4;21.6;-20.800001
1521664333849;0.3;14.900001;2.0;-2.4;21.6;-20.800001
1521664333874;0.3;14.900001;2.1000001;-2.4;21.6;-20.800001
1521664333901;0.4;14.900001;2.1000001;-2.4;21.6;-20.800001
1521664333929;0.4;14.900001;2.2;-2.4;21.6;-20.800001
1521664333940;0.4;14.900001;2.3;-2.4;21.6;-20.800001
1521664333952;0.3;14.900001;2.3;-2.4;21.6;-20.800001
1521664333970;0.3;14.900001;2.4;-2.4;21.6;-20.800001
1521664333989;0.3;15.0;2.5;-2.4;21.6;-20.800001
1521664334001;0.3;15.0;2.4;-2.4;21.6;-20.800001
1521664334030;0.3;15.0;2.5;-2.4;21.6;-20.800001
1521664334060;0.4;15.0;2.5;-2.4;21.6;-20.800001
1521664334080;0.3;15.0;2.6000001;-2.4;21.6;-20.800001
1521664334110;0.4;15.0;2.7;-2.4;21.6;-20.800001
1521664334140;0.4;14.900001;2.7;-2.4;21.6;-20.800001
1521664334149;0.4;15.0;2.7;-2.4;21.6;-20.800001
1521664334161;0.3;15.0;2.8;-2.4;21.6;-20.800001
1521664334170;0.3;15.0;2.7;-2.4;21.6;-20.800001
1521664334181;0.3;15.0;2.8;-2.4;21.6;-20.800001
1521664334204;0.3;15.1;2.8;-2.4;21.6;-20.800001
1521664334222;0.2;15.1;2.8;-2.4;21.6;-20.800001
1521664334232;0.3;15.0;2.7;-2.4;21.6;-20.800001
1521664334270;0.3;15.0;2.6000001;-2.4;21.6;-20.800001
1521664334303;0.3;15.0;2.7;-2.4;21.6;-20.800001
1521664334342;0.3;15.0;2.6000001;-2.4;21.6;-20.800001
1521664334360;0.3;14.900001;2.6000001;-2.4;21.6;-20.800001
1521664334369;0.4;14.900001;2.6000001;-2.4;21.6;-20.800001
1521664334395;0.4;14.900001;2.5;-2.4;21.6;-20.800001
1521664334404;0.4;14.900001;2.6000001;-2.4;21.6;-20.800001
1521664334409;0.3;14.900001;2.5;-2.4;21.6;-20.800001
1521664334449;0.4;14.900001;2.5;-2.4;21.6;-20.800001
1521664334470;0.3;14.900001;2.6000001;-2.4;21.6;-20.800001
1521664334485;0.4;14.900001;2.6000001;-2.4;21.6;-20.800001
1521664334489;0.4;14.900001;2.5;-2.4;21.6;-20.800001
1521664334500;0.4;14.900001;2.6000001;-2.4;21.6;-20.800001
1521664334529;0.4;14.900001;2.7;-2.4;21.6;-20.800001
1521664334580;0.3;14.900001;2.7;-2.4;21.6;-20.800001
1521664334600;0.3;14.900001;2.6000001;-2.4;21.6;-20.800001
1521664334631;0.3;14.900001;2.7;-2.4;21.6;-20.800001
1521664334650;0.3;14.900001;2.6000001;-2.4;21.6;-20.800001
1521664334662;0.2;14.900001;2.7;-2.4;21.6;-20.800001
1521664334682;0.2;14.900001;2.8;-2.4;21.6;-20.800001
1521664334730;0.2;15.0;2.9;-2.4;21.6;-20.800001
1521664334780;0.1;15.1;2.9;-2.4;21.6;-20.800001
1521664334809;0.1;15.2;3.0;-2.4;21.6;-20.800001
1521664334820;0.1;15.2;2.9;-2.4;21.6;-20.800001
1521664334863;0.0;15.2;3.0;-2.4;21.6;-20.800001
1521664334869;0.0;15.3;3.0;-2.4;21.6;-20.800001
1521664334889;0.0;15.3;3.1000001;-2.4;21.6;-20.800001
1521664334942;0.0;15.3;3.0;-2.4;21.6;-20.800001
1521664334949;-0.1;15.3;3.1000001;-2.4;21.6;-20.800001
1521664334969;-0.1;15.400001;3.1000001;-2.4;21.6;-20.800001
1521664335031;-0.1;15.400001;3.2;-2.4;21.6;-20.800001
1521664335043;-0.2;15.400001;3.2;-2.4;21.6;-20.800001
1521664335054;-0.1;15.400001;3.1000001;-2.4;21.6;-20.800001
1521664335063;-0.1;15.3;3.2;-2.4;21.6;-20.800001
1521664335089;-0.2;15.3;3.3;-2.4;21.6;-20.800001
1521664335100;-0.2;15.400001;3.4;-2.4;21.6;-20.800001
1521664335109;-0.3;15.400001;3.5;-2.4;21.6;-20.800001
1521664335120;-0.3;15.5;3.6000001;-2.4;21.6;-20.800001
1521664335130;-0.4;15.5;3.6000001;-2.4;21.6;-20.800001
1521664335149;-0.5;15.7;3.8;-2.4;21.6;-20.800001
1521664335169;-0.5;15.7;3.7;-2.4;21.6;-20.800001
1521664335180;-0.5;15.7;3.8;-2.4;21.6;-20.800001
1521664335189;-0.6;15.8;3.8;-2.4;21.6;-20.800001
1521664335209;-0.6;15.8;3.9;-2.4;21.6;-20.800001
1521664335220;-0.6;15.900001;4.0;-2.4;21.6;-20.800001
1521664335229;-0.7;15.900001;4.1;-2.4;21.6;-20.800001
1521664335241;-0.8;16.0;4.1;-2.4;21.6;-20.800001
1521664335260;-0.8;16.1;4.2000003;-2.4;21.6;-20.800001
1521664335270;-0.8;16.0;4.2000003;-2.4;21.6;-20.800001
1521664335281;-0.8;16.1;4.3;-2.4;21.6;-20.800001
1521664335290;-0.90000004;16.1;4.3;-2.4;21.6;-20.800001
1521664335303;-0.90000004;16.2;4.3;-2.4;21.6;-20.800001
1521664335309;-1.0;16.2;4.4;-2.4;21.6;-20.800001
1521664335324;-1.0;16.300001;4.4;-2.4;21.6;-20.800001
1521664335332;-1.1;16.300001;4.4;-2.4;21.6;-20.800001
1521664335343;-1.1;16.300001;4.5;-2.4;21.6;-20.800001
1521664335351;-1.1;16.4;4.6;-2.4;21.6;-20.800001
1521664335362;-1.1;16.5;4.7000003;-2.4;21.6;-20.800001
1521664335370;-1.1;16.4;4.6;-2.4;21.6;-20.800001
1521664335392;-1.0;16.4;4.5;-2.4;21.6;-20.800001
1521664335406;-0.90000004;16.300001;4.4;-2.4;21.6;-20.800001
1521664335414;-0.90000004;16.2;4.3;-2.4;21.6;-20.800001
1521664335422;-0.90000004;16.2;4.2000003;-2.4;21.6;-20.800001
1521664335429;-0.8;16.1;4.1;-2.4;21.6;-20.800001
1521664335440;-0.7;16.0;4.1;-2.4;21.6;-20.800001
1521664335449;-0.7;15.900001;4.0;-2.4;21.6;-20.800001
1521664335462;-0.6;15.900001;4.0;-2.4;21.6;-20.800001
1521664335469;-0.5;15.8;3.9;-2.4;21.6;-20.800001
1521664335480;-0.5;15.7;3.9;-2.4;21.6;-20.800001
1521664335489;-0.4;15.7;3.9;-2.4;21.6;-20.800001
1521664335501;-0.4;15.6;3.8;-2.4;21.6;-20.800001
1521664335509;-0.3;15.6;3.8;-2.4;21.6;-20.800001
1521664335520;-0.3;15.5;3.7;-2.4;21.6;-20.800001
1521664335531;-0.2;15.5;3.7;-2.4;21.6;-20.800001
1521664335542;-0.2;15.400001;3.7;-2.4;21.6;-20.800001
1521664335553;-0.1;15.3;3.7;-2.4;21.6;-20.800001
1521664335562;0.0;15.3;3.6000001;-2.4;21.6;-20.800001
1521664335570;0.1;15.2;3.6000001;-2.4;21.6;-20.800001
1521664335581;0.1;15.1;3.5;-2.4;21.6;-20.800001
1521664335590;0.2;15.1;3.4;-2.4;21.6;-20.800001
1521664335602;0.3;15.0;3.4;-2.4;21.6;-20.800001
1521664335611;0.3;15.0;3.3;-2.4;21.6;-20.800001
1521664335622;0.4;14.900001;3.3;-2.4;21.6;-20.800001
1521664335630;0.4;14.900001;3.2;-2.4;21.6;-20.800001
1521664335642;0.5;14.8;3.1000001;-2.4;21.6;-20.800001
1521664335652;0.5;14.7;2.9;-2.4;21.6;-20.800001
1521664335661;0.6;14.6;2.8;-2.4;21.6;-20.800001
1521664335674;0.6;14.6;2.9;-2.4;21.6;-20.800001
1521664335686;0.6;14.6;2.8;-2.4;21.6;-20.800001
1521664335720;0.7;14.6;2.7;-2.4;21.6;-20.800001
1521664335748;0.7;14.5;2.7;-2.4;21.6;-20.800001
1521664335760;0.7;14.6;2.7;-2.4;21.6;-20.800001
1521664335769;0.7;14.6;2.6000001;-2.4;21.6;-20.800001
1521664335861;0.7;14.5;2.6000001;-2.4;21.6;-20.800001
1521664335873;0.7;14.5;2.7;-2.4;21.6;-20.800001
1521664335892;0.7;14.6;2.7;-2.4;21.6;-20.800001
1521664335922;0.7;14.6;2.6000001;-2.4;21.6;-20.800001
1521664335932;0.7;14.6;2.7;-2.4;21.6;-20.800001
1521664335969;0.7;14.7;2.7;-2.4;21.6;-20.800001
1521664335981;0.7;14.7;2.8;-2.4;21.6;-20.800001
1521664335989;0.7;14.7;2.7;-2.4;21.6;-20.800001
1521664336010;0.6;14.7;2.8;-2.4;21.6;-20.800001
1521664336042;0.6;14.7;2.7;-2.4;21.6;-20.800001
1521664336090;0.6;14.6;2.7;-2.4;21.6;-20.800001
1521664336123;0.6;14.6;2.6000001;-2.4;21.6;-20.800001
1521664336131;0.5;14.6;2.6000001;-2.4;21.6;-20.800001
1521664336140;0.5;14.7;2.6000001;-2.4;21.6;-20.800001
1521664336161;0.4;14.7;2.6000001;-2.4;21.6;-20.800001
1521664336191;0.4;14.7;2.5;-2.4;21.6;-20.800001
1521664336231;0.4;14.7;2.4;-2.4;21.6;-20.800001
1521664336250;0.3;14.7;2.4;-2.4;21.6;-20.800001
1521664336281;0.3;14.7;2.3;-2.4;21.6;-20.800001
1521664336303;0.3;14.7;2.4;-2.4;21.6;-20.800001
1521664336311;0.3;14.6;2.3;-2.4;21.6;-20.800001
1521664336329;0.2;14.7;2.3;-2.4;21.6;-20.800001
1521664336340;0.3;14.7;2.4;-2.4;21.6;-20.800001
1521664336352;0.2;14.7;2.4;-2.4;21.6;-20.800001
1521664336360;0.2;14.7;2.5;-2.4;21.6;-20.800001
1521664336402;0.2;14.7;2.4;-2.4;21.6;-20.800001
1521664336409;0.2;14.8;2.5;-2.4;21.6;-20.800001
1521664336421;0.2;14.8;2.6000001;-2.4;21.6;-20.800001
1521664336460;0.2;14.8;2.7;-2.4;21.6;-20.800001
1521664336469;0.2;14.8;2.6000001;-2.4;21.6;-20.800001
1521664336483;0.1;14.8;2.6000001;-2.4;21.6;-20.800001
1521664336500;0.1;14.8;2.7;-2.4;21.6;-20.800001
1521664336520;0.1;14.8;2.8;-2.4;21.6;-20.800001
1521664336529;0.0;14.8;2.8;-2.4;21.6;-20.800001
1521664336570;-0.1;14.8;2.9;-2.4;21.6;-20.800001
1521664336582;-0.1;14.8;3.0;-2.4;21.6;-20.800001
1521664336602;-0.1;14.8;2.9;-2.4;21.6;-20.800001
1521664336611;-0.2;14.900001;3.1000001;-2.4;21.6;-20.800001
1521664336648;-0.2;15.0;3.1000001;-2.4;21.6;-20.800001
1521664336659;-0.2;15.0;3.2;-2.4;21.6;-20.800001
1521664336688;-0.3;15.0;3.2;-2.4;21.6;-20.800001
1521664336728;-0.3;15.1;3.1000001;-2.4;21.6;-20.800001
