1521664358181;-0.19586182;0.014185667;-0.037032127
1521664358188;-0.15316391;0.10730171;-0.21553421
1521664358200;-0.21021652;0.06921959;0.051502228
1521664358208;-0.18702316;0.03377247;-0.04972458
1521664358220;-0.19937134;0.045401573;-0.01763153
1521664358228;-0.17829895;0.09893417;0.039292336
1521664358240;-0.2836914;0.147789;-0.01807499
1521664358248;-0.23792267;0.09044075;-0.0014462471
1521664358260;-0.19713211;0.11811066;-0.055996895
1521664358268;-0.17268372;0.11205864;-0.056824684
1521664358281;-0.2287674;0.18050385;-0.10495186
1521664358293;-0.16894531;0.199646;-0.15280533
1521664358304;-0.17554855;0.22927475;-0.036748886
1521664358312;-0.1320076;0.1584816;-0.118701935
1521664358324;-0.19077301;0.056339264;-0.014778376
1521664358332;-0.17784882;0.033176422;-0.13436508
1521664358354;-0.18001175;0.12620544;-0.11673164
1521664358374;-0.3356552;0.02187109;-0.14162064
1521664358393;-0.2545166;0.08107185;-0.22218323
1521664358401;-0.230587;0.28206635;-0.15757751
1521664358415;-0.22821808;0.13161087;-0.2180481
1521664358435;-0.11426544;-0.04295826;-0.3734131
1521664358454;-0.05198288;-0.013702393;-0.11350441
1521664358474;-0.14188385;0.07928085;-0.0027053356
1521664358495;-0.2115326;0.037184715;-0.2522354
1521664358502;-0.1253891;-0.07766914;-0.20916748
1521664358514;-0.042286873;-0.1271553;-0.2365303
1521664358535;-0.066122055;-0.1595192;-0.3454666
1521664358555;-0.14789963;0.003932357;-0.21136093
1521664358575;-0.034280777;-0.058778763;-0.11676407
1521664358595;-0.045902252;0.08035278;-0.110212326
1521664358614;-0.07390785;0.23071289;-0.10931969
1521664358624;-0.048689842;-0.008165598;0.016946793
1521664358637;-0.09329224;-0.06333542;-0.113040924
1521664358655;-0.04041004;-0.02668333;-0.0040403605
1521664358675;-0.17853165;-0.054122925;-0.24639511
1521664358694;-0.16792297;0.011826754;-0.14247513
1521664358698;-0.035526276;-0.117528915;-0.14679337
1521664358715;-0.030444145;-0.32224274;-0.001715064
1521664358735;-0.04911232;-0.11832619;0.10989189
1521664358746;-0.0794487;-0.008477926;0.13734055
1521664358763;-0.179245;0.101480484;0.024298191
1521664358775;-0.10702324;0.03378582;0.058667183
1521664358795;-0.032473564;-0.1619606;0.038915634
1521664358805;-0.05383873;-0.11308479;-0.040553093
1521664358813;-0.089761734;0.030574799;0.056455612
1521664358834;-0.059124947;0.15714645;0.041196823
1521664358845;-0.004289627;0.004451394;0.091947556
1521664358854;0.0025424957;-0.15088654;-0.044520378
1521664358865;0.031485558;-0.18490982;-0.060415268
1521664358873;-0.042710304;-0.091091156;0.08454704
1521664358894;-0.11187935;0.04672718;0.106515884
1521664358899;-0.14196396;0.0058122873;0.19259644
1521664358915;-0.1706276;0.024916172;0.028003216
1521664358927;-0.09572601;-0.042521477;-0.0050002337
1521664358936;-0.078531265;-0.064100266;-0.00511992
1521664358947;-0.09235191;-0.14100266;0.031062126
1521664358957;-0.12748718;-0.22638702;0.0066871643
1521664358974;-0.09879112;-0.15016174;0.035574913
1521664358995;-0.108078;-0.096092224;-0.04262829
1521664359014;-0.053064346;0.014660597;-0.01883936
1521664359034;-0.0715847;0.094968796;-0.098646164
1521664359055;-0.10684013;-0.07283211;-0.2234726
1521664359074;-0.0917511;-0.14621735;-0.12454796
1521664359093;-0.11387253;-0.26298523;-0.22034454
1521664359115;-0.0137319565;-0.43003845;-0.12768173
1521664359127;0.08060837;-0.68063354;-0.08053398
1521664359136;0.06811714;-0.5671692;-0.18550491
1521664359147;0.1117363;-0.4270172;-0.24731445
1521664359156;0.23841095;-0.44192505;0.10332298
1521664359175;0.18904877;-0.6572113;0.3147583
1521664359195;0.13338852;-0.28722382;-0.07086563
1521664359215;0.32675934;-0.8578186;-0.24471283
1521664359235;0.4634323;-1.0159607;0.032873154
1521664359247;0.2624054;-0.9766998;-0.05873108
1521664359256;0.28105164;-1.358551;0.23064041
1521664359275;0.39749146;-2.0602417;0.2083435
1521664359294;0.6690216;-1.4593506;-0.07411766
1521664359313;0.5629883;-1.9035339;0.58392334
1521664359325;0.43328094;-2.0944824;0.3048172
1521664359333;0.50320435;-2.5043335;0.41176605
1521664359345;0.59687805;-2.6711426;0.6287842
1521664359353;0.5780182;-2.2407837;0.6983948
1521664359373;0.66667175;-1.6523132;1.2511293
1521664359392;0.6352997;-1.5818787;1.1548768
1521664359396;0.45345306;-1.8092041;1.2386476
1521664359408;0.5847931;-1.8206482;0.9766846
1521664359417;0.58958435;-1.9594116;0.4741974
1521664359428;0.7963562;-2.0692139;0.5096588
1521664359436;0.85395813;-1.8554077;0.32632446
1521664359448;1.0325319;-1.8266907;0.48191833
1521664359456;1.0776368;-2.2156982;0.62901306
1521664359472;1.0404359;-2.083252;0.009539366
1521664359492;1.2111512;-1.6962585;-0.2901535
1521664359504;1.2721559;-2.1429443;-0.26957703
1521664359512;1.2667238;-3.1072998;-0.5324707
1521664359524;1.4599916;-3.182434;-0.75553894
1521664359532;1.5146791;-2.5894165;-0.8108978
1521664359544;1.537903;-2.4193726;-0.55952454
1521664359552;1.5156862;-3.0568237;-0.1407547
1521664359564;1.2724916;-3.1177368;-0.89811707
1521664359572;1.1946107;-3.048584;-1.1923523
1521664359593;1.6034852;-3.3018188;-1.0883484
1521664359605;1.671631;-3.1662598;-1.0647278
1521664359613;1.6524049;-2.7770386;-1.3124695
1521664359628;1.5959169;-2.4787598;-1.3134155
1521664359653;1.5441896;-2.5957031;-1.0516968
1521664359660;1.1523744;-2.39917;-1.4252014
1521664359672;0.6050873;-1.3956604;-1.5241394
1521664359694;0.3563614;-1.4085693;-0.8867645
1521664359705;-0.644989;-2.008484;-1.848938
1521664359712;-0.5975342;-1.6988525;-2.0682983
1521664359724;-0.46224976;-1.6655884;-2.1626587
1521664359733;-0.30565643;-1.9455261;-2.42865
1521664359743;0.0038866997;-2.6950684;-2.4024048
1521664359751;0.32510376;-2.050293;-0.9663849
1521664359775;-0.33731842;0.18574524;-0.3254013
1521664359795;-1.309845;-0.39469147;-0.063970566
1521664359807;-1.6618042;-0.611145;-1.0141602
1521664359816;-4.494385;-3.6210938;-5.793335
1521664359827;-4.203491;-3.4059448;-5.476074
1521664359836;-4.1728516;-2.1975708;-5.442871
1521664359847;-4.0821533;-1.5351868;-4.9608154
1521664359856;-4.0456543;-1.1475525;-4.8898926
1521664359875;-4.812378;-0.8155823;-5.290161
1521664359893;-5.0025635;-0.37290955;-5.9266357
1521664359896;-5.380615;0.110435486;-5.8859863
1521664359913;-5.4796143;-0.062270164;-5.838867
1521664359933;-5.587036;-0.15855026;-5.682251
1521664359945;-5.7629395;0.93688965;-6.118286
1521664359953;-5.8585205;1.636017;-6.104492
1521664359967;-6.1988525;2.1279302;-5.4804688
1521664359976;-6.09729;2.2727666;-5.1296387
1521664359992;-5.9345703;2.2791753;-5.2091064
1521664359997;-6.0566406;2.657227;-5.053589
1521664360015;-6.281616;3.4985359;-5.756958
1521664360028;-6.355957;3.4574592;-5.963379
1521664360036;-6.6258545;3.510926;-6.2648926
1521664360048;-6.796509;3.4545295;-6.618042
1521664360056;-6.6643066;3.2514656;-6.8846436
1521664360068;-6.45166;3.1451423;-7.0128174
1521664360076;-6.2700195;3.1746833;-6.96167
1521664360094;-6.2263184;3.2288826;-6.9851074
1521664360099;-6.642578;3.681153;-6.8582764
1521664360114;-6.877075;4.618532;-6.8634033
1521664360126;-6.897827;4.976198;-6.873291
1521664360136;-6.8811035;5.133425;-6.9730225
1521664360155;-7.159912;5.4826684;-7.1557617
1521664360173;-7.1030273;5.5612817;-7.100708
1521664360177;-7.0428467;5.476931;-7.272217
1521664360193;-7.122925;4.8868427;-7.2631836
1521664360197;-7.180298;4.8294697;-7.227295
1521664360215;-7.2037354;4.448488;-7.2227783
1521664360235;-6.944824;3.918885;-6.795532
1521664360247;-6.8641357;3.680848;-6.5723877
1521664360256;-6.7886963;3.5537117;-6.4191895
1521664360275;-6.805786;3.686097;-6.2678223
1521664360295;-6.6362305;3.5955207;-5.914673
1521664360297;-6.588379;3.4280403;-5.871582
1521664360308;-6.524292;3.3455207;-5.9821777
1521664360316;-6.402588;3.2038581;-5.996216
1521664360335;-6.3896484;2.6036992;-6.112915
1521664360354;-6.1968994;2.210999;-6.433716
1521664360374;-5.9155273;2.2810063;-6.2860107
1521664360395;-5.8414307;2.0872808;-6.1677246
1521664360400;-5.585327;1.9604799;-6.220337
1521664360408;-5.359009;1.737732;-6.225464
1521664360416;-5.258545;1.4660951;-6.0771484
1521664360428;-4.9105225;1.337372;-6.487915
1521664360436;-4.6083984;1.4018251;-5.9925537
1521664360449;-4.43042;0.7828827;-5.411499
1521664360456;-4.31958;0.7249756;-5.854492
1521664360475;-3.7980957;0.09218788;-5.7304688
1521664360494;-3.8570557;0.29644012;-5.649414
1521664360498;-3.5770874;0.48069;-5.6853027
1521664360509;-3.362915;0.3867569;-5.376587
1521664360516;-3.10437;-0.018332005;-4.975952
1521664360527;-2.895813;-0.052433968;-5.619385
1521664360536;-2.6262817;-0.41409302;-6.0772705
1521664360555;-1.9345093;-2.1913452;-7.05249
1521664360575;-1.5016174;-2.4509277;-6.458008
1521664360596;-1.3150635;-1.773407;-6.2211914
1521664360608;-1.0452881;-1.7537231;-6.043091
1521664360616;-0.57962036;-2.7557983;-5.7524414
1521664360627;-0.35295868;-3.3814697;-6.1258545
1521664360636;-0.035253525;-3.9492188;-5.750366
1521664360647;0.18060303;-3.8272095;-6.4682617
1521664360656;-0.123209;-2.210083;-7.0317383
1521664360668;-0.11109352;-1.461731;-6.479004
1521664360676;0.22713089;-1.2779846;-6.6343994
1521664360695;1.7858278;-4.3569336;-6.171997
1521664360714;2.6307988;-5.1384277;-5.791992
1521664360735;2.469666;-2.2930298;-3.067871
1521664360755;2.5462651;-0.752594;-2.479126
1521664360767;2.6688237;-0.4919815;-2.1384277
1521664360776;2.580933;0.3798828;-2.1896362
1521664360794;2.693787;0.038292885;-1.819519
1521664360796;3.102967;-0.69151306;-2.123413
1521664360809;3.1101081;-1.2294617;-3.0616455
1521664360817;3.3161018;-1.9660034;-3.2936401
1521664360828;3.667054;-2.4974976;-3.505127
1521664360837;3.962159;-2.7208252;-3.3867188
1521664360849;4.1400166;-2.534729;-3.0009766
1521664360857;4.3479023;-2.3065186;-2.7670898
1521664360869;4.0214863;-0.4972992;-2.9335938
1521664360877;3.9982917;-0.003297329;-2.5371704
1521664360901;4.324953;-0.3405304;-2.7407227
1521664360909;4.620119;-0.59202576;-2.7556152
1521664360917;5.1093774;-1.273468;-2.6049805
1521664360929;5.2832055;-2.0158691;-2.4407349
1521664360937;5.115725;-1.9250793;-2.750061
1521664360949;5.0452905;-2.0584717;-2.550415
1521664360958;4.62488;-1.3725891;-3.2328491
1521664360970;4.3920918;-0.35962677;-3.4922485
1521664360977;4.564577;-0.083106995;-2.8052979
1521664361000;4.7805195;-0.010280609;-2.3788452
1521664361009;4.8725605;-0.32972717;-1.9909973
1521664361017;4.694704;-0.5845032;-2.0250244
1521664361029;4.2373066;-0.36610413;-2.5228271
1521664361037;3.892884;-0.25213623;-2.338745
1521664361049;3.6801155;-0.055877686;-2.1748657
1521664361057;3.4964607;-0.06550217;-2.4716187
1521664361069;3.4802864;0.091695786;-2.5926514
1521664361077;3.5054939;0.05319214;-2.1376343
1521664361093;3.1851814;-0.028049469;-2.269165
1521664361121;2.7935185;-0.21108246;-2.3805542
1521664361130;2.632935;-0.35427856;-2.2753296
1521664361138;2.3923955;-0.2784195;-2.557251
1521664361147;2.3755498;-0.37709808;-2.43573
1521664361157;2.3071294;-0.43165588;-2.1964111
1521664361169;2.181519;-0.33382416;-2.1884766
1521664361176;1.9534608;-0.16836166;-2.2919922
1521664361199;1.9731141;0.09323692;-2.0010376
1521664361207;1.8480531;-0.029686451;-2.0480957
1521664361216;1.7940065;-0.08783722;-2.1348267
1521664361228;1.7891237;-0.29720306;-2.1069946
1521664361236;1.8381654;-0.36657715;-2.020691
1521664361248;1.883423;-0.66848755;-1.8158875
1521664361257;1.8629457;-0.8236084;-1.9288025
1521664361275;2.174683;-0.46996307;-2.1846313
1521664361301;2.3110356;-0.19008255;-1.7016907
1521664361315;2.0173955;-0.10590553;-1.5838623
1521664361328;2.0852056;-0.29762268;-0.9707947
1521664361336;2.054932;-0.34149933;-0.76364136
1521664361355;1.964203;-0.917923;-1.1445312
1521664361367;1.9080507;-1.0865173;-1.4714355
1521664361377;2.0396733;-1.0101624;-1.5947571
1521664361391;2.3075566;-0.7840271;-1.5066223
1521664361398;2.2477422;-0.62849426;-1.9373169
1521664361409;2.2678838;-0.4784088;-2.1052856
1521664361417;2.4571538;-0.8487854;-1.7471924
1521664361430;2.530335;-1.117981;-1.6394043
1521664361438;2.750794;-1.3562317;-1.4100952
1521664361447;2.9288335;-1.1418762;-1.4785767
1521664361456;3.1842048;-1.2649231;-1.3815918
1521664361467;3.325196;-1.1123657;-1.3190308
1521664361476;3.4990852;-1.1463623;-1.3290405
1521664361494;3.8707893;-1.2645569;-1.3268127
1521664361499;3.8468635;-1.4966431;-1.5469666
1521664361510;3.9972541;-1.6480103;-1.8828125
1521664361518;4.321535;-1.8257751;-1.7808228
1521664361530;4.5240498;-2.060669;-1.9051208
1521664361538;4.6174335;-2.0531006;-2.2941284
1521664361555;4.666506;-2.1327515;-1.8289185
1521664361569;4.6326923;-1.9020691;-1.5027466
1521664361576;4.514162;-1.9270935;-1.5264893
1521664361599;4.026247;-1.5061035;-1.4438782
1521664361609;3.9424446;-1.828064;-1.3001099
1521664361617;3.6390998;-2.1375122;-1.5178833
1521664361629;3.4742439;-2.2606812;-1.7992859
1521664361637;3.3471076;-2.449463;-1.7095337
1521664361647;3.276551;-2.0819092;-1.3358154
1521664361661;3.2171028;-1.713562;-0.7667999
1521664361682;2.7966313;-0.4930191;-0.31580353
1521664361699;2.5343022;-0.05249405;0.26776123
1521664361714;1.4369508;0.4387436;-0.2681656
1521664361718;1.2053834;-0.044000626;0.05975914
1521664361729;1.0475465;0.48329163;-0.45648193
1521664361737;1.0767213;0.9879303;-0.13980865
1521664361750;-0.116334915;0.903244;-1.1579285
1521664361757;-0.6241913;0.9879608;-1.7245178
1521664361770;-1.2093201;1.5988771;-2.0967407
1521664361777;-1.4900513;1.5985109;-2.642395
1521664361795;-1.8639221;1.3057252;-2.4815063
1521664361796;-2.0912476;0.9444275;-1.7278137
1521664361808;-2.4586182;0.57237244;-1.4994507
1521664361816;-2.77417;0.2872467;-1.6682129
1521664361828;-2.9885254;0.9677124;-2.4257812
1521664361836;-3.0291138;0.67822266;-2.1296387
1521664361850;-3.333435;0.97950745;-2.3799438
1521664361858;-3.6464844;0.9152832;-3.1760254
1521664361870;-3.663208;-0.28069305;-3.5966797
1521664361877;-3.7781982;-0.6078491;-4.122925
1521664361899;-4.171509;1.3328553;-3.8622437
1521664361909;-4.5897217;2.4829106;-3.4261475
1521664361917;-5.067749;2.5206304;-2.7248535
1521664361929;-5.8605957;2.5123906;-2.9555054
1521664361937;-6.552368;2.3124394;-3.6168213
1521664361949;-6.991211;1.5759279;-3.8879395
1521664361957;-7.4938965;1.9657289;-4.1289062
1521664361967;-7.907715;3.0211189;-4.515625
1521664361977;-8.228027;3.7147834;-4.503662
1521664362001;-8.905518;3.807984;-4.175049
1521664362010;-9.04541;3.0118415;-4.3791504
1521664362018;-9.109863;3.410279;-4.552368
1521664362030;-8.924805;2.9426274;-4.526245
1521664362038;-9.206055;2.959351;-5.45105
1521664362051;-9.40625;2.9893193;-6.276367
1521664362058;-9.512451;3.21222;-6.531006
1521664362070;-9.798096;4.0081806;-6.8153076
1521664362078;-10.110596;4.8531513;-6.930542
1521664362097;-10.111572;5.582766;-6.4726562
1521664362108;-9.930908;5.6600366;-6.2523193
1521664362116;-9.873535;5.730227;-6.3223877
1521664362128;-9.848389;5.8182397;-6.3132324
1521664362136;-10.186523;6.094363;-6.0947266
1521664362148;-10.321045;6.211917;-5.9818115
1521664362156;-10.329346;6.113406;-5.831787
1521664362169;-10.330322;6.0134306;-6.088623
1521664362176;-10.253906;5.63135;-6.1624756
1521664362203;-10.173584;4.8217793;-6.9033203
1521664362208;-10.022461;4.628664;-6.9940186
1521664362216;-9.888916;4.4450703;-6.9665527
1521664362228;-9.613037;4.2281513;-6.8829346
1521664362236;-9.458984;4.1933613;-6.7296143
1521664362248;-9.450439;3.9547737;-6.7178955
1521664362256;-9.395264;3.7774665;-6.845459
1521664362270;-9.219238;3.5552375;-6.804199
1521664362276;-9.159424;3.4738166;-6.760376
1521664362294;-9.133301;3.4132087;-6.6640625
1521664362296;-8.867676;3.1332405;-6.5061035
1521664362308;-8.55249;2.7241826;-6.462158
1521664362316;-8.46167;2.3784184;-6.55188
1521664362374;-8.236816;1.8737184;-6.7824707
1521664362379;-7.7546387;1.5705262;-6.7269287
1521664362398;-7.40979;1.290619;-6.3426514
1521664362407;-7.2679443;1.1954652;-6.027466
1521664362416;-7.074585;1.2051393;-6.182251
1521664362428;-6.8135986;1.2633973;-6.263916
1521664362436;-6.363037;1.0097352;-6.241089
1521664362455;-5.1082764;-0.26158142;-6.4127197
1521664362471;-4.732422;-0.82440186;-6.1817627
1521664362480;-4.3641357;-1.7659912;-6.0733643
1521664362502;-4.050659;-2.9626465;-6.5354004
1521664362511;-3.8324585;-3.8025513;-6.635498
1521664362520;-3.6366577;-4.0583496;-6.4108887
1521664362528;-3.7904053;-3.4816284;-6.2893066
1521664362541;-4.3273926;-0.56295776;-5.9104004
1521664362551;-4.046631;-0.45139313;-5.3570557
1521664362560;-3.2757568;-1.4048157;-5.065918
1521664362582;-1.6619568;-4.852295;-5.7365723
1521664362602;-1.6263733;-5.624878;-6.431885
1521664362611;-2.0049438;-4.781128;-6.8309326
1521664362620;-2.4490967;-3.7277832;-6.7227783
1521664362628;-2.7572632;-2.1900635;-6.955078
1521664362642;-2.1090088;-2.1002197;-5.3756104
1521664362665;-1.0076599;-2.5549316;-5.57312
1521664362684;0.8624878;-6.374878;-4.3270264
1521664362703;2.4169316;-2.354126;-0.6868744
1521664362722;1.5074159;1.7496339;-1.2015381
1521664362731;3.0355232;-2.0813599;-0.13184738
1521664362736;3.1260993;-2.390564;-1.0419312
1521664362747;3.0899665;-1.4110718;-2.1435547
1521664362756;2.9861455;-0.46260834;-2.2625122
1521664362768;2.9021;0.5256958;-2.2686768
1521664362777;3.3152473;0.52075195;-2.0187378
1521664362794;4.0810566;-0.5267334;-1.3814392
1521664362796;4.4024677;-1.403595;-1.5276489
1521664362820;4.835329;-1.7597046;-0.73516846
1521664362842;3.9457405;-0.84710693;-1.9419861
1521664362860;4.4766865;-0.33016968;-1.5618286
1521664362868;5.087649;-1.4515686;-1.3040771
1521664362876;5.289431;-1.9344788;-1.4804077
1521664362902;5.165774;-0.95080566;-1.3535461
1521664362908;4.921755;-0.39328003;-1.1932068
1521664362916;4.2755146;0.18650055;-1.354126
1521664362928;4.394411;-0.4063797;-1.310852
1521664362952;4.4073505;-0.79763794;-1.4898987
1521664362959;3.9383552;-1.2957458;-1.5473022
1521664362981;3.4909675;-0.443161;-1.7047424
1521664363002;3.014222;-0.01563549;-1.8689575
1521664363008;3.090821;0.32414246;-1.7971802
1521664363016;3.1093757;0.4133072;-1.6949463
1521664363028;2.9025273;0.40672302;-1.3987122
1521664363036;2.6302495;0.4635315;-1.2403259
1521664363062;2.0671391;0.4737854;-1.1465149
1521664363082;1.7655946;0.5878601;-1.4303894
1521664363115;1.6142274;0.13712311;-2.0265503
1521664363119;1.6581117;-0.17746353;-1.882019
1521664363128;1.6249086;-0.03989315;-1.7234802
1521664363137;1.2412721;0.025737762;-1.0366516
1521664363148;1.1122743;0.18246078;-1.069458
1521664363157;1.11084;0.21951294;-1.087738
1521664363169;1.3102113;0.29895782;-0.9511261
1521664363185;1.5219117;0.19425583;-1.0169983
1521664363200;1.5522462;-0.5559845;-1.0949707
1521664363209;1.4924318;-0.55358887;-1.1715393
1521664363229;1.5451967;-0.5111542;-0.56707764
1521664363249;1.5910646;-0.129673;-0.64331055
1521664363269;1.6526796;-0.26101685;-0.8330078
1521664363280;1.6146241;-0.5627136;-0.98561096
1521664363301;1.6746217;-0.9932556;-0.90441895
1521664363315;1.7897645;-1.0030212;-0.99009705
1521664363317;1.9320375;-0.8283539;-1.2443848
1521664363332;2.0639043;-0.75987244;-1.3218079
1521664363341;2.1131597;-0.63378906;-1.3968506
1521664363348;2.1765141;-0.40229797;-1.5383301
1521664363356;2.3541265;-0.12008095;-1.5583801
1521664363370;2.860169;-0.71987915;-1.2588501
1521664363376;2.938538;-0.84698486;-1.5727844
1521664363395;3.0328987;-0.9510956;-1.7141113
1521664363397;3.0899665;-0.8865204;-1.4352112
1521664363409;3.18274;-1.1240234;-0.67245483
1521664363416;3.2058723;-1.4521484;0.117832184
1521664363428;3.202088;-1.8798218;0.32686615
1521664363437;3.1940315;-2.2127686;0.54655457
1521664363448;3.2066047;-1.9233093;0.10513687
1521664363456;3.4143684;-1.4754639;-0.19384766
1521664363469;3.7405403;-1.4062805;-0.54185486
1521664363477;3.8288581;-1.6565552;-0.66633606
1521664363501;3.84076;-2.008789;-0.68499756
1521664363509;3.8727424;-2.0454712;-1.1268005
1521664363522;3.9578865;-2.045166;0.42139435
1521664363532;3.778321;-2.2172852;0.5152283
1521664363541;3.46399;-2.0256958;-0.45048523
1521664363561;4.0649433;-2.473755;-0.68473816
1521664363581;4.102663;-2.2015991;-0.5360565
1521664363612;3.2580574;0.055984497;-0.29599762
1521664363619;2.6949468;0.7248535;1.0916749
1521664363629;2.1472173;-0.094364166;0.78904724
1521664363637;1.4087526;-0.45391846;-0.22414398
1521664363660;1.4867555;-1.2743225;0.012487888
1521664363675;1.3386232;-0.7352295;-0.50079346
1521664363677;1.188263;0.6405487;-0.2878952
1521664363703;-1.2735596;0.17176056;-1.6344604
1521664363712;-1.8691711;0.23423386;-2.230835
1521664363717;-2.168335;-0.4083557;-2.4898682
1521664363729;-2.5009155;-0.6450958;-2.5924072
1521664363737;-2.684204;-0.7609558;-2.5860596
1521664363750;-2.9744873;-0.6022186;-3.0343628
1521664363757;-3.1646118;0.17821121;-3.4943237
1521664363769;-3.184143;0.23160172;-3.5874634
1521664363777;-3.3293457;0.667099;-4.1966553
1521664363798;-3.685852;0.4221573;-4.3360596
1521664363821;-4.1661377;1.1618959;-4.0461426
1521664363842;-4.602417;1.3196107;-4.501343
1521664363863;-5.0460205;2.5065923;-5.0827637
1521664363882;-5.4122314;3.122193;-4.9558105
1521664363903;-5.5544434;2.3535771;-5.2193604
1521664363909;-5.7650146;2.40387;-5.228882
1521664363932;-6.069092;2.9857183;-5.687866
1521664363939;-6.2922363;3.3914802;-5.4713135
1521664363955;-6.5751953;4.2948017;-5.4992676
1521664363958;-6.6102295;4.7108173;-5.319092
1521664363975;-6.593628;4.97571;-5.154541
1521664363978;-6.5616455;5.2275414;-5.40271
1521664364003;-6.658081;4.979128;-5.888916
1521664364009;-6.833618;4.639162;-6.0235596
1521664364017;-7.1276855;4.6986103;-6.2730713
1521664364029;-7.116089;4.9346943;-6.036255
1521664364041;-7.210083;5.4831567;-6.0618896
1521664364058;-7.697998;6.6889677;-6.9647217
1521664364075;-7.6348877;6.89429;-7.128662
1521664364077;-7.635254;7.152469;-7.2470703
1521664364103;-7.474121;6.972415;-6.4454346
1521664364109;-7.4630127;6.7879667;-6.2785645
1521664364121;-7.474365;6.512576;-6.3498535
1521664364129;-7.5654297;6.032962;-6.383301
1521664364138;-7.462158;5.4532495;-6.213257
1521664364152;-7.1644287;4.923464;-6.4023438
1521664364157;-7.079834;4.54529;-6.404907
1521664364169;-7.1588135;4.630739;-6.4353027
1521664364181;-7.1827393;4.9471455;-6.5548096
1521664364203;-6.7459717;4.519533;-6.5078125
1521664364212;-6.6502686;4.121584;-6.6949463
1521664364222;-6.5286865;3.844239;-6.8912354
1521664364233;-6.5283203;3.6818244;-6.8269043
1521664364242;-6.6451416;3.713929;-6.838501
1521664364259;-6.529175;3.5205085;-6.303589
1521664364275;-6.17334;2.955567;-6.0041504
1521664364278;-6.069702;2.695496;-5.875366
1521664364303;-6.1585693;2.8593755;-6.2734375
1521664364313;-6.2835693;3.179383;-6.5008545
1521664364322;-6.2650146;3.4088142;-6.350464
1521664364333;-5.8049316;2.985108;-6.0789795
1521664364337;-5.322632;2.561707;-5.8656006
1521664364358;-4.9779053;1.67688;-5.553955
1521664364375;-5.1064453;1.7600709;-5.9578857
1521664364378;-5.3623047;1.9045106;-6.140503
1521664364404;-5.1185303;1.8607179;-6.342163
1521664364413;-4.559326;1.5401918;-6.39624
1521664364417;-4.0828857;0.7927551;-6.312866
1521664364433;-3.8512573;0.11860657;-6.0668945
1521664364437;-3.7850952;0.12976456;-5.9987793
1521664364459;-3.6449585;0.24273682;-5.2022705
1521664364475;-3.621399;0.05404377;-5.5706787
1521664364478;-3.4233398;0.030644417;-6.0091553
1521664364503;-2.3134155;-2.1096802;-6.242798
1521664364513;-2.178833;-1.5833435;-6.6757812
1521664364517;-1.8701477;-1.5784302;-6.0742188
1521664364530;-1.8135681;-1.4192505;-5.876953
1521664364538;-1.7354431;-0.7883301;-5.9069824
1521664364550;-1.3712158;-1.0440369;-5.4224854
1521664364557;-1.1017761;-1.7550049;-5.1257324
1521664364570;-0.76597595;-2.5669556;-5.0671387
1521664364577;-0.5099182;-3.526245;-5.1394043
1521664364600;-0.64089966;-2.4953613;-6.937866
1521664364610;-0.42546844;-2.0425415;-6.1065674
1521664364618;-0.37906647;-1.8695984;-5.1953125
1521664364630;-0.08867836;-2.7069092;-4.723633
1521664364638;0.3330307;-4.265381;-5.0203857
1521664364652;0.7286072;-5.359009;-5.3756104
1521664364661;0.92337036;-5.702881;-5.545166
1521664364684;1.1209413;-3.9223022;-5.079956
1521664364705;1.5045472;0.73742676;-0.9339752
1521664364713;1.4959108;1.8244935;-1.7263794
1521664364721;1.993744;1.3441468;-1.1598206
1521664364730;2.5838628;0.2399025;-0.7649994
1521664364743;3.6806648;-1.6630554;-1.2534485
1521664364752;3.4141853;-1.734314;-1.6734314
1521664364758;2.9980474;-0.49745178;-2.637268
1521664364770;3.0894172;0.067539215;-2.5393066
1521664364778;3.4076545;0.26304626;-2.4124756
1521664364798;4.335451;-0.88978577;-1.5564575
1521664364823;4.430666;-2.0042725;-1.8208923
1521664364842;4.3131123;-1.9257202;-2.7641602
1521664364864;4.631716;-1.1260986;-3.0314941
1521664364884;4.8695087;-1.168396;-2.4328613
1521664364904;4.3466816;-1.0092468;-1.6937866
1521664364918;3.851075;0.34934998;-2.0864258
1521664364934;4.0169697;0.40755463;-1.5843811
1521664364938;4.099001;0.20567322;-1.6732483
1521664364953;4.28113;-0.41986847;-2.3303223
1521664364963;4.1866474;-0.4265976;-2.6067505
1521664364970;4.0081806;0.21139145;-2.786438
1521664364978;4.0390644;0.5180359;-2.3622437
1521664365000;3.5460212;0.90922546;-2.2711182
1521664365010;3.465943;0.8435211;-2.1061401
1521664365020;3.4347541;0.4944229;-2.15094
1521664365030;3.4768684;0.3770752;-2.2980347
1521664365038;3.556031;0.34323883;-2.232544
1521664365064;3.5366828;0.41207886;-2.2278442
1521664365072;3.465638;0.35503387;-2.2373047
1521664365081;3.3090217;0.45472717;-2.1691895
1521664365086;3.059327;0.80700684;-2.3502197
1521664365133;3.0546882;0.72566223;-2.355835
1521664365142;3.12909;0.59832764;-2.1761475
1521664365154;2.9356694;0.5052185;-2.1582031
1521664365165;2.606812;0.27897644;-2.6381226
1521664365171;2.3821416;-0.0038366318;-2.44281
1521664365187;2.1948857;-0.13197708;-2.1392822
1521664365204;1.7056886;-0.07433128;-1.5432434
1521664365222;1.4588624;0.0885067;-1.5860901
1521664365243;1.7981263;-0.11420822;-1.728241
1521664365261;1.8329774;-0.30612946;-1.7698975
1521664365279;1.6376649;-0.18423843;-1.5656433
1521664365304;1.5988466;-0.30306244;-1.6782837
1521664365314;1.8344117;-0.6058502;-1.4484253
1521664365323;2.0047002;-0.6941681;-1.6435242
1521664365334;2.1184087;-0.6976776;-1.6361694
1521664365338;2.1809697;-0.70365906;-1.5821228
1521664365359;2.3675542;-0.42160797;-1.5197449
1521664365379;2.7532353;-0.5223541;-1.1001282
1521664365404;3.064698;-0.058509827;-1.4655762
1521664365414;3.3520515;-0.08786583;-0.94818115
1521664365423;3.2030647;0.046606064;-0.8188019
1521664365434;3.1934211;-0.13697433;-0.98521423
1521664365439;3.1848762;-0.3106308;-1.4744873
1521664365451;3.226258;-0.6141815;-1.6109009
1521664365458;3.390931;-0.8623047;-1.4214478
1521664365471;3.5112312;-0.9259186;-1.6505432
1521664365478;3.500489;-0.9459839;-1.6507568
1521664365500;3.6691291;-1.0471191;-1.2067871
1521664365511;3.5511482;-1.092041;-1.1810913
1521664365519;3.5744636;-1.0741882;-1.1852417
1521664365530;3.7526863;-1.2724304;-1.215271
1521664365539;4.0151386;-1.4086304;-1.4733582
1521664365554;4.3310566;-1.6340027;-1.6536865
1521664365562;4.6661396;-1.9829102;-1.899292
1521664365583;5.37427;-2.0511475;-1.5454407
1521664365614;5.325686;-1.9066162;-0.6956482
1521664365622;5.238894;-1.9628601;-0.16793442
1521664365631;4.8087177;-1.395935;-0.8119354
1521664365644;4.4851093;-1.2025146;-1.4599304
1521664365664;4.9489765;-2.3153076;-1.2453613
1521664365683;4.3569355;-1.1216125;-0.35695648
1521664365714;3.55597;-0.32055664;0.42954254
1521664365722;2.950379;0.34550476;0.29462433
1521664365731;2.6235967;0.47116852;0.50431824
1521664365744;0.7424774;-0.30851746;-0.38089752
1521664365765;-0.34014893;0.6713257;-0.9330597
1521664365783;-1.6172485;1.3554994;-1.493927
1521664365814;-2.5515747;1.0567018;-1.6673279
1521664365823;-3.1531372;1.2911988;-2.8445435
1521664365831;-3.545044;1.3864442;-3.34552
1521664365844;-3.7651978;1.7876283;-3.3358154
1521664365872;-3.916809;2.344788;-3.3251953
1521664365885;-4.8167725;2.1812139;-3.579712
1521664365914;-5.5722656;3.2839363;-4.890503
1521664365921;-5.9400635;3.7479255;-5.6777344
1521664365931;-6.123047;4.2271748;-5.6400146
1521664365939;-6.2145996;4.3797626;-5.585327
1521664365951;-6.308716;4.0360126;-5.455078
1521664365973;-6.948242;4.0726337;-5.927368
1521664365987;-7.2218018;4.3503437;-5.9335938
1521664366003;-7.3563232;4.5129414;-5.8793945
1521664366013;-7.5932617;4.9699726;-6.0612793
1521664366019;-7.563965;5.3093286;-6.420044
1521664366031;-7.630005;5.4029565;-6.385742
1521664366039;-7.77417;5.672854;-6.3796387
1521664366065;-7.8363037;5.945925;-6.5543213
1521664366083;-8.088623;5.989138;-7.072754
1521664366115;-8.388184;5.9357934;-6.897827
1521664366122;-8.518555;5.8973413;-6.781616
1521664366131;-8.476318;5.754885;-6.8078613
1521664366144;-8.429443;5.740847;-6.834961
1521664366153;-8.50293;5.8665795;-6.8494873
1521664366160;-8.632324;5.903933;-6.6832275
1521664366171;-8.526611;5.6387963;-6.491333
1521664366183;-8.483398;5.2397485;-6.479492
1521664366200;-8.245117;4.6986103;-6.4682617
1521664366213;-8.2907715;4.5722675;-6.5980225
1521664366219;-8.2126465;4.4354267;-6.6517334
1521664366231;-8.072754;4.1658955;-6.647461
1521664366239;-7.8809814;3.8521125;-6.4819336
1521664366251;-7.641968;3.769654;-6.463257
1521664366260;-7.553833;3.8335578;-6.5510254
1521664366272;-7.456787;3.8726814;-6.595825
1521664366280;-7.2474365;3.849427;-6.5875244
1521664366295;-7.091919;3.7496345;-6.680298
1521664366299;-6.8286133;3.4990242;-6.824341
1521664366325;-6.4873047;2.860291;-6.609741
1521664366343;-6.14917;2.9250493;-6.3721924
1521664366362;-5.949463;2.7067266;-6.147461
1521664366372;-5.6254883;2.245545;-6.36499
1521664366379;-5.4957275;2.276978;-6.3460693
1521664366412;-5.3789062;1.8205568;-6.085083
1521664366422;-4.758301;0.53486633;-6.029541
1521664366435;-4.6657715;0.41964722;-6.290283
1521664366439;-4.6622314;0.7836151;-6.5460205
1521664366455;-4.5820312;1.0079957;-6.175293
1521664366459;-4.475586;0.99838257;-5.7233887
1521664366481;-3.982483;1.1589662;-6.062256
1521664366505;-3.0732422;-0.23003387;-5.695923
1521664366511;-2.7453613;-1.4252319;-5.36084
1521664366524;-2.4940796;-2.1481934;-5.1762695
1521664366535;-2.6817627;-2.7822876;-6.7418213
1521664366540;-3.00708;-1.0230408;-7.022461
1521664366555;-2.7473755;-0.99983215;-6.312378
1521664366560;-2.3217773;-1.0831909;-6.4971924
1521664366581;-0.89733887;-1.700531;-6.456299
1521664366605;0.23585892;-3.8311768;-4.78833
1521664366612;0.2230835;-3.4954224;-5.1416016
1521664366625;-0.045271873;-2.7488403;-5.2860107
1521664366632;-0.13972092;-2.937439;-4.8566895
1521664366640;-0.38469696;-2.8756714;-5.330078
1521664366651;-0.47730255;-2.5934448;-6.3201904
1521664366660;-0.17845154;-2.4020386;-7.1497803
1521664366675;0.57699585;-1.9631958;-6.9664307
1521664366683;1.6748964;-2.3391724;-5.258423
1521664366713;3.195069;-0.6034546;0.21302795
1521664366722;3.1511848;-0.7283478;-0.21334076
1521664366731;3.7062995;-0.90301514;-0.0554142
1521664366744;2.6718755;-0.17730331;-1.1983337
1521664366753;2.4638066;-0.72047424;-0.886734
1521664366761;2.2079473;-1.0252991;-1.7792969
1521664366766;3.134095;-0.015028;-1.5783081
1521664366805;3.4653938;0.046320915;-2.059143
1521664366813;3.686219;0.5366516;-2.3770752
1521664366835;4.4458027;-2.5076904;-0.9993286
1521664366844;4.5198994;-2.3719482;-1.9158936
1521664366847;4.039919;-0.8510895;-1.96698
1521664366865;3.8809211;1.3396608;-1.4750977
1521664366872;4.012697;1.3551942;-1.1183777
1521664366881;4.0825214;0.7837677;-1.4398804
1521664366904;4.0788593;-1.8814697;-1.9952087
1521664366925;3.977967;-2.2002563;-1.9912109
1521664366943;3.8296516;-2.0881348;-1.6122742
1521664366946;3.262818;-0.9662323;-2.0585327
1521664366964;3.2604988;0.5463104;-1.6794739
1521664366972;3.4896247;0.52583313;-1.6257935
1521664366980;3.5007942;-0.09217262;-1.8419495
1521664367004;3.4715583;-1.0143433;-1.998169
1521664367012;3.0997932;-0.79956055;-1.6845398
1521664367020;2.9257207;-0.5790405;-1.5733032
1521664367032;2.8156133;-0.36319733;-1.7515869
1521664367040;2.9004521;-0.20284653;-1.8091431
1521664367064;3.0034187;-0.30365753;-1.7905273
1521664367066;3.0015876;-0.13475037;-1.856781
1521664367085;2.7744756;0.1855774;-1.7807312
1521664367114;2.3510137;0.17993164;-1.941925
1521664367124;1.8775331;-0.25556183;-1.7515564
1521664367132;1.9297487;-0.4764557;-1.4714355
1521664367153;1.8777162;-0.17927551;-1.2711182
1521664367160;1.8269044;0.17347717;-1.2504883
1521664367172;1.8152162;0.24838638;-1.337738
1521664367184;1.6811525;0.10340881;-1.1939392
1521664367203;1.6184083;-0.0010447502;-1.4142456
1521664367212;1.7105104;-0.19141388;-1.4225464
1521664367224;1.6610414;-0.10721016;-1.2428589
1521664367240;1.5902101;-0.22226334;-1.2584839
1521664367261;1.5956117;-0.7919464;-1.2879944
1521664367281;1.9353944;-0.8515625;-1.1410217
1521664367303;2.001038;-0.57388306;-1.0109253
1521664367312;2.079163;-0.66127014;-0.7696228
1521664367320;2.0559087;-0.6705017;-1.0925293
1521664367332;2.2272954;-0.9812317;-1.0757751
1521664367340;2.3242803;-1.2180786;-1.2531128
1521664367352;2.3978887;-1.2706909;-1.3243408
1521664367361;2.6804204;-1.2293396;-1.1585388
1521664367373;2.8607793;-1.0779724;-0.83821106
1521664367380;2.9896245;-0.8681488;-0.8518982
1521664367415;3.0430305;-0.61317444;-1.1095581
1521664367424;2.9642339;-1.2505188;-1.0662231
1521664367445;3.1749275;-2.451294;-1.6133728
1521664367465;3.649903;-2.6688843;-1.4290466
1521664367473;3.852723;-2.5306396;-1.191925
1521664367481;4.040041;-2.2145996;-1.2865295
1521664367505;4.114748;-2.312622;-0.9711304
1521664367513;4.108156;-2.4517212;-1.2117004
1521664367525;4.2962666;-2.5368042;-1.439209
1521664367541;4.60779;-2.928894;-0.9033356
1521664367552;4.423586;-3.090088;-1.0203552
1521664367561;4.1707783;-2.7753906;-1.3442688
1521664367573;4.1950703;-2.58844;-0.74090576
1521664367581;4.1123066;-2.1360474;-0.52893066
1521664367602;3.8421638;-2.0827637;-0.28823853
1521664367623;3.351319;-1.6782837;-0.32128143
1521664367645;2.957398;-0.4870224;0.1580925
1521664367663;2.5558476;-0.28829956;0.059347153
1521664367673;1.6759645;-0.8475342;-0.045186996
1521664367681;1.7483217;-0.15254211;0.3985901
1521664367713;-0.4981079;-0.677536;-2.0827637
1521664367724;-1.7066345;0.71299744;-2.2026978
1521664367741;-2.6918335;-0.99324036;-2.975769
1521664367762;-3.2161255;-0.17780685;-3.1533203
1521664367773;-3.5288696;0.38450623;-3.6709595
1521664367782;-3.8796387;0.85202026;-4.2070312
1521664367802;-3.9307861;1.2812501;-4.343994
1521664367821;-4.152832;0.96047974;-4.765747
1521664367842;-4.784912;1.5791627;-4.5498047
1521664367861;-5.367676;1.8362733;-5.0352783
1521664367873;-5.515869;1.9847718;-5.1550293
1521664367881;-5.593628;2.1810918;-5.3253174
1521664367903;-5.618164;2.820374;-6.3497314
1521664367914;-5.934082;3.4776008;-6.179199
1521664367921;-5.986206;3.4558113;-5.8950195
1521664367933;-6.2142334;3.2725837;-5.905884
1521664367941;-6.2974854;3.217652;-6.0646973
1521664367953;-6.2072754;3.1614387;-6.0473633
1521664367966;-6.51416;3.6337287;-6.252075
1521664367984;-6.7714844;4.2493916;-6.078125
1521664367986;-6.7507324;4.248293;-5.8881836
1521664368023;-6.518921;4.415285;-6.782959
1521664368033;-6.951416;4.5933857;-6.617676
1521664368041;-7.0750732;4.970583;-6.6132812
1521664368083;-7.0893555;5.209597;-6.4935303
1521664368089;-7.2314453;5.119021;-6.578003
1521664368102;-7.5043945;5.5732446;-7.190918
1521664368122;-7.4537354;5.9323754;-7.6887207
1521664368135;-7.3984375;5.3453393;-7.303467
1521664368153;-7.3015137;4.475832;-6.208008
1521664368161;-7.4467773;4.390627;-6.0528564
1521664368175;-7.499878;4.3382587;-5.7374268
1521664368189;-7.372925;4.2197285;-5.4434814
1521664368214;-7.128174;3.8984382;-5.401123
1521664368223;-6.6870117;3.2134407;-5.578003
1521664368244;-6.6380615;3.1140144;-5.7139893
1521664368246;-6.4140625;3.1417854;-5.9606934
1521664368264;-6.159668;2.8041997;-6.229492
1521664368266;-5.989502;2.638062;-6.8413086
1521664368285;-5.645996;2.158997;-7.030884
1521664368304;-5.445801;2.4234014;-6.967407
1521664368306;-5.2651367;2.6857305;-6.592163
1521664368322;-4.732544;2.7824712;-6.112793
1521664368342;-4.45166;1.8683778;-6.0377197
1521664368361;-4.236206;1.7000734;-6.1242676
1521664368382;-4.0771484;1.7096559;-5.929077
1521664368405;-4.0185547;1.6820985;-6.0826416
1521664368407;-3.8432617;1.7755738;-6.1610107
1521664368422;-3.4743652;1.5663759;-5.9746094
1521664368441;-3.1323242;1.2864991;-6.177002
1521664368463;-3.0409546;1.3860475;-6.070923
1521664368482;-2.8324585;0.695343;-5.385132
1521664368505;-2.6985474;0.58369446;-5.661743
1521664368507;-2.602539;0.38328552;-5.454956
1521664368522;-2.4852295;0.01777172;-5.532715
1521664368542;-2.2580566;-0.13345718;-5.3125
1521664368562;-2.0084229;1.1496583;-5.731079
1521664368582;-0.6295624;2.1600957;-6.5649414
1521664368609;0.9750519;0.8054352;-6.7159424
1521664368622;2.2714849;-2.360962;-6.404541
1521664368633;2.1541753;-2.4299316;-7.5322266
1521664368642;1.8393861;-2.3273315;-7.666626
1521664368653;1.6347047;-1.4141846;-6.8134766
1521664368662;1.552643;-1.1271973;-5.8077393
1521664368674;1.6030275;-1.8037109;-5.4300537
1521664368682;1.8134767;-2.3035889;-5.782959
1521664368705;2.4978032;-2.428833;-6.61145
1521664368714;2.6679082;-1.9361877;-7.4766846
1521664368722;2.9042363;-0.025886059;-5.281372
1521664368735;3.477784;1.2664491;-1.2428589
1521664368742;3.6575325;0.2810974;-2.3391724
1521664368754;3.7866828;-1.4173279;-3.1999512
1521664368762;3.962159;-3.454773;-3.6638794
1521664368774;3.9741828;-3.5991821;-4.466919
1521664368782;4.0324726;-2.0411987;-5.017578
1521664368802;4.647829;1.6043397;-2.749878
1521664368814;4.836672;0.4888382;-3.4332886
1521664368822;4.9870625;-0.9496918;-4.0184326
1521664368834;5.327517;-2.421997;-4.2957764
1521664368842;5.764773;-4.0023193;-4.2460938
1521664368860;5.7814965;-3.3242188;-3.9848022
1521664368884;4.9399433;-0.2846527;-3.390686
1521664368901;4.9389668;0.75250244;-2.6663208
1521664368923;5.259768;-1.1966858;-2.8521729
1521664368932;5.128054;-1.8413086;-3.416748
1521664368955;5.0803246;-2.1293945;-3.7694092
1521664368964;5.3009057;-1.0133362;-3.3886719
1521664368984;5.3698754;-0.20737839;-3.1781616
1521664369001;5.251345;-0.19228745;-3.3233032
1521664369014;5.1093774;-0.13135529;-3.149414
1521664369022;4.8061543;0.41777802;-2.9962769
1521664369034;4.692507;0.49430847;-2.644226
1521664369042;4.505007;0.49518585;-2.637146
1521664369055;4.4053974;0.25569153;-2.7783813
1521664369074;4.2157;-0.009212017;-3.164978
1521664369082;4.080324;-0.3182907;-3.1987915
1521664369087;3.8350837;-0.4308548;-3.565979
1521664369122;3.6266487;-0.34132385;-3.761963
1521664369135;3.5825813;0.22793579;-3.151184
1521664369144;3.3775642;0.45357513;-3.095337
1521664369149;3.1417243;0.31801605;-2.9262695
1521664369164;2.4674077;-0.13669205;-2.8833618
1521664369175;2.3564458;-0.16031647;-2.8135376
1521664369183;2.2485967;-0.13497162;-2.857727
1521664369225;2.2623296;0.0030117035;-2.9765015
1521664369244;2.3303838;-0.0676651;-2.90448
1521664369247;2.2220464;-0.084913254;-3.0717773
1521664369268;2.1994023;0.025164604;-2.3933716
1521664369284;2.1823125;-0.1661377;-2.2202759
1521664369286;2.0688481;-0.40896606;-2.2511597
1521664369314;2.1184697;-0.3825302;-2.2474365
1521664369323;2.5453496;-0.27392578;-2.3092651
1521664369334;2.5803227;-0.43784332;-2.333252
1521664369342;2.526856;-0.5241699;-2.2810059
1521664369355;2.502808;-0.44130707;-2.1883545
1521664369363;2.5185552;-0.38498688;-2.3184814
1521664369375;2.516663;-0.28918457;-2.0580444
1521664369382;2.79773;-0.32152557;-1.7973938
1521664369402;2.8086553;-0.7539215;-1.8105164
1521664369425;2.874146;-1.0917969;-1.8882141
1521664369427;3.1060798;-1.4074707;-1.8024292
1521664369445;3.2149055;-1.3557739;-1.9754944
1521664369447;3.5527961;-1.3005371;-2.2294312
1521664369468;4.3774433;-1.809082;-2.0354614
1521664369485;4.9714375;-1.9120789;-1.6673889
1521664369487;5.0922875;-1.7903137;-1.6119995
1521664369509;5.3194604;-1.3001404;-1.0919495
1521664369523;5.3804955;-1.9402771;-0.71173096
1521664369542;5.188235;-3.6713867;-1.2544556
1521664369563;4.887331;-4.2956543;-2.272644
1521664369583;4.954836;-4.119995;-2.6229248
1521664369609;5.3422875;-3.538208;-1.9911499
1521664369618;5.231814;-2.7731323;-1.744812
1521664369627;5.046511;-2.3753052;-1.1946106
1521664369638;4.672121;-2.187683;-0.6915436
1521664369655;3.5728767;-1.2462769;-0.48690796
1521664369662;3.0180671;-0.32501984;-0.42920685
1521664369675;2.8016362;-0.7214203;0.26838684
1521664369682;2.3851323;-0.93292236;-0.44426727
1521664369704;0.68725586;0.1263504;-2.7254639
1521664369715;0.46968842;0.98321533;-2.4936523
1521664369723;0.19781494;1.0118715;-1.6506042
1521664369735;-0.6284027;1.3328859;-2.1799316
1521664369743;-1.4362793;1.1411744;-2.6636963
1521664369758;-2.0994263;1.3177186;-3.1455078
1521664369766;-2.5805664;1.1495668;-3.275879
1521664369782;-3.0998535;1.3463441;-3.486145
1521664369787;-3.4156494;1.7453614;-3.4159546
1521664369810;-3.6265259;1.9920045;-3.4125977
1521664369818;-3.7964478;2.4897466;-3.833374
1521664369835;-4.097046;2.4042363;-4.2579346
1521664369843;-4.2509766;2.5037236;-4.7492676
1521664369848;-4.2684326;2.177857;-5.032715
1521664369883;-4.3984375;2.9742436;-4.932129
1521664369888;-4.3901367;3.2094734;-5.2193604
1521664369915;-4.7646484;4.3118916;-5.9074707
1521664369925;-5.1569824;4.5570087;-6.331665
1521664369935;-5.163086;4.032839;-6.757202
1521664369943;-5.3153076;4.1939716;-6.9816895
1521664369955;-5.408203;4.8308125;-6.932373
1521664369973;-5.357788;5.2714868;-6.711914
1521664369976;-5.3900146;5.5778832;-6.8168945
1521664369991;-5.380127;5.9049096;-7.2226562
1521664370024;-5.583618;5.838015;-7.6140137
1521664370035;-6.312744;6.4423857;-7.6817627
1521664370043;-6.3616943;6.609378;-7.603882
1521664370064;-6.4659424;6.6865263;-7.6523438
1521664370067;-6.639038;6.9511747;-7.789917
1521664370084;-7.0582275;7.54285;-8.043945
1521664370111;-7.203491;7.587894;-7.462158
1521664370123;-6.556885;6.9543486;-6.933716
1521664370145;-6.625366;6.4845;-6.448242
1521664370165;-6.507324;5.661013;-6.817383
1521664370184;-6.107788;5.1134057;-7.3125
1521664370215;-5.9611816;4.567873;-7.308716
1521664370223;-5.8033447;4.314577;-7.152466
1521664370235;-5.6483154;4.1191425;-7.1202393
1521664370243;-5.5334473;3.8376472;-7.0131836
1521664370256;-5.3293457;3.4926765;-6.963745
1521664370272;-5.3480225;3.4249275;-6.9261475
1521664370276;-5.2165527;3.4336555;-6.9699707
1521664370292;-5.1427;3.4724739;-7.0284424
1521664370315;-4.808838;3.6018684;-6.737671
1521664370323;-4.4713135;3.2855232;-6.7176514
1521664370335;-4.2835693;3.0737312;-6.852783
1521664370344;-4.2860107;2.9240727;-6.834961
1521664370369;-4.0441895;2.5144658;-6.6363525
1521664370388;-3.5791016;2.1771245;-6.4433594
1521664370424;-2.8846436;1.6080323;-6.015503
1521664370435;-2.2389526;0.39585876;-6.131836
1521664370444;-1.8797607;-0.080825806;-6.340088
1521664370464;-1.9251099;0.0022010803;-6.740967
1521664370484;-1.6637573;0.27762604;-6.3931885
1521664370524;-0.630661;-0.006878376;-6.3391113
1521664370526;-0.08032036;-1.0429688;-6.3533936
1521664370548;0.51200867;-2.465454;-7.216675
1521664370564;0.7191162;-2.069397;-6.217285
1521664370584;0.7515106;-1.2333679;-5.9243164
1521664370586;0.7962494;-0.4602356;-5.704712
1521664370608;1.8677369;-1.5146484;-3.7415771
1521664370630;2.3596807;-1.8666077;-5.609497
1521664370648;3.1911628;-1.4398499;-3.237671
1521664370670;3.2457893;-3.1618652;-6.311035
1521664370685;3.372193;-2.0048828;-4.9764404
1521664370688;3.5826423;-1.5348206;-4.420166
1521664370724;3.545472;-1.4718933;-3.7600098
1521664370726;3.703431;-2.1514282;-3.3723755
1521664370744;3.0428474;-2.925232;-4.9891357
1521664370765;3.39618;-2.5906372;-5.7491455
1521664370784;4.62195;-1.367218;-4.963379
1521664370804;4.9422626;-1.2268066;-2.968567
1521664370831;4.431032;-1.6142273;-3.263733
1521664370839;3.705445;-1.9856873;-3.90271
1521664370848;3.1405036;-1.5531616;-4.173218
1521664370865;3.3208625;-0.5953522;-4.506958
1521664370868;3.7481086;-0.5503845;-4.515625
1521664370889;4.585451;-0.46929932;-4.1922607
1521664370924;5.0223413;-0.56469727;-3.765564
1521664370927;4.777712;-0.29904175;-4.2122803
1521664370949;4.6210957;-0.6414032;-4.7452393
1521664370970;4.6032734;-1.8014221;-4.5550537
1521664370985;4.5789814;-1.6208801;-3.5760498
1521664371005;4.205324;-0.21058273;-2.5401611
1521664371024;4.1854267;-0.20400238;-2.9292603
1521664371045;4.144045;-0.9104614;-3.534851
1521664371056;4.0217304;-1.4160156;-3.24646
1521664371070;3.083802;-1.1879272;-3.0655518
1521664371089;2.5238652;-0.727417;-2.680603
1521664371125;2.3114629;-0.9217987;-2.9157715
1521664371127;2.2968144;-1.0301208;-3.105774
1521664371136;2.158875;-1.2568359;-3.0913696
1521664371155;1.9708558;-1.2418213;-3.1073608
1521664371158;1.960785;-1.3586426;-3.145752
1521664371166;1.7770082;-1.4216919;-3.143982
1521664371176;1.7472535;-1.2845764;-3.048462
1521664371189;1.8669435;-1.1501465;-2.7224731
1521664371209;2.084351;-0.8026123;-2.3927612
1521664371225;2.3628545;-0.90089417;-2.5864258
1521664371244;2.7460332;-1.0368652;-2.5547485
1521664371264;2.9752202;-0.82899475;-2.4828491
1521664371283;3.2108772;-1.3608704;-2.550476
1521664371286;3.2197273;-1.40802;-2.9594727
1521664371309;3.6836555;-1.3251343;-2.6599731
1521664371325;3.7408454;-1.1474915;-2.7748413
1521664371345;3.860047;-1.9008179;-3.1281738
1521664371364;4.6334248;-2.1136475;-2.8119507
1521664371385;4.8725605;-2.3015137;-2.190857
1521664371411;5.070803;-2.503418;-2.4853516
1521664371416;5.21802;-2.1843872;-3.140503
1521664371429;5.6549096;-2.2808228;-2.9085693
1521664371445;6.06116;-2.5430908;-2.0410156
1521664371465;5.5400414;-3.078247;-1.7348938
1521664371485;5.193606;-3.137146;-1.2294922
1521664371510;4.7508564;-3.5847168;-1.8726501
1521664371525;3.8661506;-1.7831421;-0.8260193
1521664371545;2.811768;-0.5313873;-0.47335052
1521664371565;1.7678834;-0.48260498;-0.29953003
1521664371585;1.1861573;0.25850677;0.027399063
1521664371611;-1.9551086;-1.986084;-2.590149
1521664371617;-2.6514282;-0.7884064;-3.816162
1521664371629;-2.7615356;-0.3577423;-3.8875732
1521664371645;-2.9467773;-0.76452637;-4.0689697
1521664371657;-3.0821533;-0.48238373;-4.8814697
1521664371666;-3.0063477;0.12420654;-5.454956
1521664371685;-3.0770874;0.6388397;-4.1844482
1521664371704;-3.6915283;1.0017701;-4.154297
1521664371706;-3.986206;0.09119415;-4.0026855
1521664371725;-4.649048;1.6466371;-5.7006836
1521664371745;-4.900635;1.5560304;-6.2904053
1521664371757;-4.8066406;1.8776551;-7.11499
1521664371766;-4.5290527;2.2485356;-7.2718506
1521664371785;-4.2226562;2.671204;-6.3476562
1521664371805;-4.605713;3.6300666;-5.864624
1521664371831;-4.8186035;3.3208625;-5.875
1521664371849;-4.5125732;3.358216;-6.9101562
1521664371871;-4.2718506;3.654847;-7.423706
1521664371885;-4.311157;3.8431404;-7.6853027
1521664371909;-4.255249;4.4387226;-7.768799
1521664371917;-4.5567627;4.7976093;-7.3117676
1521664371926;-4.5844727;5.042849;-7.274048
1521664371950;-4.6514893;5.4234643;-7.3494873
1521664371970;-5.458618;6.168582;-7.5980225
1521664371991;-5.5078125;6.422244;-7.506714
1521664372015;-5.227417;6.290042;-7.123657
1521664372023;-5.432251;6.220706;-6.6621094
1521664372026;-5.6030273;6.0927763;-6.451294
1521664372049;-5.2701416;5.112063;-6.156128
1521664372065;-5.1538086;5.0068383;-6.519287
1521664372085;-4.9992676;4.5775166;-6.5843506
1521664372111;-4.829956;4.2456074;-6.647461
1521664372117;-4.871826;4.1275654;-6.7078857
1521664372129;-4.7720947;3.8735359;-6.578491
1521664372145;-4.5616455;3.5138557;-6.436157
1521664372164;-4.461792;3.4700325;-6.3896484
1521664372166;-4.491089;3.5054939;-6.189331
1521664372177;-4.3719482;3.4421394;-5.996216
1521664372189;-4.2508545;3.1380622;-5.963623
1521664372211;-3.8804932;2.486817;-6.3272705
1521664372217;-3.8723145;2.4968266;-6.4818115
1521664372229;-3.8552246;2.4026494;-6.4611816
1521664372245;-3.5700073;2.0636601;-6.25354
1521664372264;-3.3030396;1.7604371;-5.9558105
1521664372266;-3.1156006;1.8324891;-5.770752
1521664372283;-3.0014038;1.8664552;-5.5998535
1521664372286;-2.9484253;1.8386232;-5.6625977
1521664372311;-2.8857422;1.8901674;-6.053711
1521664372317;-2.6143188;1.3344423;-6.147583
1521664372329;-2.3567505;0.87579346;-6.2764893
1521664372345;-1.9564514;0.49152374;-6.092041
1521664372364;-1.8913269;0.7862396;-6.0181885
1521664372366;-1.7044678;0.85295105;-5.618286
1521664372384;-1.4374695;0.8846588;-5.636963
1521664372386;-0.7594452;-0.119729996;-5.548706
1521664372411;-0.02205038;-2.557129;-5.4849854
1521664372417;-0.25578308;-1.1772156;-7.5859375
1521664372426;-0.09638977;-0.64860535;-6.892578
1521664372437;0.49205017;-1.000061;-5.5772705
1521664372446;1.103943;-1.3778992;-5.418213
1521664372457;1.7810975;-3.572754;-4.2851562
1521664372466;2.0672002;-4.546997;-4.470093
1521664372478;1.9239198;-3.2821655;-6.4191895
1521664372486;1.8506471;-1.7120667;-7.1502686
1521664372501;1.8214113;-0.9027252;-6.019043
1521664372506;1.6064149;-0.18075943;-5.3706055
1521664372518;2.0919805;-1.4697876;-5.1292725
1521664372526;2.7112432;-3.5180664;-6.300049
1521664372539;3.3621833;-5.3031006;-6.828125
1521664372559;4.305422;-3.7739258;-2.6831055
1521664372573;3.6726081;-2.2817383;-5.0977783
1521664372579;3.592408;-0.99812317;-4.66626
1521664372605;3.6737068;-0.19604874;-3.7303467
1521664372611;3.861512;-1.0151672;-3.2384033
1521664372618;4.428591;-2.0703735;-3.1259155
1521664372639;4.53821;-2.0769043;-4.2506104
1521664372650;5.1184106;-2.36615;-3.062317
1521664372664;4.724123;-1.9241638;-4.111084
1521664372666;4.7443867;-1.6714783;-3.8980713
1521664372685;4.965578;-1.9912415;-3.2507935
1521664372687;4.762697;-1.8456726;-3.699585
1521664372711;4.9243183;-1.3934326;-3.619751
1521664372718;5.2098413;-1.5027771;-3.2375488
1521664372731;5.2384057;-1.3870544;-3.5577393
1521664372742;5.410403;-1.1987915;-3.7023315
1521664372746;5.678225;-1.6760864;-3.392334
1521664372757;5.543093;-1.624939;-3.6395874
1521664372766;5.588015;-1.8876343;-3.3809204
1521664372778;5.2761254;-2.0054321;-3.4223633
1521664372787;4.8712177;-1.4934692;-3.9229126
1521664372805;4.7149677;-1.2696533;-3.4945679
1521664372807;4.581789;-0.78523254;-3.3165894
1521664372822;4.5162373;-0.59114075;-3.2444458
1521664372826;4.4788837;-0.8201904;-3.0734253
1521664372848;4.088503;-0.8304138;-2.8131104
1521664372871;3.3936775;-0.502121;-2.824768
1521664372878;3.1855476;-0.6651764;-3.3079834
1521664372886;3.1614387;-0.7044678;-3.4882202
1521664372912;3.224305;-0.7261658;-3.0933228
1521664372931;2.8908696;-0.6670685;-3.3952637
1521664372952;2.8173833;-0.6739502;-3.2253418
1521664372971;2.7883306;-0.6479492;-2.9401245
1521664372978;2.7951665;-0.8127594;-2.87146
1521664372986;2.6082768;-0.88365173;-2.8947144
1521664373011;2.6521;-0.8356323;-3.031067
1521664373024;2.9152837;-0.7207794;-3.0286865
1521664373027;2.9600224;-0.72442627;-2.8433838
1521664373038;3.0083015;-0.5805359;-2.7304688
1521664373046;2.942078;-0.596756;-2.8129883
1521664373058;2.8961797;-0.80081177;-2.7318115
1521664373071;2.8020635;-0.75323486;-2.649414
1521664373084;2.851746;-0.6553345;-2.2874146
1521664373087;2.799622;-0.81417847;-2.1435547
1521664373111;2.6682134;-1.2207947;-2.4447021
1521664373125;2.853516;-1.1775513;-2.559204
1521664373127;3.0824592;-1.3749084;-2.3325806
1521664373138;3.0780647;-1.3089905;-2.35083
1521664373147;3.1085823;-1.4233704;-2.3162842
1521664373162;3.1970222;-1.4515381;-2.3945312
1521664373166;3.236756;-1.2997742;-2.5327759
1521664373178;3.3496711;-1.5842285;-2.628601
1521664373190;3.496888;-1.8334045;-2.480774
1521664373211;4.0743427;-2.5844116;-2.6542358
1521664373225;4.206911;-2.8778076;-3.027588
1521664373228;4.5046406;-2.9553833;-3.0802002
1521664373245;4.8463154;-2.9725342;-2.8978271
1521664373247;5.0955834;-2.9381104;-2.841858
1521664373262;5.205569;-2.9430542;-2.572937
1521664373266;5.2971215;-3.0751343;-2.0128174
1521664373282;5.242312;-3.058838;-1.6086121
1521664373287;5.174929;-3.3497314;-1.5164185
1521664373312;5.084231;-2.9022827;-2.053772
1521664373324;5.405398;-2.977539;-1.3842163
1521664373327;4.9229755;-3.36792;-1.4629517
1521664373342;4.710451;-3.21521;-0.9508972
1521664373346;4.465822;-3.039795;-0.64649963
1521664373365;3.9353034;-2.1671143;-1.0252991
1521664373368;3.5554206;-1.4428406;-0.4331665
1521664373384;2.9995122;-0.86076355;-0.2761383
1521664373387;2.4934697;-0.6922302;-0.41973114
1521664373412;1.5354921;-1.0248718;-1.4403076
1521664373422;1.3948976;-0.9166107;-1.2602234
1521664373427;1.7774659;-1.2103271;-0.4418106
1521664373438;1.9915468;-0.82766724;-0.4598236
1521664373447;0.6159363;-0.7187195;-2.1896973
1521664373458;0.5860748;-0.119817734;-2.366333
1521664373466;0.41677856;0.23363495;-2.2827759
1521664373479;0.19509888;-0.36936188;-2.3294678
1521664373486;-0.44587708;-0.2960739;-3.5214233
1521664373508;-0.9160309;0.021788597;-3.340149
1521664373519;-1.0659485;0.16258621;-3.3841553
1521664373527;-1.3821411;-0.18281174;-3.446167
1521664373538;-1.9663696;0.10290527;-3.9970093
1521664373561;-2.5111694;1.2089845;-4.556885
1521664373579;-2.863037;1.5158387;-4.4836426
1521664373595;-3.022644;2.52356;-4.8428955
1521664373612;-3.2767334;2.4578252;-4.642578
1521664373619;-3.944336;2.6157231;-5.1953125
1521664373627;-4.4068604;2.8962407;-5.619507
1521664373642;-4.5949707;3.2491462;-5.837036
1521664373647;-4.7158203;3.1147468;-5.5441895
1521664373665;-4.9282227;2.6271367;-5.3016357
1521664373668;-5.1468506;2.5852056;-5.760254
1521664373685;-5.17688;2.4739995;-5.5860596
1521664373687;-5.3392334;3.1003425;-5.677124
1521664373713;-5.7911377;4.0719013;-5.5959473
1521664373723;-5.900635;4.3017597;-5.4104004
1521664373727;-6.0111084;4.4661884;-5.635742
1521664373743;-6.1619873;4.4542255;-5.7962646
1521664373747;-6.2318115;4.417116;-6.1445312
1521664373768;-6.383545;4.852785;-7.3790283
1521664373779;-6.972168;5.789553;-7.819458
1521664373787;-7.1435547;6.109378;-7.95166
1521664373809;-7.179199;7.830814;-7.6380615
1521664373823;-7.345093;7.459842;-7.262451
1521664373827;-7.1325684;6.889407;-6.958252
1521664373843;-7.1627197;6.7271757;-6.7767334
1521664373852;-7.3216553;7.1586947;-7.3843994
1521664373865;-7.61145;7.5262485;-7.505493
1521664373868;-7.8896484;8.022469;-7.6539307
1521664373881;-7.9467773;8.085945;-7.7056885
1521664373887;-7.720093;7.680057;-7.475464
1521664373909;-7.074829;6.8120146;-7.2039795
1521664373934;-6.865967;6.2683134;-7.2592773
1521664373939;-6.850708;5.9638696;-7.345337
1521664373951;-6.7406006;5.775149;-7.5010986
1521664373960;-6.503174;5.4119897;-7.562256
1521664373967;-6.2996826;5.039187;-7.5682373
1521664373992;-5.847046;4.4003925;-7.5339355
1521664374021;-5.48938;3.7673347;-7.6071777
1521664374028;-5.244385;3.3556526;-7.3570557
1521664374043;-5.1016846;3.3347785;-7.211792
1521664374047;-4.939575;3.286927;-7.095459
1521664374060;-4.772949;3.1246955;-6.9278564
1521664374067;-4.650757;3.055909;-6.9801025
1521664374085;-4.730591;3.18982;-7.203491
1521664374087;-4.641968;3.0268562;-7.162964
1521664374113;-4.1452637;2.8209844;-7.4003906
1521664374122;-3.9226074;2.7446904;-7.050049
1521664374127;-3.687439;2.627747;-6.7939453
1521664374139;-3.3112793;2.4033818;-6.6381836
1521664374147;-3.1014404;2.2324224;-6.2788086
1521664374168;-2.8513794;1.7190858;-5.9228516
1521664374179;-2.6905518;1.3239137;-5.9781494
1521664374191;-2.5567017;0.8518982;-6.0270996
1521664374214;-2.2738037;0.56811523;-6.666992
1521664374223;-2.0315552;0.44347382;-6.959961
1521664374232;-1.54245;-0.019557476;-6.1483154
1521664374243;-1.2510986;0.11802292;-5.788574
1521664374247;-0.9328766;-0.3591385;-5.536133
1521664374268;-0.5853729;-0.8208008;-5.7767334
1521664374285;-0.35816956;-1.4476929;-5.88562
1521664374288;-0.24456787;-1.7962341;-6.440796
1521664374313;-0.06949425;-1.336731;-7.7218018
1521664374323;0.22574234;-0.7906647;-7.523926
1521664374332;0.8327179;-0.7471161;-6.3981934
1521664374343;1.3919679;-1.5700073;-5.279297
1521664374347;1.9193422;-2.2287598;-5.555176
1521664374368;2.5108037;-2.6307983;-6.5146484
1521664374385;2.7863774;-3.7440796;-6.154175
1521664374388;2.6737065;-3.94812;-6.751709
1521664374413;2.8172002;-4.636963;-5.8933105
1521664374430;2.9600835;0.37402344;-2.2565308
1521664374443;3.2896125;0.50956726;-2.305359
1521664374452;3.6491096;0.61779785;-2.142334
1521664374460;4.791994;-0.1308403;-1.9054871
1521664374467;5.18323;-2.8220825;-1.5149231
1521664374480;4.6781025;-3.5266724;-2.9595947
1521664374487;4.323;-2.8408813;-3.9172363
1521664374508;4.3447285;-1.8347778;-3.1762695
1521664374519;4.298586;-0.14995956;-3.701233
1521664374527;4.9301777;-0.023034096;-2.6854858
1521664374539;5.4063745;0.31394958;-2.0823364
1521664374548;5.6962914;0.25888824;-1.7928772
1521664374561;5.7569604;-1.1332092;-1.4981384
1521664374572;5.3978295;-2.137329;-1.91745
1521664374583;4.9849873;-2.5158691;-2.7817993
1521664374591;4.8050556;-2.550354;-3.5099487
1521664374615;4.935671;-2.5291748;-3.3243408
1521664374623;4.979128;-2.3148804;-3.4099731
1521664374631;4.848879;-1.6084595;-4.1257324
1521664374640;5.2121606;-0.8449402;-3.7633667
1521664374653;5.529055;-0.08145332;-2.9052734
1521664374662;5.442141;-0.3652954;-2.6013794
1521664374668;5.1601586;-0.5726166;-2.3291016
1521664374680;4.9729023;-0.9557648;-2.6950073
1521664374688;4.7111835;-0.9228058;-2.6055908
1521664374703;4.7531757;-0.61665344;-2.5037842
1521664374708;4.878542;-0.5013428;-2.5463257
1521664374720;4.7911396;-0.49435425;-2.5569458
1521664374728;4.416994;-0.09539604;-2.9520264
1521664374739;4.3172626;0.09483528;-2.99646
1521664374748;4.264162;-0.0995121;-2.7059937
1521664374762;3.9746711;-0.28507996;-2.8035889
1521664374772;3.6021736;-0.37948608;-2.827942
1521664374784;3.4198005;-0.58917236;-2.4848633
1521664374792;3.1209724;-0.9178772;-2.3241577
1521664374815;2.8078618;-1.1347656;-2.4483643
1521664374823;2.5274053;-1.344696;-2.3607788
1521664374831;2.4480596;-1.3323364;-2.1348267
1521664374840;2.202149;-1.0267029;-2.1802368
1521664374853;2.0729375;-0.66290283;-2.1113892
1521664374883;1.9741212;-0.71824646;-2.2823486
1521664374893;1.7607423;-1.1392822;-2.645996
1521664374913;1.6503907;-1.1372681;-2.6914673
1521664374922;1.5236512;-1.194397;-2.06427
1521664374941;1.4776307;-1.2987671;-2.2226562
1521664374948;1.6276857;-1.3041382;-2.178711
1521664374961;1.9492494;-1.2293396;-1.9329834
1521664374970;2.2227178;-1.0115662;-1.589386
1521664374980;2.4221196;-0.77394104;-1.370636
1521664374988;2.5331426;-0.54345703;-1.4573364
1521664375012;2.6149297;-0.87786865;-1.5943909
1521664375020;2.7633061;-1.2750854;-1.611145
1521664375028;2.7692266;-1.1229553;-2.0252686
1521664375042;2.9971318;-0.95658875;-2.0744019
1521664375048;3.2265632;-1.0088196;-1.7113342
1521664375060;3.304444;-0.87127686;-1.7677917
1521664375081;3.4559944;-1.9376831;-1.9051819
1521664375105;3.6524055;-2.0228882;-2.1455688
1521664375115;4.3344746;-2.0065918;-1.3840942
1521664375133;4.618288;-1.1609192;-1.4795837
1521664375140;4.4782734;-1.6864624;-1.8086548
1521664375148;4.5341816;-2.026184;-1.9037781
1521664375170;4.8480244;-2.4664307;-1.8767395
1521664375181;4.9554462;-2.5914307;-1.5244141
1521664375192;4.96216;-2.6391602;-1.1214294
1521664375214;4.933962;-2.1519165;-1.385376
1521664375223;5.226931;-2.2202148;-0.8808136
1521664375232;5.150271;-2.2390747;-1.143158
1521664375244;4.994997;-2.3370361;-1.2841187
1521664375253;4.77466;-1.7132263;-1.2707214
1521664375269;4.456667;-1.6975708;-0.6457977
1521664375284;4.147463;-1.5565491;-1.0705872
1521664375288;4.172121;-1.6575012;-0.833374
1521664375314;3.925721;-0.18101883;0.38799286
1521664375324;3.7821662;-0.120939255;0.9815979
1521664375328;3.236634;0.18389893;0.44799042
1521664375344;2.6812139;0.9293213;-0.32354736
1521664375353;1.0235902;0.65545654;-1.8890076
1521664375369;-0.19761276;-0.6459961;-2.5115356
1521664375384;-0.59799194;-0.41155243;-3.260315
1521664375389;-0.9035034;0.131176;-2.8013916
1521664375414;-1.3458557;1.1877748;-3.1021118
1521664375423;-1.8226013;1.1407777;-3.574463
1521664375428;-2.1577759;0.63209534;-3.7262573
1521664375440;-2.6156616;0.937973;-3.9884033
1521664375449;-3.0263672;1.8701783;-4.083496
1521664375461;-3.3435059;2.05481;-4.0424805
1521664375468;-3.7368164;2.1059575;-3.791809
1521664375480;-4.1297607;2.0474248;-4.0740967
1521664375488;-4.5198975;1.9786683;-4.9016113
1521664375510;-4.804199;1.3395387;-5.0736084
1521664375520;-5.1486816;1.0817872;-5.3377686
1521664375529;-5.3826904;1.1723939;-5.492798
1521664375540;-5.5513916;1.6024781;-5.362549
1521664375549;-5.5460205;2.620606;-5.373535
1521664375563;-5.453247;3.592713;-4.677124
1521664375572;-5.5665283;4.0599384;-4.392456
1521664375584;-6.148926;4.9510517;-4.911133
1521664375593;-6.2355957;4.9053974;-4.826172
1521664375624;-6.5404053;5.249514;-5.23291
1521664375632;-6.626831;5.176638;-5.1173096
1521664375641;-6.5776367;4.707155;-5.3513184
1521664375654;-6.731079;4.5534687;-6.1186523
1521664375663;-6.879883;4.598879;-6.1394043
1521664375669;-7.2419434;5.0120873;-6.5446777
1521664375681;-7.651245;5.5537133;-6.932495
1521664375689;-7.7980957;5.8249536;-7.1046143
1521664375704;-7.906128;6.156253;-7.1468506
1521664375710;-7.963135;6.5396757;-7.121216
1521664375720;-8.151611;7.037357;-7.1708984
1521664375729;-8.2717285;7.205936;-6.9261475
1521664375742;-8.366943;7.3494906;-6.5128174
1521664375749;-8.470703;7.395633;-6.4348145
1521664375765;-8.314453;6.9803495;-6.2022705
1521664375773;-8.453613;6.696658;-6.3482666
1521664375795;-8.582764;5.9866967;-6.4904785
1521664375824;-8.363281;5.588015;-6.8619385
1521664375832;-7.9489746;5.119387;-6.9660645
1521664375841;-7.7493896;4.9019794;-7.0820312
1521664375854;-7.6467285;4.518923;-7.302124
1521664375895;-7.17334;3.9058845;-7.2922363
1521664375923;-6.7401123;3.5987556;-6.812622
1521664375930;-6.3573;2.9550786;-6.7490234
1521664375940;-6.279297;2.7066045;-6.7491455
1521664375950;-6.0985107;2.554932;-6.876953
1521664375960;-6.0651855;2.4616704;-6.9906006
1521664375970;-5.973877;2.2500005;-6.9592285
1521664375994;-5.5546875;1.6492921;-6.8621826
1521664376022;-5.4022217;1.474701;-6.8468018
1521664376032;-4.9500732;1.0819703;-6.307251
1521664376053;-4.064331;-1.0472107;-5.8880615
1521664376061;-3.9649658;-0.7959137;-6.7128906
1521664376081;-3.7956543;-0.57281494;-6.777466
1521664376093;-3.93219;0.13270187;-6.7730713
1521664376114;-3.1134644;-0.3395157;-5.734375
1521664376130;-2.1830444;-1.6573792;-6.199707
1521664376141;-1.7997131;-2.142517;-5.663208
1521664376149;-1.5644531;-2.388855;-5.800537
1521664376161;-1.8053894;-1.9160156;-6.977661
1521664376170;-2.0460815;-0.7390747;-7.826172
1521664376181;-1.7321167;0.00538826;-7.3078613
1521664376194;-0.97702026;-0.82051086;-5.904419
1521664376214;0.18868256;-2.992859;-6.661133
1521664376222;0.89901733;-4.6447754;-6.0994873
1521664376230;1.3942872;-5.70166;-6.0961914
1521664376241;1.442566;-5.8131104;-6.240967
1521664376250;1.1387941;-5.031494;-6.227051
1521664376261;0.7259369;-3.9899292;-6.185425
1521664376270;0.86131287;-2.8970947;-6.258911
1521664376283;1.4461671;-3.09021;-5.6467285
1521664376297;2.299378;-4.2354736;-4.361206
1521664376324;3.372071;-2.6108398;-0.232975
1521664376334;3.1402595;-0.9438629;-1.5183105
1521664376354;2.407044;-0.10993004;-1.8664551
1521664376361;2.6074224;0.25016022;-2.16333
1521664376425;3.4522102;-1.4887085;-1.1637573
1521664376430;3.0451057;-1.3103027;-2.0288696
1521664376441;2.5499883;-2.2277222;-3.716858
1521664376447;3.0223396;-1.9476013;-3.5914917
1521664376459;3.3311164;-1.1815796;-2.66156
1521664376467;3.4498298;-0.42980194;-1.8576355
1521664376489;2.5672002;0.13922119;-2.178772
1521664376515;2.4483647;-0.47299957;-2.5092163
1521664376520;2.955628;-0.5088806;-2.3464966
1521664376540;3.6525886;-0.1858406;-2.4158325
1521664376560;3.9528816;-0.07752228;-1.9489746
1521664376584;3.9059455;0.19944763;-3.0686646
1521664376592;4.0568867;0.3985443;-3.6132812
1521664376611;4.649294;0.30347443;-3.414978
1521664376625;4.6800556;-0.03123951;-2.815796
1521664376628;4.4611835;0.03836155;-2.6071167
1521664376640;4.2176533;0.17782974;-2.5960693
1521664376649;3.9790657;0.3944397;-2.439392
1521664376660;3.790406;0.53704834;-2.1426392
1521664376668;3.665589;0.79844666;-2.026001
1521664376682;3.6875618;0.7483978;-1.9464722
1521664376690;3.740052;0.5210266;-1.9686279
1521664376710;3.58722;0.32276917;-2.003357
1521664376722;3.1858528;0.30693817;-2.0951538
1521664376730;2.9442754;0.12521744;-2.0991821
1521664376741;2.6254277;0.054427147;-2.2623901
1521664376750;2.531983;-0.053874016;-2.4367676
1521664376761;2.4138188;-0.27251434;-2.3893433
1521664376770;2.171204;-0.2866516;-2.3241577
1521664376794;1.667328;-0.40654755;-1.9086304
1521664376841;1.4998475;-0.26117706;-2.0116577
1521664376854;1.4276735;-0.37664032;-1.9051819
1521664376863;1.3343507;-0.46038818;-1.9004211
1521664376871;1.3003846;-0.5322876;-1.9196777
1521664376883;1.3246766;-0.48044586;-1.9100952
1521664376892;1.5765077;-0.6124115;-2.0231934
1521664376925;2.0343633;-0.6517792;-1.7614136
1521664376933;2.3676152;-0.46613312;-1.7161865
1521664376954;2.8771977;0.04527664;-0.87098694
1521664376974;2.9738164;-0.4044571;-0.9447632
1521664376994;3.1345222;-0.96585083;-1.4381714
1521664377015;3.4824226;-1.1167603;-1.6367493
1521664377022;3.8018806;-1.3421326;-1.7894897
1521664377030;4.10425;-1.7628479;-1.5881348
1521664377042;4.3565693;-1.9209595;-2.0354614
1521664377050;4.599245;-1.7570801;-2.2789917
1521664377062;4.9077168;-1.4504089;-1.8808899
1521664377074;5.07239;-1.2226868;-1.5368347
1521664377091;4.788332;-1.4808044;-1.5820007
1521664377115;4.824709;-1.9440308;-1.1459961
1521664377122;4.831789;-2.0709229;-1.1726074
1521664377130;4.8061543;-2.189331;-1.2535095
1521664377143;4.9403095;-2.6373901;-1.178833
1521664377150;4.9646015;-2.715088;-1.500885
1521664377161;5.2589135;-2.882141;-1.8538513
1521664377170;5.6131616;-3.0985107;-1.4224243
1521664377182;5.6290307;-2.439209;-1.223175
1521664377191;5.344973;-1.5182495;-1.3421326
1521664377225;5.1024194;-1.0368652;-0.30255127
1521664377231;3.918763;-0.85575867;0.07379341
1521664377253;3.4393928;-0.2159195;0.16272736
1521664377256;3.0411994;-0.41934204;0.5796356
1521664377274;2.0817266;-0.33289337;-0.931427
1521664377293;2.169373;-0.33870697;-0.4631195
1521664377296;-0.07415581;-0.9464874;-2.1661377
1521664377315;-0.9421234;0.3561325;-2.1014404
1521664377322;-1.2739868;0.31726074;-2.118042
1521664377330;-1.8878479;0.3381958;-2.5385132
1521664377342;-2.565857;1.6791078;-2.5855713
1521664377352;-2.8677979;1.6592103;-1.7806702
1521664377362;-3.5820923;1.0784913;-1.6582642
1521664377370;-4.3795166;1.3518373;-2.4624023
1521664377382;-4.925049;1.1658632;-2.6316528
1521664377394;-5.1746826;0.32161713;-2.4615479
1521664377424;-5.49646;1.4944154;-3.7368164
1521664377444;-5.8112793;2.7656255;-3.805725
1521664377451;-6.0323486;3.2213142;-4.0041504
1521664377463;-6.36438;3.4790657;-4.1590576
1521664377471;-7.025757;4.1950703;-4.3216553
1521664377493;-7.5357666;4.8017597;-4.3291016
1521664377496;-7.779419;4.5257587;-4.368408
1521664377523;-8.166748;3.4349372;-4.887329
1521664377535;-8.250244;3.9005744;-5.043335
1521664377542;-8.219971;4.0717793;-5.029663
1521664377551;-8.278076;4.356325;-5.5894775
1521664377563;-8.408691;4.7026386;-6.2113037
1521664377571;-8.442627;4.98987;-6.3446045
1521664377582;-8.540039;5.3839135;-6.3309326
1521664377591;-8.625;5.471926;-6.2382812
1521664377615;-8.678955;5.3664575;-6.084839
1521664377622;-8.926025;6.142703;-6.847046
1521664377644;-9.714844;7.657718;-7.572632
1521664377665;-9.722168;7.859012;-7.739258
1521664377671;-9.87207;7.6479526;-7.782715
1521664377682;-10.061035;7.518192;-7.822632
1521664377691;-10.227539;7.3350863;-7.537842
1521664377725;-10.166016;7.0476108;-7.428467
1521664377734;-10.140137;6.67908;-6.1169434
1521664377755;-9.904297;6.0423613;-6.578003
1521664377765;-9.798584;5.8425317;-6.798828
1521664377771;-9.764648;5.654055;-7.180664
1521664377783;-9.759277;5.5681176;-7.572632
1521664377791;-9.7109375;5.3287377;-7.791748
1521664377814;-9.679199;5.0592065;-7.8881836
1521664377816;-9.708252;4.800661;-7.8997803
1521664377834;-9.413086;4.192629;-7.484619
1521664377855;-9.03418;3.387635;-7.0966797
1521664377874;-8.923828;3.0309455;-7.197998
1521664377883;-8.613037;2.3806767;-7.619385
1521664377891;-8.511719;2.2602544;-7.7156982
1521664377925;-8.377441;2.0103765;-7.6396484
1521664377934;-8.106201;2.316834;-7.1065674
1521664377942;-7.9276123;2.589356;-7.0024414
1521664377951;-7.5283203;2.473084;-6.7457275
1521664377962;-7.095581;1.6691285;-6.343506
1521664377976;-6.7854004;0.9270477;-6.397827
1521664377991;-6.484497;0.18823624;-6.6137695
1521664378013;-6.6273193;0.28551483;-6.6395264
1521664378023;-6.362671;0.29051208;-6.254883
1521664378031;-5.753784;-0.6796112;-5.970459
1521664378042;-5.2927246;-1.4813843;-5.8951416
1521664378051;-5.157593;-1.830719;-6.2769775
1521664378072;-4.748169;-2.2872314;-7.8131104
1521664378091;-3.908142;-3.1289673;-6.706543
1521664378112;-2.9190674;-3.598755;-6.600586
1521664378132;-2.6755981;-1.7767334;-8.214111
1521664378142;-2.2788696;-1.7173462;-7.2001953
1521664378151;-1.7731628;-2.621399;-6.203247
1521664378165;-1.4117737;-3.3897095;-6.0253906
1521664378171;-0.9938202;-4.600464;-6.159668
1521664378183;-0.4858551;-5.593628;-6.6608887
1521664378192;-0.29175568;-5.605713;-7.350952
1521664378234;0.3847046;-4.079712;-5.3044434
1521664378244;0.37751007;-2.9750977;-5.7871094
1521664378252;2.1879277;-0.06676483;-0.47831726
1521664378263;2.3819585;-0.74046326;-0.58340454
1521664378271;2.3721929;-1.2929993;-1.0579529
1521664378283;2.3989873;-1.4967346;-1.4750061
1521664378292;2.6019292;-1.5956116;-1.8543396
1521664378324;2.539185;-1.5012817;-2.032898
1521664378333;2.5950933;-0.060474396;-2.1381226
1521664378355;2.7529912;-0.90509033;-2.128662
1521664378357;2.7884526;-0.60209656;-2.8866577
1521664378375;3.4024665;-1.6393738;-1.9044495
1521664378395;3.3189704;-1.9959717;-2.1207886
1521664378397;2.9896855;-2.2461548;-2.4990845
1521664378414;2.8296514;-1.6205444;-2.9750366
1521664378416;2.9526372;-1.1290283;-2.5090332
1521664378432;3.0104377;-0.44485474;-2.1535645
1521664378452;3.0739143;-1.1194458;-1.8280334
1521664378467;3.0375373;-1.1410522;-1.900177
1521664378476;3.2181404;-1.4265442;-1.7703552
1521664378491;3.196778;-0.7341614;-2.328186
1521664378514;3.4509895;-0.46621704;-1.8996887
1521664378517;3.5806282;-0.75704956;-1.4813538
1521664378532;3.2879646;-0.93185425;-1.4087219
1521664378543;3.1455696;-0.93058777;-1.4397888
1521664378552;2.9144902;-0.67282104;-1.5028076
1521664378563;2.8487554;-0.8447571;-1.4959106
1521664378572;2.7205205;-1.0567322;-1.5532837
1521664378583;2.6470952;-1.1080627;-1.6418762
1521664378592;2.6766362;-1.2174377;-1.7276306
1521664378613;2.52179;-0.9723511;-1.2716064
1521664378623;2.4021;-0.7716675;-1.0939026
1521664378632;2.1513066;-0.7900696;-0.97084045
1521664378643;1.8254396;-0.60214233;-1.3600159
1521664378652;1.6704103;-0.78674316;-1.3908691
1521664378663;1.7082826;-1.0019531;-1.3998108
1521664378672;1.5886232;-1.1352539;-1.5462952
1521664378686;1.5389405;-1.2331848;-1.5900574
1521664378696;1.5111085;-1.5171814;-1.5816956
1521664378717;1.3083802;-1.446167;-1.7820435
1521664378735;1.3048402;-1.3041992;-1.5392761
1521664378743;1.2780458;-1.1463318;-1.4867249
1521664378748;1.2892762;-1.2398071;-1.3916931
1521664378756;1.2625123;-1.2227783;-1.3963318
1521664378792;1.1757814;-1.5461426;-1.1515198
1521664378797;1.0234987;-1.6948242;-1.1333618
1521664378844;1.3480531;-1.9250488;-0.66952515
1521664378853;1.855713;-1.5543823;-0.9951019
1521664378856;1.9863893;-1.529602;-0.76756287
1521664378874;2.0125737;-1.5603333;-0.5565796
1521664378885;1.9388124;-1.5069885;-0.8362274
1521664378892;2.1253667;-1.6205139;-1.1311646
1521664378925;2.5747685;-1.9330139;-1.0490417
1521664378927;2.6202397;-2.24646;-0.9389801
1521664378945;2.8441777;-2.4296265;-0.41469574
1521664378964;2.9719853;-1.804779;-0.21205902
1521664378972;3.165345;-2.0056763;-0.07204819
1521664378985;3.3847053;-2.2789917;-1.2547913
1521664378992;3.761109;-2.626831;-1.2978821
1521664379013;4.050173;-3.447998;-1.0657349
1521664379023;4.113405;-3.6159668;-0.59568787
1521664379032;3.9453132;-3.2583618;-1.0879822
1521664379043;3.964173;-2.734436;-1.3860779
1521664379052;4.0656757;-2.7062988;-0.95092773
1521664379063;4.084841;-3.0215454;-1.1384583
1521664379085;4.26404;-3.593933;-1.3387146
1521664379115;4.3675556;-2.564331;-1.136383
1521664379117;4.532961;-1.8595276;-1.5845947
1521664379134;4.2004414;-1.713562;-1.6803284
1521664379145;4.0668964;-2.4038086;-0.8801575
1521664379152;3.7051399;-2.227478;-0.7865448
1521664379172;3.168946;-1.3877869;-1.027008
1521664379192;0.8667755;-1.2812195;-2.9048462
1521664379215;0.37213898;-0.083250046;-2.6066895
1521664379218;-0.24006653;-0.05471611;-2.1847534
1521664379227;-1.1216431;-0.25820923;-2.6356812
1521664379237;-1.8902283;-0.0010204315;-2.6376953
1521664379248;-2.3429565;0.43004608;-2.6777954
1521664379258;-2.7144775;0.46442413;-2.628479
1521664379267;-3.1676636;1.0143739;-3.029663
1521664379276;-3.5422363;1.8754274;-3.960144
1521664379292;-4.10083;2.6445317;-3.5872192
1521664379334;-5.406494;2.8041997;-4.634033
1521664379348;-5.6048584;2.8037724;-4.324829
1521664379357;-5.9519043;3.4340217;-4.6657715
1521664379373;-6.2113037;3.8679206;-4.465454
1521664379393;-6.451172;3.4041755;-4.3967285
1521664379418;-6.8320312;3.9705818;-4.645874
1521664379427;-7.0162354;4.1899433;-4.0911865
1521664379444;-7.6070557;5.473635;-4.841919
1521664379453;-7.77771;5.77051;-5.138672
1521664379465;-7.9282227;5.8164086;-5.565918
1521664379472;-8.1521;5.772097;-6.209961
1521664379484;-8.358887;5.7117944;-6.4139404
1521664379492;-8.429443;5.8806176;-6.4577637
1521664379513;-8.620361;6.142337;-6.5375977
1521664379524;-8.762207;6.0360136;-6.675293
1521664379532;-8.900391;6.175662;-7.0949707
1521664379544;-9.074951;6.56824;-7.416382
1521664379553;-9.331055;6.9660673;-7.488159
1521664379566;-9.37915;7.259525;-7.4555664
1521664379577;-9.535156;7.431644;-6.9154053
1521664379589;-9.5563965;7.653812;-6.524292
1521664379597;-9.609619;7.7816195;-6.475586
1521664379619;-9.636475;7.7967563;-6.343506
1521664379627;-9.729736;7.702152;-6.4506836
1521664379644;-9.73584;7.237064;-6.46521
1521664379652;-9.568359;6.6087675;-6.5039062
1521664379657;-9.376465;6.2408476;-6.644043
1521664379672;-9.3376465;5.795901;-6.4733887
1521664379677;-9.3688965;5.757693;-6.5255127
1521664379688;-9.298096;5.3195825;-6.623169
1521664379697;-9.220459;5.0907006;-6.8186035
1521664379720;-9.169922;4.897829;-6.9766846
1521664379728;-9.012451;4.5340595;-7.0439453
1521664379745;-8.906738;4.2490253;-7.2835693
1521664379753;-8.760742;4.1499043;-7.2510986
1521664379758;-8.601074;4.099489;-7.4119873
1521664379773;-8.364746;3.8119514;-7.592041
1521664379778;-8.22583;3.5326545;-7.7442627
1521664379788;-8.12207;3.378907;-7.85083
1521664379797;-7.892334;3.0882576;-7.713501
1521664379820;-7.8328857;3.121888;-7.647339
1521664379828;-7.53479;2.8295293;-7.2373047
1521664379845;-6.8741455;2.2072759;-6.19458
1521664379853;-6.663574;1.9264222;-5.51416
1521664379858;-6.3861084;1.4245301;-4.972412
1521664379873;-6.572754;0.791687;-5.6036377
1521664379885;-6.4050293;0.95329285;-6.4179688
1521664379893;-5.864868;0.69192505;-6.4057617
1521664379925;-5.18042;-0.25224304;-6.371216
1521664379934;-3.8636475;-2.321228;-6.479126
1521664379945;-3.7023315;-2.6746826;-6.1141357
1521664379953;-3.6890259;-2.3035278;-5.810547
1521664379965;-3.5614624;-1.9742737;-5.6380615
1521664379973;-3.246582;-1.6998596;-5.710327
1521664379985;-2.515625;-2.151184;-5.6810303
1521664380008;-2.0010986;-3.0738525;-6.008667
1521664380025;-0.6717377;-5.8269043;-5.477295
1521664380043;-0.8590393;-4.5841064;-6.866333
1521664380053;-0.56637573;-3.2288818;-6.8116455
1521664380073;0.25038147;-3.7877808;-6.109009
1521664380100;0.98046875;-5.265381;-4.968628
1521664380113;1.5507509;-5.007324;-4.9244385
1521664380120;2.1096196;-0.21073532;-1.9378662
1521664380145;2.3438725;-0.012083054;-2.045105
1521664380155;2.6619878;-0.4909973;-1.847168
1521664380174;2.924439;-1.5683594;-0.72846985
1521664380185;2.5972905;-1.454773;-0.3802719
1521664380193;2.212891;-1.3345642;-1.2580566
1521664380215;1.7854615;-0.6555786;-2.8866577
1521664380233;2.6923223;-1.3321228;-2.428711
1521664380245;2.9477544;-1.0040283;-2.307251
1521664380253;3.1475227;-0.9150696;-2.0285645
1521664380279;3.1422737;-0.93377686;-1.8880005
1521664380287;3.0173347;-0.5211029;-1.7515564
1521664380301;3.00763;-2.010315;-2.0098267
1521664380347;2.6529546;-1.3620911;-3.0334473
1521664380356;3.0347908;-1.0474854;-2.7372437
1521664380375;3.472718;-0.256752;-1.8153687
1521664380380;3.136109;-0.42225647;-2.0604248
1521664380398;3.252137;-0.35216522;-2.0175781
1521664380434;3.083985;-0.81733704;-1.5398254
1521664380436;2.964356;-0.71684265;-1.4967651
1521664380455;2.601624;-0.5128021;-1.7584839
1521664380458;2.3595586;-0.39211273;-1.7070923
1521664380474;2.2833867;-0.10218239;-1.3971863
1521664380476;2.3018193;-0.017783642;-1.3273926
1521664380494;2.2047124;-0.42212677;-1.3754883
1521664380519;1.9785157;-0.9377136;-1.6620483
1521664380529;1.8936464;-1.0854187;-1.7392578
1521664380538;2.0155034;-1.1740417;-1.5559692
1521664380549;2.0155644;-1.0447998;-1.5601807
1521664380558;2.0466313;-1.074707;-1.6130066
1521664380574;2.1497808;-0.45520782;-1.6745911
1521664380585;2.242188;-0.46098328;-1.3376465
1521664380594;2.0578008;-0.6259918;-1.1193848
1521664380613;1.8208619;-0.9004059;-1.2580566
1521664380625;1.4687501;-1.0261841;-1.0918274
1521664380634;1.5522462;-1.1203003;-0.5499115
1521664380645;1.409546;-1.2017822;-0.2174263
1521664380654;1.2419435;-1.1211548;-0.32056427
1521664380668;1.1524354;-1.2775879;-0.270813
1521664380677;1.1119691;-1.3787231;-0.40615082
1521664380690;0.98783875;-1.5084229;-0.7403412
1521664380698;1.0368959;-1.5102539;-1.0469055
1521664380720;1.0494691;-1.5274963;-0.9922333
1521664380729;1.1879884;-1.5901489;-0.89805603
1521664380737;1.393036;-1.8035278;-0.8604431
1521664380754;1.4429017;-1.5935974;-1.1185608
1521664380759;1.5716249;-1.4427185;-1.0172424
1521664380774;1.8049928;-1.5201416;-0.9626465
1521664380794;2.1812139;-1.5914917;-1.2805786
1521664380815;2.606751;-1.5150757;-0.9094696
1521664380838;2.891724;-1.7859497;-0.9574127
1521664380858;3.3298347;-1.5229797;-1.2070007
1521664380874;3.5642097;-1.6581116;-0.81718445
1521664380894;3.6014411;-2.0216064;-1.2996826
1521664380935;4.3167744;-1.8526306;-1.2799988
1521664380937;4.213991;-1.7904053;-1.3326416
1521664380958;4.2855244;-2.3536377;-1.4837952
1521664380979;4.165285;-2.3869019;-1.9534912
1521664380994;4.3676777;-2.1593018;-0.51979065
1521664381019;4.14612;-1.2846069;-0.3487625
1521664381034;3.1767585;-0.7659149;-0.62420654
1521664381045;3.0236213;-1.1228638;-0.48130798
1521664381054;2.7955327;-0.90211487;-0.18632507
1521664381066;2.5275273;-0.43483734;-0.19928741
1521664381084;2.230225;-0.26251984;0.14684677
1521664381087;1.8948976;0.0033245087;-0.42230225
1521664381113;1.6384584;-0.4975357;-0.51893616
1521664381120;-0.44678497;-0.6847534;-2.5390625
1521664381138;-0.42364502;-0.3169098;-1.2957458
1521664381154;-1.3994141;-0.16228867;-1.591156
1521664381174;-2.3832397;0.18880844;-2.4475098
1521664381194;-3.310913;-1.0675964;-3.0915527
1521664381220;-3.9311523;-0.45545197;-3.2404785
1521664381229;-4.267334;-0.15628052;-3.9031372
1521664381239;-4.602417;0.5592499;-4.4346924
1521664381250;-4.7753906;1.721924;-3.5672607
1521664381259;-5.116333;2.165955;-3.5394287
1521664381275;-5.9832764;2.322205;-3.8270264
1521664381294;-6.658081;2.0185552;-4.695923
1521664381320;-7.1297607;2.0208135;-5.4344482
1521664381329;-7.0771484;2.2650762;-5.3479004
1521664381338;-7.0285645;2.5103154;-5.600586
1521664381350;-6.871704;3.0990608;-5.765991
1521664381359;-7.0028076;4.1715107;-5.9957275
1521664381375;-7.3481445;4.904299;-5.2995605
1521664381394;-7.657959;4.4265156;-5.6031494
1521664381413;-7.598755;4.1483173;-6.173218
1521664381416;-7.7733154;4.2843037;-6.7788086
1521664381434;-7.969116;4.083376;-7.0323486
1521664381455;-7.9455566;4.960573;-7.376831
1521664381469;-7.9627686;5.300051;-7.111206
1521664381478;-8.318848;6.262698;-7.3186035
1521664381494;-8.326904;6.9139433;-7.3328857
1521664381499;-8.426758;7.5452914;-7.518921
1521664381521;-8.706543;8.064217;-7.751587
1521664381529;-8.792236;8.292;-7.741333
1521664381537;-8.709717;8.051765;-7.7524414
1521664381551;-8.45752;7.466312;-7.696167
1521664381559;-8.672852;7.355228;-7.5163574
1521664381574;-8.667969;6.8532743;-7.135742
1521664381579;-8.478027;6.358279;-7.0092773
1521664381590;-8.348633;6.2147245;-7.026245
1521664381599;-8.1657715;5.903933;-7.2286377
1521664381621;-7.98584;5.6927514;-7.300171
1521664381630;-7.7318115;5.377566;-7.385132
1521664381638;-7.4853516;5.017092;-7.3864746
1521664381655;-7.4786377;4.742922;-7.730591
1521664381660;-7.413086;4.6728535;-7.7407227
1521664381675;-7.251953;4.272829;-7.7736816
1521664381695;-6.955078;3.649903;-7.768921
1521664381710;-6.645508;3.368348;-7.5300293
1521664381716;-6.505493;3.1765754;-7.244385
1521664381735;-6.3048096;2.9605718;-7.281616
1521664381755;-5.9888916;2.5767827;-7.2530518
1521664381775;-5.9055176;2.3900762;-7.2128906
1521664381780;-5.711548;2.3282475;-7.168335
1521664381791;-5.5424805;2.2850347;-7.17334
1521664381799;-5.4553223;2.3903813;-7.1069336
1521664381847;-5.411499;2.3734136;-6.7993164
1521664381861;-4.999634;2.400147;-6.6827393
1521664381875;-4.0168457;1.0576783;-6.142212
1521664381880;-4.1798096;0.7444458;-6.314575
1521664381895;-3.7716064;-0.31674194;-5.8985596
1521664381911;-3.5438232;-0.6769104;-6.5426025
1521664381916;-3.5863037;-0.24969101;-7.4073486
1521664381935;-2.8305664;-0.85350037;-7.2182617
1521664381955;-1.440033;-2.6882935;-7.5334473
1521664381970;-0.9246521;-3.9154663;-7.4108887
1521664381979;-0.9118042;-3.4342651;-8.179443
1521664381994;-0.86932373;-2.164734;-8.5407715
1521664381999;-0.6806183;-2.078003;-7.36084
1521664382047;-0.5982971;-1.9969788;-6.8060303
1521664382061;0.663208;-4.0775146;-6.104248
1521664382075;2.0365605;-6.730591;-5.8657227
1521664382080;1.3807069;-4.70459;-6.5822754
1521664382087;1.2243348;-3.6730347;-6.618042
1521664382115;1.4938966;-2.6521606;-6.316284
1521664382121;3.4121711;-0.5145111;-0.71569824
1521664382139;4.0671406;-1.3386536;-0.38385773
1521664382155;3.639527;-2.4468384;-1.9667664
1521664382169;3.474427;-2.3511963;-3.043335
1521664382184;3.7303474;-2.44458;-2.904541
1521664382188;3.9898078;-2.3513184;-2.1939697
1521664382196;4.0563984;-1.569458;-1.7700195
1521664382235;3.311097;-0.51930237;-1.5576172
1521664382238;3.1770637;-0.7614136;-1.6398926
1521664382259;3.0450447;-1.1852417;-2.3978882
1521664382279;3.4013069;-1.4241333;-2.7148438
1521664382295;3.7090461;-1.3037109;-2.190979
1521664382321;3.1632698;-0.20337677;-3.0685425
1521664382327;3.1937873;0.06513214;-2.9002075
1521664382339;3.344117;0.3723755;-2.5494385
1521664382351;3.465882;0.6757965;-2.2072144
1521664382360;3.6016243;0.59921265;-2.041809
1521664382373;3.727967;0.18780899;-1.8711548
1521664382376;3.7362678;0.07767296;-1.8471985
1521664382391;3.7542121;0.17736816;-2.1326904
1521664382400;3.6894538;0.3284073;-2.1122437
1521664382421;3.83545;0.24910355;-2.875061
1521664382435;4.2579365;0.08922005;-2.5720215
1521664382447;4.199831;0.32108307;-2.5147095
1521664382456;4.045046;0.4804077;-2.2509155
1521664382467;3.870423;0.7521057;-1.9548035
1521664382476;3.6129158;0.73869324;-1.9088135
1521664382495;3.1712043;0.527771;-1.7954712
1521664382515;3.0119026;0.21039581;-1.7888184
1521664382528;2.835816;0.19283295;-1.6646729
1521664382536;2.651978;0.10310364;-1.4650574
1521664382547;2.3886724;0.19058228;-1.5727234
1521664382556;2.20575;0.24926758;-1.7933044
1521664382567;2.0346074;0.28738403;-1.9981995
1521664382576;1.9916383;0.15555191;-2.1443481
1521664382587;1.8716737;0.101127625;-2.3397827
1521664382596;1.80365;-0.14753342;-2.4398804
1521664382614;1.5238954;0.02493763;-2.3439941
1521664382616;1.2526551;0.20678711;-2.2373657
1521664382628;1.1970216;0.5101929;-1.9142761
1521664382636;1.1465455;0.70391846;-1.6791077
1521664382647;1.0371705;0.9577637;-1.674408
1521664382656;1.1619569;1.1709291;-1.632843
1521664382667;1.3359987;1.2670289;-1.4985657
1521664382677;1.2933046;1.2449342;-1.6361694
1521664382687;1.303711;1.0679017;-1.7173462
1521664382696;1.29068;1.0457155;-1.7657166
1521664382711;1.3336793;1.0086061;-1.7537537
1521664382716;1.3082582;1.1094056;-1.7723999
1521664382728;1.2903749;1.3103029;-1.7848816
1521664382736;1.2857057;1.4675294;-1.7272034
1521664382760;1.2316896;1.7071534;-1.4759827
1521664382781;1.1297303;1.8147584;-1.3552551
1521664382800;1.0060731;1.8457643;-1.329895
1521664382820;1.0785218;2.056397;-1.427063
1521664382845;1.2077333;2.075562;-1.4414368
1521664382849;1.1280824;1.880005;-1.7485962
1521664382860;1.0924073;1.8993531;-1.7059937
1521664382871;1.0198671;1.9166871;-1.511261
1521664382876;1.0777589;2.0002446;-1.4161987
1521664382888;0.9721985;2.0715337;-1.3078918
1521664382900;0.9529724;2.2328496;-1.2738953
1521664382920;0.8854828;2.280274;-1.1963501
1521664382927;0.9251709;2.245606;-1.1179504
1521664382941;0.90122986;2.1581426;-1.1305542
1521664382951;0.77700806;2.0312505;-1.1536865
1521664382961;0.7516937;1.9133302;-1.1891174
1521664382967;0.70170593;1.8900453;-1.1813965
1521664382976;0.6220856;1.9015199;-1.2189026
1521664382988;0.61898804;1.8330384;-1.2660522
1521664382997;0.5959015;1.7295228;-1.1560669
1521664383014;0.55888367;1.6490175;-1.1848145
1521664383017;0.41506958;1.7713319;-1.1609192
1521664383028;0.37228394;1.7608644;-1.1857605
1521664383036;0.282547;1.8529359;-1.0638428
1521664383047;0.34667206;1.8793031;-0.8905029
1521664383057;0.4710617;1.7437135;-1.0297852
1521664383067;0.39762115;1.6973878;-0.8387604
1521664383076;0.3616333;1.7447206;-0.71507263
1521664383101;0.21972275;1.472931;-0.727478
1521664383132;0.20825195;1.2605592;-0.54959106
1521664383139;0.27874756;1.3632203;-0.55615234
1521664383148;0.33435822;1.410431;-0.5510254
1521664383156;0.3468933;1.3234559;-0.37445068
1521664383169;0.18960953;1.1920778;-0.4349594
1521664383189;0.21754074;0.9971771;-0.54997253
1521664383197;0.21994019;0.92497253;-0.6038971
1521664383235;0.27223969;0.7051544;-0.530777
1521664383240;0.18091583;0.6499939;-0.28678894
1521664383261;0.08374977;0.66012573;-0.31311035
1521664383280;-0.004778862;0.70965576;-0.2803955
1521664383294;0.061917305;0.67503357;-0.23105621
