1521663484243;-5.9;13.400001;-0.1;-2.4;21.6;-20.800001
1521663484263;-6.0;13.400001;-0.1;-2.4;21.6;-20.800001
1521663484274;-6.0;13.400001;-0.2;-2.4;21.6;-20.800001
1521663484283;-6.0;13.5;-0.2;-2.4;21.6;-20.800001
1521663484294;-6.0;13.400001;-0.1;-2.4;21.6;-20.800001
1521663484316;-6.1;13.400001;-0.1;-2.4;21.6;-20.800001
1521663484323;-6.1;13.5;-0.1;-2.4;21.6;-20.800001
1521663484334;-6.1;13.5;-0.2;-2.4;21.6;-20.800001
1521663484342;-6.1;13.400001;-0.2;-2.4;21.6;-20.800001
1521663484354;-6.1;13.400001;-0.3;-2.4;21.6;-20.800001
1521663484383;-6.1;13.400001;-0.2;-2.4;21.6;-20.800001
1521663484414;-6.1;13.5;-0.2;-2.4;21.6;-20.800001
1521663484436;-6.2000003;13.5;-0.2;-2.4;21.6;-20.800001
1521663484444;-6.2000003;13.5;-0.1;-2.4;21.6;-20.800001
1521663484463;-6.2000003;13.5;-0.2;-2.4;21.6;-20.800001
1521663484474;-6.2000003;13.6;-0.2;-2.4;21.6;-20.800001
1521663484483;-6.2000003;13.6;-0.1;-2.4;21.6;-20.800001
1521663484523;-6.2000003;13.6;-0.2;-2.4;21.6;-20.800001
1521663484534;-6.3;13.6;-0.2;-2.4;21.6;-20.800001
1521663484575;-6.3;13.7;-0.2;-2.4;21.6;-20.800001
1521663484585;-6.3;13.7;-0.3;-2.4;21.6;-20.800001
1521663484597;-6.4;13.7;-0.3;-2.4;21.6;-20.800001
1521663484604;-6.3;13.7;-0.3;-2.4;21.6;-20.800001
1521663484635;-6.4;13.7;-0.3;-2.4;21.6;-20.800001
1521663484643;-6.3;13.7;-0.3;-2.4;21.6;-20.800001
1521663484656;-6.4;13.7;-0.2;-2.4;21.6;-20.800001
1521663484664;-6.3;13.7;-0.3;-2.4;21.6;-20.800001
1521663484684;-6.4;13.7;-0.4;-2.4;21.6;-20.800001
1521663484703;-6.4;13.7;-0.3;-2.4;21.6;-20.800001
1521663484735;-6.4;13.8;-0.2;-2.4;21.6;-20.800001
1521663484743;-6.5;13.900001;-0.2;-2.4;21.6;-20.800001
1521663484754;-6.5;13.900001;-0.1;-2.4;21.6;-20.800001
1521663484764;-6.6;14.0;0.0;-2.4;21.6;-20.800001
1521663484775;-6.6;14.0;0.1;-2.4;21.6;-20.800001
1521663484783;-6.7000003;14.1;0.1;-2.4;21.6;-20.800001
1521663484794;-6.7000003;14.1;0.2;-2.4;21.6;-20.800001
1521663484804;-6.7000003;14.2;0.3;-2.4;21.6;-20.800001
1521663484823;-6.8;14.3;0.4;-2.4;21.6;-20.800001
1521663484844;-6.9;14.3;0.5;-2.4;21.6;-20.800001
1521663484855;-6.9;14.400001;0.6;-2.4;21.6;-20.800001
1521663484863;-6.9;14.400001;0.7;-2.4;21.6;-20.800001
1521663484875;-7.0;14.5;0.7;-2.4;21.6;-20.800001
1521663484882;-7.0;14.5;0.8;-2.4;21.6;-20.800001
1521663484894;-7.1;14.6;0.8;-2.4;21.6;-20.800001
1521663484903;-7.1;14.7;1.0;-2.4;21.6;-20.800001
1521663484915;-7.2000003;14.7;1.0;-2.4;21.6;-20.800001
1521663484923;-7.3;14.8;1.1;-2.4;21.6;-20.800001
1521663484944;-7.4;14.900001;1.2;-2.4;21.6;-20.800001
1521663484957;-7.4;15.0;1.2;-2.4;21.6;-20.800001
1521663484963;-7.5;15.0;1.2;-2.4;21.6;-20.800001
1521663484976;-7.6;15.1;1.3000001;-2.4;21.6;-20.800001
1521663484983;-7.6;15.1;1.4;-2.4;21.6;-20.800001
1521663484994;-7.6;15.1;1.5;-2.4;21.6;-20.800001
1521663485002;-7.7000003;15.2;1.5;-2.4;21.6;-20.800001
1521663485015;-7.7000003;15.3;1.6;-2.4;21.6;-20.800001
1521663485023;-7.8;15.3;1.6;-2.4;21.6;-20.800001
1521663485044;-7.8;15.2;1.6;-2.4;21.6;-20.800001
1521663485077;-7.8;15.3;1.8000001;-2.4;21.6;-20.800001
1521663485084;-7.8;15.2;1.7;-2.4;21.6;-20.800001
1521663485104;-7.7000003;15.2;1.7;-2.4;21.6;-20.800001
1521663485115;-7.7000003;15.2;1.8000001;-2.4;21.6;-20.800001
1521663485124;-7.8;15.2;1.8000001;-2.4;21.6;-20.800001
1521663485165;-7.8;15.2;1.9;-2.4;21.6;-20.800001
1521663485175;-7.8;15.2;1.8000001;-2.4;21.6;-20.800001
1521663485184;-7.8;15.2;1.9;-2.4;21.6;-20.800001
1521663485204;-7.8;15.2;1.8000001;-2.4;21.6;-20.800001
1521663485245;-7.7000003;15.2;1.8000001;-2.4;21.6;-20.800001
1521663485263;-7.7000003;15.2;1.9;-2.4;21.6;-20.800001
1521663485274;-7.7000003;15.2;2.0;-2.4;21.6;-20.800001
1521663485283;-7.7000003;15.2;1.8000001;-2.4;21.6;-20.800001
1521663485294;-7.7000003;15.2;1.9;-2.4;21.6;-20.800001
1521663485304;-7.6;15.2;1.9;-2.4;21.6;-20.800001
1521663485343;-7.5;15.2;1.9;-2.4;21.6;-20.800001
1521663485416;-7.4;15.2;1.9;-2.4;21.6;-20.800001
1521663485454;-7.3;15.1;1.8000001;-2.4;21.6;-20.800001
1521663485464;-7.3;15.1;1.9;-2.4;21.6;-20.800001
1521663485474;-7.3;15.2;1.9;-2.4;21.6;-20.800001
1521663485485;-7.3;15.1;1.9;-2.4;21.6;-20.800001
1521663485494;-7.2000003;15.1;1.9;-2.4;21.6;-20.800001
1521663485523;-7.1;15.1;1.9;-2.4;21.6;-20.800001
1521663485543;-7.0;15.1;1.9;-2.4;21.6;-20.800001
1521663485574;-7.0;15.0;1.9;-2.4;21.6;-20.800001
1521663485615;-6.9;15.0;1.8000001;-2.4;21.6;-20.800001
1521663485663;-6.9;14.900001;1.7;-2.4;21.6;-20.800001
1521663485695;-6.8;14.900001;1.7;-2.4;21.6;-20.800001
1521663485717;-6.8;14.8;1.7;-2.4;21.6;-20.800001
1521663485736;-6.9;14.8;1.7;-2.4;21.6;-20.800001
1521663485744;-6.9;14.900001;1.7;-2.4;21.6;-20.800001
1521663485755;-6.8;14.900001;1.7;-2.4;21.6;-20.800001
1521663485784;-6.8;14.8;1.7;-2.4;21.6;-20.800001
1521663485796;-6.7000003;14.8;1.7;-2.4;21.6;-20.800001
1521663485825;-6.7000003;14.8;1.8000001;-2.4;21.6;-20.800001
1521663485843;-6.8;14.8;1.7;-2.4;21.6;-20.800001
1521663485855;-6.7000003;14.8;1.8000001;-2.4;21.6;-20.800001
1521663485863;-6.7000003;14.8;1.7;-2.4;21.6;-20.800001
1521663485875;-6.6;14.8;1.7;-2.4;21.6;-20.800001
1521663485907;-6.5;14.8;1.7;-2.4;21.6;-20.800001
1521663485923;-6.6;14.8;1.8000001;-2.4;21.6;-20.800001
1521663485943;-6.5;14.8;1.8000001;-2.4;21.6;-20.800001
1521663485955;-6.5;14.7;1.8000001;-2.4;21.6;-20.800001
1521663485963;-6.5;14.7;1.9;-2.4;21.6;-20.800001
1521663485995;-6.5;14.7;2.0;-2.4;21.6;-20.800001
1521663486014;-6.4;14.7;2.0;-2.4;21.6;-20.800001
1521663486023;-6.4;14.7;1.9;-2.4;21.6;-20.800001
1521663486043;-6.4;14.6;2.0;-2.4;21.6;-20.800001
1521663486055;-6.4;14.6;1.9;-2.4;21.6;-20.800001
1521663486095;-6.4;14.6;1.8000001;-2.4;21.6;-20.800001
1521663486104;-6.4;14.6;1.9;-2.4;21.6;-20.800001
1521663486123;-6.4;14.6;1.8000001;-2.4;21.6;-20.800001
1521663486134;-6.4;14.6;1.9;-2.4;21.6;-20.800001
1521663486143;-6.4;14.6;2.0;-2.4;21.6;-20.800001
1521663486155;-6.4;14.5;2.0;-2.4;21.6;-20.800001
1521663486196;-6.4;14.5;2.1000001;-2.4;21.6;-20.800001
1521663486244;-6.4;14.5;2.2;-2.4;21.6;-20.800001
1521663486254;-6.3;14.5;2.2;-2.4;21.6;-20.800001
1521663486274;-6.3;14.5;2.1000001;-2.4;21.6;-20.800001
1521663486283;-6.3;14.6;2.1000001;-2.4;21.6;-20.800001
1521663486294;-6.3;14.5;2.1000001;-2.4;21.6;-20.800001
1521663486303;-6.3;14.5;2.0;-2.4;21.6;-20.800001
1521663486315;-6.3;14.6;2.0;-2.4;21.6;-20.800001
1521663486335;-6.4;14.5;2.1000001;-2.4;21.6;-20.800001
1521663486343;-6.3;14.5;2.1000001;-2.4;21.6;-20.800001
1521663486355;-6.3;14.5;2.0;-2.4;21.6;-20.800001
1521663486364;-6.2000003;14.400001;2.0;-2.4;21.6;-20.800001
1521663486376;-6.3;14.400001;2.0;-2.4;21.6;-20.800001
1521663486395;-6.3;14.400001;2.1000001;-2.4;21.6;-20.800001
1521663486404;-6.2000003;14.400001;2.1000001;-2.4;21.6;-20.800001
1521663486418;-6.2000003;14.400001;2.0;-2.4;21.6;-20.800001
1521663486443;-6.2000003;14.400001;1.9;-2.4;21.6;-20.800001
1521663486455;-6.3;14.400001;1.8000001;-2.4;21.6;-20.800001
1521663486463;-6.2000003;14.400001;1.7;-2.4;21.6;-20.800001
1521663486504;-6.2000003;14.400001;1.6;-2.4;21.6;-20.800001
1521663486515;-6.1;14.3;1.5;-2.4;21.6;-20.800001
1521663486526;-6.1;14.3;1.4;-2.4;21.6;-20.800001
1521663486535;-6.0;14.2;1.3000001;-2.4;21.6;-20.800001
1521663486543;-6.0;14.1;1.2;-2.4;21.6;-20.800001
1521663486555;-6.0;14.1;1.1;-2.4;21.6;-20.800001
1521663486564;-5.9;14.1;1.1;-2.4;21.6;-20.800001
1521663486595;-5.8;13.900001;1.0;-2.4;21.6;-20.800001
1521663486603;-5.8;13.900001;0.90000004;-2.4;21.6;-20.800001
1521663486614;-5.7000003;13.8;1.0;-2.4;21.6;-20.800001
1521663486623;-5.7000003;13.8;0.90000004;-2.4;21.6;-20.800001
1521663486637;-5.6;13.7;0.8;-2.4;21.6;-20.800001
1521663486663;-5.5;13.7;0.7;-2.4;21.6;-20.800001
1521663486675;-5.5;13.6;0.7;-2.4;21.6;-20.800001
1521663486683;-5.4;13.6;0.7;-2.4;21.6;-20.800001
1521663486694;-5.4;13.6;0.6;-2.4;21.6;-20.800001
1521663486704;-5.3;13.6;0.6;-2.4;21.6;-20.800001
1521663486715;-5.2000003;13.5;0.5;-2.4;21.6;-20.800001
1521663486725;-5.2000003;13.400001;0.4;-2.4;21.6;-20.800001
1521663486745;-5.1;13.3;0.3;-2.4;21.6;-20.800001
1521663486757;-5.0;13.2;0.3;-2.4;21.6;-20.800001
1521663486763;-5.0;13.3;0.3;-2.4;21.6;-20.800001
1521663486775;-4.9;13.2;0.3;-2.4;21.6;-20.800001
1521663486784;-5.0;13.2;0.4;-2.4;21.6;-20.800001
1521663486804;-4.9;13.2;0.4;-2.4;21.6;-20.800001
1521663486843;-4.9;13.2;0.3;-2.4;21.6;-20.800001
1521663486854;-4.9;13.2;0.4;-2.4;21.6;-20.800001
1521663486863;-4.8;13.2;0.4;-2.4;21.6;-20.800001
1521663486896;-4.9;13.3;0.6;-2.4;21.6;-20.800001
1521663486902;-4.8;13.3;0.5;-2.4;21.6;-20.800001
1521663486923;-4.8;13.3;0.4;-2.4;21.6;-20.800001
1521663486935;-4.8;13.3;0.5;-2.4;21.6;-20.800001
1521663486963;-4.7000003;13.3;0.5;-2.4;21.6;-20.800001
1521663486995;-4.7000003;13.400001;0.7;-2.4;21.6;-20.800001
1521663487003;-4.8;13.5;0.7;-2.4;21.6;-20.800001
1521663487014;-4.9;13.6;0.8;-2.4;21.6;-20.800001
1521663487035;-4.9;13.6;0.90000004;-2.4;21.6;-20.800001
1521663487043;-4.9;13.6;0.8;-2.4;21.6;-20.800001
1521663487067;-4.8;13.7;0.8;-2.4;21.6;-20.800001
1521663487083;-4.7000003;13.6;0.7;-2.4;21.6;-20.800001
1521663487094;-4.7000003;13.6;0.6;-2.4;21.6;-20.800001
1521663487114;-4.8;13.6;0.5;-2.4;21.6;-20.800001
1521663487123;-4.7000003;13.6;0.5;-2.4;21.6;-20.800001
1521663487144;-4.8;13.6;0.6;-2.4;21.6;-20.800001
1521663487243;-4.8;13.6;0.7;-2.4;21.6;-20.800001
1521663487254;-4.8;13.7;0.7;-2.4;21.6;-20.800001
1521663487263;-4.9;13.7;0.7;-2.4;21.6;-20.800001
1521663487283;-4.9;13.6;0.6;-2.4;21.6;-20.800001
1521663487294;-4.8;13.6;0.5;-2.4;21.6;-20.800001
1521663487315;-4.8;13.5;0.4;-2.4;21.6;-20.800001
1521663487335;-4.8;13.5;0.5;-2.4;21.6;-20.800001
1521663487363;-4.9;13.5;0.5;-2.4;21.6;-20.800001
1521663487415;-4.9;13.5;0.6;-2.4;21.6;-20.800001
1521663487423;-5.0;13.5;0.6;-2.4;21.6;-20.800001
1521663487444;-5.0;13.5;0.5;-2.4;21.6;-20.800001
1521663487455;-5.0;13.5;0.6;-2.4;21.6;-20.800001
1521663487495;-5.0;13.400001;0.6;-2.4;21.6;-20.800001
1521663487504;-5.0;13.5;0.6;-2.4;21.6;-20.800001
1521663487515;-5.1;13.5;0.6;-2.4;21.6;-20.800001
1521663487524;-5.1;13.5;0.7;-2.4;21.6;-20.800001
1521663487563;-5.1;13.5;0.8;-2.4;21.6;-20.800001
1521663487574;-5.1;13.5;0.7;-2.4;21.6;-20.800001
1521663487616;-5.1;13.5;0.8;-2.4;21.6;-20.800001
1521663487624;-5.1;13.6;0.8;-2.4;21.6;-20.800001
1521663487635;-5.1;13.5;0.7;-2.4;21.6;-20.800001
1521663487644;-5.1;13.6;0.7;-2.4;21.6;-20.800001
1521663487655;-5.1;13.6;0.8;-2.4;21.6;-20.800001
1521663487684;-5.0;13.6;0.8;-2.4;21.6;-20.800001
1521663487704;-5.1;13.7;0.90000004;-2.4;21.6;-20.800001
1521663487742;-5.1;13.8;0.90000004;-2.4;21.6;-20.800001
1521663487747;-5.2000003;13.8;1.0;-2.4;21.6;-20.800001
1521663487775;-5.2000003;13.900001;1.0;-2.4;21.6;-20.800001
1521663487783;-5.2000003;13.900001;0.90000004;-2.4;21.6;-20.800001
1521663487817;-5.2000003;13.900001;1.0;-2.4;21.6;-20.800001
1521663487843;-5.2000003;14.0;1.0;-2.4;21.6;-20.800001
1521663487854;-5.3;14.0;0.90000004;-2.4;21.6;-20.800001
1521663487863;-5.3;14.0;1.0;-2.4;21.6;-20.800001
1521663487883;-5.3;14.1;1.0;-2.4;21.6;-20.800001
1521663487895;-5.4;14.1;1.0;-2.4;21.6;-20.800001
1521663487904;-5.3;14.0;1.0;-2.4;21.6;-20.800001
1521663487914;-5.4;14.1;1.0;-2.4;21.6;-20.800001
1521663487923;-5.4;14.0;0.90000004;-2.4;21.6;-20.800001
1521663487934;-5.4;14.1;0.90000004;-2.4;21.6;-20.800001
1521663487954;-5.5;14.1;0.90000004;-2.4;21.6;-20.800001
1521663487963;-5.5;14.2;0.90000004;-2.4;21.6;-20.800001
1521663487974;-5.6;14.2;1.0;-2.4;21.6;-20.800001
1521663487983;-5.7000003;14.3;1.1;-2.4;21.6;-20.800001
1521663487994;-5.7000003;14.400001;1.1;-2.4;21.6;-20.800001
1521663488005;-5.8;14.400001;1.2;-2.4;21.6;-20.800001
1521663488015;-5.8;14.5;1.2;-2.4;21.6;-20.800001
1521663488023;-5.8;14.6;1.3000001;-2.4;21.6;-20.800001
1521663488034;-5.9;14.7;1.3000001;-2.4;21.6;-20.800001
1521663488043;-5.9;14.7;1.4;-2.4;21.6;-20.800001
1521663488055;-6.0;14.8;1.4;-2.4;21.6;-20.800001
1521663488063;-6.0;14.8;1.5;-2.4;21.6;-20.800001
1521663488073;-6.1;14.900001;1.6;-2.4;21.6;-20.800001
1521663488084;-6.2000003;14.900001;1.7;-2.4;21.6;-20.800001
1521663488095;-6.2000003;15.0;1.8000001;-2.4;21.6;-20.800001
1521663488115;-6.3;15.1;1.8000001;-2.4;21.6;-20.800001
1521663488135;-6.4;15.2;1.8000001;-2.4;21.6;-20.800001
1521663488144;-6.4;15.3;1.9;-2.4;21.6;-20.800001
1521663488156;-6.5;15.3;2.0;-2.4;21.6;-20.800001
1521663488166;-6.5;15.400001;2.0;-2.4;21.6;-20.800001
1521663488175;-6.6;15.5;2.0;-2.4;21.6;-20.800001
1521663488183;-6.7000003;15.5;2.2;-2.4;21.6;-20.800001
1521663488195;-6.7000003;15.6;2.2;-2.4;21.6;-20.800001
1521663488203;-6.7000003;15.7;2.3;-2.4;21.6;-20.800001
1521663488243;-6.9;15.900001;2.5;-2.4;21.6;-20.800001
1521663488254;-7.0;15.900001;2.5;-2.4;21.6;-20.800001
1521663488263;-6.9;16.0;2.6000001;-2.4;21.6;-20.800001
1521663488274;-7.0;16.0;2.6000001;-2.4;21.6;-20.800001
1521663488283;-6.9;16.0;2.5;-2.4;21.6;-20.800001
1521663488295;-6.9;16.0;2.6000001;-2.4;21.6;-20.800001
1521663488305;-6.9;15.900001;2.5;-2.4;21.6;-20.800001
1521663488323;-6.9;15.900001;2.6000001;-2.4;21.6;-20.800001
1521663488335;-6.9;15.900001;2.5;-2.4;21.6;-20.800001
1521663488343;-6.8;15.8;2.4;-2.4;21.6;-20.800001
1521663488355;-6.8;15.8;2.3;-2.4;21.6;-20.800001
1521663488363;-6.7000003;15.7;2.3;-2.4;21.6;-20.800001
1521663488374;-6.7000003;15.7;2.2;-2.4;21.6;-20.800001
1521663488383;-6.6;15.6;2.1000001;-2.4;21.6;-20.800001
1521663488396;-6.6;15.6;2.0;-2.4;21.6;-20.800001
1521663488407;-6.5;15.5;2.0;-2.4;21.6;-20.800001
1521663488415;-6.5;15.5;1.9;-2.4;21.6;-20.800001
1521663488423;-6.4;15.5;1.9;-2.4;21.6;-20.800001
1521663488443;-6.3;15.400001;1.8000001;-2.4;21.6;-20.800001
1521663488463;-6.2000003;15.3;1.8000001;-2.4;21.6;-20.800001
1521663488475;-6.1;15.3;1.7;-2.4;21.6;-20.800001
1521663488484;-6.1;15.2;1.6;-2.4;21.6;-20.800001
1521663488495;-6.0;15.2;1.6;-2.4;21.6;-20.800001
1521663488504;-6.0;15.2;1.5;-2.4;21.6;-20.800001
1521663488514;-5.9;15.1;1.5;-2.4;21.6;-20.800001
1521663488523;-5.8;15.1;1.4;-2.4;21.6;-20.800001
1521663488543;-5.7000003;15.0;1.3000001;-2.4;21.6;-20.800001
1521663488567;-5.6;14.900001;1.1;-2.4;21.6;-20.800001
1521663488575;-5.5;14.900001;1.1;-2.4;21.6;-20.800001
1521663488583;-5.4;14.8;1.1;-2.4;21.6;-20.800001
1521663488595;-5.4;14.8;1.0;-2.4;21.6;-20.800001
1521663488603;-5.3;14.7;0.90000004;-2.4;21.6;-20.800001
1521663488633;-5.2000003;14.7;0.90000004;-2.4;21.6;-20.800001
1521663488645;-5.2000003;14.7;1.0;-2.4;21.6;-20.800001
1521663488655;-5.2000003;14.7;1.1;-2.4;21.6;-20.800001
1521663488675;-5.1;14.7;1.0;-2.4;21.6;-20.800001
1521663488683;-5.1;14.6;1.0;-2.4;21.6;-20.800001
1521663488803;-5.1;14.5;1.0;-2.4;21.6;-20.800001
1521663488814;-5.1;14.5;1.1;-2.4;21.6;-20.800001
1521663488854;-5.1;14.6;1.1;-2.4;21.6;-20.800001
1521663488863;-5.2000003;14.5;1.1;-2.4;21.6;-20.800001
1521663488875;-5.2000003;14.5;1.0;-2.4;21.6;-20.800001
1521663488906;-5.2000003;14.6;1.1;-2.4;21.6;-20.800001
1521663488916;-5.2000003;14.6;1.0;-2.4;21.6;-20.800001
1521663488923;-5.2000003;14.5;0.90000004;-2.4;21.6;-20.800001
1521663488934;-5.2000003;14.6;0.90000004;-2.4;21.6;-20.800001
1521663488944;-5.3;14.6;0.90000004;-2.4;21.6;-20.800001
1521663488963;-5.4;14.7;0.90000004;-2.4;21.6;-20.800001
1521663489024;-5.4;14.7;0.8;-2.4;21.6;-20.800001
1521663489044;-5.4;14.8;0.8;-2.4;21.6;-20.800001
1521663489056;-5.5;14.900001;0.8;-2.4;21.6;-20.800001
1521663489065;-5.6;14.900001;0.90000004;-2.4;21.6;-20.800001
1521663489075;-5.6;15.0;0.90000004;-2.4;21.6;-20.800001
1521663489084;-5.7000003;15.0;1.0;-2.4;21.6;-20.800001
1521663489096;-5.7000003;15.1;1.1;-2.4;21.6;-20.800001
1521663489105;-5.8;15.2;1.1;-2.4;21.6;-20.800001
1521663489118;-5.9;15.3;1.1;-2.4;21.6;-20.800001
1521663489147;-6.0;15.400001;1.3000001;-2.4;21.6;-20.800001
1521663489156;-6.1;15.5;1.3000001;-2.4;21.6;-20.800001
1521663489166;-6.1;15.6;1.4;-2.4;21.6;-20.800001
1521663489176;-6.2000003;15.7;1.5;-2.4;21.6;-20.800001
1521663489185;-6.2000003;15.7;1.6;-2.4;21.6;-20.800001
1521663489204;-6.3;15.900001;1.8000001;-2.4;21.6;-20.800001
1521663489275;-6.6;16.2;2.2;-2.4;21.6;-20.800001
1521663489283;-6.7000003;16.300001;2.3;-2.4;21.6;-20.800001
1521663489303;-6.8;16.4;2.4;-2.4;21.6;-20.800001
1521663489314;-6.9;16.5;2.5;-2.4;21.6;-20.800001
1521663489323;-7.0;16.6;2.7;-2.4;21.6;-20.800001
1521663489334;-7.0;16.6;2.8;-2.4;21.6;-20.800001
1521663489343;-7.0;16.6;2.9;-2.4;21.6;-20.800001
1521663489355;-7.0;16.7;2.8;-2.4;21.6;-20.800001
1521663489395;-7.0;16.7;2.7;-2.4;21.6;-20.800001
1521663489425;-6.9;16.7;2.7;-2.4;21.6;-20.800001
1521663489436;-6.9;16.7;2.8;-2.4;21.6;-20.800001
1521663489464;-6.9;16.6;2.8;-2.4;21.6;-20.800001
1521663489496;-6.9;16.6;2.7;-2.4;21.6;-20.800001
1521663489504;-6.9;16.6;2.8;-2.4;21.6;-20.800001
1521663489544;-6.9;16.6;2.9;-2.4;21.6;-20.800001
1521663489557;-6.8;16.6;2.8;-2.4;21.6;-20.800001
1521663489563;-6.8;16.6;2.7;-2.4;21.6;-20.800001
1521663489575;-6.7000003;16.6;2.8;-2.4;21.6;-20.800001
1521663489584;-6.7000003;16.5;2.8;-2.4;21.6;-20.800001
1521663489604;-6.7000003;16.5;2.7;-2.4;21.6;-20.800001
1521663489635;-6.7000003;16.5;2.6000001;-2.4;21.6;-20.800001
1521663489645;-6.6;16.5;2.5;-2.4;21.6;-20.800001
1521663489655;-6.6;16.4;2.5;-2.4;21.6;-20.800001
1521663489664;-6.6;16.300001;2.4;-2.4;21.6;-20.800001
1521663489677;-6.5;16.2;2.3;-2.4;21.6;-20.800001
1521663489684;-6.5;16.2;2.4;-2.4;21.6;-20.800001
1521663489696;-6.4;16.1;2.3;-2.4;21.6;-20.800001
1521663489715;-6.3;16.1;2.3;-2.4;21.6;-20.800001
1521663489725;-6.3;16.0;2.2;-2.4;21.6;-20.800001
1521663489744;-6.2000003;15.900001;2.1000001;-2.4;21.6;-20.800001
1521663489767;-6.1;15.8;2.0;-2.4;21.6;-20.800001
1521663489785;-5.9;15.7;1.9;-2.4;21.6;-20.800001
1521663489796;-5.9;15.7;1.8000001;-2.4;21.6;-20.800001
1521663489804;-5.8;15.6;1.7;-2.4;21.6;-20.800001
1521663489815;-5.8;15.5;1.6;-2.4;21.6;-20.800001
1521663489824;-5.7000003;15.5;1.5;-2.4;21.6;-20.800001
1521663489835;-5.6;15.400001;1.4;-2.4;21.6;-20.800001
1521663489865;-5.6;15.3;1.3000001;-2.4;21.6;-20.800001
1521663489903;-5.6;15.400001;1.4;-2.4;21.6;-20.800001
1521663489943;-5.6;15.400001;1.5;-2.4;21.6;-20.800001
1521663489964;-5.6;15.5;1.5;-2.4;21.6;-20.800001
1521663489976;-5.7000003;15.5;1.6;-2.4;21.6;-20.800001
1521663489984;-5.7000003;15.6;1.6;-2.4;21.6;-20.800001
1521663489997;-5.7000003;15.6;1.7;-2.4;21.6;-20.800001
1521663490005;-5.8;15.7;1.6;-2.4;21.6;-20.800001
1521663490016;-5.8;15.7;1.7;-2.4;21.6;-20.800001
1521663490026;-5.8;15.8;1.8000001;-2.4;21.6;-20.800001
1521663490044;-5.9;15.900001;1.8000001;-2.4;21.6;-20.800001
1521663490056;-6.0;15.900001;1.9;-2.4;21.6;-20.800001
1521663490064;-6.0;16.0;1.9;-2.4;21.6;-20.800001
1521663490076;-6.1;16.0;1.9;-2.4;21.6;-20.800001
1521663490085;-6.1;16.1;2.0;-2.4;21.6;-20.800001
1521663490095;-6.1;16.2;2.1000001;-2.4;21.6;-20.800001
1521663490105;-6.2000003;16.2;2.2;-2.4;21.6;-20.800001
1521663490116;-6.2000003;16.300001;2.3;-2.4;21.6;-20.800001
1521663490125;-6.3;16.300001;2.4;-2.4;21.6;-20.800001
1521663490145;-6.3;16.5;2.5;-2.4;21.6;-20.800001
1521663490156;-6.3;16.5;2.6000001;-2.4;21.6;-20.800001
1521663490205;-6.2000003;16.4;2.5;-2.4;21.6;-20.800001
1521663490217;-6.1;16.300001;2.4;-2.4;21.6;-20.800001
1521663490274;-5.8;16.1;2.3;-2.4;21.6;-20.800001
1521663490283;-5.8;16.0;2.2;-2.4;21.6;-20.800001
1521663490295;-5.7000003;16.0;2.2;-2.4;21.6;-20.800001
1521663490304;-5.7000003;15.900001;2.2;-2.4;21.6;-20.800001
1521663490315;-5.6;15.900001;2.2;-2.4;21.6;-20.800001
1521663490323;-5.6;15.8;2.2;-2.4;21.6;-20.800001
1521663490334;-5.6;15.8;2.1000001;-2.4;21.6;-20.800001
1521663490343;-5.5;15.8;2.1000001;-2.4;21.6;-20.800001
1521663490354;-5.5;15.7;2.1000001;-2.4;21.6;-20.800001
1521663490363;-5.5;15.8;2.2;-2.4;21.6;-20.800001
1521663490375;-5.5;15.7;2.2;-2.4;21.6;-20.800001
1521663490383;-5.5;15.7;2.1000001;-2.4;21.6;-20.800001
1521663490395;-5.4;15.6;2.1000001;-2.4;21.6;-20.800001
1521663490415;-5.4;15.5;2.1000001;-2.4;21.6;-20.800001
1521663490424;-5.3;15.5;2.0;-2.4;21.6;-20.800001
1521663490435;-5.2000003;15.400001;1.9;-2.4;21.6;-20.800001
1521663490443;-5.2000003;15.400001;1.8000001;-2.4;21.6;-20.800001
1521663490455;-5.2000003;15.3;1.8000001;-2.4;21.6;-20.800001
1521663490464;-5.2000003;15.3;1.9;-2.4;21.6;-20.800001
1521663490474;-5.1;15.3;1.8000001;-2.4;21.6;-20.800001
1521663490485;-5.1;15.2;1.8000001;-2.4;21.6;-20.800001
1521663490504;-5.1;15.3;1.8000001;-2.4;21.6;-20.800001
1521663490514;-5.2000003;15.3;1.8000001;-2.4;21.6;-20.800001
1521663490543;-5.2000003;15.3;1.7;-2.4;21.6;-20.800001
1521663490554;-5.3;15.3;1.7;-2.4;21.6;-20.800001
1521663490563;-5.2000003;15.3;1.7;-2.4;21.6;-20.800001
1521663490574;-5.3;15.3;1.6;-2.4;21.6;-20.800001
1521663490583;-5.3;15.2;1.6;-2.4;21.6;-20.800001
1521663490603;-5.3;15.3;1.6;-2.4;21.6;-20.800001
1521663490625;-5.3;15.3;1.5;-2.4;21.6;-20.800001
1521663490664;-5.3;15.2;1.4;-2.4;21.6;-20.800001
1521663490703;-5.3;15.3;1.3000001;-2.4;21.6;-20.800001
1521663490737;-5.3;15.3;1.4;-2.4;21.6;-20.800001
1521663490746;-5.4;15.3;1.4;-2.4;21.6;-20.800001
1521663490776;-5.4;15.3;1.3000001;-2.4;21.6;-20.800001
1521663490795;-5.4;15.3;1.2;-2.4;21.6;-20.800001
1521663490804;-5.4;15.2;1.1;-2.4;21.6;-20.800001
1521663490824;-5.3;15.2;1.1;-2.4;21.6;-20.800001
1521663490883;-5.3;15.2;1.0;-2.4;21.6;-20.800001
1521663490915;-5.2000003;15.2;0.90000004;-2.4;21.6;-20.800001
1521663490955;-5.1;15.2;0.90000004;-2.4;21.6;-20.800001
1521663490976;-5.1;15.1;0.8;-2.4;21.6;-20.800001
1521663490984;-5.1;15.2;0.8;-2.4;21.6;-20.800001
1521663491025;-5.0;15.2;0.8;-2.4;21.6;-20.800001
1521663491036;-5.1;15.2;0.8;-2.4;21.6;-20.800001
1521663491044;-5.0;15.2;0.8;-2.4;21.6;-20.800001
1521663491057;-5.0;15.2;0.90000004;-2.4;21.6;-20.800001
1521663491077;-5.0;15.2;0.8;-2.4;21.6;-20.800001
1521663491085;-5.1;15.3;0.90000004;-2.4;21.6;-20.800001
1521663491105;-5.1;15.3;1.0;-2.4;21.6;-20.800001
1521663491125;-5.2000003;15.400001;1.1;-2.4;21.6;-20.800001
1521663491146;-5.2000003;15.400001;1.2;-2.4;21.6;-20.800001
1521663491177;-5.2000003;15.5;1.3000001;-2.4;21.6;-20.800001
1521663491185;-5.3;15.5;1.4;-2.4;21.6;-20.800001
1521663491206;-5.3;15.6;1.4;-2.4;21.6;-20.800001
1521663491264;-5.5;15.7;1.5;-2.4;21.6;-20.800001
1521663491274;-5.5;15.8;1.5;-2.4;21.6;-20.800001
1521663491283;-5.5;15.8;1.6;-2.4;21.6;-20.800001
1521663491323;-5.6;15.900001;1.5;-2.4;21.6;-20.800001
1521663491334;-5.6;15.900001;1.4;-2.4;21.6;-20.800001
1521663491375;-5.5;15.900001;1.4;-2.4;21.6;-20.800001
1521663491384;-5.5;15.8;1.3000001;-2.4;21.6;-20.800001
1521663491407;-5.6;15.900001;1.3000001;-2.4;21.6;-20.800001
1521663491426;-5.6;15.900001;1.2;-2.4;21.6;-20.800001
1521663491445;-5.5;15.900001;1.2;-2.4;21.6;-20.800001
1521663491465;-5.6;15.900001;1.2;-2.4;21.6;-20.800001
1521663491485;-5.5;15.8;1.1;-2.4;21.6;-20.800001
1521663491505;-5.5;15.900001;1.0;-2.4;21.6;-20.800001
1521663491526;-5.6;15.900001;1.1;-2.4;21.6;-20.800001
1521663491537;-5.5;15.8;1.0;-2.4;21.6;-20.800001
1521663491546;-5.6;15.8;1.0;-2.4;21.6;-20.800001
1521663491584;-5.5;15.7;1.0;-2.4;21.6;-20.800001
1521663491617;-5.5;15.7;1.1;-2.4;21.6;-20.800001
1521663491646;-5.5;15.7;1.0;-2.4;21.6;-20.800001
1521663491665;-5.6;15.7;1.1;-2.4;21.6;-20.800001
1521663491696;-5.5;15.7;1.2;-2.4;21.6;-20.800001
1521663491705;-5.6;15.7;1.2;-2.4;21.6;-20.800001
1521663491727;-5.5;15.7;1.2;-2.4;21.6;-20.800001
1521663491766;-5.5;15.7;1.3000001;-2.4;21.6;-20.800001
1521663491777;-5.6;15.7;1.3000001;-2.4;21.6;-20.800001
1521663491795;-5.5;15.7;1.2;-2.4;21.6;-20.800001
1521663491804;-5.5;15.7;1.3000001;-2.4;21.6;-20.800001
1521663491846;-5.5;15.7;1.4;-2.4;21.6;-20.800001
1521663491875;-5.6;15.7;1.3000001;-2.4;21.6;-20.800001
1521663491895;-5.6;15.7;1.2;-2.4;21.6;-20.800001
1521663491927;-5.5;15.7;1.1;-2.4;21.6;-20.800001
1521663491945;-5.6;15.8;1.2;-2.4;21.6;-20.800001
1521663491965;-5.6;15.8;1.3000001;-2.4;21.6;-20.800001
1521663491975;-5.6;15.8;1.2;-2.4;21.6;-20.800001
1521663491984;-5.6;15.8;1.3000001;-2.4;21.6;-20.800001
1521663492004;-5.6;15.8;1.2;-2.4;21.6;-20.800001
1521663492076;-5.6;15.900001;1.2;-2.4;21.6;-20.800001
1521663492126;-5.7000003;16.0;1.2;-2.4;21.6;-20.800001
1521663492143;-5.7000003;16.0;1.3000001;-2.4;21.6;-20.800001
1521663492153;-5.7000003;16.0;1.2;-2.4;21.6;-20.800001
1521663492176;-5.7000003;16.0;1.3000001;-2.4;21.6;-20.800001
1521663492216;-5.7000003;16.0;1.4;-2.4;21.6;-20.800001
1521663492263;-5.7000003;16.0;1.3000001;-2.4;21.6;-20.800001
1521663492274;-5.7000003;16.0;1.4;-2.4;21.6;-20.800001
1521663492294;-5.8;16.0;1.4;-2.4;21.6;-20.800001
1521663492303;-5.7000003;16.0;1.4;-2.4;21.6;-20.800001
1521663492315;-5.8;16.1;1.4;-2.4;21.6;-20.800001
1521663492343;-5.8;16.1;1.3000001;-2.4;21.6;-20.800001
1521663492364;-5.9;16.1;1.3000001;-2.4;21.6;-20.800001
1521663492375;-5.9;16.1;1.2;-2.4;21.6;-20.800001
1521663492395;-5.9;16.1;1.1;-2.4;21.6;-20.800001
1521663492404;-5.9;16.0;1.1;-2.4;21.6;-20.800001
1521663492416;-5.9;16.1;1.1;-2.4;21.6;-20.800001
1521663492424;-5.9;16.0;1.2;-2.4;21.6;-20.800001
1521663492436;-5.9;16.1;1.2;-2.4;21.6;-20.800001
1521663492457;-5.9;16.1;1.3000001;-2.4;21.6;-20.800001
1521663492464;-6.0;16.1;1.3000001;-2.4;21.6;-20.800001
1521663492495;-6.0;16.1;1.4;-2.4;21.6;-20.800001
1521663492506;-5.9;16.1;1.3000001;-2.4;21.6;-20.800001
1521663492525;-6.1;16.2;1.5;-2.4;21.6;-20.800001
1521663492538;-6.1;16.2;1.6;-2.4;21.6;-20.800001
1521663492567;-6.1;16.1;1.5;-2.4;21.6;-20.800001
1521663492595;-6.0;16.1;1.5;-2.4;21.6;-20.800001
1521663492604;-6.0;16.1;1.4;-2.4;21.6;-20.800001
1521663492616;-6.0;16.0;1.4;-2.4;21.6;-20.800001
1521663492624;-6.0;16.1;1.4;-2.4;21.6;-20.800001
1521663492636;-6.0;16.1;1.5;-2.4;21.6;-20.800001
1521663492646;-6.0;16.0;1.5;-2.4;21.6;-20.800001
1521663492657;-6.0;16.0;1.6;-2.4;21.6;-20.800001
1521663492666;-6.0;16.0;1.5;-2.4;21.6;-20.800001
1521663492675;-6.0;16.0;1.6;-2.4;21.6;-20.800001
1521663492696;-6.0;16.0;1.7;-2.4;21.6;-20.800001
1521663492716;-5.9;16.0;1.7;-2.4;21.6;-20.800001
1521663492725;-6.0;16.0;1.8000001;-2.4;21.6;-20.800001
1521663492736;-6.0;16.1;1.8000001;-2.4;21.6;-20.800001
1521663492745;-6.0;16.1;1.9;-2.4;21.6;-20.800001
1521663492755;-6.0;16.0;1.8000001;-2.4;21.6;-20.800001
1521663492764;-6.0;16.0;1.9;-2.4;21.6;-20.800001
1521663492785;-5.9;16.0;1.9;-2.4;21.6;-20.800001
1521663492796;-5.9;16.0;1.8000001;-2.4;21.6;-20.800001
1521663492816;-5.9;16.0;1.7;-2.4;21.6;-20.800001
1521663492839;-5.9;15.900001;1.7;-2.4;21.6;-20.800001
1521663492905;-5.9;15.900001;1.8000001;-2.4;21.6;-20.800001
1521663492926;-6.0;15.900001;1.9;-2.4;21.6;-20.800001
1521663492958;-6.0;15.900001;1.8000001;-2.4;21.6;-20.800001
1521663492977;-6.0;15.900001;1.9;-2.4;21.6;-20.800001
1521663492985;-5.9;15.900001;1.9;-2.4;21.6;-20.800001
1521663493005;-5.9;15.900001;2.0;-2.4;21.6;-20.800001
1521663493026;-5.9;15.8;1.8000001;-2.4;21.6;-20.800001
1521663493037;-5.9;15.8;1.6;-2.4;21.6;-20.800001
1521663493047;-5.9;15.900001;1.7;-2.4;21.6;-20.800001
1521663493056;-6.0;15.900001;1.7;-2.4;21.6;-20.800001
1521663493066;-5.9;15.900001;1.6;-2.4;21.6;-20.800001
1521663493086;-6.0;15.900001;1.7;-2.4;21.6;-20.800001
1521663493105;-5.9;15.900001;1.9;-2.4;21.6;-20.800001
1521663493135;-5.9;15.900001;1.8000001;-2.4;21.6;-20.800001
1521663493146;-6.0;15.900001;1.8000001;-2.4;21.6;-20.800001
1521663493163;-6.0;16.0;1.7;-2.4;21.6;-20.800001
1521663493183;-5.9;15.900001;1.7;-2.4;21.6;-20.800001
1521663493224;-5.8;15.900001;1.5;-2.4;21.6;-20.800001
1521663493236;-5.9;15.900001;1.6;-2.4;21.6;-20.800001
1521663493263;-5.9;15.900001;1.7;-2.4;21.6;-20.800001
1521663493283;-5.9;16.0;1.6;-2.4;21.6;-20.800001
1521663493294;-5.9;15.900001;1.6;-2.4;21.6;-20.800001
1521663493303;-5.9;16.0;1.6;-2.4;21.6;-20.800001
1521663493335;-5.9;16.0;1.7;-2.4;21.6;-20.800001
1521663493343;-5.9;15.900001;1.6;-2.4;21.6;-20.800001
1521663493357;-5.8;15.8;1.6;-2.4;21.6;-20.800001
1521663493363;-5.8;15.900001;1.6;-2.4;21.6;-20.800001
1521663493395;-5.8;15.900001;1.5;-2.4;21.6;-20.800001
1521663493414;-5.9;15.900001;1.5;-2.4;21.6;-20.800001
1521663493424;-5.8;15.900001;1.4;-2.4;21.6;-20.800001
1521663493435;-5.8;15.8;1.4;-2.4;21.6;-20.800001
1521663493456;-5.9;15.900001;1.4;-2.4;21.6;-20.800001
1521663493464;-5.9;15.8;1.5;-2.4;21.6;-20.800001
1521663493545;-5.8;15.8;1.6;-2.4;21.6;-20.800001
1521663493566;-5.8;15.8;1.7;-2.4;21.6;-20.800001
1521663493576;-5.8;15.8;1.6;-2.4;21.6;-20.800001
1521663493584;-5.8;15.8;1.7;-2.4;21.6;-20.800001
1521663493596;-5.8;15.8;1.6;-2.4;21.6;-20.800001
1521663493616;-5.9;15.8;1.5;-2.4;21.6;-20.800001
1521663493636;-5.8;15.7;1.4;-2.4;21.6;-20.800001
1521663493647;-5.9;15.8;1.5;-2.4;21.6;-20.800001
1521663493656;-5.9;15.8;1.4;-2.4;21.6;-20.800001
1521663493684;-5.9;15.8;1.3000001;-2.4;21.6;-20.800001
1521663493746;-5.8;15.8;1.3000001;-2.4;21.6;-20.800001
1521663493794;-5.8;15.8;1.2;-2.4;21.6;-20.800001
1521663493845;-5.8;15.7;1.0;-2.4;21.6;-20.800001
1521663493856;-5.8;15.8;1.0;-2.4;21.6;-20.800001
1521663493867;-5.8;15.8;0.90000004;-2.4;21.6;-20.800001
1521663493896;-5.9;15.8;0.90000004;-2.4;21.6;-20.800001
1521663493916;-5.9;15.8;1.0;-2.4;21.6;-20.800001
1521663493945;-5.9;15.7;0.90000004;-2.4;21.6;-20.800001
1521663493957;-5.9;15.8;1.1;-2.4;21.6;-20.800001
1521663493976;-6.0;15.8;1.1;-2.4;21.6;-20.800001
1521663494015;-5.9;15.8;1.1;-2.4;21.6;-20.800001
1521663494026;-6.0;15.8;1.1;-2.4;21.6;-20.800001
1521663494046;-5.9;15.8;1.0;-2.4;21.6;-20.800001
1521663494056;-5.9;15.7;1.0;-2.4;21.6;-20.800001
1521663494067;-5.9;15.7;1.1;-2.4;21.6;-20.800001
1521663494116;-5.9;15.7;1.0;-2.4;21.6;-20.800001
1521663494125;-5.9;15.8;1.0;-2.4;21.6;-20.800001
1521663494143;-5.9;15.8;1.1;-2.4;21.6;-20.800001
1521663494155;-5.9;15.8;1.0;-2.4;21.6;-20.800001
1521663494164;-5.9;15.900001;1.1;-2.4;21.6;-20.800001
1521663494182;-6.0;15.900001;1.1;-2.4;21.6;-20.800001
1521663494202;-5.9;15.900001;1.1;-2.4;21.6;-20.800001
1521663494215;-6.0;15.900001;1.2;-2.4;21.6;-20.800001
1521663494223;-6.0;16.0;1.3000001;-2.4;21.6;-20.800001
1521663494264;-6.1;16.1;1.3000001;-2.4;21.6;-20.800001
1521663494274;-6.2000003;16.2;1.5;-2.4;21.6;-20.800001
1521663494294;-6.3;16.300001;1.6;-2.4;21.6;-20.800001
1521663494303;-6.3;16.300001;1.7;-2.4;21.6;-20.800001
1521663494314;-6.4;16.4;1.7;-2.4;21.6;-20.800001
1521663494325;-6.5;16.5;1.7;-2.4;21.6;-20.800001
1521663494334;-6.5;16.5;1.8000001;-2.4;21.6;-20.800001
1521663494343;-6.6;16.6;1.9;-2.4;21.6;-20.800001
1521663494363;-6.7000003;16.7;1.9;-2.4;21.6;-20.800001
1521663494376;-6.7000003;16.7;2.0;-2.4;21.6;-20.800001
1521663494384;-6.8;16.800001;2.1000001;-2.4;21.6;-20.800001
1521663494396;-6.9;16.9;2.2;-2.4;21.6;-20.800001
1521663494415;-7.0;16.9;2.3;-2.4;21.6;-20.800001
1521663494424;-7.0;17.0;2.3;-2.4;21.6;-20.800001
1521663494435;-7.0;17.0;2.4;-2.4;21.6;-20.800001
1521663494455;-7.1;17.0;2.4;-2.4;21.6;-20.800001
1521663494477;-7.1;17.1;2.5;-2.4;21.6;-20.800001
1521663494486;-7.2000003;17.1;2.6000001;-2.4;21.6;-20.800001
1521663494496;-7.2000003;17.2;2.6000001;-2.4;21.6;-20.800001
1521663494505;-7.3;17.2;2.6000001;-2.4;21.6;-20.800001
1521663494515;-7.2000003;17.2;2.6000001;-2.4;21.6;-20.800001
1521663494536;-7.2000003;17.1;2.6000001;-2.4;21.6;-20.800001
1521663494545;-7.2000003;17.1;2.5;-2.4;21.6;-20.800001
1521663494595;-7.2000003;17.1;2.4;-2.4;21.6;-20.800001
1521663494624;-7.1;17.1;2.4;-2.4;21.6;-20.800001
1521663494645;-7.2000003;17.1;2.4;-2.4;21.6;-20.800001
1521663494664;-7.1;17.1;2.3;-2.4;21.6;-20.800001
1521663494675;-7.2000003;17.1;2.3;-2.4;21.6;-20.800001
1521663494684;-7.1;17.1;2.3;-2.4;21.6;-20.800001
1521663494695;-7.1;17.0;2.3;-2.4;21.6;-20.800001
1521663494717;-7.1;17.1;2.3;-2.4;21.6;-20.800001
1521663494725;-7.1;17.1;2.2;-2.4;21.6;-20.800001
1521663494738;-7.2000003;17.1;2.2;-2.4;21.6;-20.800001
1521663494747;-7.1;17.0;2.3;-2.4;21.6;-20.800001
1521663494826;-7.1;17.0;2.4;-2.4;21.6;-20.800001
1521663494843;-7.0;17.0;2.4;-2.4;21.6;-20.800001
1521663494863;-7.0;17.0;2.5;-2.4;21.6;-20.800001
1521663494904;-7.0;17.0;2.6000001;-2.4;21.6;-20.800001
1521663494935;-6.9;17.0;2.6000001;-2.4;21.6;-20.800001
1521663494943;-6.8;16.9;2.6000001;-2.4;21.6;-20.800001
1521663494994;-6.7000003;16.9;2.7;-2.4;21.6;-20.800001
1521663495023;-6.7000003;16.9;2.8;-2.4;21.6;-20.800001
1521663495043;-6.7000003;16.800001;2.7;-2.4;21.6;-20.800001
1521663495055;-6.7000003;16.9;2.7;-2.4;21.6;-20.800001
1521663495065;-6.7000003;16.9;2.8;-2.4;21.6;-20.800001
1521663495083;-6.7000003;16.800001;2.7;-2.4;21.6;-20.800001
1521663495096;-6.6;16.800001;2.7;-2.4;21.6;-20.800001
1521663495105;-6.6;16.800001;2.8;-2.4;21.6;-20.800001
1521663495144;-6.6;16.9;2.9;-2.4;21.6;-20.800001
1521663495156;-6.6;16.800001;2.9;-2.4;21.6;-20.800001
1521663495164;-6.6;16.800001;2.8;-2.4;21.6;-20.800001
1521663495176;-6.5;16.800001;2.9;-2.4;21.6;-20.800001
1521663495184;-6.5;16.800001;2.8;-2.4;21.6;-20.800001
1521663495196;-6.5;16.800001;2.9;-2.4;21.6;-20.800001
1521663495216;-6.4;16.800001;2.9;-2.4;21.6;-20.800001
1521663495225;-6.5;16.800001;3.0;-2.4;21.6;-20.800001
1521663495236;-6.4;16.800001;3.0;-2.4;21.6;-20.800001
1521663495274;-6.3;16.7;2.8;-2.4;21.6;-20.800001
1521663495294;-6.3;16.6;2.7;-2.4;21.6;-20.800001
1521663495303;-6.2000003;16.6;2.6000001;-2.4;21.6;-20.800001
1521663495314;-6.1;16.5;2.5;-2.4;21.6;-20.800001
1521663495323;-6.0;16.4;2.4;-2.4;21.6;-20.800001
1521663495335;-6.0;16.4;2.3;-2.4;21.6;-20.800001
1521663495355;-5.9;16.300001;2.3;-2.4;21.6;-20.800001
1521663495374;-5.8;16.2;2.3;-2.4;21.6;-20.800001
1521663495397;-5.7000003;16.1;2.2;-2.4;21.6;-20.800001
1521663495405;-5.7000003;16.1;2.1000001;-2.4;21.6;-20.800001
1521663495414;-5.7000003;16.0;2.1000001;-2.4;21.6;-20.800001
1521663495424;-5.6;15.900001;2.0;-2.4;21.6;-20.800001
1521663495435;-5.6;15.900001;2.1000001;-2.4;21.6;-20.800001
1521663495444;-5.6;15.8;2.0;-2.4;21.6;-20.800001
1521663495455;-5.5;15.8;2.0;-2.4;21.6;-20.800001
1521663495487;-5.5;15.7;2.0;-2.4;21.6;-20.800001
1521663495506;-5.5;15.6;1.9;-2.4;21.6;-20.800001
1521663495516;-5.5;15.5;1.8000001;-2.4;21.6;-20.800001
1521663495524;-5.4;15.400001;1.7;-2.4;21.6;-20.800001
1521663495544;-5.3;15.3;1.6;-2.4;21.6;-20.800001
1521663495584;-5.2000003;15.3;1.6;-2.4;21.6;-20.800001
1521663495594;-5.2000003;15.3;1.7;-2.4;21.6;-20.800001
1521663495623;-5.3;15.3;1.8000001;-2.4;21.6;-20.800001
1521663495635;-5.2000003;15.3;1.8000001;-2.4;21.6;-20.800001
1521663495655;-5.3;15.3;1.8000001;-2.4;21.6;-20.800001
1521663495664;-5.3;15.3;1.7;-2.4;21.6;-20.800001
1521663495684;-5.3;15.2;1.6;-2.4;21.6;-20.800001
1521663495696;-5.3;15.3;1.7;-2.4;21.6;-20.800001
1521663495705;-5.3;15.3;1.8000001;-2.4;21.6;-20.800001
1521663495724;-5.3;15.3;1.7;-2.4;21.6;-20.800001
1521663495745;-5.3;15.2;1.6;-2.4;21.6;-20.800001
1521663495756;-5.3;15.2;1.5;-2.4;21.6;-20.800001
1521663495767;-5.3;15.2;1.4;-2.4;21.6;-20.800001
1521663495785;-5.2000003;15.2;1.4;-2.4;21.6;-20.800001
1521663495804;-5.2000003;15.2;1.5;-2.4;21.6;-20.800001
1521663495866;-5.3;15.3;1.5;-2.4;21.6;-20.800001
1521663495895;-5.3;15.3;1.6;-2.4;21.6;-20.800001
1521663495924;-5.2000003;15.3;1.6;-2.4;21.6;-20.800001
1521663495956;-5.2000003;15.3;1.7;-2.4;21.6;-20.800001
1521663495966;-5.2000003;15.3;1.8000001;-2.4;21.6;-20.800001
1521663495985;-5.1;15.3;1.8000001;-2.4;21.6;-20.800001
1521663496016;-5.2000003;15.400001;1.8000001;-2.4;21.6;-20.800001
1521663496056;-5.2000003;15.400001;1.9;-2.4;21.6;-20.800001
1521663496065;-5.2000003;15.400001;2.0;-2.4;21.6;-20.800001
1521663496107;-5.3;15.5;2.0;-2.4;21.6;-20.800001
1521663496145;-5.4;15.5;2.0;-2.4;21.6;-20.800001
1521663496157;-5.4;15.6;2.0;-2.4;21.6;-20.800001
1521663496177;-5.3;15.6;2.0;-2.4;21.6;-20.800001
1521663496185;-5.4;15.6;2.0;-2.4;21.6;-20.800001
1521663496196;-5.3;15.5;1.9;-2.4;21.6;-20.800001
1521663496206;-5.3;15.5;1.8000001;-2.4;21.6;-20.800001
1521663496216;-5.4;15.5;1.8000001;-2.4;21.6;-20.800001
1521663496283;-5.6;15.6;1.7;-2.4;21.6;-20.800001
1521663496303;-5.5;15.6;1.7;-2.4;21.6;-20.800001
1521663496314;-5.6;15.7;1.7;-2.4;21.6;-20.800001
1521663496334;-5.6;15.7;1.6;-2.4;21.6;-20.800001
1521663496347;-5.7000003;15.7;1.6;-2.4;21.6;-20.800001
1521663496354;-5.7000003;15.8;1.7;-2.4;21.6;-20.800001
1521663496363;-5.8;15.8;1.7;-2.4;21.6;-20.800001
1521663496375;-5.9;15.900001;1.7;-2.4;21.6;-20.800001
1521663496382;-5.9;15.900001;1.8000001;-2.4;21.6;-20.800001
1521663496394;-5.9;16.0;1.7;-2.4;21.6;-20.800001
1521663496402;-6.0;16.0;1.8000001;-2.4;21.6;-20.800001
1521663496423;-6.0;16.1;1.9;-2.4;21.6;-20.800001
1521663496434;-6.1;16.1;1.9;-2.4;21.6;-20.800001
1521663496443;-6.1;16.2;2.0;-2.4;21.6;-20.800001
1521663496455;-6.2000003;16.2;2.0;-2.4;21.6;-20.800001
1521663496464;-6.3;16.300001;2.0;-2.4;21.6;-20.800001
1521663496475;-6.4;16.300001;2.1000001;-2.4;21.6;-20.800001
1521663496484;-6.4;16.4;2.2;-2.4;21.6;-20.800001
1521663496504;-6.6;16.5;2.3;-2.4;21.6;-20.800001
1521663496514;-6.6;16.6;2.4;-2.4;21.6;-20.800001
1521663496523;-6.7000003;16.7;2.3;-2.4;21.6;-20.800001
1521663496535;-6.7000003;16.7;2.5;-2.4;21.6;-20.800001
1521663496543;-6.8;16.800001;2.5;-2.4;21.6;-20.800001
1521663496555;-6.9;16.800001;2.6000001;-2.4;21.6;-20.800001
1521663496567;-6.9;16.9;2.7;-2.4;21.6;-20.800001
1521663496586;-7.1;17.0;2.9;-2.4;21.6;-20.800001
1521663496596;-7.1;17.0;3.0;-2.4;21.6;-20.800001
1521663496605;-7.2000003;17.1;3.0;-2.4;21.6;-20.800001
1521663496616;-7.2000003;17.1;3.1000001;-2.4;21.6;-20.800001
1521663496625;-7.2000003;17.1;3.2;-2.4;21.6;-20.800001
1521663496635;-7.3;17.2;3.2;-2.4;21.6;-20.800001
1521663496646;-7.3;17.300001;3.3;-2.4;21.6;-20.800001
1521663496656;-7.3;17.2;3.3;-2.4;21.6;-20.800001
1521663496676;-7.3;17.2;3.4;-2.4;21.6;-20.800001
1521663496753;-7.3;17.2;3.5;-2.4;21.6;-20.800001
1521663496796;-7.2000003;17.2;3.5;-2.4;21.6;-20.800001
1521663496825;-7.2000003;17.2;3.6000001;-2.4;21.6;-20.800001
1521663496845;-7.2000003;17.1;3.5;-2.4;21.6;-20.800001
1521663496858;-7.2000003;17.1;3.6000001;-2.4;21.6;-20.800001
1521663496877;-7.1;17.1;3.5;-2.4;21.6;-20.800001
1521663496896;-7.1;17.1;3.4;-2.4;21.6;-20.800001
1521663496905;-7.1;17.1;3.2;-2.4;21.6;-20.800001
1521663496925;-7.1;17.1;3.3;-2.4;21.6;-20.800001
1521663496966;-7.0;17.1;3.3;-2.4;21.6;-20.800001
1521663496984;-7.0;17.1;3.2;-2.4;21.6;-20.800001
1521663496996;-6.9;17.1;3.2;-2.4;21.6;-20.800001
1521663497003;-6.8;17.0;3.2;-2.4;21.6;-20.800001
1521663497015;-6.7000003;16.9;3.2;-2.4;21.6;-20.800001
1521663497025;-6.7000003;16.9;3.1000001;-2.4;21.6;-20.800001
1521663497036;-6.6;16.9;3.0;-2.4;21.6;-20.800001
1521663497056;-6.5;16.800001;2.9;-2.4;21.6;-20.800001
1521663497066;-6.4;16.7;2.9;-2.4;21.6;-20.800001
1521663497086;-6.3;16.6;2.8;-2.4;21.6;-20.800001
1521663497097;-6.3;16.5;2.7;-2.4;21.6;-20.800001
1521663497107;-6.2000003;16.5;2.6000001;-2.4;21.6;-20.800001
1521663497127;-6.0;16.4;2.5;-2.4;21.6;-20.800001
1521663497145;-5.9;16.300001;2.4;-2.4;21.6;-20.800001
1521663497158;-5.8;16.2;2.3;-2.4;21.6;-20.800001
1521663497168;-5.8;16.1;2.3;-2.4;21.6;-20.800001
1521663497185;-5.7000003;16.0;2.1000001;-2.4;21.6;-20.800001
1521663497196;-5.6;15.900001;2.0;-2.4;21.6;-20.800001
1521663497227;-5.5;15.8;1.9;-2.4;21.6;-20.800001
1521663497238;-5.5;15.7;1.8000001;-2.4;21.6;-20.800001
1521663497245;-5.4;15.7;1.7;-2.4;21.6;-20.800001
1521663497256;-5.5;15.8;1.7;-2.4;21.6;-20.800001
1521663497295;-5.5;15.8;1.6;-2.4;21.6;-20.800001
1521663497303;-5.6;15.900001;1.7;-2.4;21.6;-20.800001
1521663497314;-5.7000003;16.0;1.7;-2.4;21.6;-20.800001
1521663497334;-5.8;16.0;1.7;-2.4;21.6;-20.800001
1521663497343;-5.8;16.1;1.8000001;-2.4;21.6;-20.800001
1521663497363;-5.9;16.2;1.8000001;-2.4;21.6;-20.800001
1521663497375;-5.9;16.300001;1.9;-2.4;21.6;-20.800001
1521663497383;-5.9;16.300001;1.8000001;-2.4;21.6;-20.800001
1521663497394;-6.0;16.4;1.9;-2.4;21.6;-20.800001
1521663497403;-6.1;16.4;2.0;-2.4;21.6;-20.800001
1521663497425;-6.2000003;16.5;2.0;-2.4;21.6;-20.800001
1521663497435;-6.2000003;16.6;2.1000001;-2.4;21.6;-20.800001
1521663497443;-6.3;16.7;2.2;-2.4;21.6;-20.800001
1521663497463;-6.4;16.800001;2.3;-2.4;21.6;-20.800001
1521663497474;-6.4;16.800001;2.4;-2.4;21.6;-20.800001
1521663497486;-6.4;16.9;2.5;-2.4;21.6;-20.800001
1521663497505;-6.5;17.0;2.6000001;-2.4;21.6;-20.800001
1521663497524;-6.5;17.1;2.6000001;-2.4;21.6;-20.800001
1521663497536;-6.5;17.1;2.7;-2.4;21.6;-20.800001
1521663497567;-6.6;17.1;2.8;-2.4;21.6;-20.800001
1521663497626;-6.5;17.1;2.8;-2.4;21.6;-20.800001
1521663497655;-6.5;17.1;2.9;-2.4;21.6;-20.800001
1521663497664;-6.5;17.1;2.8;-2.4;21.6;-20.800001
1521663497675;-6.5;17.1;2.9;-2.4;21.6;-20.800001
1521663497683;-6.6;17.1;2.9;-2.4;21.6;-20.800001
1521663497695;-6.5;17.1;2.9;-2.4;21.6;-20.800001
1521663497705;-6.6;17.1;2.8;-2.4;21.6;-20.800001
1521663497784;-6.6;17.1;2.7;-2.4;21.6;-20.800001
1521663497824;-6.7000003;17.1;2.7;-2.4;21.6;-20.800001
1521663497867;-6.6;17.0;2.5;-2.4;21.6;-20.800001
1521663497876;-6.6;17.0;2.6000001;-2.4;21.6;-20.800001
1521663497915;-6.6;16.9;2.6000001;-2.4;21.6;-20.800001
1521663497925;-6.7000003;16.9;2.6000001;-2.4;21.6;-20.800001
1521663497964;-6.7000003;16.800001;2.6000001;-2.4;21.6;-20.800001
1521663497997;-6.6;16.800001;2.7;-2.4;21.6;-20.800001
1521663498005;-6.6;16.7;2.7;-2.4;21.6;-20.800001
1521663498016;-6.6;16.7;2.8;-2.4;21.6;-20.800001
1521663498037;-6.6;16.6;2.9;-2.4;21.6;-20.800001
1521663498046;-6.6;16.6;2.8;-2.4;21.6;-20.800001
1521663498055;-6.6;16.6;2.7;-2.4;21.6;-20.800001
1521663498084;-6.6;16.5;2.7;-2.4;21.6;-20.800001
1521663498127;-6.5;16.5;2.7;-2.4;21.6;-20.800001
1521663498157;-6.5;16.4;2.7;-2.4;21.6;-20.800001
1521663498197;-6.4;16.300001;2.7;-2.4;21.6;-20.800001
1521663498207;-6.4;16.4;2.7;-2.4;21.6;-20.800001
1521663498216;-6.5;16.4;2.7;-2.4;21.6;-20.800001
1521663498284;-6.5;16.4;2.6000001;-2.4;21.6;-20.800001
1521663498294;-6.4;16.300001;2.6000001;-2.4;21.6;-20.800001
1521663498303;-6.4;16.300001;2.5;-2.4;21.6;-20.800001
1521663498314;-6.4;16.2;2.4;-2.4;21.6;-20.800001
1521663498323;-6.3;16.2;2.4;-2.4;21.6;-20.800001
1521663498334;-6.2000003;16.1;2.3;-2.4;21.6;-20.800001
1521663498363;-6.2000003;16.0;2.2;-2.4;21.6;-20.800001
1521663498374;-6.1;16.0;2.2;-2.4;21.6;-20.800001
1521663498394;-6.0;15.900001;2.1000001;-2.4;21.6;-20.800001
1521663498403;-5.9;15.8;2.0;-2.4;21.6;-20.800001
1521663498414;-5.9;15.8;1.9;-2.4;21.6;-20.800001
1521663498423;-5.9;15.7;1.8000001;-2.4;21.6;-20.800001
1521663498434;-5.9;15.7;1.7;-2.4;21.6;-20.800001
1521663498444;-5.8;15.6;1.6;-2.4;21.6;-20.800001
1521663498455;-5.8;15.6;1.7;-2.4;21.6;-20.800001
1521663498464;-5.7000003;15.6;1.6;-2.4;21.6;-20.800001
1521663498475;-5.6;15.6;1.6;-2.4;21.6;-20.800001
1521663498484;-5.6;15.5;1.5;-2.4;21.6;-20.800001
1521663498495;-5.5;15.5;1.5;-2.4;21.6;-20.800001
1521663498503;-5.5;15.5;1.4;-2.4;21.6;-20.800001
1521663498517;-5.4;15.400001;1.3000001;-2.4;21.6;-20.800001
1521663498524;-5.3;15.3;1.3000001;-2.4;21.6;-20.800001
1521663498534;-5.2000003;15.3;1.3000001;-2.4;21.6;-20.800001
1521663498543;-5.2000003;15.3;1.2;-2.4;21.6;-20.800001
1521663498555;-5.2000003;15.3;1.1;-2.4;21.6;-20.800001
1521663498563;-5.1;15.2;1.0;-2.4;21.6;-20.800001
1521663498595;-5.1;15.2;0.90000004;-2.4;21.6;-20.800001
1521663498634;-5.2000003;15.2;0.90000004;-2.4;21.6;-20.800001
1521663498655;-5.1;15.1;0.90000004;-2.4;21.6;-20.800001
1521663498663;-5.2000003;15.2;1.0;-2.4;21.6;-20.800001
1521663498716;-5.2000003;15.2;1.1;-2.4;21.6;-20.800001
1521663498724;-5.3;15.2;1.1;-2.4;21.6;-20.800001
1521663498735;-5.2000003;15.2;1.1;-2.4;21.6;-20.800001
1521663498744;-5.2000003;15.2;1.2;-2.4;21.6;-20.800001
1521663498755;-5.2000003;15.2;1.1;-2.4;21.6;-20.800001
1521663498765;-5.3;15.3;1.2;-2.4;21.6;-20.800001
1521663498776;-5.4;15.3;1.2;-2.4;21.6;-20.800001
1521663498785;-5.4;15.3;1.3000001;-2.4;21.6;-20.800001
1521663498797;-5.5;15.3;1.3000001;-2.4;21.6;-20.800001
1521663498807;-5.4;15.3;1.2;-2.4;21.6;-20.800001
1521663498825;-5.5;15.3;1.2;-2.4;21.6;-20.800001
1521663498835;-5.5;15.3;1.3000001;-2.4;21.6;-20.800001
1521663498865;-5.5;15.3;1.4;-2.4;21.6;-20.800001
1521663498915;-5.5;15.3;1.5;-2.4;21.6;-20.800001
1521663498925;-5.5;15.400001;1.5;-2.4;21.6;-20.800001
1521663498998;-5.6;15.5;1.6;-2.4;21.6;-20.800001
1521663499017;-5.6;15.5;1.7;-2.4;21.6;-20.800001
1521663499047;-5.6;15.6;1.7;-2.4;21.6;-20.800001
1521663499057;-5.6;15.6;1.6;-2.4;21.6;-20.800001
1521663499065;-5.6;15.5;1.6;-2.4;21.6;-20.800001
1521663499076;-5.6;15.6;1.7;-2.4;21.6;-20.800001
1521663499086;-5.5;15.6;1.6;-2.4;21.6;-20.800001
1521663499107;-5.6;15.6;1.7;-2.4;21.6;-20.800001
1521663499126;-5.6;15.7;1.7;-2.4;21.6;-20.800001
1521663499137;-5.6;15.7;1.6;-2.4;21.6;-20.800001
1521663499166;-5.6;15.6;1.5;-2.4;21.6;-20.800001
1521663499186;-5.7000003;15.7;1.6;-2.4;21.6;-20.800001
1521663499216;-5.8;15.7;1.5;-2.4;21.6;-20.800001
1521663499225;-5.7000003;15.7;1.5;-2.4;21.6;-20.800001
1521663499256;-5.7000003;15.7;1.4;-2.4;21.6;-20.800001
1521663499295;-5.7000003;15.7;1.3000001;-2.4;21.6;-20.800001
1521663499304;-5.8;15.7;1.4;-2.4;21.6;-20.800001
1521663499315;-5.8;15.7;1.3000001;-2.4;21.6;-20.800001
1521663499323;-5.8;15.7;1.2;-2.4;21.6;-20.800001
1521663499334;-5.9;15.7;1.2;-2.4;21.6;-20.800001
1521663499343;-5.9;15.7;1.3000001;-2.4;21.6;-20.800001
1521663499354;-5.9;15.8;1.3000001;-2.4;21.6;-20.800001
1521663499394;-5.9;15.8;1.2;-2.4;21.6;-20.800001
1521663499403;-6.0;15.8;1.2;-2.4;21.6;-20.800001
1521663499414;-6.0;15.8;1.1;-2.4;21.6;-20.800001
1521663499424;-6.0;15.8;1.2;-2.4;21.6;-20.800001
1521663499435;-6.0;15.8;1.1;-2.4;21.6;-20.800001
1521663499466;-6.0;15.900001;1.1;-2.4;21.6;-20.800001
1521663499475;-6.0;15.8;1.0;-2.4;21.6;-20.800001
1521663499484;-6.1;15.900001;1.0;-2.4;21.6;-20.800001
1521663499495;-6.1;15.900001;1.1;-2.4;21.6;-20.800001
1521663499516;-6.1;16.0;1.2;-2.4;21.6;-20.800001
1521663499527;-6.2000003;16.0;1.2;-2.4;21.6;-20.800001
1521663499538;-6.2000003;16.1;1.2;-2.4;21.6;-20.800001
1521663499556;-6.2000003;16.1;1.3000001;-2.4;21.6;-20.800001
1521663499565;-6.2000003;16.1;1.2;-2.4;21.6;-20.800001
1521663499585;-6.2000003;16.2;1.3000001;-2.4;21.6;-20.800001
1521663499615;-6.2000003;16.2;1.4;-2.4;21.6;-20.800001
1521663499648;-6.1;16.2;1.4;-2.4;21.6;-20.800001
1521663499665;-6.1;16.1;1.4;-2.4;21.6;-20.800001
1521663499687;-6.1;16.2;1.5;-2.4;21.6;-20.800001
1521663499697;-6.1;16.2;1.6;-2.4;21.6;-20.800001
1521663499745;-6.0;16.2;1.6;-2.4;21.6;-20.800001
1521663499767;-6.0;16.2;1.7;-2.4;21.6;-20.800001
1521663499777;-6.0;16.2;1.8000001;-2.4;21.6;-20.800001
1521663499787;-5.9;16.2;1.7;-2.4;21.6;-20.800001
1521663499807;-5.9;16.1;1.7;-2.4;21.6;-20.800001
1521663499825;-5.9;16.0;1.7;-2.4;21.6;-20.800001
1521663499843;-5.9;16.0;1.5;-2.4;21.6;-20.800001
1521663499885;-5.9;15.900001;1.4;-2.4;21.6;-20.800001
1521663499903;-5.9;15.900001;1.3000001;-2.4;21.6;-20.800001
1521663499924;-6.0;15.900001;1.3000001;-2.4;21.6;-20.800001
1521663499956;-6.1;15.900001;1.3000001;-2.4;21.6;-20.800001
1521663499976;-6.1;15.900001;1.2;-2.4;21.6;-20.800001
1521663499983;-6.1;15.8;1.1;-2.4;21.6;-20.800001
1521663499995;-6.2000003;15.900001;1.2;-2.4;21.6;-20.800001
1521663500004;-6.3;15.8;1.1;-2.4;21.6;-20.800001
1521663500015;-6.3;15.8;1.2;-2.4;21.6;-20.800001
1521663500046;-6.3;15.8;1.1;-2.4;21.6;-20.800001
1521663500067;-6.5;15.8;0.90000004;-2.4;21.6;-20.800001
1521663500085;-6.5;15.7;0.8;-2.4;21.6;-20.800001
1521663500096;-6.6;15.8;0.90000004;-2.4;21.6;-20.800001
1521663500116;-6.7000003;15.900001;0.90000004;-2.4;21.6;-20.800001
1521663500147;-6.7000003;15.900001;1.0;-2.4;21.6;-20.800001
1521663500196;-6.8;15.900001;1.1;-2.4;21.6;-20.800001
1521663500216;-6.8;15.900001;1.2;-2.4;21.6;-20.800001
1521663500225;-6.8;15.900001;1.3000001;-2.4;21.6;-20.800001
1521663500266;-6.8;15.900001;1.2;-2.4;21.6;-20.800001
1521663500305;-6.9;16.1;1.2;-2.4;21.6;-20.800001
1521663500315;-7.0;16.1;1.3000001;-2.4;21.6;-20.800001
1521663500344;-7.0;16.1;1.4;-2.4;21.6;-20.800001
1521663500354;-7.0;16.1;1.5;-2.4;21.6;-20.800001
1521663500394;-6.9;16.1;1.5;-2.4;21.6;-20.800001
1521663500403;-7.0;16.1;1.4;-2.4;21.6;-20.800001
1521663500443;-7.1;16.1;1.4;-2.4;21.6;-20.800001
1521663500485;-7.1;16.1;1.3000001;-2.4;21.6;-20.800001
1521663500495;-7.2000003;16.1;1.3000001;-2.4;21.6;-20.800001
1521663500504;-7.2000003;16.2;1.3000001;-2.4;21.6;-20.800001
1521663500516;-7.3;16.2;1.3000001;-2.4;21.6;-20.800001
1521663500547;-7.3;16.2;1.2;-2.4;21.6;-20.800001
1521663500566;-7.3;16.2;1.3000001;-2.4;21.6;-20.800001
1521663500585;-7.3;16.1;1.2;-2.4;21.6;-20.800001
1521663500605;-7.4;16.1;1.2;-2.4;21.6;-20.800001
1521663500645;-7.5;16.1;1.2;-2.4;21.6;-20.800001
1521663500687;-7.5;16.1;1.3000001;-2.4;21.6;-20.800001
1521663500696;-7.6;16.1;1.4;-2.4;21.6;-20.800001
1521663500706;-7.6;16.1;1.5;-2.4;21.6;-20.800001
1521663500725;-7.6;16.2;1.5;-2.4;21.6;-20.800001
1521663500805;-7.5;16.2;1.5;-2.4;21.6;-20.800001
1521663500816;-7.5;16.1;1.5;-2.4;21.6;-20.800001
1521663500825;-7.5;16.2;1.6;-2.4;21.6;-20.800001
1521663500836;-7.5;16.1;1.5;-2.4;21.6;-20.800001
1521663500845;-7.5;16.1;1.6;-2.4;21.6;-20.800001
1521663500856;-7.5;16.1;1.5;-2.4;21.6;-20.800001
1521663500869;-7.5;16.2;1.5;-2.4;21.6;-20.800001
1521663500895;-7.5;16.2;1.4;-2.4;21.6;-20.800001
1521663500904;-7.4;16.1;1.4;-2.4;21.6;-20.800001
1521663500915;-7.5;16.2;1.5;-2.4;21.6;-20.800001
1521663500924;-7.4;16.2;1.5;-2.4;21.6;-20.800001
1521663500935;-7.4;16.2;1.4;-2.4;21.6;-20.800001
1521663500957;-7.4;16.2;1.5;-2.4;21.6;-20.800001
1521663500965;-7.4;16.1;1.4;-2.4;21.6;-20.800001
1521663500977;-7.4;16.1;1.3000001;-2.4;21.6;-20.800001
1521663500987;-7.4;16.2;1.3000001;-2.4;21.6;-20.800001
1521663500997;-7.4;16.1;1.2;-2.4;21.6;-20.800001
1521663501016;-7.3;16.1;1.1;-2.4;21.6;-20.800001
1521663501025;-7.3;16.1;1.2;-2.4;21.6;-20.800001
1521663501036;-7.3;16.1;1.1;-2.4;21.6;-20.800001
1521663501043;-7.2000003;16.0;1.1;-2.4;21.6;-20.800001
1521663501057;-7.2000003;16.1;1.1;-2.4;21.6;-20.800001
1521663501066;-7.2000003;16.1;1.0;-2.4;21.6;-20.800001
1521663501076;-7.2000003;16.1;1.1;-2.4;21.6;-20.800001
1521663501087;-7.2000003;16.0;1.0;-2.4;21.6;-20.800001
1521663501105;-7.2000003;16.1;1.0;-2.4;21.6;-20.800001
1521663501125;-7.1;16.1;0.90000004;-2.4;21.6;-20.800001
1521663501136;-7.1;16.1;1.0;-2.4;21.6;-20.800001
1521663501156;-7.0;16.1;1.0;-2.4;21.6;-20.800001
1521663501177;-7.0;16.1;1.1;-2.4;21.6;-20.800001
1521663501205;-7.0;16.1;1.2;-2.4;21.6;-20.800001
1521663501250;-6.9;16.1;1.2;-2.4;21.6;-20.800001
1521663501258;-7.0;16.1;1.2;-2.4;21.6;-20.800001
1521663501275;-6.9;16.1;1.3000001;-2.4;21.6;-20.800001
1521663501325;-6.9;16.2;1.2;-2.4;21.6;-20.800001
1521663501334;-6.9;16.2;1.3000001;-2.4;21.6;-20.800001
1521663501354;-6.9;16.2;1.2;-2.4;21.6;-20.800001
1521663501374;-7.0;16.2;1.2;-2.4;21.6;-20.800001
1521663501383;-7.0;16.2;1.3000001;-2.4;21.6;-20.800001
1521663501424;-7.1;16.300001;1.4;-2.4;21.6;-20.800001
1521663501445;-7.1;16.300001;1.3000001;-2.4;21.6;-20.800001
1521663501454;-7.1;16.2;1.4;-2.4;21.6;-20.800001
1521663501464;-7.2000003;16.300001;1.3000001;-2.4;21.6;-20.800001
1521663501474;-7.1;16.300001;1.3000001;-2.4;21.6;-20.800001
1521663501496;-7.1;16.2;1.3000001;-2.4;21.6;-20.800001
1521663501535;-7.1;16.300001;1.3000001;-2.4;21.6;-20.800001
1521663501546;-7.1;16.300001;1.2;-2.4;21.6;-20.800001
1521663501566;-7.1;16.2;1.2;-2.4;21.6;-20.800001
1521663501576;-7.1;16.2;1.1;-2.4;21.6;-20.800001
1521663501584;-7.1;16.2;1.2;-2.4;21.6;-20.800001
1521663501596;-7.2000003;16.2;1.2;-2.4;21.6;-20.800001
1521663501626;-7.2000003;16.2;1.3000001;-2.4;21.6;-20.800001
1521663501637;-7.1;16.2;1.2;-2.4;21.6;-20.800001
1521663501697;-7.1;16.2;1.1;-2.4;21.6;-20.800001
1521663501726;-7.0;16.2;1.0;-2.4;21.6;-20.800001
1521663501745;-7.0;16.1;1.0;-2.4;21.6;-20.800001
1521663501764;-7.0;16.1;1.1;-2.4;21.6;-20.800001
1521663501775;-7.0;16.1;1.0;-2.4;21.6;-20.800001
1521663501787;-7.0;16.1;1.1;-2.4;21.6;-20.800001
1521663501797;-7.1;16.1;1.1;-2.4;21.6;-20.800001
1521663501808;-7.1;16.1;1.0;-2.4;21.6;-20.800001
1521663501825;-7.0;16.0;0.90000004;-2.4;21.6;-20.800001
1521663501845;-7.0;16.0;1.0;-2.4;21.6;-20.800001
1521663501876;-7.1;16.0;1.0;-2.4;21.6;-20.800001
1521663501897;-7.1;15.900001;1.0;-2.4;21.6;-20.800001
1521663501925;-7.0;15.900001;1.0;-2.4;21.6;-20.800001
1521663501935;-7.1;15.900001;1.0;-2.4;21.6;-20.800001
1521663502057;-7.1;16.0;1.0;-2.4;21.6;-20.800001
1521663502066;-7.1;15.900001;1.0;-2.4;21.6;-20.800001
1521663502086;-7.1;15.900001;0.90000004;-2.4;21.6;-20.800001
1521663502097;-7.0;15.900001;0.90000004;-2.4;21.6;-20.800001
1521663502118;-7.0;16.0;0.90000004;-2.4;21.6;-20.800001
1521663502145;-7.1;16.0;0.90000004;-2.4;21.6;-20.800001
1521663502164;-7.1;16.1;0.90000004;-2.4;21.6;-20.800001
1521663502185;-7.2000003;16.1;0.90000004;-2.4;21.6;-20.800001
1521663502195;-7.1;16.1;0.90000004;-2.4;21.6;-20.800001
1521663502217;-7.1;16.1;0.8;-2.4;21.6;-20.800001
1521663502226;-7.2000003;16.1;0.8;-2.4;21.6;-20.800001
1521663502236;-7.1;16.1;0.8;-2.4;21.6;-20.800001
1521663502247;-7.2000003;16.1;0.7;-2.4;21.6;-20.800001
1521663502262;-7.2000003;16.1;0.8;-2.4;21.6;-20.800001
1521663502284;-7.2000003;16.2;0.90000004;-2.4;21.6;-20.800001
1521663502355;-7.2000003;16.2;0.8;-2.4;21.6;-20.800001
1521663502374;-7.2000003;16.2;0.90000004;-2.4;21.6;-20.800001
1521663502383;-7.2000003;16.2;1.0;-2.4;21.6;-20.800001
1521663502436;-7.2000003;16.2;1.1;-2.4;21.6;-20.800001
1521663502446;-7.2000003;16.2;1.0;-2.4;21.6;-20.800001
1521663502475;-7.2000003;16.2;1.1;-2.4;21.6;-20.800001
1521663502525;-7.2000003;16.2;1.2;-2.4;21.6;-20.800001
1521663502564;-7.3;16.2;1.2;-2.4;21.6;-20.800001
1521663502576;-7.2000003;16.2;1.2;-2.4;21.6;-20.800001
1521663502586;-7.2000003;16.1;1.2;-2.4;21.6;-20.800001
1521663502605;-7.3;16.1;1.2;-2.4;21.6;-20.800001
1521663502615;-7.3;16.1;1.1;-2.4;21.6;-20.800001
1521663502624;-7.3;16.2;1.2;-2.4;21.6;-20.800001
1521663502647;-7.2000003;16.1;1.1;-2.4;21.6;-20.800001
1521663502666;-7.3;16.1;1.1;-2.4;21.6;-20.800001
1521663502683;-7.3;16.1;1.0;-2.4;21.6;-20.800001
1521663502694;-7.4;16.1;1.0;-2.4;21.6;-20.800001
1521663502715;-7.3;16.1;1.0;-2.4;21.6;-20.800001
1521663502764;-7.3;16.2;1.0;-2.4;21.6;-20.800001
1521663502785;-7.3;16.2;0.90000004;-2.4;21.6;-20.800001
1521663502795;-7.3;16.2;1.0;-2.4;21.6;-20.800001
1521663502805;-7.2000003;16.2;0.90000004;-2.4;21.6;-20.800001
1521663502815;-7.2000003;16.2;1.0;-2.4;21.6;-20.800001
1521663502825;-7.3;16.2;1.0;-2.4;21.6;-20.800001
1521663502836;-7.2000003;16.2;1.0;-2.4;21.6;-20.800001
1521663502856;-7.2000003;16.2;0.90000004;-2.4;21.6;-20.800001
1521663502865;-7.2000003;16.300001;1.0;-2.4;21.6;-20.800001
1521663502876;-7.3;16.300001;1.1;-2.4;21.6;-20.800001
1521663502893;-7.2000003;16.300001;1.1;-2.4;21.6;-20.800001
1521663502907;-7.2000003;16.300001;1.2;-2.4;21.6;-20.800001
1521663502925;-7.2000003;16.300001;1.3000001;-2.4;21.6;-20.800001
1521663502947;-7.2000003;16.300001;1.4;-2.4;21.6;-20.800001
1521663502977;-7.2000003;16.4;1.5;-2.4;21.6;-20.800001
1521663502985;-7.1;16.300001;1.5;-2.4;21.6;-20.800001
1521663503005;-7.0;16.300001;1.5;-2.4;21.6;-20.800001
1521663503047;-7.1;16.300001;1.5;-2.4;21.6;-20.800001
1521663503057;-7.0;16.300001;1.5;-2.4;21.6;-20.800001
1521663503066;-7.0;16.300001;1.6;-2.4;21.6;-20.800001
1521663503105;-7.0;16.2;1.6;-2.4;21.6;-20.800001
1521663503145;-7.0;16.2;1.7;-2.4;21.6;-20.800001
1521663503176;-6.8;16.1;1.5;-2.4;21.6;-20.800001
1521663503187;-6.9;16.1;1.6;-2.4;21.6;-20.800001
1521663503206;-6.9;16.1;1.5;-2.4;21.6;-20.800001
1521663503227;-6.9;16.1;1.4;-2.4;21.6;-20.800001
1521663503257;-6.8;16.1;1.4;-2.4;21.6;-20.800001
1521663503263;-6.8;16.1;1.5;-2.4;21.6;-20.800001
1521663503315;-7.0;16.1;1.5;-2.4;21.6;-20.800001
1521663503343;-6.9;16.1;1.4;-2.4;21.6;-20.800001
1521663503355;-7.0;16.2;1.4;-2.4;21.6;-20.800001
1521663503363;-7.0;16.1;1.3000001;-2.4;21.6;-20.800001
1521663503375;-7.0;16.2;1.3000001;-2.4;21.6;-20.800001
1521663503403;-6.9;16.2;1.2;-2.4;21.6;-20.800001
1521663503415;-7.0;16.2;1.2;-2.4;21.6;-20.800001
1521663503424;-6.9;16.2;1.2;-2.4;21.6;-20.800001
1521663503444;-6.9;16.2;1.1;-2.4;21.6;-20.800001
1521663503464;-6.9;16.1;1.2;-2.4;21.6;-20.800001
1521663503475;-6.9;16.2;1.2;-2.4;21.6;-20.800001
1521663503527;-6.9;16.2;1.1;-2.4;21.6;-20.800001
1521663503555;-7.0;16.2;1.1;-2.4;21.6;-20.800001
1521663503563;-6.9;16.1;1.0;-2.4;21.6;-20.800001
1521663503586;-7.0;16.1;1.0;-2.4;21.6;-20.800001
1521663503595;-6.9;16.1;0.90000004;-2.4;21.6;-20.800001
1521663503664;-7.0;16.1;0.90000004;-2.4;21.6;-20.800001
1521663503675;-6.9;16.0;0.90000004;-2.4;21.6;-20.800001
1521663503685;-6.9;16.1;0.90000004;-2.4;21.6;-20.800001
1521663503695;-6.9;16.1;1.0;-2.4;21.6;-20.800001
1521663503704;-6.9;16.0;0.90000004;-2.4;21.6;-20.800001
1521663503716;-6.9;16.0;1.0;-2.4;21.6;-20.800001
1521663503724;-6.9;16.0;0.90000004;-2.4;21.6;-20.800001
1521663503735;-6.9;16.0;1.0;-2.4;21.6;-20.800001
1521663503776;-6.9;15.900001;1.0;-2.4;21.6;-20.800001
1521663503786;-6.8;15.900001;1.0;-2.4;21.6;-20.800001
1521663503836;-6.8;15.8;1.0;-2.4;21.6;-20.800001
1521663503905;-6.8;15.8;1.1;-2.4;21.6;-20.800001
1521663503916;-6.8;15.7;1.1;-2.4;21.6;-20.800001
1521663503946;-6.7000003;15.7;1.1;-2.4;21.6;-20.800001
1521663503957;-6.7000003;15.8;1.1;-2.4;21.6;-20.800001
1521663503984;-6.8;15.8;1.2;-2.4;21.6;-20.800001
1521663503994;-6.8;15.900001;1.2;-2.4;21.6;-20.800001
1521663504014;-6.8;15.8;1.1;-2.4;21.6;-20.800001
1521663504024;-6.8;15.900001;1.2;-2.4;21.6;-20.800001
1521663504034;-6.8;15.900001;1.1;-2.4;21.6;-20.800001
1521663504047;-6.7000003;15.8;1.1;-2.4;21.6;-20.800001
1521663504065;-6.8;15.900001;1.1;-2.4;21.6;-20.800001
1521663504075;-6.8;15.900001;1.0;-2.4;21.6;-20.800001
1521663504104;-6.9;15.900001;1.0;-2.4;21.6;-20.800001
1521663504115;-6.8;15.900001;1.0;-2.4;21.6;-20.800001
1521663504135;-6.9;15.900001;1.1;-2.4;21.6;-20.800001
1521663504143;-6.9;15.900001;1.0;-2.4;21.6;-20.800001
1521663504176;-6.9;15.900001;1.1;-2.4;21.6;-20.800001
1521663504184;-6.8;15.900001;1.0;-2.4;21.6;-20.800001
1521663504236;-6.8;15.900001;0.90000004;-2.4;21.6;-20.800001
1521663504246;-6.9;15.900001;0.90000004;-2.4;21.6;-20.800001
1521663504264;-6.8;15.900001;1.0;-2.4;21.6;-20.800001
1521663504284;-6.7000003;15.8;1.0;-2.4;21.6;-20.800001
1521663504335;-6.7000003;15.8;1.1;-2.4;21.6;-20.800001
1521663504344;-6.8;15.8;1.1;-2.4;21.6;-20.800001
1521663504363;-6.8;15.8;1.0;-2.4;21.6;-20.800001
1521663504375;-6.8;15.8;1.1;-2.4;21.6;-20.800001
1521663504383;-6.7000003;15.7;1.0;-2.4;21.6;-20.800001
1521663504398;-6.8;15.7;1.0;-2.4;21.6;-20.800001
1521663504405;-6.8;15.7;1.1;-2.4;21.6;-20.800001
1521663504435;-6.7000003;15.6;1.1;-2.4;21.6;-20.800001
1521663504443;-6.8;15.6;1.2;-2.4;21.6;-20.800001
1521663504467;-6.7000003;15.7;1.2;-2.4;21.6;-20.800001
1521663504485;-6.8;15.7;1.1;-2.4;21.6;-20.800001
1521663504504;-6.8;15.7;1.2;-2.4;21.6;-20.800001
1521663504547;-6.8;15.7;1.3000001;-2.4;21.6;-20.800001
1521663504585;-6.8;15.6;1.3000001;-2.4;21.6;-20.800001
1521663504595;-6.7000003;15.6;1.2;-2.4;21.6;-20.800001
1521663504604;-6.8;15.7;1.2;-2.4;21.6;-20.800001
1521663504615;-6.8;15.7;1.3000001;-2.4;21.6;-20.800001
1521663504624;-6.8;15.6;1.3000001;-2.4;21.6;-20.800001
1521663504635;-6.8;15.6;1.2;-2.4;21.6;-20.800001
1521663504643;-6.8;15.6;1.3000001;-2.4;21.6;-20.800001
1521663504655;-6.7000003;15.6;1.4;-2.4;21.6;-20.800001
1521663504663;-6.8;15.6;1.4;-2.4;21.6;-20.800001
1521663504676;-6.7000003;15.6;1.4;-2.4;21.6;-20.800001
1521663504696;-6.7000003;15.6;1.3000001;-2.4;21.6;-20.800001
1521663504735;-6.7000003;15.6;1.2;-2.4;21.6;-20.800001
1521663504744;-6.7000003;15.6;1.3000001;-2.4;21.6;-20.800001
1521663504756;-6.7000003;15.6;1.2;-2.4;21.6;-20.800001
1521663504785;-6.7000003;15.6;1.3000001;-2.4;21.6;-20.800001
1521663504797;-6.6;15.6;1.3000001;-2.4;21.6;-20.800001
1521663504807;-6.7000003;15.6;1.3000001;-2.4;21.6;-20.800001
1521663504846;-6.6;15.6;1.2;-2.4;21.6;-20.800001
1521663504875;-6.7000003;15.6;1.1;-2.4;21.6;-20.800001
1521663504885;-6.7000003;15.5;1.2;-2.4;21.6;-20.800001
1521663504906;-6.7000003;15.6;1.2;-2.4;21.6;-20.800001
1521663504949;-6.7000003;15.6;1.1;-2.4;21.6;-20.800001
1521663504975;-6.8;15.5;1.1;-2.4;21.6;-20.800001
1521663505014;-6.8;15.5;1.2;-2.4;21.6;-20.800001
1521663505035;-6.8;15.5;1.1;-2.4;21.6;-20.800001
1521663505043;-6.8;15.5;1.2;-2.4;21.6;-20.800001
1521663505074;-6.8;15.6;1.2;-2.4;21.6;-20.800001
1521663505105;-6.8;15.5;1.1;-2.4;21.6;-20.800001
1521663505114;-6.9;15.6;1.1;-2.4;21.6;-20.800001
1521663505123;-6.9;15.6;1.2;-2.4;21.6;-20.800001
1521663505186;-6.9;15.7;1.2;-2.4;21.6;-20.800001
1521663505197;-6.9;15.6;1.2;-2.4;21.6;-20.800001
1521663505206;-6.9;15.5;1.1;-2.4;21.6;-20.800001
1521663505216;-6.9;15.6;1.2;-2.4;21.6;-20.800001
1521663505237;-6.9;15.6;1.3000001;-2.4;21.6;-20.800001
1521663505264;-7.0;15.6;1.3000001;-2.4;21.6;-20.800001
1521663505267;-6.9;15.6;1.3000001;-2.4;21.6;-20.800001
1521663505284;-7.0;15.7;1.4;-2.4;21.6;-20.800001
1521663505299;-7.0;15.7;1.5;-2.4;21.6;-20.800001
1521663505343;-7.0;15.7;1.4;-2.4;21.6;-20.800001
1521663505363;-7.0;15.8;1.4;-2.4;21.6;-20.800001
1521663505424;-7.0;15.8;1.3000001;-2.4;21.6;-20.800001
1521663505466;-6.9;15.8;1.3000001;-2.4;21.6;-20.800001
1521663505495;-7.0;15.8;1.3000001;-2.4;21.6;-20.800001
1521663505504;-7.0;15.8;1.4;-2.4;21.6;-20.800001
1521663505515;-7.0;15.8;1.3000001;-2.4;21.6;-20.800001
1521663505525;-6.9;15.8;1.2;-2.4;21.6;-20.800001
1521663505546;-6.9;15.8;1.3000001;-2.4;21.6;-20.800001
1521663505565;-6.9;15.8;1.2;-2.4;21.6;-20.800001
1521663505585;-6.9;15.8;1.1;-2.4;21.6;-20.800001
1521663505606;-6.9;15.8;1.2;-2.4;21.6;-20.800001
1521663505636;-6.9;15.8;1.3000001;-2.4;21.6;-20.800001
1521663505658;-6.9;15.900001;1.4;-2.4;21.6;-20.800001
1521663505725;-6.9;15.900001;1.5;-2.4;21.6;-20.800001
1521663505744;-7.0;15.900001;1.4;-2.4;21.6;-20.800001
1521663505783;-7.0;15.8;1.3000001;-2.4;21.6;-20.800001
1521663505805;-6.9;15.8;1.3000001;-2.4;21.6;-20.800001
1521663505816;-6.9;15.8;1.2;-2.4;21.6;-20.800001
1521663505827;-7.0;15.8;1.3000001;-2.4;21.6;-20.800001
1521663505844;-6.9;15.8;1.3000001;-2.4;21.6;-20.800001
1521663505856;-7.0;15.8;1.3000001;-2.4;21.6;-20.800001
1521663505864;-6.9;15.8;1.3000001;-2.4;21.6;-20.800001
1521663505875;-7.0;15.7;1.4;-2.4;21.6;-20.800001
1521663505884;-6.9;15.7;1.4;-2.4;21.6;-20.800001
1521663505904;-6.9;15.7;1.3000001;-2.4;21.6;-20.800001
1521663505932;-6.9;15.7;1.2;-2.4;21.6;-20.800001
1521663505963;-6.9;15.7;1.1;-2.4;21.6;-20.800001
1521663505977;-6.9;15.6;1.1;-2.4;21.6;-20.800001
1521663505985;-6.9;15.6;1.0;-2.4;21.6;-20.800001
1521663506023;-6.8;15.6;1.0;-2.4;21.6;-20.800001
1521663506034;-6.9;15.6;1.0;-2.4;21.6;-20.800001
1521663506104;-6.8;15.6;1.0;-2.4;21.6;-20.800001
1521663506115;-6.8;15.6;1.1;-2.4;21.6;-20.800001
1521663506174;-6.8;15.6;1.0;-2.4;21.6;-20.800001
1521663506194;-6.8;15.6;1.1;-2.4;21.6;-20.800001
1521663506237;-6.7000003;15.5;1.0;-2.4;21.6;-20.800001
1521663506244;-6.7000003;15.5;1.1;-2.4;21.6;-20.800001
1521663506305;-6.6;15.5;1.1;-2.4;21.6;-20.800001
1521663506344;-6.6;15.400001;1.2;-2.4;21.6;-20.800001
1521663506383;-6.6;15.3;1.2;-2.4;21.6;-20.800001
1521663506415;-6.6;15.3;1.1;-2.4;21.6;-20.800001
1521663506425;-6.6;15.400001;1.0;-2.4;21.6;-20.800001
1521663506435;-6.6;15.3;1.0;-2.4;21.6;-20.800001
1521663506443;-6.7000003;15.400001;1.0;-2.4;21.6;-20.800001
1521663506463;-6.7000003;15.3;0.90000004;-2.4;21.6;-20.800001
1521663506475;-6.7000003;15.3;1.0;-2.4;21.6;-20.800001
1521663506487;-6.7000003;15.3;0.90000004;-2.4;21.6;-20.800001
1521663506504;-6.7000003;15.3;0.8;-2.4;21.6;-20.800001
1521663506523;-6.7000003;15.3;0.7;-2.4;21.6;-20.800001
1521663506543;-6.8;15.3;0.7;-2.4;21.6;-20.800001
1521663506564;-6.8;15.3;0.6;-2.4;21.6;-20.800001
1521663506584;-6.8;15.3;0.7;-2.4;21.6;-20.800001
1521663506595;-6.8;15.400001;0.8;-2.4;21.6;-20.800001
1521663506625;-6.8;15.400001;0.90000004;-2.4;21.6;-20.800001
1521663506636;-6.8;15.400001;0.8;-2.4;21.6;-20.800001
1521663506666;-6.8;15.400001;0.90000004;-2.4;21.6;-20.800001
1521663506684;-6.9;15.400001;0.90000004;-2.4;21.6;-20.800001
1521663506706;-6.9;15.400001;1.0;-2.4;21.6;-20.800001
1521663506745;-6.8;15.3;1.0;-2.4;21.6;-20.800001
1521663506755;-6.8;15.400001;1.0;-2.4;21.6;-20.800001
1521663506764;-6.8;15.400001;0.90000004;-2.4;21.6;-20.800001
1521663506784;-6.8;15.400001;1.0;-2.4;21.6;-20.800001
1521663506794;-6.7000003;15.400001;1.1;-2.4;21.6;-20.800001
1521663506816;-6.8;15.5;1.1;-2.4;21.6;-20.800001
1521663506836;-6.7000003;15.400001;1.1;-2.4;21.6;-20.800001
1521663506857;-6.8;15.5;1.1;-2.4;21.6;-20.800001
1521663506864;-6.8;15.5;1.2;-2.4;21.6;-20.800001
1521663506884;-6.7000003;15.5;1.1;-2.4;21.6;-20.800001
1521663506929;-6.7000003;15.5;1.0;-2.4;21.6;-20.800001
1521663506957;-6.7000003;15.400001;0.90000004;-2.4;21.6;-20.800001
1521663506963;-6.8;15.6;1.0;-2.4;21.6;-20.800001
1521663506977;-6.8;15.6;0.90000004;-2.4;21.6;-20.800001
1521663506984;-6.8;15.6;1.0;-2.4;21.6;-20.800001
1521663506995;-6.7000003;15.6;0.90000004;-2.4;21.6;-20.800001
1521663507003;-6.8;15.6;0.90000004;-2.4;21.6;-20.800001
1521663507065;-6.8;15.5;1.0;-2.4;21.6;-20.800001
1521663507075;-6.8;15.5;1.1;-2.4;21.6;-20.800001
1521663507083;-6.9;15.6;1.1;-2.4;21.6;-20.800001
1521663507094;-6.9;15.6;1.0;-2.4;21.6;-20.800001
1521663507104;-6.9;15.5;1.0;-2.4;21.6;-20.800001
1521663507123;-6.9;15.6;1.1;-2.4;21.6;-20.800001
1521663507146;-7.0;15.6;1.2;-2.4;21.6;-20.800001
1521663507167;-7.0;15.6;1.1;-2.4;21.6;-20.800001
1521663507177;-7.0;15.5;1.2;-2.4;21.6;-20.800001
1521663507195;-7.0;15.5;1.1;-2.4;21.6;-20.800001
1521663507215;-7.0;15.5;1.2;-2.4;21.6;-20.800001
1521663507235;-7.1;15.5;1.2;-2.4;21.6;-20.800001
1521663507246;-7.1;15.5;1.1;-2.4;21.6;-20.800001
1521663507267;-7.0;15.5;1.1;-2.4;21.6;-20.800001
1521663507283;-7.1;15.5;1.1;-2.4;21.6;-20.800001
1521663507314;-7.0;15.5;1.1;-2.4;21.6;-20.800001
1521663507334;-7.1;15.5;1.0;-2.4;21.6;-20.800001
1521663507385;-7.1;15.5;1.1;-2.4;21.6;-20.800001
1521663507423;-7.1;15.5;1.0;-2.4;21.6;-20.800001
1521663507435;-7.1;15.5;0.90000004;-2.4;21.6;-20.800001
1521663507456;-7.0;15.5;0.90000004;-2.4;21.6;-20.800001
1521663507465;-7.0;15.5;1.0;-2.4;21.6;-20.800001
1521663507487;-7.0;15.6;1.0;-2.4;21.6;-20.800001
1521663507558;-7.0;15.6;0.90000004;-2.4;21.6;-20.800001
1521663507576;-7.0;15.6;1.0;-2.4;21.6;-20.800001
1521663507587;-7.0;15.5;1.0;-2.4;21.6;-20.800001
1521663507604;-7.0;15.5;0.90000004;-2.4;21.6;-20.800001
1521663507623;-7.0;15.6;0.90000004;-2.4;21.6;-20.800001
1521663507665;-6.9;15.5;0.90000004;-2.4;21.6;-20.800001
1521663507676;-7.0;15.6;0.90000004;-2.4;21.6;-20.800001
1521663507746;-7.0;15.5;0.8;-2.4;21.6;-20.800001
1521663507764;-6.9;15.5;0.7;-2.4;21.6;-20.800001
1521663507777;-7.0;15.5;0.7;-2.4;21.6;-20.800001
1521663507864;-6.9;15.5;0.7;-2.4;21.6;-20.800001
1521663507875;-7.0;15.5;0.6;-2.4;21.6;-20.800001
1521663507886;-7.0;15.6;0.7;-2.4;21.6;-20.800001
1521663507916;-7.0;15.6;0.8;-2.4;21.6;-20.800001
1521663507958;-7.0;15.5;0.8;-2.4;21.6;-20.800001
1521663507965;-7.0;15.5;0.7;-2.4;21.6;-20.800001
1521663507975;-6.9;15.5;0.8;-2.4;21.6;-20.800001
1521663507986;-7.0;15.6;0.90000004;-2.4;21.6;-20.800001
1521663508015;-7.0;15.6;1.0;-2.4;21.6;-20.800001
1521663508023;-7.0;15.7;1.0;-2.4;21.6;-20.800001
1521663508055;-7.1;15.7;1.0;-2.4;21.6;-20.800001
1521663508066;-7.0;15.7;1.1;-2.4;21.6;-20.800001
1521663508076;-7.0;15.6;1.0;-2.4;21.6;-20.800001
1521663508085;-7.1;15.6;1.1;-2.4;21.6;-20.800001
1521663508095;-7.1;15.7;1.1;-2.4;21.6;-20.800001
1521663508123;-7.2000003;15.7;1.1;-2.4;21.6;-20.800001
1521663508135;-7.1;15.7;1.2;-2.4;21.6;-20.800001
1521663508155;-7.1;15.7;1.3000001;-2.4;21.6;-20.800001
1521663508163;-7.2000003;15.8;1.3000001;-2.4;21.6;-20.800001
1521663508175;-7.1;15.7;1.2;-2.4;21.6;-20.800001
1521663508185;-7.1;15.6;1.1;-2.4;21.6;-20.800001
1521663508196;-7.1;15.6;1.2;-2.4;21.6;-20.800001
1521663508217;-7.0;15.6;1.2;-2.4;21.6;-20.800001
1521663508245;-7.0;15.6;1.1;-2.4;21.6;-20.800001
1521663508263;-7.0;15.6;1.2;-2.4;21.6;-20.800001
1521663508276;-7.0;15.6;1.0;-2.4;21.6;-20.800001
1521663508285;-6.9;15.5;1.0;-2.4;21.6;-20.800001
1521663508295;-6.9;15.5;0.90000004;-2.4;21.6;-20.800001
1521663508375;-6.8;15.5;0.90000004;-2.4;21.6;-20.800001
1521663508384;-6.8;15.400001;0.8;-2.4;21.6;-20.800001
1521663508395;-6.8;15.400001;0.90000004;-2.4;21.6;-20.800001
1521663508403;-6.8;15.400001;0.8;-2.4;21.6;-20.800001
1521663508424;-6.7000003;15.400001;0.7;-2.4;21.6;-20.800001
1521663508443;-6.7000003;15.5;0.7;-2.4;21.6;-20.800001
1521663508454;-6.7000003;15.400001;0.6;-2.4;21.6;-20.800001
1521663508464;-6.7000003;15.400001;0.7;-2.4;21.6;-20.800001
1521663508475;-6.7000003;15.400001;0.6;-2.4;21.6;-20.800001
1521663508483;-6.6;15.400001;0.6;-2.4;21.6;-20.800001
1521663508494;-6.7000003;15.5;0.6;-2.4;21.6;-20.800001
1521663508527;-6.7000003;15.5;0.7;-2.4;21.6;-20.800001
1521663508556;-6.7000003;15.5;0.8;-2.4;21.6;-20.800001
1521663508564;-6.8;15.6;0.8;-2.4;21.6;-20.800001
1521663508576;-6.7000003;15.6;0.8;-2.4;21.6;-20.800001
1521663508585;-6.7000003;15.5;0.7;-2.4;21.6;-20.800001
1521663508606;-6.8;15.6;0.90000004;-2.4;21.6;-20.800001
1521663508615;-6.8;15.6;0.8;-2.4;21.6;-20.800001
1521663508623;-6.8;15.7;0.90000004;-2.4;21.6;-20.800001
1521663508635;-6.8;15.6;0.90000004;-2.4;21.6;-20.800001
1521663508685;-6.8;15.6;0.8;-2.4;21.6;-20.800001
1521663508708;-6.9;15.6;0.8;-2.4;21.6;-20.800001
1521663508726;-6.9;15.6;0.90000004;-2.4;21.6;-20.800001
1521663508764;-6.8;15.6;0.90000004;-2.4;21.6;-20.800001
1521663508775;-6.8;15.5;0.90000004;-2.4;21.6;-20.800001
1521663508784;-6.9;15.6;1.0;-2.4;21.6;-20.800001
1521663508796;-6.8;15.5;1.1;-2.4;21.6;-20.800001
1521663508826;-6.9;15.5;1.0;-2.4;21.6;-20.800001
1521663508855;-6.9;15.6;0.8;-2.4;21.6;-20.800001
1521663508865;-6.9;15.5;0.8;-2.4;21.6;-20.800001
1521663508875;-6.9;15.5;0.90000004;-2.4;21.6;-20.800001
1521663508929;-6.9;15.5;1.0;-2.4;21.6;-20.800001
1521663508975;-6.9;15.6;0.90000004;-2.4;21.6;-20.800001
1521663508985;-6.9;15.6;1.0;-2.4;21.6;-20.800001
1521663509024;-6.9;15.5;1.0;-2.4;21.6;-20.800001
1521663509034;-6.9;15.6;1.1;-2.4;21.6;-20.800001
1521663509043;-7.0;15.6;1.0;-2.4;21.6;-20.800001
1521663509055;-7.0;15.6;1.1;-2.4;21.6;-20.800001
1521663509085;-7.1;15.6;1.2;-2.4;21.6;-20.800001
1521663509095;-7.1;15.6;1.1;-2.4;21.6;-20.800001
1521663509104;-7.1;15.7;1.1;-2.4;21.6;-20.800001
1521663509115;-7.1;15.7;1.2;-2.4;21.6;-20.800001
1521663509124;-7.1;15.6;1.2;-2.4;21.6;-20.800001
1521663509157;-7.0;15.6;1.3000001;-2.4;21.6;-20.800001
1521663509184;-7.1;15.7;1.3000001;-2.4;21.6;-20.800001
1521663509195;-7.1;15.6;1.2;-2.4;21.6;-20.800001
1521663509204;-7.0;15.6;1.1;-2.4;21.6;-20.800001
1521663509215;-7.0;15.6;1.2;-2.4;21.6;-20.800001
1521663509225;-7.0;15.5;1.2;-2.4;21.6;-20.800001
1521663509267;-7.0;15.5;1.3000001;-2.4;21.6;-20.800001
1521663509294;-7.1;15.5;1.3000001;-2.4;21.6;-20.800001
1521663509304;-7.0;15.5;1.2;-2.4;21.6;-20.800001
1521663509334;-7.1;15.6;1.2;-2.4;21.6;-20.800001
1521663509355;-7.1;15.6;1.1;-2.4;21.6;-20.800001
1521663509374;-7.1;15.5;1.1;-2.4;21.6;-20.800001
1521663509383;-7.0;15.5;1.1;-2.4;21.6;-20.800001
1521663509394;-7.0;15.6;1.1;-2.4;21.6;-20.800001
1521663509403;-7.0;15.5;1.1;-2.4;21.6;-20.800001
1521663509415;-7.0;15.6;1.1;-2.4;21.6;-20.800001
1521663509423;-7.1;15.6;1.1;-2.4;21.6;-20.800001
1521663509434;-7.2000003;15.7;1.2;-2.4;21.6;-20.800001
1521663509444;-7.3;15.8;1.2;-2.4;21.6;-20.800001
1521663509466;-7.4;15.900001;1.3000001;-2.4;21.6;-20.800001
1521663509475;-7.4;15.900001;1.4;-2.4;21.6;-20.800001
1521663509485;-7.4;16.0;1.5;-2.4;21.6;-20.800001
1521663509495;-7.5;16.0;1.6;-2.4;21.6;-20.800001
1521663509503;-7.5;16.1;1.6;-2.4;21.6;-20.800001
1521663509515;-7.6;16.2;1.6;-2.4;21.6;-20.800001
1521663509525;-7.6;16.2;1.7;-2.4;21.6;-20.800001
1521663509544;-7.8;16.4;1.8000001;-2.4;21.6;-20.800001
1521663509566;-7.9;16.5;1.8000001;-2.4;21.6;-20.800001
1521663509577;-8.0;16.6;1.9;-2.4;21.6;-20.800001
1521663509605;-8.1;16.800001;2.0;-2.4;21.6;-20.800001
1521663509635;-8.1;16.800001;2.1000001;-2.4;21.6;-20.800001
1521663509644;-8.2;16.9;2.1000001;-2.4;21.6;-20.800001
1521663509663;-8.3;17.0;2.2;-2.4;21.6;-20.800001
1521663509675;-8.3;17.0;2.3;-2.4;21.6;-20.800001
1521663509683;-8.400001;17.1;2.3;-2.4;21.6;-20.800001
1521663509695;-8.5;17.2;2.3;-2.4;21.6;-20.800001
1521663509704;-8.5;17.2;2.4;-2.4;21.6;-20.800001
1521663509754;-8.5;17.2;2.5;-2.4;21.6;-20.800001
1521663509826;-8.5;17.300001;2.4;-2.4;21.6;-20.800001
1521663509844;-8.5;17.2;2.4;-2.4;21.6;-20.800001
1521663509856;-8.400001;17.2;2.5;-2.4;21.6;-20.800001
1521663509864;-8.400001;17.2;2.6000001;-2.4;21.6;-20.800001
1521663509884;-8.400001;17.2;2.7;-2.4;21.6;-20.800001
1521663509918;-8.3;17.2;2.8;-2.4;21.6;-20.800001
1521663509943;-8.3;17.2;2.7;-2.4;21.6;-20.800001
1521663509952;-8.3;17.2;2.8;-2.4;21.6;-20.800001
1521663509963;-8.3;17.2;2.9;-2.4;21.6;-20.800001
1521663509983;-8.2;17.2;2.9;-2.4;21.6;-20.800001
1521663510003;-8.2;17.1;2.9;-2.4;21.6;-20.800001
1521663510014;-8.2;17.1;2.8;-2.4;21.6;-20.800001
1521663510035;-8.2;17.1;2.9;-2.4;21.6;-20.800001
1521663510055;-8.1;17.1;2.9;-2.4;21.6;-20.800001
1521663510084;-8.0;17.0;2.9;-2.4;21.6;-20.800001
1521663510095;-8.0;17.0;2.8;-2.4;21.6;-20.800001
1521663510104;-8.0;17.0;2.9;-2.4;21.6;-20.800001
1521663510136;-8.0;17.0;3.0;-2.4;21.6;-20.800001
1521663510144;-7.9;17.0;3.0;-2.4;21.6;-20.800001
1521663510163;-7.9;17.0;2.9;-2.4;21.6;-20.800001
1521663510184;-7.9;16.9;2.8;-2.4;21.6;-20.800001
1521663510227;-7.9;16.9;2.9;-2.4;21.6;-20.800001
1521663510237;-7.9;17.0;2.8;-2.4;21.6;-20.800001
1521663510276;-7.8;17.0;2.9;-2.4;21.6;-20.800001
1521663510285;-7.8;17.0;3.0;-2.4;21.6;-20.800001
1521663510335;-7.8;17.0;3.1000001;-2.4;21.6;-20.800001
1521663510356;-7.8;17.0;3.2;-2.4;21.6;-20.800001
1521663510363;-7.8;17.0;3.1000001;-2.4;21.6;-20.800001
1521663510456;-7.7000003;17.0;3.0;-2.4;21.6;-20.800001
1521663510484;-7.8;17.0;3.0;-2.4;21.6;-20.800001
1521663510495;-7.7000003;17.0;3.1000001;-2.4;21.6;-20.800001
1521663510504;-7.7000003;17.0;3.0;-2.4;21.6;-20.800001
1521663510515;-7.8;17.0;3.0;-2.4;21.6;-20.800001
1521663510525;-7.7000003;17.0;3.0;-2.4;21.6;-20.800001
1521663510536;-7.7000003;16.9;3.0;-2.4;21.6;-20.800001
1521663510547;-7.7000003;16.9;2.9;-2.4;21.6;-20.800001
1521663510568;-7.7000003;16.9;2.8;-2.4;21.6;-20.800001
1521663510585;-7.7000003;16.9;2.7;-2.4;21.6;-20.800001
1521663510595;-7.7000003;16.9;2.6000001;-2.4;21.6;-20.800001
1521663510605;-7.7000003;16.9;2.7;-2.4;21.6;-20.800001
1521663510615;-7.7000003;16.800001;2.6000001;-2.4;21.6;-20.800001
1521663510623;-7.7000003;16.9;2.6000001;-2.4;21.6;-20.800001
1521663510634;-7.7000003;16.800001;2.6000001;-2.4;21.6;-20.800001
1521663510643;-7.7000003;16.800001;2.7;-2.4;21.6;-20.800001
1521663510655;-7.6;16.9;2.7;-2.4;21.6;-20.800001
1521663510694;-7.5;16.9;2.7;-2.4;21.6;-20.800001
1521663510714;-7.5;16.800001;2.7;-2.4;21.6;-20.800001
1521663510755;-7.5;16.9;2.7;-2.4;21.6;-20.800001
1521663510764;-7.5;16.800001;2.7;-2.4;21.6;-20.800001
1521663510795;-7.4;16.800001;2.6000001;-2.4;21.6;-20.800001
1521663510803;-7.4;16.800001;2.7;-2.4;21.6;-20.800001
1521663510835;-7.3;16.800001;2.7;-2.4;21.6;-20.800001
1521663510844;-7.3;16.800001;2.8;-2.4;21.6;-20.800001
1521663510884;-7.2000003;16.800001;2.8;-2.4;21.6;-20.800001
1521663510895;-7.1;16.800001;2.8;-2.4;21.6;-20.800001
1521663510904;-7.1;16.7;2.8;-2.4;21.6;-20.800001
1521663510915;-7.0;16.7;2.8;-2.4;21.6;-20.800001
1521663510928;-7.0;16.6;2.7;-2.4;21.6;-20.800001
1521663510935;-6.9;16.6;2.6000001;-2.4;21.6;-20.800001
1521663510964;-6.9;16.5;2.5;-2.4;21.6;-20.800001
1521663510974;-6.9;16.5;2.6000001;-2.4;21.6;-20.800001
1521663510994;-6.9;16.5;2.5;-2.4;21.6;-20.800001
1521663511003;-6.8;16.5;2.4;-2.4;21.6;-20.800001
1521663511023;-6.8;16.5;2.3;-2.4;21.6;-20.800001
1521663511034;-6.7000003;16.4;2.3;-2.4;21.6;-20.800001
1521663511054;-6.8;16.4;2.2;-2.4;21.6;-20.800001
1521663511063;-6.7000003;16.4;2.3;-2.4;21.6;-20.800001
1521663511074;-6.8;16.4;2.3;-2.4;21.6;-20.800001
1521663511103;-6.7000003;16.4;2.3;-2.4;21.6;-20.800001
1521663511114;-6.8;16.4;2.2;-2.4;21.6;-20.800001
1521663511134;-6.8;16.5;2.2;-2.4;21.6;-20.800001
1521663511154;-6.8;16.5;2.3;-2.4;21.6;-20.800001
1521663511163;-6.8;16.4;2.3;-2.4;21.6;-20.800001
1521663511174;-6.8;16.5;2.2;-2.4;21.6;-20.800001
1521663511183;-6.8;16.4;2.2;-2.4;21.6;-20.800001
1521663511194;-6.8;16.300001;2.1000001;-2.4;21.6;-20.800001
1521663511202;-6.8;16.300001;2.0;-2.4;21.6;-20.800001
1521663511234;-6.8;16.2;2.0;-2.4;21.6;-20.800001
1521663511243;-6.7000003;16.2;2.0;-2.4;21.6;-20.800001
1521663511262;-6.7000003;16.1;1.9;-2.4;21.6;-20.800001
1521663511274;-6.6;16.0;1.8000001;-2.4;21.6;-20.800001
1521663511294;-6.5;15.900001;1.8000001;-2.4;21.6;-20.800001
1521663511314;-6.5;15.8;1.7;-2.4;21.6;-20.800001
1521663511334;-6.4;15.7;1.6;-2.4;21.6;-20.800001
1521663511342;-6.4;15.7;1.5;-2.4;21.6;-20.800001
1521663511354;-6.4;15.7;1.6;-2.4;21.6;-20.800001
1521663511374;-6.4;15.7;1.5;-2.4;21.6;-20.800001
1521663511394;-6.4;15.7;1.6;-2.4;21.6;-20.800001
1521663511415;-6.3;15.7;1.6;-2.4;21.6;-20.800001
1521663511454;-6.3;15.7;1.5;-2.4;21.6;-20.800001
1521663511463;-6.3;15.7;1.6;-2.4;21.6;-20.800001
1521663511483;-6.3;15.8;1.6;-2.4;21.6;-20.800001
1521663511496;-6.4;15.8;1.7;-2.4;21.6;-20.800001
1521663511505;-6.4;15.900001;1.7;-2.4;21.6;-20.800001
1521663511525;-6.5;16.0;1.9;-2.4;21.6;-20.800001
1521663511537;-6.6;16.1;1.9;-2.4;21.6;-20.800001
1521663511544;-6.6;16.2;1.9;-2.4;21.6;-20.800001
1521663511555;-6.6;16.2;2.0;-2.4;21.6;-20.800001
1521663511563;-6.7000003;16.2;2.1000001;-2.4;21.6;-20.800001
1521663511575;-6.7000003;16.300001;2.1000001;-2.4;21.6;-20.800001
1521663511583;-6.8;16.300001;2.2;-2.4;21.6;-20.800001
1521663511623;-7.0;16.6;2.6000001;-2.4;21.6;-20.800001
1521663511634;-7.0;16.7;2.7;-2.4;21.6;-20.800001
1521663511644;-7.1;16.7;2.8;-2.4;21.6;-20.800001
1521663511665;-7.1;16.800001;2.8;-2.4;21.6;-20.800001
1521663511674;-7.1;16.7;2.9;-2.4;21.6;-20.800001
1521663511683;-7.1;16.800001;2.8;-2.4;21.6;-20.800001
1521663511734;-7.1;16.7;2.8;-2.4;21.6;-20.800001
1521663511743;-7.1;16.7;2.7;-2.4;21.6;-20.800001
1521663511755;-7.1;16.6;2.7;-2.4;21.6;-20.800001
1521663511763;-7.0;16.6;2.6000001;-2.4;21.6;-20.800001
1521663511787;-6.9;16.6;2.5;-2.4;21.6;-20.800001
1521663511794;-6.9;16.5;2.5;-2.4;21.6;-20.800001
1521663511805;-6.9;16.4;2.4;-2.4;21.6;-20.800001
1521663511815;-6.9;16.4;2.3;-2.4;21.6;-20.800001
1521663511824;-6.9;16.300001;2.3;-2.4;21.6;-20.800001
1521663511834;-6.8;16.300001;2.1000001;-2.4;21.6;-20.800001
1521663511843;-6.8;16.2;2.1000001;-2.4;21.6;-20.800001
1521663511855;-6.8;16.2;2.0;-2.4;21.6;-20.800001
1521663511864;-6.7000003;16.1;1.9;-2.4;21.6;-20.800001
1521663511875;-6.7000003;16.1;1.8000001;-2.4;21.6;-20.800001
1521663511884;-6.6;16.1;1.7;-2.4;21.6;-20.800001
1521663511895;-6.6;16.0;1.6;-2.4;21.6;-20.800001
1521663511904;-6.5;16.0;1.4;-2.4;21.6;-20.800001
1521663511915;-6.5;15.900001;1.4;-2.4;21.6;-20.800001
1521663511936;-6.4;15.8;1.2;-2.4;21.6;-20.800001
1521663511954;-6.3;15.7;1.1;-2.4;21.6;-20.800001
1521663511963;-6.3;15.7;1.0;-2.4;21.6;-20.800001
1521663511983;-6.3;15.6;1.0;-2.4;21.6;-20.800001
1521663511994;-6.2000003;15.6;1.0;-2.4;21.6;-20.800001
1521663512003;-6.2000003;15.6;0.90000004;-2.4;21.6;-20.800001
1521663512014;-6.2000003;15.5;0.8;-2.4;21.6;-20.800001
1521663512043;-6.2000003;15.5;0.90000004;-2.4;21.6;-20.800001
1521663512053;-6.2000003;15.5;0.8;-2.4;21.6;-20.800001
1521663512074;-6.2000003;15.5;0.90000004;-2.4;21.6;-20.800001
1521663512083;-6.2000003;15.5;0.8;-2.4;21.6;-20.800001
1521663512102;-6.2000003;15.5;0.7;-2.4;21.6;-20.800001
1521663512113;-6.2000003;15.5;0.8;-2.4;21.6;-20.800001
1521663512142;-6.2000003;15.5;0.90000004;-2.4;21.6;-20.800001
1521663512163;-6.2000003;15.5;0.8;-2.4;21.6;-20.800001
1521663512174;-6.3;15.5;0.90000004;-2.4;21.6;-20.800001
1521663512194;-6.3;15.5;1.0;-2.4;21.6;-20.800001
1521663512214;-6.3;15.5;1.1;-2.4;21.6;-20.800001
1521663512222;-6.3;15.5;1.0;-2.4;21.6;-20.800001
1521663512234;-6.2000003;15.5;1.1;-2.4;21.6;-20.800001
1521663512243;-6.3;15.5;1.0;-2.4;21.6;-20.800001
1521663512282;-6.3;15.5;0.90000004;-2.4;21.6;-20.800001
1521663512294;-6.2000003;15.5;0.90000004;-2.4;21.6;-20.800001
1521663512322;-6.2000003;15.5;0.8;-2.4;21.6;-20.800001
1521663512364;-6.3;15.5;0.7;-2.4;21.6;-20.800001
1521663512376;-6.2000003;15.5;0.7;-2.4;21.6;-20.800001
1521663512395;-6.2000003;15.5;0.8;-2.4;21.6;-20.800001
1521663512404;-6.3;15.5;0.8;-2.4;21.6;-20.800001
1521663512425;-6.3;15.5;0.90000004;-2.4;21.6;-20.800001
1521663512464;-6.3;15.5;1.0;-2.4;21.6;-20.800001
1521663512477;-6.3;15.5;0.90000004;-2.4;21.6;-20.800001
1521663512496;-6.4;15.5;0.8;-2.4;21.6;-20.800001
1521663512505;-6.3;15.5;0.8;-2.4;21.6;-20.800001
1521663512546;-6.4;15.6;0.7;-2.4;21.6;-20.800001
1521663512555;-6.4;15.6;0.8;-2.4;21.6;-20.800001
1521663512564;-6.4;15.6;0.90000004;-2.4;21.6;-20.800001
1521663512575;-6.4;15.5;0.8;-2.4;21.6;-20.800001
1521663512584;-6.4;15.6;0.90000004;-2.4;21.6;-20.800001
1521663512596;-6.4;15.6;1.0;-2.4;21.6;-20.800001
1521663512616;-6.4;15.6;0.90000004;-2.4;21.6;-20.800001
1521663512624;-6.4;15.6;1.0;-2.4;21.6;-20.800001
1521663512635;-6.4;15.6;0.90000004;-2.4;21.6;-20.800001
1521663512665;-6.4;15.7;1.0;-2.4;21.6;-20.800001
1521663512678;-6.5;15.7;0.90000004;-2.4;21.6;-20.800001
1521663512716;-6.5;15.7;1.0;-2.4;21.6;-20.800001
1521663512764;-6.6;15.7;1.0;-2.4;21.6;-20.800001
1521663512784;-6.5;15.7;1.0;-2.4;21.6;-20.800001
1521663512795;-6.6;15.7;1.0;-2.4;21.6;-20.800001
1521663512815;-6.6;15.7;1.1;-2.4;21.6;-20.800001
1521663512835;-6.6;15.7;1.2;-2.4;21.6;-20.800001
1521663512864;-6.6;15.8;1.1;-2.4;21.6;-20.800001
1521663512877;-6.6;15.8;1.2;-2.4;21.6;-20.800001
1521663512885;-6.6;15.7;1.1;-2.4;21.6;-20.800001
1521663512905;-6.7000003;15.8;1.3000001;-2.4;21.6;-20.800001
1521663512949;-6.7000003;15.900001;1.4;-2.4;21.6;-20.800001
1521663512958;-6.7000003;15.8;1.5;-2.4;21.6;-20.800001
1521663512974;-6.7000003;15.900001;1.5;-2.4;21.6;-20.800001
1521663512984;-6.7000003;15.900001;1.6;-2.4;21.6;-20.800001
1521663512994;-6.8;16.0;1.6;-2.4;21.6;-20.800001
1521663513014;-6.8;16.0;1.5;-2.4;21.6;-20.800001
1521663513054;-6.8;16.0;1.4;-2.4;21.6;-20.800001
1521663513074;-6.8;16.1;1.4;-2.4;21.6;-20.800001
1521663513083;-6.9;16.1;1.5;-2.4;21.6;-20.800001
1521663513104;-6.9;16.2;1.6;-2.4;21.6;-20.800001
1521663513115;-6.9;16.2;1.5;-2.4;21.6;-20.800001
1521663513124;-7.0;16.2;1.5;-2.4;21.6;-20.800001
1521663513135;-7.0;16.300001;1.5;-2.4;21.6;-20.800001
1521663513144;-7.0;16.2;1.5;-2.4;21.6;-20.800001
1521663513164;-7.0;16.300001;1.5;-2.4;21.6;-20.800001
1521663513205;-7.1;16.300001;1.5;-2.4;21.6;-20.800001
1521663513244;-7.1;16.4;1.6;-2.4;21.6;-20.800001
1521663513255;-7.1;16.300001;1.6;-2.4;21.6;-20.800001
1521663513266;-7.1;16.300001;1.5;-2.4;21.6;-20.800001
1521663513278;-7.1;16.300001;1.6;-2.4;21.6;-20.800001
1521663513324;-7.1;16.300001;1.7;-2.4;21.6;-20.800001
1521663513355;-7.2000003;16.300001;1.7;-2.4;21.6;-20.800001
1521663513363;-7.1;16.300001;1.7;-2.4;21.6;-20.800001
1521663513385;-7.1;16.4;1.6;-2.4;21.6;-20.800001
1521663513394;-7.1;16.300001;1.6;-2.4;21.6;-20.800001
1521663513405;-7.1;16.2;1.6;-2.4;21.6;-20.800001
1521663513416;-7.1;16.2;1.7;-2.4;21.6;-20.800001
1521663513424;-7.2000003;16.300001;1.8000001;-2.4;21.6;-20.800001
1521663513435;-7.2000003;16.4;1.8000001;-2.4;21.6;-20.800001
1521663513443;-7.3;16.4;1.8000001;-2.4;21.6;-20.800001
1521663513455;-7.3;16.5;1.9;-2.4;21.6;-20.800001
1521663513464;-7.4;16.5;1.9;-2.4;21.6;-20.800001
1521663513474;-7.5;16.6;2.0;-2.4;21.6;-20.800001
1521663513485;-7.5;16.6;2.1000001;-2.4;21.6;-20.800001
1521663513495;-7.6;16.6;2.1000001;-2.4;21.6;-20.800001
1521663513504;-7.6;16.7;2.1000001;-2.4;21.6;-20.800001
1521663513525;-7.8;16.800001;2.2;-2.4;21.6;-20.800001
1521663513536;-7.8;16.9;2.2;-2.4;21.6;-20.800001
1521663513556;-7.9;17.0;2.3;-2.4;21.6;-20.800001
1521663513564;-8.0;17.1;2.3;-2.4;21.6;-20.800001
1521663513584;-8.1;17.1;2.3;-2.4;21.6;-20.800001
1521663513595;-8.1;17.2;2.4;-2.4;21.6;-20.800001
1521663513605;-8.2;17.2;2.4;-2.4;21.6;-20.800001
1521663513615;-8.3;17.300001;2.4;-2.4;21.6;-20.800001
1521663513624;-8.3;17.300001;2.5;-2.4;21.6;-20.800001
1521663513635;-8.400001;17.4;2.5;-2.4;21.6;-20.800001
1521663513655;-8.400001;17.5;2.6000001;-2.4;21.6;-20.800001
1521663513666;-8.5;17.6;2.7;-2.4;21.6;-20.800001
1521663513675;-8.6;17.6;2.8;-2.4;21.6;-20.800001
1521663513684;-8.6;17.7;2.8;-2.4;21.6;-20.800001
1521663513695;-8.7;17.7;2.8;-2.4;21.6;-20.800001
1521663513704;-8.7;17.800001;2.9;-2.4;21.6;-20.800001
1521663513715;-8.8;17.800001;2.9;-2.4;21.6;-20.800001
1521663513724;-8.7;17.800001;2.9;-2.4;21.6;-20.800001
1521663513756;-8.8;17.800001;3.0;-2.4;21.6;-20.800001
1521663513784;-8.8;17.800001;2.9;-2.4;21.6;-20.800001
1521663513794;-8.7;17.800001;2.9;-2.4;21.6;-20.800001
1521663513864;-8.6;17.7;2.9;-2.4;21.6;-20.800001
1521663513966;-8.5;17.7;2.9;-2.4;21.6;-20.800001
1521663513975;-8.5;17.6;2.8;-2.4;21.6;-20.800001
1521663514004;-8.5;17.6;2.7;-2.4;21.6;-20.800001
1521663514014;-8.400001;17.5;2.7;-2.4;21.6;-20.800001
1521663514055;-8.400001;17.5;2.6000001;-2.4;21.6;-20.800001
1521663514077;-8.400001;17.4;2.6000001;-2.4;21.6;-20.800001
1521663514104;-8.3;17.4;2.6000001;-2.4;21.6;-20.800001
1521663514115;-8.400001;17.4;2.6000001;-2.4;21.6;-20.800001
1521663514124;-8.3;17.4;2.6000001;-2.4;21.6;-20.800001
1521663514135;-8.3;17.300001;2.6000001;-2.4;21.6;-20.800001
1521663514198;-8.3;17.300001;2.8;-2.4;21.6;-20.800001
1521663514234;-8.2;17.300001;2.8;-2.4;21.6;-20.800001
1521663514254;-8.3;17.300001;2.8;-2.4;21.6;-20.800001
1521663514263;-8.2;17.300001;2.8;-2.4;21.6;-20.800001
1521663514323;-8.2;17.4;2.8;-2.4;21.6;-20.800001
1521663514355;-8.1;17.4;2.8;-2.4;21.6;-20.800001
1521663514383;-8.1;17.5;2.8;-2.4;21.6;-20.800001
1521663514435;-8.1;17.5;2.7;-2.4;21.6;-20.800001
1521663514444;-8.1;17.6;2.7;-2.4;21.6;-20.800001
1521663514503;-8.0;17.6;2.7;-2.4;21.6;-20.800001
1521663514523;-8.0;17.6;2.6000001;-2.4;21.6;-20.800001
1521663514534;-8.1;17.6;2.6000001;-2.4;21.6;-20.800001
1521663514543;-8.1;17.6;2.7;-2.4;21.6;-20.800001
1521663514555;-8.0;17.6;2.6000001;-2.4;21.6;-20.800001
1521663514563;-8.0;17.6;2.7;-2.4;21.6;-20.800001
1521663514574;-8.0;17.6;2.6000001;-2.4;21.6;-20.800001
1521663514594;-7.9;17.6;2.7;-2.4;21.6;-20.800001
1521663514624;-7.9;17.6;2.8;-2.4;21.6;-20.800001
1521663514635;-7.8;17.6;2.8;-2.4;21.6;-20.800001
1521663514644;-7.8;17.6;2.9;-2.4;21.6;-20.800001
1521663514664;-7.8;17.6;2.8;-2.4;21.6;-20.800001
1521663514674;-7.8;17.6;2.9;-2.4;21.6;-20.800001
1521663514684;-7.7000003;17.5;2.8;-2.4;21.6;-20.800001
1521663514695;-7.6;17.4;2.8;-2.4;21.6;-20.800001
1521663514704;-7.5;17.4;2.7;-2.4;21.6;-20.800001
1521663514714;-7.5;17.300001;2.6000001;-2.4;21.6;-20.800001
1521663514723;-7.4;17.300001;2.6000001;-2.4;21.6;-20.800001
1521663514734;-7.4;17.300001;2.5;-2.4;21.6;-20.800001
1521663514743;-7.3;17.300001;2.5;-2.4;21.6;-20.800001
1521663514754;-7.2000003;17.2;2.4;-2.4;21.6;-20.800001
1521663514762;-7.1;17.2;2.4;-2.4;21.6;-20.800001
1521663514774;-7.1;17.1;2.3;-2.4;21.6;-20.800001
1521663514783;-7.0;17.1;2.2;-2.4;21.6;-20.800001
1521663514794;-7.0;17.0;2.2;-2.4;21.6;-20.800001
1521663514802;-6.9;17.0;2.1000001;-2.4;21.6;-20.800001
1521663514814;-6.9;16.9;2.1000001;-2.4;21.6;-20.800001
1521663514822;-6.8;16.9;2.0;-2.4;21.6;-20.800001
1521663514843;-6.7000003;16.800001;1.9;-2.4;21.6;-20.800001
1521663514854;-6.6;16.800001;1.8000001;-2.4;21.6;-20.800001
1521663514863;-6.6;16.7;1.8000001;-2.4;21.6;-20.800001
1521663514874;-6.6;16.7;1.7;-2.4;21.6;-20.800001
1521663514883;-6.5;16.7;1.7;-2.4;21.6;-20.800001
1521663514894;-6.5;16.6;1.6;-2.4;21.6;-20.800001
1521663514903;-6.5;16.6;1.5;-2.4;21.6;-20.800001
1521663514914;-6.4;16.5;1.5;-2.4;21.6;-20.800001
1521663514934;-6.4;16.5;1.4;-2.4;21.6;-20.800001
1521663514954;-6.3;16.5;1.4;-2.4;21.6;-20.800001
1521663514964;-6.3;16.4;1.4;-2.4;21.6;-20.800001
1521663514974;-6.2000003;16.4;1.3000001;-2.4;21.6;-20.800001
1521663514984;-6.3;16.5;1.4;-2.4;21.6;-20.800001
1521663514996;-6.3;16.5;1.3000001;-2.4;21.6;-20.800001
1521663515024;-6.3;16.5;1.4;-2.4;21.6;-20.800001
1521663515044;-6.3;16.6;1.5;-2.4;21.6;-20.800001
1521663515054;-6.3;16.6;1.6;-2.4;21.6;-20.800001
1521663515065;-6.3;16.7;1.6;-2.4;21.6;-20.800001
1521663515076;-6.3;16.7;1.7;-2.4;21.6;-20.800001
1521663515084;-6.4;16.7;1.7;-2.4;21.6;-20.800001
1521663515104;-6.4;16.800001;1.7;-2.4;21.6;-20.800001
1521663515145;-6.5;16.9;1.7;-2.4;21.6;-20.800001
1521663515156;-6.5;16.9;1.8000001;-2.4;21.6;-20.800001
1521663515174;-6.5;17.0;1.8000001;-2.4;21.6;-20.800001
1521663515183;-6.6;17.0;1.9;-2.4;21.6;-20.800001
1521663515194;-6.5;17.0;1.9;-2.4;21.6;-20.800001
1521663515203;-6.6;17.1;2.0;-2.4;21.6;-20.800001
1521663515224;-6.6;17.1;2.1000001;-2.4;21.6;-20.800001
1521663515234;-6.7000003;17.2;2.0;-2.4;21.6;-20.800001
1521663515244;-6.7000003;17.1;2.0;-2.4;21.6;-20.800001
1521663515254;-6.7000003;17.2;1.9;-2.4;21.6;-20.800001
1521663515268;-6.8;17.2;2.0;-2.4;21.6;-20.800001
1521663515275;-6.9;17.300001;2.0;-2.4;21.6;-20.800001
1521663515283;-6.9;17.300001;2.1000001;-2.4;21.6;-20.800001
1521663515294;-7.0;17.4;2.2;-2.4;21.6;-20.800001
1521663515335;-7.2000003;17.6;2.3;-2.4;21.6;-20.800001
1521663515343;-7.3;17.7;2.4;-2.4;21.6;-20.800001
1521663515354;-7.3;17.6;2.4;-2.4;21.6;-20.800001
1521663515364;-7.4;17.7;2.4;-2.4;21.6;-20.800001
1521663515375;-7.4;17.800001;2.5;-2.4;21.6;-20.800001
1521663515383;-7.5;17.800001;2.5;-2.4;21.6;-20.800001
1521663515394;-7.5;17.9;2.5;-2.4;21.6;-20.800001
1521663515406;-7.6;17.9;2.6000001;-2.4;21.6;-20.800001
1521663515424;-7.7000003;18.0;2.7;-2.4;21.6;-20.800001
1521663515435;-7.8;18.0;2.8;-2.4;21.6;-20.800001
1521663515444;-7.8;18.1;2.8;-2.4;21.6;-20.800001
1521663515464;-7.8;18.1;2.9;-2.4;21.6;-20.800001
1521663515475;-7.9;18.1;2.9;-2.4;21.6;-20.800001
1521663515485;-8.0;18.1;3.0;-2.4;21.6;-20.800001
1521663515496;-8.0;18.2;3.0;-2.4;21.6;-20.800001
1521663515504;-8.1;18.2;3.0;-2.4;21.6;-20.800001
1521663515516;-8.1;18.2;2.9;-2.4;21.6;-20.800001
1521663515525;-8.1;18.300001;2.9;-2.4;21.6;-20.800001
1521663515535;-8.1;18.300001;3.0;-2.4;21.6;-20.800001
1521663515544;-8.2;18.300001;3.1000001;-2.4;21.6;-20.800001
1521663515556;-8.2;18.300001;3.2;-2.4;21.6;-20.800001
1521663515565;-8.1;18.300001;3.2;-2.4;21.6;-20.800001
1521663515575;-8.1;18.300001;3.3;-2.4;21.6;-20.800001
1521663515584;-8.2;18.300001;3.2;-2.4;21.6;-20.800001
1521663515606;-8.2;18.300001;3.1000001;-2.4;21.6;-20.800001
1521663515616;-8.2;18.2;3.1000001;-2.4;21.6;-20.800001
1521663515624;-8.1;18.1;3.1000001;-2.4;21.6;-20.800001
1521663515635;-8.0;18.1;3.1000001;-2.4;21.6;-20.800001
1521663515644;-8.0;18.0;3.0;-2.4;21.6;-20.800001
1521663515655;-7.9;17.9;2.9;-2.4;21.6;-20.800001
1521663515664;-7.9;17.9;2.8;-2.4;21.6;-20.800001
1521663515676;-7.8;17.800001;2.7;-2.4;21.6;-20.800001
1521663515685;-7.8;17.7;2.7;-2.4;21.6;-20.800001
1521663515695;-7.7000003;17.7;2.6000001;-2.4;21.6;-20.800001
1521663515704;-7.7000003;17.6;2.5;-2.4;21.6;-20.800001
1521663515715;-7.7000003;17.5;2.5;-2.4;21.6;-20.800001
1521663515724;-7.6;17.5;2.5;-2.4;21.6;-20.800001
1521663515736;-7.5;17.4;2.4;-2.4;21.6;-20.800001
1521663515756;-7.4;17.300001;2.3;-2.4;21.6;-20.800001
1521663515775;-7.4;17.2;2.2;-2.4;21.6;-20.800001
1521663515785;-7.3;17.2;2.2;-2.4;21.6;-20.800001
1521663515796;-7.2000003;17.1;2.1000001;-2.4;21.6;-20.800001
1521663515815;-7.2000003;17.0;2.1000001;-2.4;21.6;-20.800001
1521663515824;-7.1;17.0;2.1000001;-2.4;21.6;-20.800001
1521663515836;-7.1;16.9;2.1000001;-2.4;21.6;-20.800001
1521663515855;-7.0;16.800001;1.9;-2.4;21.6;-20.800001
1521663515875;-6.9;16.7;1.8000001;-2.4;21.6;-20.800001
1521663515896;-6.7000003;16.6;1.8000001;-2.4;21.6;-20.800001
1521663515925;-6.6;16.6;1.8000001;-2.4;21.6;-20.800001
1521663515954;-6.6;16.6;1.7;-2.4;21.6;-20.800001
1521663515967;-6.6;16.6;1.8000001;-2.4;21.6;-20.800001
1521663515975;-6.6;16.7;1.9;-2.4;21.6;-20.800001
1521663516023;-6.6;16.7;2.0;-2.4;21.6;-20.800001
1521663516043;-6.6;16.7;2.1000001;-2.4;21.6;-20.800001
1521663516054;-6.6;16.7;2.0;-2.4;21.6;-20.800001
1521663516063;-6.5;16.6;1.9;-2.4;21.6;-20.800001
1521663516074;-6.5;16.7;1.9;-2.4;21.6;-20.800001
1521663516083;-6.6;16.7;2.0;-2.4;21.6;-20.800001
1521663516123;-6.6;16.7;1.9;-2.4;21.6;-20.800001
1521663516163;-6.5;16.6;1.8000001;-2.4;21.6;-20.800001
1521663516174;-6.6;16.7;1.8000001;-2.4;21.6;-20.800001
1521663516183;-6.6;16.7;1.7;-2.4;21.6;-20.800001
1521663516243;-6.7000003;16.7;1.8000001;-2.4;21.6;-20.800001
1521663516264;-6.7000003;16.6;1.8000001;-2.4;21.6;-20.800001
1521663516274;-6.8;16.7;1.8000001;-2.4;21.6;-20.800001
1521663516283;-6.7000003;16.7;1.8000001;-2.4;21.6;-20.800001
1521663516303;-6.8;16.7;1.8000001;-2.4;21.6;-20.800001
1521663516354;-6.8;16.6;1.9;-2.4;21.6;-20.800001
1521663516374;-6.9;16.7;2.0;-2.4;21.6;-20.800001
1521663516383;-6.9;16.7;1.9;-2.4;21.6;-20.800001
1521663516455;-6.9;16.7;1.8000001;-2.4;21.6;-20.800001
1521663516484;-6.9;16.7;1.7;-2.4;21.6;-20.800001
1521663516524;-6.9;16.7;1.6;-2.4;21.6;-20.800001
1521663516544;-6.8;16.7;1.6;-2.4;21.6;-20.800001
1521663516555;-6.9;16.7;1.5;-2.4;21.6;-20.800001
1521663516563;-6.8;16.7;1.5;-2.4;21.6;-20.800001
1521663516575;-6.8;16.6;1.3000001;-2.4;21.6;-20.800001
1521663516583;-6.9;16.7;1.3000001;-2.4;21.6;-20.800001
1521663516603;-6.9;16.7;1.4;-2.4;21.6;-20.800001
1521663516624;-6.9;16.7;1.3000001;-2.4;21.6;-20.800001
1521663516635;-7.0;16.7;1.3000001;-2.4;21.6;-20.800001
1521663516643;-7.0;16.800001;1.2;-2.4;21.6;-20.800001
1521663516663;-6.9;16.800001;1.2;-2.4;21.6;-20.800001
1521663516704;-6.9;16.800001;1.3000001;-2.4;21.6;-20.800001
1521663516715;-6.9;16.800001;1.2;-2.4;21.6;-20.800001
1521663516723;-7.0;16.800001;1.2;-2.4;21.6;-20.800001
1521663516734;-7.0;16.9;1.2;-2.4;21.6;-20.800001
1521663516763;-7.0;16.9;1.3000001;-2.4;21.6;-20.800001
1521663516774;-7.0;16.9;1.4;-2.4;21.6;-20.800001
1521663516784;-7.1;17.0;1.4;-2.4;21.6;-20.800001
1521663516794;-7.1;17.0;1.5;-2.4;21.6;-20.800001
1521663516814;-7.2000003;17.0;1.5;-2.4;21.6;-20.800001
1521663516823;-7.2000003;17.0;1.4;-2.4;21.6;-20.800001
1521663516844;-7.2000003;17.1;1.5;-2.4;21.6;-20.800001
1521663516863;-7.2000003;17.1;1.4;-2.4;21.6;-20.800001
1521663516886;-7.2000003;17.1;1.6;-2.4;21.6;-20.800001
1521663516895;-7.2000003;17.0;1.5;-2.4;21.6;-20.800001
1521663516914;-7.2000003;17.1;1.6;-2.4;21.6;-20.800001
1521663516923;-7.3;17.1;1.6;-2.4;21.6;-20.800001
1521663516935;-7.2000003;17.1;1.6;-2.4;21.6;-20.800001
1521663516944;-7.2000003;17.0;1.7;-2.4;21.6;-20.800001
1521663516955;-7.3;17.1;1.7;-2.4;21.6;-20.800001
1521663516974;-7.2000003;17.1;1.6;-2.4;21.6;-20.800001
1521663516983;-7.2000003;17.0;1.6;-2.4;21.6;-20.800001
1521663516995;-7.3;17.0;1.7;-2.4;21.6;-20.800001
1521663517004;-7.3;17.1;1.8000001;-2.4;21.6;-20.800001
1521663517014;-7.3;17.1;1.9;-2.4;21.6;-20.800001
1521663517034;-7.4;17.1;2.0;-2.4;21.6;-20.800001
1521663517054;-7.4;17.2;1.9;-2.4;21.6;-20.800001
1521663517063;-7.4;17.1;1.8000001;-2.4;21.6;-20.800001
1521663517085;-7.3;17.1;1.8000001;-2.4;21.6;-20.800001
1521663517095;-7.4;17.1;1.7;-2.4;21.6;-20.800001
1521663517104;-7.4;17.1;1.8000001;-2.4;21.6;-20.800001
1521663517135;-7.4;17.1;1.9;-2.4;21.6;-20.800001
1521663517144;-7.4;17.1;1.8000001;-2.4;21.6;-20.800001
1521663517164;-7.4;17.1;1.9;-2.4;21.6;-20.800001
1521663517204;-7.4;17.1;2.0;-2.4;21.6;-20.800001
1521663517223;-7.4;17.1;1.9;-2.4;21.6;-20.800001
1521663517246;-7.5;17.1;1.9;-2.4;21.6;-20.800001
1521663517257;-7.6;17.2;1.9;-2.4;21.6;-20.800001
1521663517276;-7.7000003;17.2;1.9;-2.4;21.6;-20.800001
1521663517286;-7.6;17.2;1.9;-2.4;21.6;-20.800001
1521663517294;-7.7000003;17.2;1.8000001;-2.4;21.6;-20.800001
1521663517304;-7.7000003;17.1;1.7;-2.4;21.6;-20.800001
1521663517343;-7.8;17.1;1.8000001;-2.4;21.6;-20.800001
1521663517355;-7.8;17.2;1.8000001;-2.4;21.6;-20.800001
1521663517363;-7.8;17.2;1.9;-2.4;21.6;-20.800001
1521663517395;-7.8;17.1;1.9;-2.4;21.6;-20.800001
1521663517403;-7.9;17.2;1.9;-2.4;21.6;-20.800001
1521663517426;-7.9;17.300001;2.0;-2.4;21.6;-20.800001
1521663517436;-8.0;17.2;1.9;-2.4;21.6;-20.800001
1521663517445;-8.0;17.2;2.0;-2.4;21.6;-20.800001
1521663517468;-8.0;17.2;1.9;-2.4;21.6;-20.800001
1521663517476;-8.1;17.300001;1.9;-2.4;21.6;-20.800001
1521663517484;-8.1;17.2;1.8000001;-2.4;21.6;-20.800001
1521663517504;-8.2;17.300001;1.7;-2.4;21.6;-20.800001
1521663517536;-8.2;17.300001;1.6;-2.4;21.6;-20.800001
1521663517545;-8.2;17.300001;1.7;-2.4;21.6;-20.800001
1521663517583;-8.3;17.300001;1.6;-2.4;21.6;-20.800001
1521663517594;-8.3;17.300001;1.5;-2.4;21.6;-20.800001
1521663517605;-8.3;17.300001;1.6;-2.4;21.6;-20.800001
1521663517617;-8.400001;17.4;1.6;-2.4;21.6;-20.800001
1521663517625;-8.5;17.4;1.6;-2.4;21.6;-20.800001
1521663517668;-8.6;17.4;1.5;-2.4;21.6;-20.800001
1521663517679;-8.6;17.4;1.6;-2.4;21.6;-20.800001
1521663517685;-8.6;17.4;1.5;-2.4;21.6;-20.800001
1521663517707;-8.7;17.4;1.5;-2.4;21.6;-20.800001
1521663517716;-8.7;17.5;1.5;-2.4;21.6;-20.800001
1521663517726;-8.8;17.5;1.5;-2.4;21.6;-20.800001
1521663517756;-8.900001;17.6;1.6;-2.4;21.6;-20.800001
1521663517764;-8.900001;17.5;1.5;-2.4;21.6;-20.800001
1521663517774;-9.0;17.5;1.5;-2.4;21.6;-20.800001
1521663517794;-9.0;17.5;1.4;-2.4;21.6;-20.800001
1521663517803;-9.0;17.6;1.5;-2.4;21.6;-20.800001
1521663517814;-9.2;17.6;1.5;-2.4;21.6;-20.800001
1521663517823;-9.2;17.6;1.6;-2.4;21.6;-20.800001
1521663517834;-9.3;17.7;1.5;-2.4;21.6;-20.800001
1521663517863;-9.400001;17.7;1.5;-2.4;21.6;-20.800001
1521663517874;-9.400001;17.7;1.6;-2.4;21.6;-20.800001
