1521664809483;-1.1199951;1.8199769;2.519959
1521664809494;-2.3099976;1.2599794;2.3799443
1521664809501;-2.169983;0.41999817;2.1699834
1521664809515;-1.0499878;-0.41999817;1.9599916
1521664809523;-0.41999817;-0.48999786;2.2399907
1521664809535;-0.69999695;-0.20999908;2.1699834
1521664809543;-0.55999756;-0.34999847;1.6799928
1521664809555;-0.9099884;-0.20999908;1.8199769
1521664809564;-1.2599792;-0.13999939;2.3799443
1521664809578;-0.34999847;-0.27999878;2.309998
1521664809585;-0.34999847;-0.48999786;2.1699834
1521664809606;-0.41999817;0.13999939;1.8899843
1521664809617;-0.069999695;0.13999939;1.7500001
1521664809667;-0.27999878;0.27999878;0.83999634
1521664809676;0.13999939;0.27999878;1.2599794
1521664809684;0.41999817;-0.27999878;0.069999695
1521664809724;0.27999878;-0.41999817;-1.539978
1521664809735;0.27999878;-0.41999817;-1.6099854
1521664809744;1.5399781;-1.0499878;-1.75
1521664809764;3.4299934;-3.0099487;-4.2698975
1521664809788;2.2399907;-4.199951;-6.579956
1521664809816;-5.039917;-6.6499023;-7.9799805
1521664809826;-11.059814;-7.48999;-14.909912
1521664809845;-10.8498535;-8.259766;-20.929688
1521664809849;-7.0;-9.0998535;-27.57959
1521664809864;-3.9899902;-9.869873;-34.36914
1521664809884;-5.039917;-10.779785;-45.84961
1521664809905;-5.1799316;-12.109863;-51.44922
1521664809910;-7.0699463;-15.469971;-56.69922
1521664809924;-2.6599731;-20.439941;-75.73828
1521664809945;5.179934;-18.899902;-85.18945
1521664809956;7.6999545;-19.739746;-96.87891
1521664809964;0.48999786;-23.869629;-103.38867
1521664809976;-4.9699707;-30.029785;-112.9082
1521664809984;-6.2999268;-33.109375;-122.63867
1521664809998;-13.719971;-32.05957;-127.75
1521664810006;-18.199707;-31.149902;-133.0
1521664810026;-23.72998;-37.30957;-147.41797
1521664810038;-14.699951;-35.41992;-158.19922
1521664810046;-3.289978;-30.09961;-165.33984
1521664810063;-2.869995;-26.879883;-169.60938
1521664810086;-9.519775;-28.20996;-178.5
1521664810105;-22.53955;-26.739746;-186.40625
1521664810126;-47.80957;-30.659668;-187.8789
1521664810138;-55.01953;-29.259766;-192.28906
1521664810147;-51.51953;-22.75;-197.04688
1521664810166;-49.69922;-10.709961;-203.27734
1521664810176;-44.729492;-6.159912;-207.33984
1521664810188;-49.069336;-2.4499512;-209.29688
1521664810205;-63.629883;-0.55999756;-208.25
1521664810209;-79.44922;0.20999908;-206.77734
1521664810224;-87.42969;5.3199487;-211.67969
1521664810239;-77.62891;11.199962;-213.91797
1521664810249;-71.609375;16.09964;-216.15625
1521664810264;-29.95996;28.279839;-218.67969
1521664810284;-18.339844;33.31946;-217.5586
1521664810305;-34.5791;28.4898;-216.4375
1521664810309;-50.3291;23.589888;-214.19922
1521664810325;-49.34961;32.130005;-206.5664
1521664810339;-28.069824;46.54998;-201.10938
1521664810358;8.189949;44.5197;-201.10938
1521664810367;-35.489258;18.619663;-201.8789
1521664810384;-12.529785;21.34965;-193.26953
1521664810405;7.979984;31.219786;-186.89844
1521664810416;-19.59961;30.939999;-173.52734
1521664810424;-1.1899719;30.939999;-162.53906
1521664810444;64.81885;31.149961;-140.76953
1521664810456;92.95969;27.579641;-133.0
1521664810468;102.69023;20.369667;-128.3789
1521664810484;106.11995;-4.409912;-119.62891
1521664810505;111.930534;-4.9699707;-108.84961
1521664810509;119.629814;-2.5899658;-98.0
1521664810525;134.5411;2.729981;-82.25
1521664810540;142.31076;1.0499879;-76.29883
1521664810549;150.5687;-5.039917;-70.76953
1521664810565;142.24045;-16.869629;-58.939453
1521664810584;127.0498;-7.909912;-38.70996
1521664810605;128.5918;-6.2299805;-30.869629
1521664810610;131.38872;-5.3199463;-22.75
1521664810625;129.22072;-6.6499023;-9.029785
1521664810644;106.46956;0.13999939;-3.079956
1521664810656;92.11984;4.9699726;-0.55999756
1521664810668;77.69981;11.549815;0.6299896
1521664810685;68.879425;12.319836;8.539803
1521664810705;60.759995;10.429941;11.479991
1521664810709;42.979652;9.799813;11.969981
1521664810725;17.42972;25.759813;15.469985
1521664810736;3.0099494;31.569883;14.769789
1521664810744;-10.429932;34.509895;17.079622
1521664810765;-16.09961;24.77983;21.00004
1521664810777;-12.389893;21.629923;24.219772
1521664810788;-9.169922;22.609905;27.929739
1521664810805;-7.909912;22.67973;30.239803
1521664810810;-10.079834;23.029829;31.359922
1521664810825;-20.019531;15.539809;36.819473
1521664810845;-3.8499756;18.409702;47.109554
1521664810856;3.359986;21.279825;54.529503
1521664810864;5.9499536;21.769571;59.3596
1521664810927;12.319836;27.019583;65.52003
1521664810936;29.750055;39.05972;80.28967
1521664810945;30.449764;35.06947;84.35025
1521664810956;26.80962;34.509895;88.19989
1521664810965;18.619663;38.639793;89.80927
1521664810977;14.979994;42.69938;91.000694
1521664810985;19.179724;44.449387;94.07884
1521664811005;34.22962;43.8195;101.85038
1521664811018;31.429747;43.539227;103.950005
1521664811025;22.049847;43.750164;102.40898
1521664811036;7.979984;44.17009;100.239044
1521664811045;-15.049805;47.59979;99.95974
1521664811056;-30.029785;53.550007;99.53982
1521664811069;-33.59961;58.519753;99.61013
1521664811088;-22.609863;52.149612;108.14926
1521664811109;-20.019531;49.069523;109.059425
1521664811127;-7.48999;52.849808;106.6805
1521664811132;-9.379883;54.179893;107.450035
1521664811148;-28.97998;62.85961;103.67071
1521664811160;-30.449707;67.96926;105.0008
1521664811170;-30.449707;67.12942;107.94027
1521664811179;-30.449707;63.420162;108.56918
1521664811189;-31.779785;59.56956;105.209785
1521664811218;-13.509766;59.289288;105.0008
1521664811227;-8.469971;58.939674;107.59066
1521664811232;-8.329834;59.14964;107.30941
1521664811248;-14.419922;59.079327;104.22931
1521664811268;-24.359863;57.050022;109.409035
1521664811288;-14.909912;54.389854;107.52035
1521664811318;-0.069999695;51.8;110.110214
1521664811327;1.2599794;49.489445;111.7196
1521664811331;1.0499879;47.25018;111.930534
1521664811348;-10.219971;43.46989;109.47935
1521664811362;-16.239746;44.86931;107.799644
1521664811371;-18.339844;48.71991;108.78012
1521664811388;-31.429688;48.71991;111.299675
1521664811413;-29.259766;48.85956;110.0399
1521664811427;-17.07959;48.71991;109.47935
1521664811432;-14.069824;45.2199;109.82896
1521664811441;-17.009766;39.47964;108.56918
1521664811454;-14.209961;32.4093;105.909004
1521664811465;-18.969727;34.789192;106.95979
1521664811487;-20.299805;38.14956;105.2801
1521664811490;-18.129883;42.34977;103.11016
1521664811517;-15.399902;46.479668;101.63944
1521664811528;-41.439453;30.659725;97.29957
1521664811537;-39.689453;27.649954;96.18042
1521664811545;-32.969727;27.230032;95.54955
1521664811558;-23.09961;28.4898;93.23899
1521664811565;-18.199707;30.449764;91.3503
1521664811587;-22.469727;31.639708;90.71944
1521664811590;-27.019531;31.009825;88.76044
1521664811617;-25.969727;28.139702;84.559235
1521664811628;-23.869629;23.659712;80.77991
1521664811637;-27.159668;22.469769;78.95958
1521664811646;-23.939941;22.189983;75.670494
1521664811658;-17.989746;24.079636;73.35993
1521664811678;-20.439941;27.299856;70.27983
1521664811693;-25.969727;24.710007;68.80911
1521664811706;-34.929688;20.369667;68.18021
1521664811718;-41.859375;11.899913;65.449715
1521664811725;-39.549805;11.899913;63.2102
1521664811737;-34.089844;14.419935;59.779522
1521664811746;-24.07959;18.059605;55.439663
1521664811768;-15.119873;19.459997;52.71016
1521664811778;-14.699951;16.239777;51.869335
1521664811794;-18.129883;12.459972;50.88984
1521664811806;-20.859863;9.239999;47.949398
1521664811810;-22.119629;8.469978;44.17009
1521664811827;-21.279785;10.429941;41.43961
1521664811830;-20.22998;13.299817;39.47964
1521664811847;-21.55957;15.750014;37.029438
1521664811850;-21.069824;15.25978;34.15931
1521664811868;-18.199707;13.089856;32.4093
1521664811878;-12.669922;7.2799106;29.399958
1521664811885;-9.029785;6.369998;26.389698
1521664811906;-7.48999;7.419925;21.769571
1521664811926;-7.0;9.309823;13.369885
1521664811946;-4.0599365;-0.13999939;7.6999545
1521664811966;-4.339966;-6.8599854;-0.20999908
1521664811978;-5.1799316;-7.909912;-4.339966
1521664811986;-8.189941;-7.48999;-6.789917
1521664812007;-9.519775;-8.189941;-12.73999
1521664812010;-3.8499756;-9.939941;-22.049805
1521664812026;1.1199952;-13.929932;-33.25
1521664812046;-13.859863;-23.169922;-46.479492
1521664812058;-18.269531;-26.03955;-56.489258
1521664812066;-20.019531;-27.439941;-60.969727
1521664812078;-18.05957;-27.719727;-68.458984
1521664812086;-16.869629;-29.469727;-77.41992
1521664812107;-10.98999;-31.70996;-88.54883
1521664812110;-1.6099854;-34.36914;-97.578125
1521664812127;2.2399907;-37.589844;-110.25
1521664812146;-2.4499512;-38.5;-122.56836
1521664812166;-4.9699707;-45.63965;-133.0
1521664812179;-7.3499756;-49.76953;-142.9375
1521664812190;-5.529907;-51.379883;-149.23828
1521664812201;-6.369995;-53.05957;-154.34766
1521664812218;-2.9399414;-45.0791;-166.59766
1521664812230;-6.6499023;-39.759766;-171.00781
1521664812246;-24.07959;-42.90918;-175.20703
1521664812266;-30.239746;-49.0;-184.86719
1521664812286;-25.129883;-49.41992;-192.63672
1521664812307;-19.45996;-34.929688;-200.40625
1521664812318;-25.549805;-25.689941;-203.0
1521664812331;-37.86914;-22.679688;-204.32812
1521664812341;-51.44922;-23.09961;-207.1289
1521664812351;-52.84961;-20.57959;-212.02734
1521664812366;-46.339844;-8.889893;-214.1289
1521664812387;-61.45996;-6.8599854;-214.89844
1521664812407;-48.649414;-6.6499023;-215.94922
1521664812419;-61.59961;-14.48999;-218.88672
1521664812446;-59.289062;-12.669922;-219.02734
1521664812458;-23.449707;5.0399194;-212.58984
1521664812466;-44.44922;-1.3999939;-213.00781
1521664812478;-52.0791;0.13999939;-210.6289
1521664812486;-41.859375;9.93995;-205.65625
1521664812515;-16.239746;20.859901;-199.35938
1521664812527;-3.0099487;6.9299345;-182.34766
1521664812558;23.169966;7.4899936;-157.70703
1521664812566;9.239999;0.69999695;-153.50781
1521664812588;-3.5699463;2.939942;-144.75781
1521664812591;6.649905;13.089856;-130.33984
1521664812606;26.319874;18.829624;-116.19922
1521664812610;36.32924;14.769789;-104.92969
1521664812627;36.819473;-1.6799927;-86.09961
1521664812638;41.579258;-1.539978;-77.2793
1521664812646;45.710133;-1.3999939;-68.87891
1521664812658;43.04997;-2.2399902;-62.789062
1521664812669;36.049942;-2.5199585;-58.589844
1521664812686;27.299856;0.6299896;-47.25
1521664812708;24.849655;1.1199952;-41.15918
1521664812712;19.87992;2.2399907;-34.789062
1521664812727;22.819866;-0.069999695;-22.119629
1521664812738;24.219772;-8.609863;-15.75
1521664812746;24.079636;-10.639893;-12.669922
1521664812767;23.029829;-7.279907;-7.0
1521664812786;18.480015;0.20999908;-0.9099884
1521664812807;15.609878;2.099976;3.8499763
1521664812828;12.459972;1.189972;5.3199487
1521664812831;11.619884;1.4699708;7.2799106
1521664812848;14.069838;1.6799928;10.70997
1521664812851;17.849642;0.9099884;13.439954
1521664812872;21.55961;1.1199952;18.269566
1521664812887;19.1099;5.389895;22.329632
1521664812924;17.919954;5.6699243;24.710007
1521664812935;18.339878;5.809939;35.630016
1521664812947;23.589888;9.16993;44.59001
1521664812958;26.599659;11.689952;48.92987
1521664812967;29.609919;10.99;55.509975
1521664812987;26.109913;8.39991;62.579338
1521664813008;29.960016;12.250011;76.78964
1521664813027;35.909313;16.659698;88.340515
1521664813047;31.569883;18.409702;96.389404
1521664813067;31.71002;22.11967;108.85043
1521664813087;34.789192;27.089895;124.600555
1521664813107;25.199755;27.15972;130.90042
1521664813128;25.409716;30.869686;136.36145
1521664813147;17.009798;32.549927;149.02962
1521664813167;-1.539978;33.739384;150.22104
1521664813182;-8.609863;39.26968;152.67029
1521664813192;-11.199951;47.6701;159.31883
1521664813216;-32.19922;50.399605;157.92036
1521664813224;-34.509766;54.670128;158.90085
1521664813231;-30.799805;54.389854;162.54153
1521664813247;-18.969727;51.729687;162.68216
1521664813267;-0.41999817;41.85953;167.09239
1521664813287;9.729989;36.819473;160.229
1521664813307;11.479991;35.349743;155.47112
1521664813328;7.349979;47.389828;149.17024
1521664813347;0.34999847;49.000187;154.49063
1521664813367;-27.859863;39.61929;145.38893
1521664813379;-26.319824;38.77944;142.59201
1521664813389;-14.699951;41.09;146.15848
1521664813416;-25.689941;36.819473;141.88887
1521664813424;-35.13965;34.719856;135.52159
1521664813433;-32.759766;34.649544;135.52159
1521664813443;-22.259766;35.06947;137.54897
1521664813451;-21.0;33.88001;138.88101
1521664813461;-26.03955;32.19934;136.84973
1521664813470;-28.20996;32.19934;132.86139
1521664813494;-23.379883;34.299934;130.68948
1521664813512;-20.509766;34.719856;130.54886
1521664813522;-22.049805;33.250126;129.22072
1521664813532;-21.909668;30.659725;128.16992
1521664813543;-25.199707;24.429733;125.370094
1521664813588;-46.339844;20.579628;127.0498
1521664813592;-26.529785;23.869673;103.80938
1521664813615;-14.209961;23.029829;92.11984
1521664813626;-23.519531;20.01957;86.799484
1521664813647;-23.30957;22.67973;84.42056
1521664813658;-22.049805;20.719765;82.600235
1521664813670;-16.589844;19.529821;77.279884
1521664813683;-10.779785;19.599646;72.30914
1521664813692;-5.669922;19.389685;67.27004
1521664813708;11.339854;22.189983;56.48947
1521664813727;10.149912;18.129917;50.75019
1521664813748;2.7999883;15.119887;50.539253
1521664813767;-7.419922;15.189956;46.54998
1521664813779;-6.2999268;17.079622;44.17009
1521664813795;-5.8099365;19.809607;42.840004
1521664813828;-14.419922;16.730011;35.000134
1521664813830;-17.639648;15.119887;32.899536
1521664813853;-15.119873;15.189956;29.679743
1521664813871;-19.80957;13.1599245;29.609919
1521664813894;-13.439941;13.929944;23.519575
1521664813908;-5.529907;15.750014;18.549839
1521664813928;-2.3799438;10.849863;11.759776
1521664813948;-2.0999756;3.5000007;5.389895
1521664813968;-1.8899841;-2.869995;-1.6799927
1521664813988;0.13999939;-7.419922;-11.969971
1521664814014;2.5899663;-7.699951;-20.369629
1521664814028;8.750008;-10.639893;-29.049805
1521664814048;5.599978;-19.45996;-39.759766
1521664814060;4.9699726;-23.72998;-47.45996
1521664814069;5.6699243;-26.319824;-55.089844
1521664814088;7.2099643;-25.689941;-65.51953
1521664814112;-6.089966;-32.899414;-78.328125
1521664814120;-8.399902;-39.05957;-88.33984
1521664814131;-3.7799683;-41.299805;-99.67969
1521664814148;-11.409912;-40.66992;-108.28906
1521664814160;-20.57959;-46.129883;-116.61914
1521664814169;-17.219727;-48.929688;-129.21875
1521664814180;-0.69999695;-42.279297;-140.0
1521664814193;14.979994;-32.19922;-145.8086
1521664814212;4.3399677;-36.259766;-154.5586
1521664814220;-0.69999695;-46.969727;-164.77734
1521664814232;0.27999878;-46.689453;-176.25781
1521664814248;10.289804;-38.91992;-192.77734
1521664814263;5.7399926;-39.479492;-195.08984
1521664814269;-10.079834;-45.219727;-194.52734
1521664814288;-26.179688;-48.229492;-207.75781
1521664814304;-22.049805;-38.009766;-213.84766
1521664814309;-25.199707;-30.239746;-218.04688
1521664814328;-40.879883;-30.30957;-223.57812
1521664814348;-46.129883;-28.0;-224.97656
1521664814368;-26.109863;-17.359863;-228.96875
1521664814388;-32.899414;-18.619629;-229.17969
1521664814391;-40.529297;-19.739746;-231.20703
1521664814416;-44.799805;-17.149902;-232.39844
1521664814425;-32.129883;6.0199003;-228.1289
1521664814429;-24.219727;12.179943;-223.01953
1521664814440;-35.41992;5.179934;-217.69922
1521664814463;-18.05957;-6.2999268;-217.20703
1521664814476;-5.949951;-10.219971;-213.5664
1521664814481;-14.279785;-14.559814;-207.61719
1521664814496;-28.489746;-13.649902;-203.27734
1521664814513;-22.95996;8.819832;-194.45703
1521664814528;-27.439941;31.079649;-177.86719
1521664814544;-17.779785;38.710106;-171.84766
1521664814554;6.5098906;40.599762;-163.3789
1521664814568;5.3199487;0.48999786;-149.79688
1521664814580;2.5899663;-5.879883;-143.42969
1521664814589;6.369998;-0.41999817;-137.33984
1521664814605;9.589852;12.389904;-128.9375
1521664814610;14.699965;26.179737;-118.509766
1521664814628;37.2394;30.029842;-92.67969
1521664814648;43.189617;4.7598896;-75.31836
1521664814660;48.789246;-3.289978;-69.228516
1521664814676;56.979706;-8.889893;-57.819336
1521664814681;57.39963;-10.98999;-53.05957
1521664814696;52.569534;-10.009766;-49.90918
1521664814705;44.30974;-6.159912;-46.549805
1521664814714;38.56948;-0.9099884;-42.41992
1521664814733;21.769571;1.8899843;-36.189453
1521664814740;11.829844;0.6299896;-33.529297
1521664814757;8.259773;-3.0099487;-29.889648
1521664814762;8.469978;-7.5599365;-24.919922
1521664814772;10.359873;-8.329834;-19.319824
1521664814794;15.889907;2.519959;-10.8498535
1521664814814;1.5399781;4.0599384;-8.889893
1521664814828;-3.289978;3.2899787;-6.579956
1521664814844;2.3799443;4.4799824;-1.8899841
1521664814853;7.4899936;7.0699496;2.0299687
1521664814865;13.719983;9.729989;5.7399926
1521664814869;18.829624;9.309823;11.969981
1521664814884;24.989792;5.879885;16.519562
1521664814889;33.31946;2.1699834;23.23979
1521664814914;40.880035;1.8899843;28.279839
1521664814924;38.00991;6.159915;29.679743
1521664814929;35.48939;8.8899;31.50006
1521664814944;32.619263;10.21998;33.739384
1521664814949;28.349663;12.179943;36.679825
1521664814965;25.409716;13.929944;39.61929
1521664814969;23.44975;14.209974;43.329266
1521664814985;17.500032;13.369885;46.89959
1521664814989;14.000013;13.719983;49.349796
1521664815014;10.919931;10.779795;58.23948
1521664815024;6.649905;10.359873;60.199448
1521664815029;4.4799824;10.70997;63.34985
1521664815040;3.0099494;12.669933;68.60013
1521664815049;3.0099494;15.679946;75.52987
1521664815060;5.809939;18.059605;83.71938
1521664815069;10.849863;19.250036;91.27999
1521664815081;17.009798;20.299843;98.06911
1521664815089;24.639694;19.31986;105.35041
1521664815104;28.629936;16.169952;112.20984
1521664815109;26.389698;14.000013;117.389565
1521664815121;15.469985;22.819866;123.899376
1521664815129;14.209974;32.339966;128.6582
1521664815140;16.939972;39.47964;135.17003
1521664815149;20.43998;44.93962;143.36156
1521664815175;23.589888;46.34002;149.79915
1521664815182;21.210001;40.880035;152.25232
1521664815197;18.480015;29.539606;156.31097
1521664815216;16.799835;30.939999;160.15869
1521664815224;24.500046;47.03924;168.13928
1521664815229;23.029829;52.009964;174.86203
1521664815241;17.779818;51.659374;174.6511
1521664815249;14.909925;50.96015;172.20184
1521664815275;11.549815;46.34002;173.88155
1521664815294;-5.73999;51.869335;171.01042
1521664815314;10.50001;54.389854;176.19019
1521664815321;16.589874;50.11933;180.04181
1521664815329;9.519784;44.93962;177.65895
1521664815341;6.5098906;43.67985;171.85027
1521664815349;14.769789;48.71991;171.36198
1521664815377;7.139896;53.19942;169.81898
1521664815395;-15.189941;57.889866;163.86967
1521664815427;-12.879883;72.94;167.02208
1521664815433;-17.219727;73.92048;165.34236
1521664815454;-29.32959;70.90874;159.1118
1521664815461;-25.199707;71.189995;157.36177
1521664815473;-15.049805;75.18026;157.15083
1521664815485;-11.689941;77.20957;157.63911
1521664815490;-16.589844;75.94979;158.34225
1521664815516;-23.659668;74.54939;152.88123
1521664815525;-15.049805;75.87948;148.68195
1521664815530;-13.22998;75.039635;147.56084
1521664815545;-14.97998;72.59039;146.15848
1521664815549;-17.149902;69.43998;143.43187
1521664815566;-23.239746;66.920425;141.40059
1521664815571;-36.259766;63.069576;140.13885
1521664815585;-34.859375;60.340073;135.93956
1521664815589;-24.84961;59.3596;131.38872
1521664815605;-22.889648;57.819553;129.36134
1521664815610;-27.57959;54.670128;128.72852
1521664815622;-33.109375;50.67988;127.12011
1521664815629;-35.55957;47.389828;124.11032
1521664815641;-36.819336;45.2199;120.88959
1521664815649;-39.479492;42.069496;117.670815
1521664815661;-40.94922;37.589985;112.90906
1521664815684;-39.759766;32.619263;106.75081
1521664815698;-27.929688;23.799849;89.9499
1521664815719;-23.589844;22.88969;85.4694
1521664815738;-22.95996;18.899937;73.85017
1521664815746;-21.909668;15.329848;67.61965
1521664815754;-20.57959;11.549815;60.759995
1521664815766;-13.649902;2.3799443;43.25993
1521664815771;-8.959961;-1.1899719;38.429832
1521664815794;-9.449951;-4.619995;25.059618
1521664815825;-11.059814;-5.459961;7.0000033
1521664815832;-12.73999;-9.309814;-4.5499268
1521664815854;-18.269531;-15.189941;-13.859863
1521664815872;-11.339844;-17.429688;-23.029785
1521664815885;-2.0299683;-16.519531;-28.699707
1521664815890;2.729981;-14.139893;-30.449707
1521664815915;6.2299833;-12.319824;-33.38965
1521664815926;8.750008;-14.909912;-36.88965
1521664815930;14.209974;-17.219727;-42.34961
1521664815945;21.839884;-19.03955;-48.859375
1521664815950;24.289597;-20.22998;-52.779297
1521664815966;18.339878;-20.78955;-55.01953
1521664815970;7.4899936;-21.629883;-58.51953
1521664815986;3.359986;-22.819824;-66.56836
1521664815990;6.2299833;-23.939941;-71.46875
1521664816015;-3.289978;-31.84961;-72.09961
1521664816026;-13.159912;-41.509766;-82.03906
1521664816030;-11.47998;-41.15918;-91.55859
1521664816045;-11.689941;-37.44922;-95.33984
1521664816050;-17.5;-37.029297;-97.78906
1521664816067;-23.30957;-40.45996;-105.0
1521664816071;-19.389648;-43.539062;-117.66992
1521664816086;-5.529907;-42.55957;-127.75
1521664816090;-2.7999878;-43.259766;-128.9375
1521664816115;3.149964;-51.86914;-148.60938
1521664816126;6.2299833;-53.40918;-153.15625
1521664816130;1.2599794;-55.01953;-153.85938
1521664816145;-5.459961;-57.75;-160.22656
1521664816150;-5.669922;-59.70996;-165.89844
1521664816166;1.3299867;-59.149414;-173.3164
1521664816171;14.909925;-54.80957;-181.36719
1521664816186;26.80962;-50.75;-187.25
1521664816190;32.689575;-51.51953;-190.88672
1521664816206;35.769665;-54.25;-193.1289
1521664816211;28.419975;-57.259766;-193.26953
1521664816222;14.769789;-60.969727;-196.0
1521664816230;5.1099877;-66.14844;-200.0586
1521664816242;-10.219971;-71.18945;-201.8086
1521664816250;-19.739746;-68.31836;-207.1289
1521664816262;-11.129883;-59.84961;-210.27734
1521664816273;-5.8099365;-53.8291;-210.97656
1521664816285;-0.69999695;-49.279297;-210.5586
1521664816293;0.20999908;-47.739258;-210.13672
1521664816312;-11.339844;-48.299805;-210.27734
1521664816320;-28.839844;-48.439453;-209.78906
1521664816336;-75.94922;-43.11914;-210.5586
1521664816345;-90.1582;-38.009766;-211.25781
1521664816353;-104.01953;-30.72998;-209.36719
1521664816376;-102.05859;-21.419922;-208.25
1521664816384;-72.16992;-0.769989;-208.03906
1521664816398;-44.16992;1.4699708;-200.1289
1521664816417;-51.589844;-10.429932;-196.20703
1521664816425;-63.489258;-15.679932;-179.89844
1521664816430;-58.239258;-7.629883;-174.57812
1521664816442;-42.489258;0.34999847;-171.5
1521664816450;-40.66992;3.569947;-167.64844
1521664816462;-47.039062;6.0899687;-163.58984
1521664816483;-9.0998535;21.210001;-151.96875
1521664816490;1.1199952;12.599865;-148.1875
1521664816526;-38.91992;-8.049805;-142.86719
1521664816533;-10.289795;7.2099643;-136.5664
1521664816555;24.429733;10.99;-124.17969
1521664816573;6.0199003;3.2199714;-124.66992
1521664816582;8.119881;0.34999847;-123.68945
1521664816594;16.449738;3.569947;-110.66992
1521664816606;22.329632;7.839969;-101.63867
1521664816611;29.679743;10.429941;-93.728516
1521664816623;35.559704;7.839969;-87.14844
1521664816630;37.2394;3.569947;-80.91992
1521664816642;46.409355;2.729981;-72.6582
1521664816650;62.43969;2.729981;-64.46875
1521664816678;76.02011;-2.169983;-51.729492
1521664816688;64.680176;-6.089966;-44.939453
1521664816696;53.40938;-6.7199707;-36.88965
1521664816737;53.829304;-2.3099976;-28.34961
1521664816748;56.000214;2.3799443;-21.97998
1521664816756;58.02952;6.159915;-15.119873
1521664816768;56.840057;-0.48999786;-5.5999756
1521664816777;36.819473;-9.0998535;0.34999847
1521664816796;16.169952;5.599978;1.7500001
1521664816826;7.979984;11.059825;4.4799824
1521664816833;6.9299345;3.6399543;13.369885
1521664816855;10.009775;3.2199714;18.129917
1521664816875;10.569834;4.4799824;21.769571
1521664816886;11.409923;7.0000033;24.289597
1521664816891;12.599865;8.959969;27.509817
1521664816915;21.139688;11.199962;35.699352
1521664816927;22.960003;10.0798435;42.420082
1521664816931;21.699747;9.379891;45.63982
1521664816946;20.929726;8.750008;49.76972
1521664816951;21.98002;9.93995;54.389854
1521664816966;25.199755;13.369885;59.779522
1521664816971;28.559624;17.359896;66.289566
1521664816987;30.37994;18.059605;72.23883
1521664816991;28.69976;17.42972;77.279884
1521664817015;20.719765;20.089882;89.25068
1521664817023;18.899937;21.210001;92.81906
1521664817031;15.189956;25.059618;96.87964
1521664817043;5.4599633;30.659725;102.34062
1521664817051;-4.409912;29.750055;103.67071
1521664817062;-16.09961;28.909721;105.42072
1521664817071;-22.049805;28.419975;109.340675
1521664817083;-20.859863;28.980034;114.59071
1521664817091;-18.689941;31.779844;120.6806
1521664817105;-11.549805;34.299934;127.54003
1521664817112;-10.709961;33.31946;131.04106
1521664817124;-26.109863;31.28961;126.42088
1521664817131;-49.0;35.420055;119.42083
1521664817143;-63.839844;41.369297;116.27042
1521664817151;-65.37891;44.93962;120.469666
1521664817177;-48.5791;38.14956;137.131
1521664817196;-42.90918;26.179737;137.68959
1521664817226;-29.95996;28.279839;143.22093
1521664817233;-38.219727;37.729633;150.29135
1521664817243;-37.239258;42.34977;151.61949
1521664817255;-28.55957;42.90934;154.63126
1521664817266;-24.359863;35.139782;160.229
1521664817271;-13.159912;19.389685;164.99078
1521664817283;-2.7299805;11.619884;166.25253
1521664817291;3.7099617;7.4899936;165.97127
1521664817307;13.369885;9.44996;166.31894
1521664817312;15.959975;11.899913;166.95175
1521664817324;5.389895;14.909925;166.11191
1521664817331;-13.159912;21.210001;164.56891
1521664817343;-32.05957;29.25982;164.99078
1521664817351;-36.049805;36.9601;166.81113
1521664817377;-26.529785;39.26968;172.97137
1521664817395;-40.109375;28.069878;170.45181
1521664817427;-24.919922;27.230032;171.56902
1521664817433;-16.029785;28.279839;175.56126
1521664817445;-12.319824;29.329645;171.01042
1521664817451;-9.0998535;33.250126;168.97913
1521664817463;-20.859863;33.739384;170.59244
1521664817471;-35.0;30.309628;167.1588
1521664817487;-39.549805;24.989792;163.79936
1521664817491;-28.489746;22.960003;163.65874
1521664817516;-23.09961;18.269566;158.54929
1521664817528;-19.109863;16.3096;150.50229
1521664817533;-16.239746;17.42972;147.70146
1521664817547;-22.259766;19.31986;148.4007
1521664817551;-33.039062;18.829624;147.49052
1521664817567;-38.989258;15.959975;144.40845
1521664817571;-33.45996;13.089856;138.2521
1521664817588;-23.379883;13.019788;130.2012
1521664817593;-14.629883;15.189956;122.98921
1521664817616;-19.389648;15.609878;111.299675
1521664817624;-19.669922;16.169952;104.159
1521664817631;-21.55957;17.919954;99.61013
1521664817644;-24.429688;17.219759;95.619865
1521664817651;-21.839844;15.329848;87.21941
1521664817667;-20.719727;11.899913;77.9791
1521664817676;-19.879883;10.21998;69.930214
1521664817687;-20.299805;9.589852;62.22973
1521664817691;-24.359863;8.609871;56.06955
1521664817716;-15.75;8.539803;36.889786
1521664817724;-6.2999268;8.189949;26.669971
1521664817731;-0.069999695;5.809939;19.179724
1521664817744;2.2399907;2.3799443;15.119887
1521664817752;1.3299867;0.48999786;10.429941
1521664817763;3.5000007;1.399994;1.6099855
1521664817771;7.419925;2.6599736;-5.5999756
1521664817787;10.009775;3.9199836;-11.549805
1521664817792;9.93995;4.0599384;-19.45996
1521664817828;24.56987;3.359986;-42.41992
1521664817833;26.0396;2.729981;-45.5
1521664817857;23.939985;-5.459961;-48.5791
1521664817875;17.989779;-8.679932;-53.969727
1521664817896;20.43998;-6.369995;-59.91992
1521664817915;26.879932;-7.5599365;-62.719727
1521664817928;26.0396;-13.369873;-65.6582
1521664817932;23.939985;-18.689941;-68.38867
1521664817948;21.839884;-21.0;-72.16992
1521664817952;22.189983;-18.969727;-75.25
1521664817963;20.159706;-19.179688;-78.53906
1521664817972;19.179724;-21.069824;-85.46875
1521664817984;18.899937;-22.819824;-92.609375
1521664817992;18.829624;-23.869629;-96.25
1521664818015;12.529797;-26.45996;-98.34961
1521664818021;5.6699243;-30.30957;-102.05859
1521664818038;-2.7999878;-36.11914;-111.578125
1521664818046;-3.919983;-37.51953;-117.458984
1521664818055;1.0499879;-37.239258;-126.83984
1521664818077;30.659725;-24.5;-140.5586
1521664818097;32.96985;-35.55957;-152.45703
1521664818128;24.149948;-39.479492;-161.83984
1521664818134;12.740002;-38.70996;-172.89844
1521664818144;2.1699834;-36.88965;-175.48828
1521664818153;-4.199951;-33.66992;-179.33984
1521664818176;-24.989746;-35.979492;-189.69922
1521664818188;-32.129883;-44.51953;-191.9375
1521664818192;-26.80957;-43.88965;-195.08984
1521664818216;-24.70996;-35.279297;-198.79688
1521664818228;-24.70996;-29.189941;-200.89844
1521664818232;-31.429688;-24.149902;-202.36719
1521664818247;-37.939453;-18.409668;-204.95703
1521664818257;-35.90918;-11.199951;-208.59766
1521664818264;-28.629883;-3.6399536;-212.09766
1521664818273;-26.179688;1.8199769;-213.77734
1521664818284;-33.80957;3.779969;-214.47656
1521664818292;-39.26953;2.6599736;-217.27734
1521664818308;-29.259766;2.5899663;-217.13672
1521664818313;-16.72998;2.5899663;-214.89844
1521664818324;-9.169922;-3.0099487;-216.15625
1521664818333;-14.209961;-13.859863;-218.67969
1521664818344;-31.219727;-22.119629;-218.67969
1521664818352;-49.13965;-20.22998;-216.4375
1521664818377;-35.489258;11.689952;-203.0
1521664818398;11.969981;35.630016;-185.5664
1521664818427;26.46001;-2.5199585;-170.23828
1521664818429;34.859505;-21.839844;-164.77734
1521664818444;54.03927;-26.80957;-144.1289
1521664818452;66.21925;-20.22998;-135.02734
1521664818464;56.909393;-15.889893;-128.3789
1521664818472;37.44936;-10.149902;-122.84961
1521664818493;10.70997;5.4599633;-109.26953
1521664818516;12.669933;16.519562;-84.48828
1521664818528;10.0798435;10.569834;-76.859375
1521664818533;14.349867;3.2199714;-69.578125
1521664818553;34.859505;-12.529785;-51.379883
1521664818568;32.829224;-12.669922;-45.149414
1521664818572;30.029842;-6.5098877;-40.94922
1521664818588;22.329632;2.4499516;-36.539062
1521664818593;17.779818;9.16993;-31.70996
1521664818618;28.629936;2.4499516;-19.109863
1521664818625;18.409702;-4.6899414;-15.329834
1521664818632;25.68999;-3.8499756;-12.179932
1521664818646;36.819473;-1.75;-5.949951
1521664818653;42.279457;-0.069999695;-0.20999908
1521664818673;24.009811;-0.20999908;-1.0499878
1521664818688;13.089856;-2.6599731;-4.0599365
1521664818693;5.389895;-4.5499268;-3.709961
1521664818717;6.5098906;-1.75;1.189972
1521664818725;7.769901;2.0299687;3.0799568
1521664818732;8.119881;4.0599384;4.6899433
1521664818744;3.359986;1.6099855;5.5299096
1521664818753;-2.0299683;-2.7999878;5.1099877
1521664818773;-4.4799805;-2.4499512;8.679939
1521664818784;-4.409912;1.189972;9.729989
1521664818793;-4.199951;3.6399543;11.549815
1521664818817;-1.0499878;6.369998;18.7598
1521664818838;2.729981;2.7999883;26.879932
1521664818856;15.539809;8.679939;38.500145
1521664818876;17.009798;8.39991;44.449387
1521664818879;17.079622;8.259773;50.259956
1521664818898;28.980034;12.599865;65.02979
1521664818927;39.26968;13.859876;78.68028
1521664818934;36.39955;11.269786;86.5905
1521664818948;35.349743;12.599865;90.930374
1521664818953;35.139782;14.2797985;94.7097
1521664818974;43.119305;27.929739;107.2391
1521664818993;52.359573;26.25005;117.739174
1521664819018;32.19934;18.619663;124.73923
1521664819034;21.069864;28.279839;130.2012
1521664819044;23.730024;33.179813;135.38097
1521664819053;22.67973;35.630016;138.67007
1521664819064;12.039806;38.500145;137.68959
1521664819074;6.2999296;43.39958;136.99036
1521664819085;12.879894;48.649597;145.31862
1521664819093;9.029794;47.46014;149.86946
1521664819108;-2.3799438;47.949398;148.61163
1521664819113;-11.549805;52.779495;144.97095
1521664819125;-10.709961;58.23948;145.7405
1521664819133;-11.689941;59.429913;150.84995
1521664819145;-18.409668;60.61937;154.2797
1521664819153;-17.28955;62.579338;154.77188
1521664819174;-13.719971;59.849834;154.49063
1521664819179;-15.119873;56.27951;153.43983
1521664819197;-21.55957;52.359573;148.33038
1521664819221;-18.619629;54.670128;149.86946
1521664819235;-31.919922;47.6701;148.26007
1521664819245;-29.679688;50.75019;146.2991
1521664819258;-15.259766;56.349823;150.50229
1521664819275;-9.939941;51.099804;154.70157
1521664819295;-14.839844;50.469917;146.15848
1521664819317;-15.259766;43.119305;143.84984
1521664819325;-8.889893;43.750164;144.90063
1521664819333;-9.309814;44.099777;146.8616
1521664819345;-16.379883;43.960125;146.09207
1521664819354;-20.299805;43.960125;141.40059
1521664819375;-17.5;44.17009;136.99036
1521664819379;-15.119873;46.89959;138.45914
1521664819398;-32.899414;45.569508;140.4201
1521664819421;-33.319336;44.099777;138.45914
1521664819435;-14.0;47.46014;139.02165
1521664819445;-12.73999;42.55973;134.95908
1521664819457;-11.549805;35.909313;131.45903
1521664819465;-10.429932;31.569883;129.77931
1521664819473;-7.209961;31.639708;125.790016
1521664819494;-2.0999756;38.710106;118.64934
1521664819514;-17.07959;38.710106;116.76065
1521664819525;-22.95996;30.239803;111.78991
1521664819533;-28.34961;24.009811;108.639496
1521664819545;-23.72998;21.069864;100.59061
1521664819554;-14.48999;22.469769;92.11984
1521664819578;-16.519531;23.23979;83.29946
1521664819598;-25.759766;19.039587;73.63923
1521664819625;-26.949707;18.339878;69.02006
1521664819636;-24.009766;14.069838;54.460167
1521664819645;-18.129883;12.319836;44.93962
1521664819666;-7.419922;10.919931;30.37994
1521664819673;-5.039917;11.339854;26.949757
1521664819685;-7.909912;10.359873;25.409716
1521664819697;-12.5998535;7.0000033;23.169966
1521664819715;-14.139893;3.0799568;19.250036
1521664819719;-13.719971;0.9099884;15.25978
1521664819733;-7.279907;-2.0299683;7.6999545
1521664819745;-6.579956;-4.7598877;3.569947
1521664819754;-4.5499268;-7.5599365;0.27999878
1521664819766;-4.619995;-8.539795;-4.339966
1521664819774;-3.5699463;-7.0;-7.419922
1521664819786;-0.9799957;-5.25;-9.869873
1521664819795;1.8899843;-4.2698975;-12.319824
1521664819817;4.8999043;-5.1099854;-15.049805
1521664819826;12.809826;-12.179932;-19.80957
1521664819834;14.769789;-14.909912;-23.379883
1521664819846;15.25978;-15.189941;-29.119629
1521664819868;22.88969;-16.30957;-41.509766
1521664819886;12.949963;-24.28955;-52.009766
1521664819901;4.0599384;-28.699707;-55.929688
1521664819916;-6.2999268;-35.76953;-59.779297
1521664819926;-7.839966;-41.36914;-76.509766
1521664819934;-3.9899902;-38.219727;-88.26953
1521664819945;-3.9899902;-36.049805;-98.41992
1521664819954;-0.55999756;-38.0791;-105.9082
1521664819964;-1.4699707;-39.61914;-113.39844
1521664819976;-4.619995;-40.38965;-119.55859
1521664819996;-2.9399414;-51.939453;-137.47656
1521664820015;-0.41999817;-55.089844;-150.91797
1521664820036;11.899913;-54.529297;-163.86719
1521664820048;10.849863;-53.549805;-168.34766
1521664820057;12.669933;-51.16992;-175.34766
1521664820075;10.50001;-50.189453;-187.45703
1521664820094;5.0399194;-52.91992;-199.35938
1521664820115;-6.6499023;-57.3291;-206.28906
1521664820119;-22.75;-59.84961;-208.8789
1521664820135;-39.689453;-57.609375;-214.82812
1521664820158;-38.009766;-38.569336;-216.64844
1521664820166;-36.049805;-33.45996;-220.5664
1521664820174;-35.629883;-30.589844;-222.8086
1521664820186;-36.679688;-29.399902;-224.6289
1521664820194;-36.3291;-27.719727;-227.5664
1521664820214;-53.479492;-24.429688;-225.60938
1521664820226;-59.84961;-21.0;-224.83984
1521664820234;-57.399414;-15.75;-224.13672
1521664820246;-56.13965;-10.779785;-221.47656
1521664820254;-58.65918;-8.539795;-217.48828
1521664820266;-63.489258;-8.679932;-212.9375
1521664820276;-70.76953;-9.0998535;-206.84766
1521664820288;-73.98828;-4.6899414;-200.19922
1521664820297;-60.05957;7.0000033;-193.82812
1521664820316;-36.95996;23.169966;-187.25
1521664820324;-25.899902;33.31946;-182.6289
1521664820335;-34.509766;31.919981;-179.26953
1521664820340;-30.09961;27.36968;-176.88672
1521664820357;-26.669922;4.5499287;-171.77734
1521664820381;-18.549805;-1.3299866;-162.75
1521664820398;27.299856;-7.909912;-141.75
1521664820403;17.42972;-18.619629;-136.5
1521664820427;-8.679932;-17.429688;-115.21875
1521664820434;24.429733;24.77983;-80.359375
1521664820446;46.409355;29.469782;-67.4082
1521664820463;36.9601;11.549815;-63.279297
1521664820469;27.15972;-7.0;-59.149414
1521664820488;36.9601;-19.389648;-54.38965
1521664820495;55.649624;-14.839844;-37.799805
1521664820514;69.299355;0.769989;-28.139648
1521664820527;74.69002;14.349867;-10.919922
1521664820534;62.09008;4.2698994;-5.529907
1521664820548;52.989456;-6.369995;-1.4699707
1521664820554;50.049995;-12.109863;6.5098906
1521664820566;55.15939;-11.059814;10.779795
1521664820574;60.199448;-7.909912;13.089856
1521664820588;58.6594;-4.339966;15.539809
1521664820594;55.300014;-1.8899841;18.129917
1521664820616;48.649597;0.13999939;20.64994
1521664820627;37.799946;0.69999695;21.839884
1521664820634;27.439993;2.4499516;22.819866
1521664820646;21.210001;4.8999043;23.23979
1521664820654;14.699965;6.7199736;24.35991
1521664820681;12.459972;6.859988;29.329645
1521664820698;13.229993;0.769989;35.630016
1521664820703;13.719983;-0.27999878;38.920067
1521664820727;16.239777;7.629886;46.75994
1521664820734;17.219759;15.119887;54.03927
1521664820746;12.949963;15.399917;56.909393
1521664820764;7.629886;14.490004;60.26976
1521664820774;-0.6299896;12.529797;68.80911
1521664820796;-5.8099365;16.09964;76.578705
1521664820799;-1.1199951;19.87992;82.3893
1521664820828;7.0000033;20.089882;93.729225
1521664820835;1.8899843;22.609905;103.03985
1521664820855;1.6799928;25.339891;109.690285
1521664820875;-12.319824;22.750042;112.350464
1521664820895;-19.03955;18.269566;118.44035
1521664820915;-13.579834;25.480028;125.86033
1521664820927;-15.399902;24.989792;127.68066
1521664820934;-27.57959;21.629923;126.70018
1521664820946;-32.05957;22.329632;126.209946
1521664820955;-24.219727;26.739796;129.63869
1521664820967;-16.029785;31.009825;134.95908
1521664820990;-15.189941;32.130005;136.56848
1521664821004;-31.989746;25.759813;132.50983
1521664821029;-33.529297;23.869673;133.20906
1521664821043;-21.419922;27.089895;143.56859
1521664821052;-17.70996;27.789602;144.83032
1521664821060;-15.119873;28.279839;144.47876
1521664821076;-19.319824;24.500046;146.93192
1521664821097;-26.109863;24.429733;147.63115
1521664821100;-26.949707;28.279839;150.99057
1521664821127;-19.669922;33.250126;156.24066
1521664821137;-28.139648;23.869673;154.56094
1521664821147;-19.80957;21.629923;149.72884
1521664821155;-17.149902;20.299843;152.04138
1521664821167;-22.889648;18.829624;153.7914
1521664821188;-17.009766;17.989779;147.77177
1521664821203;-15.119873;17.849642;147.70146
1521664821237;-13.929932;24.35991;145.1819
1521664821247;-16.589844;15.469985;140.56073
1521664821255;-6.2999268;13.1599245;135.31065
1521664821278;7.6999545;17.989779;130.97073
1521664821295;-0.13999939;22.399944;123.899376
1521664821316;-9.799805;22.88969;122.92085
1521664821327;-13.859863;23.099653;122.14937
1521664821335;-7.279907;22.67973;120.469666
1521664821347;-1.6799927;21.699747;119.13958
1521664821355;2.2399907;21.069864;115.9208
1521664821376;31.50006;23.379927;106.88948
1521664821396;46.89959;30.730038;106.53987
1521664821416;43.39958;31.429747;104.44025
1521664821428;31.149961;24.149948;93.94016
1521664821435;27.439993;21.210001;91.55929
1521664821447;28.349663;20.089882;88.96942
1521664821467;11.549815;20.089882;80.359985
1521664821475;0.13999939;21.489786;76.71933
1521664821498;-25.759766;15.750014;68.4595
1521664821516;-32.26953;10.849863;65.3794
1521664821520;-36.609375;5.9499536;62.719963
1521664821536;-33.739258;1.0499879;50.67988
1521664821555;-29.609863;11.549815;34.929817
1521664821576;-12.879883;9.93995;22.819866
1521664821591;0.769989;6.0199003;18.269566
1521664821600;12.250011;5.179934;10.70997
1521664821616;27.509817;7.2099643;-13.089844
1521664821628;21.489786;8.119881;-16.379883
1521664821635;7.979984;6.78992;-17.84961
1521664821647;-4.5499268;2.939942;-21.20996
1521664821655;-10.779785;-0.69999695;-23.869629
1521664821678;-9.519775;-2.2399902;-26.739746
1521664821683;-0.13999939;-2.3099976;-32.19922
1521664821691;10.849863;-6.579956;-33.879883
1521664821699;15.119887;-9.449951;-34.789062
1521664821730;15.750014;-8.75;-35.69922
1521664821740;14.419935;-6.2299805;-37.44922
1521664821757;14.069838;-1.75;-45.009766
1521664821762;14.069838;-2.9399414;-47.59961
1521664821777;5.5299096;-14.97998;-51.51953
1521664821797;6.649905;-18.339844;-56.489258
1521664821800;7.6999545;-20.78955;-63.34961
1521664821828;1.189972;-20.57959;-66.359375
1521664821838;-25.339844;-23.72998;-76.29883
1521664821857;-37.939453;-29.679688;-77.978516
1521664821860;-51.799805;-38.989258;-84.34961
1521664821878;-53.129883;-43.399414;-111.64844
1521664821896;-48.299805;-28.909668;-128.44922
1521664821917;-39.26953;-24.219727;-136.84766
1521664821921;-22.049805;-23.029785;-145.45703
1521664821936;-7.0699463;-35.69922;-161.69922
1521664821956;10.289804;-31.919922;-180.8789
1521664821976;3.8499763;-25.899902;-192.42969
1521664821996;-11.339844;-29.189941;-198.79688
1521664822017;-12.809814;-28.909668;-203.41797
1521664822021;-11.47998;-27.159668;-210.48828
1521664822036;-9.939941;-20.719727;-222.03906
1521664822056;-20.859863;-15.259766;-225.8164
1521664822077;-34.439453;-10.429932;-229.3164
1521664822096;-53.339844;-9.23999;-235.19922
1521664822117;-44.939453;-2.7299805;-238.76953
1521664822121;-27.509766;6.859988;-238.69922
1521664822136;-18.689941;7.2799106;-237.15625
1521664822148;-17.639648;3.359986;-234.14844
1521664822156;-18.759766;0.9099884;-229.25
1521664822168;-22.819824;0.34999847;-224.48828
1521664822176;-28.489746;1.8899843;-220.63672
1521664822188;-38.989258;5.4599633;-215.94922
1521664822196;-38.149414;13.929944;-209.29688
1521664822216;13.439954;39.6896;-195.08984
1521664822236;10.21998;20.159706;-187.17969
1521664822248;-13.369873;3.0099494;-181.57812
1521664822256;-7.0699463;3.0099494;-163.09766
1521664822278;21.839884;14.349867;-135.72656
1521664822290;41.78922;20.230019;-124.109375
1521664822299;48.159363;15.889907;-117.31836
1521664822325;43.60954;1.3299867;-104.1582
1521664822337;44.449387;-0.20999908;-96.458984
1521664822342;48.85956;3.359986;-87.63867
1521664822350;52.5002;9.16993;-76.71875
1521664822359;55.090054;10.149912;-67.33984
1521664822382;43.750164;-1.75;-59.70996
1521664822389;35.559704;-9.939941;-54.25
1521664822404;46.619316;-8.189941;-36.469727
1521664822425;52.0793;-4.0599365;-31.84961
1521664822436;37.30971;-0.69999695;-21.34961
1521664822448;26.179737;-7.699951;-19.45996
1521664822456;13.299817;-11.339844;-18.549805
1521664822476;8.539803;5.3199487;-10.709961
1521664822498;12.669933;10.569834;-6.2299805
1521664822501;15.469985;7.769901;-3.7799683
1521664822525;13.579846;1.5399781;-2.3799438
1521664822536;6.859988;-4.5499268;4.2698994
1521664822548;8.329842;5.5299096;10.849863
1521664822556;7.629886;10.779795;12.459972
1521664822568;5.1099877;10.849863;14.909925
1521664822576;-0.9099884;7.419925;16.589874
1521664822588;-7.48999;4.829958;17.779818
1521664822596;-13.22998;6.2999296;22.11967
1521664822616;-0.69999695;8.189949;33.31946
1521664822636;11.549815;6.0199003;43.960125
1521664822648;12.809826;3.6399543;47.6701
1521664822656;7.2799106;2.1699834;50.11933
1521664822682;-2.5199585;8.750008;54.949425
1521664822698;-0.83999634;14.629896;60.40941
1521664822700;4.2698994;18.059605;65.86964
1521664822725;10.0798435;14.139906;73.85017
1521664822738;20.789589;8.959969;96.039795
1521664822748;22.11967;11.759776;103.80938
1521664822768;23.379927;21.629923;118.579025
1521664822776;20.859901;22.189983;123.05953
1521664822796;13.1599245;22.259808;130.90042
1521664822817;6.0199003;23.169966;140.27948
1521664822829;7.2099643;24.149948;145.45924
1521664822845;6.579959;24.849655;147.42021
1521664822849;3.779969;24.149948;148.11945
1521664822865;-4.0599365;24.079636;148.88898
1521664822870;-13.299805;27.719778;151.13121
1521664822886;-17.70996;31.219786;152.182
1521664822897;-11.47998;32.96985;155.88908
1521664822916;-13.439941;29.679743;159.25243
1521664822920;-19.59961;25.269579;156.79926
1521664822930;-5.879883;32.4093;161.35011
1521664822948;-6.2299805;31.219786;166.11191
1521664822960;-20.78955;30.449764;161.13918
1521664822977;-15.539795;34.57923;160.29932
1521664822998;-9.23999;20.01957;165.13142
1521664823018;-12.039795;15.329848;160.02197
1521664823021;-9.939941;16.029816;156.02972
1521664823037;-7.419922;20.01957;152.7406
1521664823057;-13.299805;28.980034;152.52966
1521664823059;-18.619629;34.649544;152.52966
1521664823077;-33.179688;33.88001;150.92026
1521664823097;-31.989746;25.619677;146.09207
1521664823118;-13.369873;20.929726;143.92015
1521664823137;-1.3299866;22.189983;139.22868
1521664823158;-3.1499634;34.299934;139.36931
1521664823169;-8.119873;37.589985;138.74039
1521664823185;-13.089844;38.56948;139.22868
1521664823190;-15.539795;36.750137;137.97084
1521664823205;-9.379883;33.03919;134.25986
1521664823222;6.4399443;30.730038;130.90042
1521664823237;2.099976;26.179737;128.93945
1521664823258;7.629886;28.210014;123.96969
1521664823281;4.2698994;27.36968;126.35057
1521664823302;0.83999634;24.639694;116.40909
1521664823327;9.379891;21.55961;110.18053
1521664823337;34.859505;24.77983;101.709755
1521664823339;41.369297;28.909721;96.31909
1521664823357;40.880035;25.89995;85.95963
1521664823381;34.719856;23.23979;70.20952
1521664823397;32.689575;19.739782;53.759968
1521664823418;27.719778;15.329848;50.609566
1521664823421;23.099653;13.019788;39.899563
1521664823437;14.629896;6.4399443;25.89995
1521664823457;-5.039917;-6.6499023;13.719983
1521664823478;-19.03955;-13.22998;1.3299867
1521664823490;-24.779785;-13.859863;-7.1398926
1521664823501;-35.55957;-15.889893;-15.049805
1521664823518;-39.759766;-19.669922;-19.669922
1521664823521;-44.30957;-23.029785;-21.839844
1521664823538;-42.69922;-25.549805;-31.219727
1521664823553;-36.609375;-26.529785;-36.399414
1521664823562;-33.879883;-27.649902;-38.989258
1521664823578;-28.0;-28.139648;-44.939453
1521664823597;-19.109863;-23.589844;-56.629883
1521664823618;1.7500001;-23.30957;-69.509766
1521664823638;-10.98999;-30.449707;-77.83984
1521664823658;-32.549805;-35.13965;-87.21875
1521664823682;-23.799805;-33.45996;-102.478516
1521664823703;-33.039062;-37.30957;-116.828125
1521664823725;-33.94922;-36.539062;-127.53906
1521664823738;-45.779297;-32.40918;-152.66797
1521664823758;-58.589844;-42.69922;-166.38672
1521664823770;-61.109375;-46.969727;-171.77734
1521664823783;-57.819336;-46.61914;-177.58984
1521664823804;-27.159668;-26.45996;-187.17969
1521664823826;-16.72998;-19.59961;-187.3164
1521664823838;-7.209961;-17.639648;-204.67969
1521664823862;-9.519775;-23.659668;-210.27734
1521664823878;-10.5;-27.649902;-216.29688
1521664823898;-1.539978;-22.75;-216.08984
1521664823923;-18.129883;-22.049805;-216.92969
1521664823938;-24.07959;-9.799805;-217.0
1521664823953;-12.109863;6.579959;-215.8086
1521664823963;-16.449707;11.759776;-213.00781
1521664823978;-22.679688;12.179943;-208.10938
1521664823998;-7.0;13.719983;-200.26953
1521664824014;-9.449951;9.93995;-195.15625
1521664824019;-9.799805;8.819832;-190.8164
1521664824038;-6.7199707;3.0799568;-182.76953
1521664824058;-24.70996;4.1298847;-176.25781
1521664824078;0.69999695;15.819839;-157.28906
1521664824090;0.9099884;13.859876;-149.23828
1521664824106;-1.1199951;10.99;-142.16797
1521664824123;30.659725;13.369885;-125.578125
1521664824143;33.809696;0.41999817;-109.68945
1521664824163;36.679825;7.769901;-100.93945
1521664824169;52.009964;14.069838;-89.38867
1521664824179;54.88009;9.16993;-71.958984
1521664824204;46.269707;-3.6399536;-61.25
1521664824218;44.029465;-6.8599854;-54.879883
1521664824222;46.409355;-8.119873;-46.339844
1521664824235;51.380077;-7.629883;-39.689453
1521664824239;54.88009;-4.4799805;-33.66992
1521664824258;44.5197;3.569947;-25.269531
1521664824278;21.699747;-3.5699463;-18.47998
1521664824292;5.7399926;-3.5699463;-13.509766
1521664824303;-0.55999756;-1.75;-10.8498535
1521664824318;-0.55999756;4.4799824;-6.0198975
1521664824338;0.69999695;3.5000007;-0.69999695
1521664824350;-4.0599365;0.27999878;0.9099884
1521664824359;-11.969971;-0.9099884;3.8499763
1521664824384;-25.899902;3.4299934;5.6699243
1521664824403;-21.699707;11.409923;11.619884
1521664824427;-11.269775;12.109875;17.289583
1521664824438;-1.8899841;2.939942;26.179737
1521664824440;-2.2399902;1.399994;30.239803
1521664824450;0.48999786;4.829958;35.210094
1521664824459;5.3199487;10.21998;39.47964
1521664824481;12.669933;13.859876;45.42986
1521664824494;11.129893;13.369885;48.649597
1521664824499;11.899913;12.529797;52.429886
1521664824523;15.25978;12.809826;66.56886
1521664824535;12.669933;16.3096;74.270096
1521664824539;17.009798;19.459997;82.80922
1521664824554;24.849655;21.279825;92.11984
1521664824563;31.50006;20.789589;101.709755
1521664824578;37.65932;13.1599245;115.70986
1521664824598;28.909721;13.439954;122.709915
1521664824614;21.839884;12.599865;126.28026
1521664824619;11.199962;15.539809;132.15826
1521664824638;-5.949951;26.879932;138.31851
1521664824650;-11.619873;27.15972;138.8107
1521664824659;-21.419922;28.069878;138.31851
1521664824675;-34.089844;29.960016;139.58025
1521664824680;-42.489258;34.649544;140.49042
1521664824703;-34.01953;45.569508;150.92026
1521664824738;-35.069336;32.549927;148.81866
1521664824740;-25.129883;32.130005;154.9086
1521664824764;10.99;25.68999;159.31883
1521664824781;20.299843;20.299843;153.93202
1521664824794;24.429733;22.960003;154.2797
1521664824799;28.980034;27.299856;153.86171
1521664824824;26.879932;31.569883;147.9085
1521664824838;34.089973;30.37994;147.42021
1521664824856;35.48939;26.46001;146.72098
1521664824860;42.55973;25.409716;140.3498
1521664824874;44.59001;28.769585;137.131
1521664824879;42.76969;34.01966;137.34193
1521664824895;30.029842;35.839977;133.49031
1521664824899;12.809826;36.9601;127.610344
1521664824924;-0.13999939;39.899563;119.629814
1521664824934;5.1099877;41.159336;119.48919
1521664824939;8.39991;41.64957;118.93059
1521664824954;4.5499287;37.729633;115.98916
1521664824964;-5.1099854;33.529423;113.12
1521664824975;-9.449951;32.479614;110.0399
1521664824979;-3.8499756;35.979626;111.15905
1521664824991;-4.9699707;37.799946;111.86022
1521664824999;-4.8999023;37.029438;109.20005
1521664825015;4.3399677;36.119278;105.2801
1521664825020;16.029816;35.06947;104.22931
1521664825031;28.4898;35.48939;105.2801
1521664825039;42.279457;36.609512;104.86017
1521664825050;54.179893;37.30971;102.96953
1521664825059;62.579338;38.989403;102.129684
1521664825070;69.8599;43.329266;100.520294
1521664825079;82.52992;48.090027;99.61013
1521664825091;82.73891;49.42011;100.59061
1521664825099;88.340515;49.489445;100.239044
1521664825113;91.000694;51.099804;101.078896
1521664825119;86.65886;53.130085;99.95974
1521664825131;78.818954;52.359573;97.860115
1521664825139;72.52008;49.210148;94.28978
1521664825151;66.14894;50.049995;91.770226
1521664825159;58.09983;52.219925;88.96942
1521664825171;45.359547;52.149612;86.37956
1521664825193;27.15972;50.399605;84.35025
1521664825208;-4.829956;48.92987;77.3502
1521664825229;-7.839966;45.42986;72.79938
1521664825247;-19.389648;36.819473;66.7798
1521664825255;-28.489746;29.609919;63.13989
1521664825264;-35.279297;23.799849;59.21995
1521664825276;-43.88965;22.049847;52.569534
1521664825280;-42.839844;21.069864;47.109554
1521664825304;-38.009766;14.769789;37.86928
1521664825335;-24.779785;8.679939;25.480028
1521664825341;-19.25;1.9599916;17.500032
1521664825351;-12.879883;-2.5899658;14.000013
1521664825359;-5.669922;-6.8599854;10.569834
1521664825383;5.2500024;-8.75;1.399994
1521664825395;6.369998;-9.169922;-1.6799927
1521664825399;4.7598896;-9.169922;-4.129883
1521664825424;2.6599736;-14.769775;-22.119629
1521664825431;1.399994;-18.899902;-25.269531
1521664825439;1.7500001;-23.799805;-33.529297
1521664825452;2.8699956;-27.78955;-43.3291
1521664825459;5.4599633;-29.95996;-49.90918
1521664825475;2.0299687;-30.72998;-49.839844
1521664825480;-9.869873;-34.299805;-52.989258
1521664825491;-22.32959;-41.01953;-59.91992
1521664825503;-29.259766;-48.719727;-66.708984
1521664825525;-10.289795;-51.30957;-90.43945
1521664825535;-6.089966;-52.91992;-107.37891
1521664825540;-9.309814;-59.779297;-121.6582
1521664825555;-13.929932;-66.84961;-132.22656
1521664825559;-18.339844;-73.5;-140.76953
1521664825576;-16.939941;-78.18945;-150.07812
1521664825580;-14.559814;-80.359375;-156.79688
1521664825597;-16.169922;-81.26953;-160.71875
1521664825601;-19.669922;-82.03906;-167.15625
1521664825615;-19.949707;-80.91992;-174.22656
1521664825620;-23.869629;-80.42969;-177.16797
1521664825632;-28.489746;-80.5;-181.08984
1521664825639;-40.739258;-82.80859;-183.46875
1521664825651;-59.289062;-86.0293;-191.09766
1521664825665;-66.14844;-84.06836;-194.8086
1521664825676;-69.509766;-78.53906;-198.23828
1521664825680;-70.208984;-72.6582;-201.45703
1521664825695;-74.68945;-68.25;-203.83984
1521664825700;-77.208984;-64.04883;-208.25
1521664825725;-64.46875;-45.0791;-206.91797
1521664825732;-59.289062;-38.289062;-208.45703
1521664825739;-59.989258;-39.759766;-211.1875
1521664825751;-70.76953;-47.319336;-210.97656
1521664825763;-82.458984;-50.75;-209.08984
1521664825771;-75.03906;-41.649414;-208.94922
1521664825783;-59.0791;-28.0;-208.94922
1521664825795;-48.789062;-18.899902;-208.3164
1521664825800;-49.489258;-15.189941;-206.21875
1521664825825;-53.8291;-9.659912;-196.76953
1521664825835;-50.259766;-5.73999;-191.65625
1521664825840;-39.05957;-2.9399414;-187.17969
1521664825855;-38.779297;-4.409912;-182.76953
1521664825860;-45.989258;-4.409912;-177.79688
1521664825876;-39.689453;1.4699708;-173.25
1521664825881;-16.939941;9.659921;-165.61719
1521664825895;-12.459961;7.979984;-159.94922
1521664825900;-20.78955;2.2399907;-157.77734
1521664825925;-16.869629;0.48999786;-152.38672
1521664825936;-15.679932;-1.6099854;-147.6289
1521664825940;-20.159668;1.1199952;-139.4375
1521664825955;-14.769775;9.869882;-127.259766
1521664825960;-0.48999786;17.989779;-114.58984
1521664825976;14.139906;20.369667;-105.69922
1521664825980;28.069878;17.500032;-98.83984
1521664825996;44.029465;1.0499879;-94.359375
1521664826000;36.049942;-13.159912;-96.94922
1521664826025;24.56987;-10.429932;-92.81836
1521664826036;32.619263;2.099976;-80.56836
1521664826040;33.809696;11.059825;-68.38867
1521664826055;32.829224;9.869882;-62.229492
1521664826060;28.69976;2.6599736;-57.259766
1521664826077;24.079636;-5.1099854;-52.569336
1521664826081;26.879932;-10.779785;-48.859375
1521664826095;34.649544;-12.5998535;-44.86914
1521664826100;46.619316;-4.2698975;-33.25
1521664826125;49.559757;4.7598896;-19.45996
1521664826142;26.529835;0.13999939;-12.459961
1521664826152;18.7598;-0.6299896;-7.909912
1521664826160;19.179724;0.9099884;-2.869995
1521664826171;20.64994;3.5000007;2.939942
1521664826180;16.239777;6.0899687;7.839969
1521664826192;10.849863;7.2799106;9.869882
1521664826200;7.419925;6.859988;11.689952
1521664826215;3.5000007;6.649905;15.819839
1521664826220;2.0299687;4.8999043;21.34965
1521664826232;1.2599794;3.5000007;25.339891
1521664826240;-1.9599915;3.8499763;30.029842
1521664826251;-6.369995;5.2500024;32.899536
1521664826260;-9.449951;7.2799106;35.769665
1521664826287;-11.829834;9.799813;39.759914
1521664826296;-12.73999;10.149912;43.25993
1521664826304;-12.109863;9.029794;47.389828
1521664826309;-8.819824;7.9099154;53.550007
1521664826327;-2.7999878;6.7199736;60.689682
1521664826334;15.889907;6.2299833;76.64902
1521664826340;20.509804;8.609871;83.09048
1521664826352;26.80962;11.339854;90.2292
1521664826361;27.859915;13.229993;96.809326
1521664826386;22.259808;15.049819;105.559395
1521664826404;17.849642;17.289583;113.81922
1521664826428;15.25978;19.87992;118.229416
1521664826436;21.909708;37.799946;135.79893
1521664826440;16.09964;35.27943;137.131
1521664826452;7.0699496;28.909721;131.8809
1521664826460;4.7598896;23.23979;127.81933
1521664826477;-0.48999786;24.289597;133.34969
1521664826481;-13.159912;25.12993;136.15051
1521664826492;-25.759766;25.339891;130.7598
1521664826500;-35.069336;28.980034;128.86914
1521664826516;-35.979492;33.88001;133.84187
1521664826521;-36.399414;33.949345;138.59976
1521664826545;-45.84961;27.299856;136.6388
1521664826565;-7.279907;24.919968;151.27184
1521664826586;1.8899843;16.09964;152.1117
1521664826592;3.4299934;16.3096;151.40855
1521664826600;10.639902;20.859901;153.93202
1521664826638;22.88969;38.500145;167.51036
1521664826642;20.789589;38.56948;167.79161
1521664826652;15.889907;34.649544;166.74081
1521664826664;11.269786;30.799862;166.81113
1521664826676;13.089856;25.199755;165.34236
1521664826681;20.789589;25.89995;165.76033
1521664826696;28.069878;28.839897;167.86192
1521664826701;31.28961;31.569883;166.6705
1521664826725;24.710007;41.43961;164.5025
1521664826735;9.16993;43.119305;160.65088
1521664826740;-4.5499268;43.8195;157.99068
1521664826756;-15.679932;43.04997;157.70943
1521664826760;-18.199707;43.119305;157.70943
1521664826776;-11.969971;42.90934;156.52191
1521664826781;-2.9399414;40.250153;153.29921
1521664826796;3.0099494;38.35952;148.75226
1521664826801;11.129893;40.460114;147.42021
1521664826825;25.339891;41.29996;136.6388
1521664826836;31.50006;42.840004;134.95908
1521664826841;37.65932;47.25018;138.45914
1521664826856;43.960125;49.97968;136.00989
1521664826861;41.09;48.85956;130.54886
1521664826876;32.269653;45.710133;128.5918
1521664826881;26.389698;39.339993;123.20016
1521664826896;30.939999;35.839977;110.45982
1521664826901;34.22962;33.529423;104.369934
1521664826925;24.219772;34.089973;101.14921
1521664826937;17.500032;35.210094;93.17063
1521664826941;7.839969;31.989805;85.95963
1521664826956;-0.9099884;25.759813;79.72912
1521664826960;-5.3199463;20.929726;70.69975
1521664826976;-9.659912;18.480015;63.55981
1521664826981;-18.549805;15.959975;61.039295
1521664826997;-29.75;13.719983;57.119358
1521664827001;-40.179688;12.879894;52.989456
1521664827025;-36.819336;5.5299096;33.1095
1521664827037;-32.8291;1.6799928;28.279839
1521664827041;-30.239746;-0.48999786;22.960003
1521664827052;-27.439941;-2.2399902;17.989779
1521664827061;-24.639648;-3.079956;13.789807
1521664827072;-20.439941;-3.2199707;9.519784
1521664827081;-15.329834;-3.5699463;6.159915
1521664827093;-13.22998;-5.459961;4.2698994
1521664827101;-7.839966;-6.789917;0.48999786
1521664827116;-7.839966;-6.9299316;-5.039917
1521664827121;9.869882;-5.8099365;-11.689941
1521664827134;10.919931;-6.5098877;-14.839844
1521664827141;8.959969;-8.819824;-16.379883
1521664827153;6.0899687;-10.98999;-18.05957
1521664827161;4.6899433;-11.619873;-20.369629
1521664827173;4.199953;-12.949951;-22.889648
1521664827181;4.199953;-14.629883;-25.689941
1521664827206;2.519959;-17.07959;-31.639648
1521664827236;-4.0599365;-18.969727;-36.11914
1521664827243;-18.899902;-24.5;-39.759766
1521664827253;-17.009766;-25.969727;-46.61914
1521664827261;-13.369873;-24.84961;-50.819336
1521664827273;-8.959961;-22.889648;-54.109375
1521664827295;-12.459961;-24.70996;-61.38965
1521664827301;-8.259766;-28.839844;-65.09961
1521664827325;-28.419922;-46.549805;-71.04883
1521664827334;-26.25;-47.94922;-86.30859
1521664827341;-17.149902;-40.94922;-89.94922
1521664827353;1.5399781;-27.78955;-105.34961
1521664827361;12.879894;-26.59961;-113.11914
1521664827387;19.389685;-47.94922;-129.5
1521664827405;2.3799443;-60.61914;-144.0586
1521664827437;-22.679688;-73.009766;-159.66797
1521664827444;-20.78955;-65.37891;-173.17969
1521664827453;-21.97998;-63.76953;-182.34766
1521664827461;-30.869629;-66.56836;-192.21875
1521664827477;-34.929688;-66.708984;-198.09766
1521664827481;-37.30957;-64.67969;-203.13672
1521664827493;-44.44922;-63.0;-206.63672
1521664827505;-51.589844;-60.339844;-209.36719
1521664827525;-48.299805;-51.51953;-212.9375
1521664827538;-48.509766;-48.439453;-213.35938
1521664827543;-47.739258;-45.289062;-215.10938
1521664827557;-41.509766;-41.229492;-218.88672
1521664827561;-29.679688;-34.439453;-221.89844
1521664827577;-13.439941;-25.129883;-222.45703
1521664827581;-19.109863;-27.22998;-222.38672
1521664827594;-31.28955;-28.489746;-221.89844
1521664827601;-41.089844;-26.03955;-220.21875
1521664827617;-44.729492;-18.269531;-217.69922
1521664827622;-45.0791;-11.969971;-216.29688
1521664827634;-59.219727;-13.369873;-216.71875
1521664827641;-69.71875;-10.919922;-215.52734
1521664827653;-50.3291;1.6099855;-211.8164
1521664827674;4.4799824;8.679939;-198.79688
1521664827695;-43.189453;-21.489746;-198.09766
1521664827709;-42.069336;-16.589844;-190.95703
1521664827725;-12.949951;-7.9799805;-169.8164
1521664827734;-15.119873;8.259773;-160.15625
1521664827741;-13.929932;15.049819;-154.27734
1521664827757;-9.379883;18.619663;-147.0
1521664827766;-1.9599915;15.539809;-137.47656
1521664827777;3.779969;6.159915;-132.36719
1521664827781;9.44996;-1.8899841;-128.3086
1521664827798;14.490004;-7.9799805;-122.708984
1521664827803;18.059605;-10.919922;-114.6582
1521664827826;15.750014;-3.3599854;-107.79883
1521664827838;14.000013;1.8199769;-103.87891
1521664827842;12.740002;3.989991;-96.80859
1521664827857;8.539803;2.7999883;-90.78906
1521664827862;9.379891;1.399994;-86.51953
1521664827877;14.559828;2.2399907;-80.5
1521664827881;22.819866;3.4299934;-74.05859
1521664827897;32.19934;1.9599916;-68.25
1521664827902;38.710106;-2.3799438;-62.649414
1521664827927;40.880035;-9.23999;-57.819336
1521664827934;41.579258;-1.6099854;-48.01953
1521664827945;42.630043;4.829958;-43.609375
1521664827956;39.339993;8.049812;-40.66992
1521664827962;32.269653;8.8899;-37.379883
1521664827974;25.339891;9.099862;-33.38965
1521664827982;23.939985;9.029794;-29.189941
1521664827993;28.4898;7.139896;-23.519531
1521664828002;32.4093;3.779969;-18.05957
1521664828017;33.88001;1.399994;-14.139893
1521664828022;32.689575;0.9099884;-10.569824
1521664828034;23.099653;4.619997;-4.9699707
1521664828042;14.769789;9.029794;-2.5199585
1521664828053;8.609871;13.089856;1.399994
1521664828077;1.189972;12.740002;10.429941
1521664828082;1.189972;10.289804;14.979994
1521664828106;3.8499763;8.8899;26.319874
1521664828137;-4.5499268;11.969981;35.420055
1521664828144;-12.459961;14.069838;45.359547
1521664828166;-12.459961;17.849642;61.52953
1521664828186;-9.939941;10.429941;75.389244
1521664828197;-10.219971;8.679939;82.03969
1521664828202;-9.72998;10.009775;89.529976
1521664828226;-3.9899902;14.769789;104.86017
1521664828237;-0.48999786;16.449738;113.32899
1521664828242;3.149964;17.779818;122.079056
1521664828257;8.049812;21.00004;134.04892
1521664828266;15.329848;23.029829;141.54121
1521664828273;24.429733;25.199755;147.27959
1521664828282;32.4093;27.719778;151.40855
1521664828294;33.949345;33.03919;155.47112
1521664828302;32.96985;39.61929;157.5024
1521664828317;35.349743;47.529476;157.15083
1521664828322;33.1095;56.630096;159.88133
1521664828335;19.809607;65.52003;161.56105
1521664828342;4.409914;68.03958;160.58057
1521664828353;-12.5998535;63.34985;159.60008
1521664828375;-12.529785;32.96985;160.229
1521664828396;8.259773;32.059692;165.69002
1521664828410;9.44996;35.769665;164.08063
1521664828426;4.6899433;45.77947;160.02197
1521664828436;11.899913;49.84003;159.25243
1521664828446;18.409702;53.130085;161.06886
1521664828453;12.809826;52.0793;160.72119
1521664828466;5.879885;46.13006;153.09218
1521664828473;5.3199487;42.420082;148.88898
1521664828483;26.25005;38.639793;158.34225
1521664828494;34.299934;30.449764;159.52977
1521664828506;36.32924;21.210001;151.0609
1521664828526;47.880062;17.500032;140.20917
1521664828534;51.8;22.329632;145.88112
1521664828543;46.68963;23.659712;149.38118
1521664828553;30.449764;21.00004;144.6897
1521664828562;16.659698;21.629923;138.52945
1521664828574;13.509778;29.539606;139.09196
1521664828582;16.86966;38.989403;142.24045
1521664828607;10.429941;46.969902;141.40059
1521664828626;2.6599736;50.609566;137.27162
1521664828631;0.20999908;51.939648;134.75204
1521664828646;-3.289978;50.469917;134.88876
1521664828657;-8.259766;42.279457;132.58014
1521664828663;-8.889893;42.069496;134.5411
1521664828674;-11.339844;42.69938;134.33017
1521664828686;-9.0998535;45.289234;131.38872
1521664828708;-7.48999;55.649624;128.31055
1521664828738;-19.109863;51.099804;120.39935
1521664828743;-15.959961;45.920094;115.149315
1521664828766;-5.3898926;46.68963;111.7196
1521664828777;-14.839844;48.579285;110.38951
1521664828787;-25.47998;49.76972;105.909004
1521664828798;-30.589844;51.099804;103.03985
1521664828802;-33.59961;51.099804;104.09064
1521664828828;-42.90918;42.76969;98.00075
1521664828834;-43.679688;41.22965;91.488976
1521664828846;-42.90918;42.00016;87.36004
1521664828858;-40.66992;43.189617;84.77017
1521664828868;-39.19922;43.67985;83.020164
1521664828877;-42.41992;42.34977;81.69007
1521664828887;-48.439453;38.920067;78.68028
1521664828898;-50.049805;34.509895;74.619705
1521664828908;-46.339844;31.429747;71.39898
1521664828924;-32.19922;29.25982;61.73949
1521664828935;-12.809814;30.519588;52.569534
1521664828943;-8.959961;30.099667;48.85956
1521664828954;-5.3199463;28.000053;44.099777
1521664828963;-1.9599915;25.409716;37.86928
1521664828974;0.41999817;22.67973;32.269653
1521664828983;0.20999908;19.87992;28.000053
1521664828994;0.48999786;16.3096;23.099653
1521664829003;2.309998;11.899913;17.709993
1521664829016;4.6899433;7.139896;11.969981
1521664829024;9.519784;3.989991;4.3399677
1521664829035;6.5098906;0.20999908;-5.669922
1521664829043;3.5000007;-3.3599854;-13.299805
1521664829054;1.3299867;-8.119873;-20.089844
1521664829063;-0.55999756;-12.529785;-25.899902
1521664829077;-3.289978;-16.239746;-32.479492
1521664829085;-7.279907;-19.319824;-40.45996
1521664829097;-8.189941;-23.449707;-50.75
1521664829105;-5.3898926;-28.0;-61.109375
1521664829125;-3.289978;-30.169922;-69.509766
1521664829132;-3.5699463;-31.569824;-76.859375
1521664829148;2.2399907;-35.90918;-90.71875
1521664829156;4.2698994;-41.509766;-97.64844
1521664829166;6.7199736;-49.279297;-114.37891
1521664829188;10.849863;-52.219727;-131.38672
1521664829209;2.6599736;-55.229492;-136.91797
1521664829231;-1.6099854;-58.51953;-145.8789
1521664829240;-1.1199951;-61.319336;-154.90625
1521664829258;2.3799443;-64.39844;-168.6289
1521664829266;-3.9899902;-67.61914;-174.22656
1521664829271;-10.219971;-69.64844;-180.25
1521664829286;-9.589844;-63.90918;-195.22656
1521664829295;-14.0;-63.979492;-199.21875
1521664829303;-21.0;-64.53906;-203.20703
1521664829317;-22.189941;-63.0;-206.98828
1521664829323;-17.569824;-58.51953;-210.48828
1521664829335;-13.509766;-52.219727;-213.70703
1521664829343;-10.289795;-46.40918;-217.6289
1521664829354;-2.6599731;-41.229492;-221.40625
1521664829363;-3.2199707;-41.229492;-220.91797
1521664829398;-46.129883;-55.01953;-222.25
1521664829406;-49.629883;-50.3291;-224.6289
1521664829411;-48.36914;-39.969727;-226.65625
1521664829438;-47.739258;-16.449707;-226.23828
1521664829443;-39.05957;-6.7199707;-222.66797
1521664829454;-35.34961;-1.1199951;-220.42969
1521664829476;-39.05957;-1.4699707;-217.27734
1521664829484;-51.86914;-8.959961;-216.29688
1521664829495;-65.728516;-13.789795;-214.33984
1521664829503;-56.55957;-7.1398926;-203.83984
1521664829526;-47.59961;8.539803;-186.82812
1521664829535;-28.279785;15.679946;-177.09766
1521664829543;-22.53955;14.490004;-168.97656
1521664829554;-31.70996;11.409923;-162.1875
1521664829576;-22.399902;16.86966;-142.86719
1521664829597;7.0699496;12.809826;-118.78906
1521664829610;9.16993;1.189972;-110.87891
1521664829648;3.8499763;-13.089844;-107.728516
1521664829657;14.769789;-2.3099976;-91.9082
1521664829668;18.409702;10.149912;-76.1582
1521664829675;11.129893;3.7099617;-67.478516
1521664829682;14.839857;-1.75;-60.61914
1521664829694;21.839884;-3.5;-52.009766
1521664829705;30.239803;-2.0999756;-43.679688
1521664829723;36.679825;2.4499516;-30.659668
1521664829734;37.799946;4.4799824;-26.45996
1521664829743;38.429832;2.1699834;-21.839844
1521664829763;30.730038;-6.579956;-16.939941
1521664829784;31.919981;1.6799928;-7.209961
1521664829803;37.30971;7.0699496;0.27999878
1521664829818;30.309628;1.6099855;3.9199836
1521664829823;22.960003;-5.3199463;5.179934
1521664829835;26.879932;-6.7199707;11.339854
1521664829844;29.04986;-2.869995;16.09964
1521664829858;25.480028;1.8899843;16.86966
1521664829868;21.069864;6.859988;16.939972
1521664829884;4.829958;10.009775;19.389685
1521664829904;-3.1499634;5.5299096;20.509804
1521664829924;-2.6599731;4.0599384;24.219772
1521664829936;-1.1199951;3.7099617;25.89995
1521664829944;0.6299896;3.5000007;28.069878
1521664829966;-0.769989;2.2399907;31.079649
1521664829975;4.829958;8.679939;38.639793
1521664829988;8.609871;11.549815;40.880035
1521664829999;9.93995;12.669933;43.189617
1521664830009;8.329842;12.949963;46.199394
1521664830027;8.119881;10.779795;52.28926
1521664830044;10.849863;11.899913;61.109608
1521664830068;24.35991;9.869882;73.779854
1521664830084;21.210001;7.979984;77.48887
1521664830104;13.019788;13.369885;82.45961
1521664830128;6.0899687;22.819866;88.89911
1521664830144;-1.9599915;19.669958;92.04953
1521664830155;-6.159912;15.539809;95.40893
1521664830164;-2.7299805;9.799813;101.078896
1521664830175;2.4499516;6.0899687;110.45982
1521664830184;11.129893;9.659921;113.12
1521664830195;18.409702;13.369885;117.18058
1521664830204;17.219759;14.979994;122.079056
1521664830221;12.319836;14.419935;122.6396
1521664830231;10.429941;13.789807;121.239204
1521664830240;15.750014;15.049819;123.96969
1521664830258;17.149935;19.250036;129.22072
1521664830266;8.469978;21.629923;123.82906
1521664830275;4.1298847;26.25005;121.65913
1521664830284;0.9799957;30.589901;124.53024
1521664830296;-6.089966;28.069878;128.24023
1521664830304;-5.73999;23.869673;128.93945
1521664830318;0.55999756;20.369667;130.97073
1521664830324;14.769789;17.149935;134.11923
1521664830336;29.960016;14.909925;138.59976
1521664830344;34.789192;14.909925;142.31076
1521664830355;33.179813;16.379913;141.61153
1521664830364;21.98002;21.34965;138.31851
1521664830386;7.0699496;30.730038;135.0294
1521664830389;0.769989;40.670074;133.63094
1521664830408;-10.289795;51.170116;142.38107
1521664830433;-17.639648;47.389828;138.38882
1521664830446;-20.369629;38.289207;138.2521
1521664830455;-23.09961;39.339993;136.00989
1521664830468;-24.359863;42.21012;133.49031
1521664830475;-32.05957;45.359547;134.18954
1521664830484;-45.63965;46.479668;135.5919
1521664830504;-45.219727;45.63982;135.72862
1521664830528;-12.389893;46.619316;142.38107
1521664830539;6.78992;45.289234;140.77167
1521664830555;5.879885;42.069496;142.24045
1521664830568;-0.9099884;43.04997;141.18965
1521664830575;0.13999939;44.659348;138.1818
1521664830584;7.839969;46.75994;136.7091
1521664830596;14.209974;49.139835;137.27162
1521664830604;15.889907;49.76972;138.38882
1521664830624;21.279825;50.329292;134.68173
1521664830638;16.239777;49.76972;135.0294
1521664830644;8.539803;46.34002;132.43951
1521664830655;4.5499287;41.019688;126.559555
1521664830678;12.669933;38.429832;114.5204
1521664830696;9.029794;41.929844;112.000854
1521664830728;4.199953;41.929844;101.63944
1521664830736;5.6699243;34.789192;90.44014
1521664830744;1.8199769;31.639708;88.47919
1521664830766;-4.4799805;28.559624;74.899
1521664830776;-3.3599854;27.36968;69.36967
1521664830784;-3.8499756;25.68999;65.86964
1521664830799;-3.919983;22.960003;62.09008
1521664830809;-4.8999023;20.369667;58.380104
1521664830825;-4.4799805;18.409702;54.739464
1521664830829;-0.48999786;17.289583;49.349796
1521664830845;4.409914;14.839857;37.519672
1521664830865;6.78992;9.029794;26.25005
1521664830884;-0.13999939;4.8999043;20.579628
1521664830896;-2.6599731;3.5000007;16.659698
1521664830905;-3.4299927;1.2599794;12.319836
1521664830926;-0.27999878;0.20999908;4.829958
1521664830936;0.48999786;-0.9799957;1.399994
1521664830944;-0.13999939;-2.5899658;-2.169983
1521664830956;2.099976;-4.339966;-5.5999756
1521664830965;0.55999756;-8.399902;-6.089966
1521664830987;-3.4299927;-15.609863;-9.869873
1521664830992;-4.129883;-19.179688;-16.169922
1521664831001;-1.8199768;-19.389648;-22.889648
1521664831009;-1.0499878;-19.03955;-26.59961
1521664831050;-1.4699707;-19.80957;-30.72998
1521664831061;0.55999756;-22.119629;-36.679688
1521664831069;1.0499879;-24.639648;-41.649414
1521664831088;3.2899787;-38.569336;-70.13867
1521664831090;-6.6499023;-49.839844;-76.71875
1521664831106;-1.9599915;-51.09961;-84.978516
1521664831109;12.109875;-46.759766;-97.01953
1521664831136;22.399944;-43.819336;-109.54883
1521664831147;19.039587;-60.40918;-138.66797
1521664831156;11.899913;-68.38867;-147.90625
1521664831165;7.0000033;-75.80859;-155.95703
1521664831176;5.3199487;-80.42969;-164.84766
1521664831185;8.539803;-80.708984;-175.13672
1521664831197;15.539809;-73.7793;-183.53906
1521664831213;11.829844;-72.79883;-189.20703
1521664831225;1.6799928;-77.83984;-194.03906
1521664831230;-14.139893;-85.609375;-197.25781
1521664831246;-27.509766;-92.04883;-204.04688
1521664831256;-40.80957;-91.06836;-216.36719
1521664831265;-46.549805;-84.69922;-218.53906
1521664831276;-53.759766;-76.29883;-221.33984
1521664831298;-51.239258;-50.819336;-226.44922
1521664831313;-40.529297;-41.859375;-228.6875
1521664831326;-48.089844;-48.299805;-233.09766
1521664831330;-55.719727;-54.66992;-235.96875
1521664831345;-64.67969;-48.439453;-234.14844
1521664831356;-67.54883;-37.51953;-232.60938
1521664831365;-61.879883;-25.689941;-231.83984
1521664831376;-57.88965;-17.639648;-228.1289
1521664831389;-61.879883;-13.859863;-223.50781
1521664831400;-60.8291;-11.689941;-219.09766
1521664831410;-55.36914;-8.329834;-213.21875
1521664831425;-43.95996;-6.4399414;-207.0586
1521664831437;-32.40918;-14.769775;-192.00781
1521664831445;-16.519531;-16.09961;-186.1289
1521664831456;-25.549805;-20.859863;-182.34766
1521664831477;-28.97998;-9.23999;-168.41797
1521664831485;-25.759766;-0.69999695;-161.13672
1521664831497;-23.519531;8.8899;-153.01953
1521664831509;-12.109863;20.230019;-143.5664
1521664831526;-0.55999756;21.839884;-135.65625
1521664831530;-6.4399414;9.93995;-133.13672
1521664831545;11.619884;-6.789917;-118.36914
1521664831560;25.199755;-6.0198975;-108.28906
1521664831569;36.9601;-2.5199585;-99.67969
1521664831586;33.670048;2.6599736;-88.33984
1521664831597;30.659725;5.809939;-80.708984
1521664831605;32.059692;6.78992;-73.7793
1521664831626;47.880062;2.1699834;-61.109375
1521664831637;45.2199;-3.2199707;-52.0791
1521664831645;42.489418;-3.2199707;-46.339844
1521664831656;48.159363;0.34999847;-38.779297
1521664831669;56.420135;0.55999756;-31.84961
1521664831688;54.599815;-2.169983;-19.03955
1521664831711;44.5197;-3.5699463;-13.509766
1521664831737;47.179867;-3.289978;-11.129883
1521664831747;36.39955;-8.959961;-5.669922
1521664831757;29.399958;-8.399902;-7.0
1521664831765;14.839857;-2.869995;-8.889893
1521664831777;6.0199003;1.6799928;-9.0998535
1521664831785;1.1199952;4.3399677;-8.329834
1521664831797;-2.0999756;3.4299934;-7.7698975
1521664831813;-3.289978;-1.4699707;-7.699951
1521664831826;-4.619995;-6.0198975;-7.0699463
1521664831831;-5.529907;-7.0;-5.529907
1521664831846;-7.0;-5.529907;-4.409912
1521664831857;-9.23999;-0.6299896;-6.6499023
1521664831866;-7.3499756;2.7999883;-5.73999
1521664831877;-6.089966;5.809939;-3.289978
1521664831907;-0.41999817;3.7099617;-0.34999847
1521664831909;2.729981;3.4299934;0.9099884
1521664831938;15.189956;2.7999883;3.6399543
1521664831940;24.009811;2.0299687;5.7399926
1521664831949;29.469782;1.3299867;6.9299345
1521664831961;29.04986;1.5399781;7.55994
1521664831970;25.89995;3.2899787;7.4899936
1521664831986;14.769789;7.0000033;4.5499287
1521664832005;11.339854;2.0299687;5.3199487
1521664832026;13.299817;1.8899843;5.879885
1521664832030;14.069838;1.8199769;5.9499536
1521664832046;7.4899936;2.939942;3.6399543
1521664832061;2.5899663;4.199953;2.7999883
1521664832070;-4.619995;5.0399194;1.8199769
1521664832086;-17.84961;5.809939;-0.27999878
1521664832101;-18.759766;6.7199736;-0.069999695
1521664832111;-18.269531;5.879885;1.6799928
1521664832126;-14.629883;3.9199836;3.2899787
1521664832138;-10.709961;4.829958;4.6899433
1521664832146;-6.8599854;4.7598896;6.2299833
1521664832157;-0.55999756;2.5899663;7.2099643
1521664832166;2.0299687;-0.27999878;7.55994
1521664832188;-1.3999939;1.0499879;5.5299096
1521664832208;7.629886;5.1099877;9.729989
1521664832235;8.819832;1.7500001;10.50001
1521664832243;6.2999296;1.189972;9.589852
1521664832252;3.7099617;0.27999878;8.750008
1521664832268;5.2500024;-0.069999695;7.4899936
1521664832280;6.579959;-1.6799927;7.629886
1521664832289;7.0699496;-3.5;7.6999545
1521664832308;7.0000033;-1.8199768;7.769901
1521664832335;-3.0099487;-2.3799438;4.2698994
1521664832347;-5.25;0.069999695;2.0299687
1521664832352;-5.1799316;0.769989;1.4699708
1521664832368;-3.079956;-0.069999695;2.1699834
1521664832392;-1.8899841;-1.539978;2.309998
1521664832401;0.13999939;-2.2399902;1.6099855
1521664832414;2.939942;-3.8499756;1.399994
1521664832435;1.8199769;-1.75;1.7500001
1521664832446;1.6099855;-4.0599365;1.0499879
1521664832458;1.6099855;-4.9699707;0.6299896
1521664832474;2.6599736;-5.3199463;0.27999878
1521664832486;5.9499536;-6.9299316;0.41999817
1521664832498;5.5299096;-6.8599854;-0.20999908
1521664832506;2.7999883;-5.459961;-1.1199951
1521664832524;1.8899843;-4.7598877;-1.8899841
1521664832538;1.8899843;-5.039917;-2.5899658
1521664832546;3.4299934;-5.879883;-2.2399902
1521664832558;11.969981;-8.539795;-2.5199585
1521664832566;12.389904;-9.449951;-3.1499634
1521664832578;10.919931;-8.679932;-3.9899902
1521664832586;9.239999;-7.1398926;-5.1099854
1521664832598;5.1099877;-6.089966;-6.089966
1521664832606;1.8899843;-5.5999756;-6.8599854
1521664832626;2.519959;-5.3898926;-7.629883
1521664832638;4.9699726;-6.159912;-7.48999
1521664832646;7.4899936;-6.7199707;-7.0
1521664832658;9.309823;-5.529907;-7.0
1521664832675;9.029794;-4.7598877;-7.48999
1521664832681;8.539803;-6.2999268;-7.839966
1521664832694;6.0899687;-6.7199707;-8.679932
1521664832699;4.9699726;-5.1799316;-9.379883
1521664832714;4.619997;-3.8499756;-9.23999
1521664832732;6.7199736;-3.3599854;-9.72998
1521664832746;7.9099154;-4.2698975;-9.23999
1521664832761;8.609871;-4.339966;-8.959961
1521664832771;7.769901;-3.7799683;-9.029785
1521664832786;-2.3799438;-0.769989;-11.549805
1521664832798;-2.869995;-1.3299866;-12.109863
1521664832810;-1.75;-3.079956;-11.759766
1521664832827;5.7399926;-3.709961;-9.869873
1521664832848;8.119881;-2.0999756;-11.339844
1521664832851;6.579959;-1.75;-11.689941
1521664832867;5.2500024;-2.3099976;-11.689941
1521664832870;3.8499763;-1.539978;-12.949951
1521664832898;1.399994;-1.6099854;-14.48999
1521664832907;2.8699956;-0.69999695;-13.859863
1521664832926;4.1298847;-2.7999878;-12.949951
1521664832930;4.0599384;-6.369995;-12.109863
1521664832948;4.2698994;-8.399902;-11.409912
1521664832951;7.55994;-6.369995;-10.8498535
1521664832968;13.719983;-3.2199707;-10.5
1521664832971;20.230019;-1.9599915;-10.289795
1521664832987;23.730024;-3.9899902;-9.589844
1521664832990;25.89995;-8.189941;-8.469971
1521664833006;31.079649;-11.899902;-5.8099365
1521664833027;32.19934;-12.389893;-4.829956
