1521664404233;2.3;19.0;2.9;-2.4;21.6;-20.800001
1521664404243;2.4;18.9;3.0;-2.4;21.6;-20.800001
1521664404262;2.5;18.800001;3.1000001;-2.4;21.6;-20.800001
1521664404273;2.6000001;18.6;3.1000001;-2.4;21.6;-20.800001
1521664404282;2.6000001;18.5;3.1000001;-2.4;21.6;-20.800001
1521664404293;2.7;18.300001;3.1000001;-2.4;21.6;-20.800001
1521664404303;2.8;18.2;3.0;-2.4;21.6;-20.800001
1521664404313;2.9;18.0;3.0;-2.4;21.6;-20.800001
1521664404323;2.9;17.800001;2.9;-2.4;21.6;-20.800001
1521664404333;3.0;17.7;2.9;-2.4;21.6;-20.800001
1521664404343;3.1000001;17.5;2.9;-2.4;21.6;-20.800001
1521664404353;3.2;17.300001;2.9;-2.4;21.6;-20.800001
1521664404373;3.2;17.300001;2.8;-2.4;21.6;-20.800001
1521664404383;3.1000001;17.300001;2.8;-2.4;21.6;-20.800001
1521664404393;3.1000001;17.300001;2.7;-2.4;21.6;-20.800001
1521664404444;3.1000001;17.300001;2.6000001;-2.4;21.6;-20.800001
1521664404454;3.2;17.300001;2.6000001;-2.4;21.6;-20.800001
1521664404483;3.1000001;17.300001;2.7;-2.4;21.6;-20.800001
1521664404513;3.1000001;17.300001;2.6000001;-2.4;21.6;-20.800001
1521664404523;3.0;17.4;2.7;-2.4;21.6;-20.800001
1521664404533;3.0;17.4;2.8;-2.4;21.6;-20.800001
1521664404554;3.1000001;17.300001;2.7;-2.4;21.6;-20.800001
1521664404564;3.1000001;17.300001;2.6000001;-2.4;21.6;-20.800001
1521664404582;3.2;17.300001;2.6000001;-2.4;21.6;-20.800001
1521664404603;3.2;17.300001;2.7;-2.4;21.6;-20.800001
1521664404623;3.2;17.300001;2.8;-2.4;21.6;-20.800001
1521664404633;3.1000001;17.300001;2.8;-2.4;21.6;-20.800001
1521664404673;3.1000001;17.4;2.9;-2.4;21.6;-20.800001
1521664404683;3.0;17.4;3.0;-2.4;21.6;-20.800001
1521664404694;2.9;17.5;3.1000001;-2.4;21.6;-20.800001
1521664404706;2.9;17.6;3.2;-2.4;21.6;-20.800001
1521664404713;2.8;17.7;3.2;-2.4;21.6;-20.800001
1521664404724;2.8;17.7;3.3;-2.4;21.6;-20.800001
1521664404733;2.7;17.800001;3.3;-2.4;21.6;-20.800001
1521664404743;2.6000001;17.800001;3.4;-2.4;21.6;-20.800001
1521664404753;2.6000001;17.9;3.5;-2.4;21.6;-20.800001
1521664404773;2.5;17.9;3.5;-2.4;21.6;-20.800001
1521664404783;2.5;18.0;3.5;-2.4;21.6;-20.800001
1521664404794;2.5;18.0;3.6000001;-2.4;21.6;-20.800001
1521664404803;2.4;18.1;3.6000001;-2.4;21.6;-20.800001
1521664404825;2.4;18.2;3.8;-2.4;21.6;-20.800001
1521664404836;2.3;18.300001;3.8;-2.4;21.6;-20.800001
1521664404843;2.2;18.300001;3.8;-2.4;21.6;-20.800001
1521664404853;2.2;18.4;3.9;-2.4;21.6;-20.800001
1521664404873;2.2;18.5;4.0;-2.4;21.6;-20.800001
1521664404883;2.1000001;18.5;4.1;-2.4;21.6;-20.800001
1521664404894;2.0;18.6;4.2000003;-2.4;21.6;-20.800001
1521664404905;2.0;18.6;4.3;-2.4;21.6;-20.800001
1521664404913;1.9;18.7;4.4;-2.4;21.6;-20.800001
1521664404933;1.8000001;18.800001;4.4;-2.4;21.6;-20.800001
1521664404944;1.8000001;18.800001;4.5;-2.4;21.6;-20.800001
1521664404953;1.8000001;18.800001;4.4;-2.4;21.6;-20.800001
1521664404972;1.8000001;18.9;4.4;-2.4;21.6;-20.800001
1521664404983;1.8000001;18.9;4.5;-2.4;21.6;-20.800001
1521664404993;1.9;18.9;4.4;-2.4;21.6;-20.800001
1521664405003;1.9;18.800001;4.4;-2.4;21.6;-20.800001
1521664405024;1.9;18.800001;4.5;-2.4;21.6;-20.800001
1521664405033;2.0;18.800001;4.5;-2.4;21.6;-20.800001
1521664405042;2.0;18.800001;4.4;-2.4;21.6;-20.800001
1521664405053;2.0;18.800001;4.3;-2.4;21.6;-20.800001
1521664405063;2.0;18.7;4.4;-2.4;21.6;-20.800001
1521664405113;2.0;18.7;4.5;-2.4;21.6;-20.800001
1521664405123;2.0;18.7;4.4;-2.4;21.6;-20.800001
1521664405134;2.0;18.7;4.5;-2.4;21.6;-20.800001
1521664405146;2.1000001;18.6;4.5;-2.4;21.6;-20.800001
1521664405165;2.0;18.6;4.5;-2.4;21.6;-20.800001
1521664405174;2.0;18.6;4.4;-2.4;21.6;-20.800001
1521664405223;2.2;18.5;4.3;-2.4;21.6;-20.800001
1521664405242;2.2;18.4;4.2000003;-2.4;21.6;-20.800001
1521664405253;2.2;18.4;4.3;-2.4;21.6;-20.800001
1521664405264;2.3;18.4;4.3;-2.4;21.6;-20.800001
1521664405273;2.3;18.4;4.4;-2.4;21.6;-20.800001
1521664405384;2.6000001;18.300001;4.3;-2.4;21.6;-20.800001
1521664405394;2.7;18.300001;4.3;-2.4;21.6;-20.800001
1521664405414;2.8;18.2;4.2000003;-2.4;21.6;-20.800001
1521664405426;2.8;18.2;4.1;-2.4;21.6;-20.800001
1521664405435;2.9;18.2;4.1;-2.4;21.6;-20.800001
1521664405455;2.9;18.1;4.0;-2.4;21.6;-20.800001
1521664405475;3.0;18.1;4.1;-2.4;21.6;-20.800001
1521664405524;3.0;18.1;4.0;-2.4;21.6;-20.800001
1521664405551;3.0;18.1;4.1;-2.4;21.6;-20.800001
1521664405563;3.0;18.1;4.0;-2.4;21.6;-20.800001
1521664405573;3.1000001;18.1;4.0;-2.4;21.6;-20.800001
1521664405593;3.1000001;18.0;4.0;-2.4;21.6;-20.800001
1521664405603;3.2;18.0;4.0;-2.4;21.6;-20.800001
1521664405613;3.2;17.9;4.0;-2.4;21.6;-20.800001
1521664405633;3.3;17.9;4.0;-2.4;21.6;-20.800001
1521664405644;3.3;17.800001;3.9;-2.4;21.6;-20.800001
1521664405654;3.4;17.800001;4.0;-2.4;21.6;-20.800001
1521664405665;3.4;17.7;3.9;-2.4;21.6;-20.800001
1521664405674;3.4;17.6;4.0;-2.4;21.6;-20.800001
1521664405685;3.5;17.6;3.9;-2.4;21.6;-20.800001
1521664405694;3.4;17.6;4.0;-2.4;21.6;-20.800001
1521664405704;3.5;17.5;3.9;-2.4;21.6;-20.800001
1521664405725;3.5;17.4;3.9;-2.4;21.6;-20.800001
1521664405734;3.6000001;17.4;3.8;-2.4;21.6;-20.800001
1521664405743;3.7;17.300001;3.8;-2.4;21.6;-20.800001
1521664405753;3.7;17.300001;3.7;-2.4;21.6;-20.800001
1521664405763;3.8;17.2;3.7;-2.4;21.6;-20.800001
1521664405773;3.8;17.2;3.6000001;-2.4;21.6;-20.800001
1521664405783;3.9;17.1;3.5;-2.4;21.6;-20.800001
1521664405793;4.0;17.1;3.6000001;-2.4;21.6;-20.800001
1521664405805;3.9;17.1;3.5;-2.4;21.6;-20.800001
1521664405827;3.9;17.1;3.6000001;-2.4;21.6;-20.800001
1521664405853;3.9;17.0;3.6000001;-2.4;21.6;-20.800001
1521664405883;3.8;17.0;3.6000001;-2.4;21.6;-20.800001
1521664405894;3.8;17.1;3.6000001;-2.4;21.6;-20.800001
1521664405907;3.7;17.1;3.6000001;-2.4;21.6;-20.800001
1521664405924;3.6000001;17.2;3.7;-2.4;21.6;-20.800001
1521664405943;3.6000001;17.300001;3.8;-2.4;21.6;-20.800001
1521664405953;3.5;17.300001;3.8;-2.4;21.6;-20.800001
1521664405963;3.4;17.300001;3.9;-2.4;21.6;-20.800001
1521664405973;3.4;17.4;3.8;-2.4;21.6;-20.800001
1521664405985;3.3;17.4;3.9;-2.4;21.6;-20.800001
1521664406004;3.2;17.5;4.0;-2.4;21.6;-20.800001
1521664406024;3.1000001;17.6;4.1;-2.4;21.6;-20.800001
1521664406045;2.9;17.7;4.2000003;-2.4;21.6;-20.800001
1521664406054;2.9;17.800001;4.2000003;-2.4;21.6;-20.800001
1521664406064;2.8;17.800001;4.3;-2.4;21.6;-20.800001
1521664406073;2.8;17.9;4.4;-2.4;21.6;-20.800001
1521664406084;2.7;17.9;4.3;-2.4;21.6;-20.800001
1521664406094;2.6000001;17.9;4.3;-2.4;21.6;-20.800001
1521664406125;2.7;17.800001;4.2000003;-2.4;21.6;-20.800001
1521664406135;2.7;17.800001;4.1;-2.4;21.6;-20.800001
1521664406144;2.7;17.800001;4.0;-2.4;21.6;-20.800001
1521664406155;2.8;17.7;4.0;-2.4;21.6;-20.800001
1521664406174;2.8;17.6;4.0;-2.4;21.6;-20.800001
1521664406224;2.8;17.5;3.9;-2.4;21.6;-20.800001
1521664406235;2.8;17.5;3.8;-2.4;21.6;-20.800001
1521664406244;2.9;17.4;3.7;-2.4;21.6;-20.800001
1521664406263;2.9;17.4;3.6000001;-2.4;21.6;-20.800001
1521664406273;2.9;17.300001;3.6000001;-2.4;21.6;-20.800001
1521664406283;3.0;17.300001;3.5;-2.4;21.6;-20.800001
1521664406293;3.0;17.2;3.4;-2.4;21.6;-20.800001
1521664406303;3.0;17.2;3.3;-2.4;21.6;-20.800001
1521664406313;2.9;17.1;3.3;-2.4;21.6;-20.800001
1521664406333;3.0;17.0;3.3;-2.4;21.6;-20.800001
1521664406345;3.0;17.0;3.2;-2.4;21.6;-20.800001
1521664406354;3.1000001;16.9;3.1000001;-2.4;21.6;-20.800001
1521664406374;3.1000001;16.800001;3.1000001;-2.4;21.6;-20.800001
1521664406394;3.1000001;16.7;3.0;-2.4;21.6;-20.800001
1521664406404;3.1000001;16.7;2.9;-2.4;21.6;-20.800001
1521664406413;3.1000001;16.7;3.0;-2.4;21.6;-20.800001
1521664406423;3.0;16.7;3.0;-2.4;21.6;-20.800001
1521664406433;3.0;16.7;3.1000001;-2.4;21.6;-20.800001
1521664406474;3.0;16.800001;3.2;-2.4;21.6;-20.800001
1521664406484;3.0;16.800001;3.1000001;-2.4;21.6;-20.800001
1521664406504;3.0;16.7;3.1000001;-2.4;21.6;-20.800001
1521664406513;3.0;16.800001;3.2;-2.4;21.6;-20.800001
1521664406527;3.0;16.800001;3.1000001;-2.4;21.6;-20.800001
1521664406543;3.0;16.800001;3.2;-2.4;21.6;-20.800001
1521664406584;3.1000001;16.800001;3.3;-2.4;21.6;-20.800001
1521664406603;3.1000001;16.9;3.2;-2.4;21.6;-20.800001
1521664406613;3.2;16.800001;3.2;-2.4;21.6;-20.800001
1521664406625;3.3;16.9;3.2;-2.4;21.6;-20.800001
1521664406664;3.4;16.9;3.2;-2.4;21.6;-20.800001
1521664406693;3.5;16.9;3.3;-2.4;21.6;-20.800001
1521664406714;3.5;17.0;3.3;-2.4;21.6;-20.800001
1521664406724;3.6000001;17.0;3.4;-2.4;21.6;-20.800001
1521664406753;3.7;17.0;3.3;-2.4;21.6;-20.800001
1521664406773;3.7;17.0;3.2;-2.4;21.6;-20.800001
1521664406793;3.7;17.0;3.4;-2.4;21.6;-20.800001
1521664406813;3.7;17.0;3.3;-2.4;21.6;-20.800001
1521664406825;3.8;17.0;3.3;-2.4;21.6;-20.800001
1521664406834;3.8;16.9;3.3;-2.4;21.6;-20.800001
1521664406845;3.8;17.0;3.3;-2.4;21.6;-20.800001
1521664406864;3.8;16.9;3.3;-2.4;21.6;-20.800001
1521664406874;3.9;16.9;3.3;-2.4;21.6;-20.800001
1521664406894;3.8;16.9;3.4;-2.4;21.6;-20.800001
1521664406904;3.8;16.9;3.5;-2.4;21.6;-20.800001
1521664406914;3.8;17.0;3.5;-2.4;21.6;-20.800001
1521664406955;3.8;17.0;3.4;-2.4;21.6;-20.800001
1521664406965;3.8;17.0;3.5;-2.4;21.6;-20.800001
1521664406985;3.7;17.0;3.4;-2.4;21.6;-20.800001
1521664407024;3.7;17.1;3.5;-2.4;21.6;-20.800001
1521664407033;3.7;17.1;3.4;-2.4;21.6;-20.800001
1521664407065;3.7;17.1;3.5;-2.4;21.6;-20.800001
1521664407074;3.7;17.1;3.4;-2.4;21.6;-20.800001
1521664407084;3.7;17.2;3.4;-2.4;21.6;-20.800001
1521664407104;3.7;17.2;3.3;-2.4;21.6;-20.800001
1521664407114;3.7;17.2;3.4;-2.4;21.6;-20.800001
1521664407125;3.7;17.2;3.5;-2.4;21.6;-20.800001
1521664407133;3.7;17.300001;3.6000001;-2.4;21.6;-20.800001
1521664407144;3.6000001;17.300001;3.6000001;-2.4;21.6;-20.800001
1521664407213;3.6000001;17.2;3.3;-2.4;21.6;-20.800001
1521664407223;3.5;17.2;3.3;-2.4;21.6;-20.800001
1521664407233;3.5;17.300001;3.4;-2.4;21.6;-20.800001
1521664407253;3.5;17.2;3.4;-2.4;21.6;-20.800001
1521664407273;3.4;17.2;3.4;-2.4;21.6;-20.800001
1521664407293;3.4;17.1;3.4;-2.4;21.6;-20.800001
1521664407306;3.4;17.1;3.2;-2.4;21.6;-20.800001
1521664407313;3.3;17.0;3.1000001;-2.4;21.6;-20.800001
1521664407323;3.4;16.9;3.0;-2.4;21.6;-20.800001
1521664407343;3.4;16.800001;2.9;-2.4;21.6;-20.800001
1521664407364;3.4;16.7;2.9;-2.4;21.6;-20.800001
1521664407373;3.3;16.7;3.1000001;-2.4;21.6;-20.800001
1521664407394;3.2;16.7;3.2;-2.4;21.6;-20.800001
1521664407404;3.1000001;16.7;3.2;-2.4;21.6;-20.800001
1521664407413;3.1000001;16.7;3.3;-2.4;21.6;-20.800001
1521664407425;3.0;16.6;3.2;-2.4;21.6;-20.800001
1521664407433;3.0;16.6;3.1000001;-2.4;21.6;-20.800001
1521664407447;3.0;16.5;3.2;-2.4;21.6;-20.800001
1521664407463;2.9;16.6;3.2;-2.4;21.6;-20.800001
1521664407484;2.8;16.6;3.3;-2.4;21.6;-20.800001
1521664407494;2.8;16.6;3.4;-2.4;21.6;-20.800001
1521664407503;2.8;16.7;3.5;-2.4;21.6;-20.800001
1521664407513;2.7;16.7;3.5;-2.4;21.6;-20.800001
1521664407553;2.6000001;16.800001;3.6000001;-2.4;21.6;-20.800001
1521664407563;2.6000001;16.800001;3.7;-2.4;21.6;-20.800001
1521664407573;2.6000001;16.9;3.6000001;-2.4;21.6;-20.800001
1521664407583;2.6000001;16.9;3.7;-2.4;21.6;-20.800001
1521664407593;2.6000001;17.0;3.8;-2.4;21.6;-20.800001
1521664407605;2.6000001;17.0;4.0;-2.4;21.6;-20.800001
1521664407613;2.6000001;17.1;4.0;-2.4;21.6;-20.800001
1521664407623;2.6000001;17.1;4.1;-2.4;21.6;-20.800001
1521664407633;2.5;17.2;4.2000003;-2.4;21.6;-20.800001
1521664407644;2.5;17.300001;4.2000003;-2.4;21.6;-20.800001
1521664407653;2.5;17.4;4.2000003;-2.4;21.6;-20.800001
1521664407665;2.4;17.4;4.2000003;-2.4;21.6;-20.800001
1521664407673;2.5;17.4;4.1;-2.4;21.6;-20.800001
1521664407693;2.6000001;17.4;4.0;-2.4;21.6;-20.800001
1521664407704;2.6000001;17.4;4.1;-2.4;21.6;-20.800001
1521664407714;2.6000001;17.5;4.1;-2.4;21.6;-20.800001
1521664407734;2.6000001;17.5;4.2000003;-2.4;21.6;-20.800001
1521664407744;2.6000001;17.5;4.1;-2.4;21.6;-20.800001
1521664407753;2.6000001;17.5;4.2000003;-2.4;21.6;-20.800001
1521664407764;2.6000001;17.6;4.1;-2.4;21.6;-20.800001
1521664407786;2.7;17.6;4.3;-2.4;21.6;-20.800001
1521664407795;2.7;17.6;4.2000003;-2.4;21.6;-20.800001
1521664407803;2.7;17.7;4.3;-2.4;21.6;-20.800001
1521664407824;2.8;17.7;4.3;-2.4;21.6;-20.800001
1521664407844;2.8;17.7;4.2000003;-2.4;21.6;-20.800001
1521664407873;2.9;17.7;4.2000003;-2.4;21.6;-20.800001
1521664407883;2.9;17.7;4.1;-2.4;21.6;-20.800001
1521664407904;3.0;17.7;4.0;-2.4;21.6;-20.800001
1521664407913;3.0;17.7;4.1;-2.4;21.6;-20.800001
1521664407923;3.1000001;17.7;4.0;-2.4;21.6;-20.800001
1521664407933;3.1000001;17.7;4.1;-2.4;21.6;-20.800001
1521664407943;3.2;17.7;4.1;-2.4;21.6;-20.800001
1521664407965;3.2;17.6;4.1;-2.4;21.6;-20.800001
1521664407973;3.3;17.7;4.1;-2.4;21.6;-20.800001
1521664407993;3.2;17.7;4.1;-2.4;21.6;-20.800001
1521664408014;3.3;17.6;4.0;-2.4;21.6;-20.800001
1521664408035;3.4;17.6;4.0;-2.4;21.6;-20.800001
1521664408055;3.4;17.5;3.9;-2.4;21.6;-20.800001
1521664408074;3.5;17.5;3.9;-2.4;21.6;-20.800001
1521664408086;3.5;17.4;3.8;-2.4;21.6;-20.800001
1521664408107;3.5;17.300001;3.7;-2.4;21.6;-20.800001
1521664408117;3.6000001;17.300001;3.7;-2.4;21.6;-20.800001
1521664408155;3.6000001;17.2;3.7;-2.4;21.6;-20.800001
1521664408175;3.7;17.2;3.6000001;-2.4;21.6;-20.800001
1521664408223;3.7;16.9;3.5;-2.4;21.6;-20.800001
1521664408233;3.7;16.800001;3.3;-2.4;21.6;-20.800001
1521664408242;3.8;16.7;3.3;-2.4;21.6;-20.800001
1521664408252;3.8;16.7;3.2;-2.4;21.6;-20.800001
1521664408263;3.9;16.6;3.1000001;-2.4;21.6;-20.800001
1521664408273;3.9;16.5;3.1000001;-2.4;21.6;-20.800001
1521664408283;3.9;16.4;3.0;-2.4;21.6;-20.800001
1521664408293;4.0;16.300001;3.0;-2.4;21.6;-20.800001
1521664408303;4.1;16.300001;2.9;-2.4;21.6;-20.800001
1521664408313;4.1;16.2;2.8;-2.4;21.6;-20.800001
1521664408325;4.2000003;16.1;2.8;-2.4;21.6;-20.800001
1521664408343;4.3;16.0;2.7;-2.4;21.6;-20.800001
1521664408353;4.4;15.900001;2.6000001;-2.4;21.6;-20.800001
1521664408363;4.4;15.900001;2.5;-2.4;21.6;-20.800001
1521664408373;4.5;15.8;2.4;-2.4;21.6;-20.800001
1521664408396;4.6;15.6;2.3;-2.4;21.6;-20.800001
1521664408413;4.7000003;15.5;2.2;-2.4;21.6;-20.800001
1521664408424;4.7000003;15.400001;2.1000001;-2.4;21.6;-20.800001
1521664408434;4.8;15.3;2.1000001;-2.4;21.6;-20.800001
1521664408444;4.8;15.3;2.0;-2.4;21.6;-20.800001
1521664408454;4.8;15.2;2.0;-2.4;21.6;-20.800001
1521664408476;4.9;15.1;1.9;-2.4;21.6;-20.800001
1521664408483;4.9;15.0;1.8000001;-2.4;21.6;-20.800001
1521664408493;4.9;14.900001;1.8000001;-2.4;21.6;-20.800001
1521664408504;4.9;14.900001;1.9;-2.4;21.6;-20.800001
1521664408513;4.9;14.900001;1.8000001;-2.4;21.6;-20.800001
1521664408523;4.9;14.8;1.9;-2.4;21.6;-20.800001
1521664408534;4.9;14.8;2.0;-2.4;21.6;-20.800001
1521664408546;4.8;14.8;1.9;-2.4;21.6;-20.800001
1521664408563;4.7000003;14.8;2.0;-2.4;21.6;-20.800001
1521664408574;4.7000003;14.7;2.1000001;-2.4;21.6;-20.800001
1521664408603;4.6;14.7;2.1000001;-2.4;21.6;-20.800001
1521664408613;4.6;14.6;2.1000001;-2.4;21.6;-20.800001
1521664408625;4.5;14.6;2.0;-2.4;21.6;-20.800001
1521664408643;4.5;14.5;2.0;-2.4;21.6;-20.800001
1521664408664;4.4;14.400001;2.0;-2.4;21.6;-20.800001
1521664408674;4.3;14.400001;1.9;-2.4;21.6;-20.800001
1521664408694;4.3;14.400001;2.0;-2.4;21.6;-20.800001
1521664408705;4.2000003;14.3;1.9;-2.4;21.6;-20.800001
1521664408714;4.1;14.3;1.9;-2.4;21.6;-20.800001
1521664408725;4.1;14.2;1.9;-2.4;21.6;-20.800001
1521664408734;4.0;14.2;1.8000001;-2.4;21.6;-20.800001
1521664408745;4.0;14.1;1.9;-2.4;21.6;-20.800001
1521664408754;4.0;14.0;1.8000001;-2.4;21.6;-20.800001
1521664408764;3.9;14.0;1.8000001;-2.4;21.6;-20.800001
1521664408774;3.8;14.0;1.8000001;-2.4;21.6;-20.800001
1521664408783;3.7;13.900001;1.9;-2.4;21.6;-20.800001
1521664408806;3.6000001;13.8;1.9;-2.4;21.6;-20.800001
1521664408816;3.5;13.7;1.9;-2.4;21.6;-20.800001
1521664408836;3.4;13.6;1.8000001;-2.4;21.6;-20.800001
1521664408855;3.3;13.400001;1.7;-2.4;21.6;-20.800001
1521664408865;3.2;13.5;1.8000001;-2.4;21.6;-20.800001
1521664408873;3.2;13.400001;1.7;-2.4;21.6;-20.800001
1521664408883;3.1000001;13.3;1.7;-2.4;21.6;-20.800001
1521664408894;3.0;13.2;1.7;-2.4;21.6;-20.800001
1521664408903;2.9;13.2;1.6;-2.4;21.6;-20.800001
1521664408913;2.8;13.1;1.6;-2.4;21.6;-20.800001
1521664408924;2.7;13.0;1.6;-2.4;21.6;-20.800001
1521664408933;2.6000001;13.0;1.5;-2.4;21.6;-20.800001
1521664408945;2.6000001;12.900001;1.5;-2.4;21.6;-20.800001
1521664408955;2.5;12.8;1.5;-2.4;21.6;-20.800001
1521664408964;2.4;12.8;1.6;-2.4;21.6;-20.800001
1521664408974;2.2;12.8;1.7;-2.4;21.6;-20.800001
1521664408984;2.2;12.7;1.7;-2.4;21.6;-20.800001
1521664408994;2.1000001;12.7;1.7;-2.4;21.6;-20.800001
1521664409003;2.0;12.6;1.7;-2.4;21.6;-20.800001
1521664409013;2.0;12.6;1.6;-2.4;21.6;-20.800001
1521664409025;1.9;12.5;1.7;-2.4;21.6;-20.800001
1521664409033;1.8000001;12.5;1.6;-2.4;21.6;-20.800001
1521664409045;1.8000001;12.400001;1.6;-2.4;21.6;-20.800001
1521664409064;1.7;12.3;1.5;-2.4;21.6;-20.800001
1521664409075;1.6;12.3;1.5;-2.4;21.6;-20.800001
1521664409094;1.5;12.2;1.4;-2.4;21.6;-20.800001
1521664409114;1.4;12.2;1.4;-2.4;21.6;-20.800001
1521664409135;1.3000001;12.1;1.4;-2.4;21.6;-20.800001
1521664409145;1.2;12.1;1.4;-2.4;21.6;-20.800001
1521664409167;1.2;12.0;1.2;-2.4;21.6;-20.800001
1521664409184;1.0;11.900001;1.3000001;-2.4;21.6;-20.800001
1521664409233;0.8;11.8;1.3000001;-2.4;21.6;-20.800001
1521664409253;0.7;11.8;1.3000001;-2.4;21.6;-20.800001
1521664409263;0.6;11.8;1.2;-2.4;21.6;-20.800001
1521664409273;0.6;11.7;1.2;-2.4;21.6;-20.800001
1521664409284;0.6;11.7;1.1;-2.4;21.6;-20.800001
1521664409293;0.5;11.7;1.1;-2.4;21.6;-20.800001
1521664409303;0.5;11.6;1.1;-2.4;21.6;-20.800001
1521664409313;0.4;11.6;1.2;-2.4;21.6;-20.800001
1521664409344;0.3;11.6;1.2;-2.4;21.6;-20.800001
1521664409363;0.3;11.5;1.3000001;-2.4;21.6;-20.800001
1521664409374;0.2;11.5;1.2;-2.4;21.6;-20.800001
1521664409384;0.2;11.400001;1.2;-2.4;21.6;-20.800001
1521664409408;0.1;11.400001;1.2;-2.4;21.6;-20.800001
1521664409427;0.0;11.400001;1.2;-2.4;21.6;-20.800001
1521664409454;0.0;11.400001;1.1;-2.4;21.6;-20.800001
1521664409468;0.0;11.3;1.2;-2.4;21.6;-20.800001
1521664409485;-0.1;11.3;1.2;-2.4;21.6;-20.800001
1521664409505;-0.1;11.3;1.3000001;-2.4;21.6;-20.800001
1521664409536;-0.1;11.3;1.4;-2.4;21.6;-20.800001
1521664409552;-0.1;11.3;1.3000001;-2.4;21.6;-20.800001
1521664409559;-0.2;11.400001;1.4;-2.4;21.6;-20.800001
1521664409577;-0.2;11.400001;1.5;-2.4;21.6;-20.800001
1521664409585;-0.3;11.400001;1.5;-2.4;21.6;-20.800001
1521664409593;-0.3;11.3;1.4;-2.4;21.6;-20.800001
1521664409603;-0.3;11.400001;1.5;-2.4;21.6;-20.800001
1521664409613;-0.4;11.400001;1.5;-2.4;21.6;-20.800001
1521664409646;-0.4;11.400001;1.6;-2.4;21.6;-20.800001
1521664409654;-0.5;11.400001;1.5;-2.4;21.6;-20.800001
1521664409663;-0.5;11.400001;1.6;-2.4;21.6;-20.800001
1521664409674;-0.5;11.5;1.6;-2.4;21.6;-20.800001
1521664409683;-0.6;11.6;1.8000001;-2.4;21.6;-20.800001
1521664409693;-0.7;11.6;1.8000001;-2.4;21.6;-20.800001
1521664409715;-0.7;11.7;1.9;-2.4;21.6;-20.800001
1521664409724;-0.8;11.7;1.9;-2.4;21.6;-20.800001
1521664409734;-0.8;11.7;2.0;-2.4;21.6;-20.800001
1521664409764;-0.90000004;11.8;2.0;-2.4;21.6;-20.800001
1521664409773;-0.90000004;11.8;2.1000001;-2.4;21.6;-20.800001
1521664409783;-0.90000004;11.900001;2.2;-2.4;21.6;-20.800001
1521664409794;-1.0;11.900001;2.1000001;-2.4;21.6;-20.800001
1521664409803;-1.0;11.900001;2.2;-2.4;21.6;-20.800001
1521664409813;-1.0;12.0;2.2;-2.4;21.6;-20.800001
1521664409833;-1.0;12.0;2.1000001;-2.4;21.6;-20.800001
1521664409843;-1.0;12.1;2.2;-2.4;21.6;-20.800001
1521664409853;-1.0;12.1;2.1000001;-2.4;21.6;-20.800001
1521664409884;-0.90000004;12.2;2.2;-2.4;21.6;-20.800001
1521664409894;-1.0;12.3;2.4;-2.4;21.6;-20.800001
1521664409914;-1.1;12.400001;2.5;-2.4;21.6;-20.800001
1521664409924;-1.1;12.5;2.5;-2.4;21.6;-20.800001
1521664409933;-1.1;12.5;2.7;-2.4;21.6;-20.800001
1521664409945;-1.2;12.6;2.7;-2.4;21.6;-20.800001
1521664409954;-1.3000001;12.7;2.8;-2.4;21.6;-20.800001
1521664409964;-1.3000001;12.7;2.9;-2.4;21.6;-20.800001
1521664409974;-1.3000001;12.8;2.9;-2.4;21.6;-20.800001
1521664409993;-1.3000001;12.900001;3.0;-2.4;21.6;-20.800001
1521664410013;-1.4;13.0;3.1000001;-2.4;21.6;-20.800001
1521664410024;-1.4;13.0;3.2;-2.4;21.6;-20.800001
1521664410034;-1.4;13.1;3.2;-2.4;21.6;-20.800001
1521664410047;-1.5;13.1;3.2;-2.4;21.6;-20.800001
1521664410056;-1.5;13.2;3.3;-2.4;21.6;-20.800001
1521664410074;-1.5;13.3;3.4;-2.4;21.6;-20.800001
1521664410084;-1.6;13.3;3.4;-2.4;21.6;-20.800001
1521664410094;-1.6;13.400001;3.4;-2.4;21.6;-20.800001
1521664410106;-1.6;13.400001;3.5;-2.4;21.6;-20.800001
1521664410117;-1.6;13.5;3.6000001;-2.4;21.6;-20.800001
1521664410128;-1.7;13.5;3.7;-2.4;21.6;-20.800001
1521664410136;-1.6;13.5;3.8;-2.4;21.6;-20.800001
1521664410155;-1.8000001;13.6;3.9;-2.4;21.6;-20.800001
1521664410164;-1.8000001;13.7;3.9;-2.4;21.6;-20.800001
1521664410173;-1.9;13.7;4.0;-2.4;21.6;-20.800001
1521664410184;-2.0;13.7;4.0;-2.4;21.6;-20.800001
1521664410194;-1.9;13.7;4.0;-2.4;21.6;-20.800001
1521664410243;-1.7;13.6;3.8;-2.4;21.6;-20.800001
1521664410263;-1.6;13.5;3.7;-2.4;21.6;-20.800001
1521664410273;-1.5;13.5;3.6000001;-2.4;21.6;-20.800001
1521664410284;-1.5;13.400001;3.5;-2.4;21.6;-20.800001
1521664410293;-1.4;13.400001;3.4;-2.4;21.6;-20.800001
1521664410305;-1.4;13.3;3.4;-2.4;21.6;-20.800001
1521664410313;-1.3000001;13.3;3.4;-2.4;21.6;-20.800001
1521664410324;-1.2;13.3;3.3;-2.4;21.6;-20.800001
1521664410334;-1.2;13.2;3.3;-2.4;21.6;-20.800001
1521664410343;-1.1;13.2;3.3;-2.4;21.6;-20.800001
1521664410353;-1.1;13.1;3.2;-2.4;21.6;-20.800001
1521664410364;-1.0;13.1;3.1000001;-2.4;21.6;-20.800001
1521664410373;-1.0;13.0;3.0;-2.4;21.6;-20.800001
1521664410383;-0.90000004;13.0;3.0;-2.4;21.6;-20.800001
1521664410394;-0.8;12.900001;2.9;-2.4;21.6;-20.800001
1521664410405;-0.8;12.900001;2.8;-2.4;21.6;-20.800001
1521664410424;-0.7;12.8;2.8;-2.4;21.6;-20.800001
1521664410434;-0.7;12.8;2.6000001;-2.4;21.6;-20.800001
1521664410443;-0.6;12.7;2.6000001;-2.4;21.6;-20.800001
1521664410463;-0.5;12.6;2.6000001;-2.4;21.6;-20.800001
1521664410474;-0.4;12.6;2.5;-2.4;21.6;-20.800001
1521664410495;-0.2;12.400001;2.4;-2.4;21.6;-20.800001
1521664410503;-0.2;12.400001;2.3;-2.4;21.6;-20.800001
1521664410513;-0.1;12.3;2.2;-2.4;21.6;-20.800001
1521664410524;0.0;12.2;2.2;-2.4;21.6;-20.800001
1521664410545;0.0;12.2;2.1000001;-2.4;21.6;-20.800001
1521664410573;0.0;12.1;2.1000001;-2.4;21.6;-20.800001
1521664410605;0.0;12.1;2.2;-2.4;21.6;-20.800001
1521664410624;0.0;12.1;2.1000001;-2.4;21.6;-20.800001
1521664410655;0.1;12.1;2.1000001;-2.4;21.6;-20.800001
1521664410673;0.0;12.0;2.1000001;-2.4;21.6;-20.800001
1521664410684;0.1;12.0;2.1000001;-2.4;21.6;-20.800001
1521664410704;0.0;12.0;2.2;-2.4;21.6;-20.800001
1521664410714;0.1;12.0;2.2;-2.4;21.6;-20.800001
1521664410725;0.0;12.0;2.2;-2.4;21.6;-20.800001
1521664410734;0.0;12.0;2.1000001;-2.4;21.6;-20.800001
1521664410744;0.1;12.0;2.1000001;-2.4;21.6;-20.800001
1521664410756;0.0;12.0;2.0;-2.4;21.6;-20.800001
1521664410773;0.1;12.0;1.9;-2.4;21.6;-20.800001
1521664410784;0.0;12.0;1.9;-2.4;21.6;-20.800001
1521664410803;0.0;12.0;2.0;-2.4;21.6;-20.800001
1521664410813;0.0;12.1;2.1000001;-2.4;21.6;-20.800001
1521664410856;0.1;12.1;2.0;-2.4;21.6;-20.800001
1521664410883;0.1;12.0;2.0;-2.4;21.6;-20.800001
1521664410893;0.1;12.1;2.0;-2.4;21.6;-20.800001
1521664410905;0.1;12.0;1.9;-2.4;21.6;-20.800001
1521664410955;0.1;11.900001;1.9;-2.4;21.6;-20.800001
1521664410975;0.1;11.900001;1.8000001;-2.4;21.6;-20.800001
1521664410984;0.1;11.900001;1.9;-2.4;21.6;-20.800001
1521664410995;0.2;12.0;1.8000001;-2.4;21.6;-20.800001
1521664411005;0.2;11.900001;1.7;-2.4;21.6;-20.800001
1521664411015;0.2;11.900001;1.8000001;-2.4;21.6;-20.800001
1521664411027;0.3;11.900001;1.8000001;-2.4;21.6;-20.800001
1521664411085;0.3;11.900001;1.9;-2.4;21.6;-20.800001
1521664411104;0.4;11.900001;1.9;-2.4;21.6;-20.800001
1521664411114;0.4;11.900001;1.8000001;-2.4;21.6;-20.800001
1521664411186;0.4;12.0;1.9;-2.4;21.6;-20.800001
1521664411244;0.5;12.0;2.1000001;-2.4;21.6;-20.800001
1521664411253;0.5;12.0;2.0;-2.4;21.6;-20.800001
1521664411283;0.5;12.1;2.0;-2.4;21.6;-20.800001
1521664411313;0.6;12.1;2.0;-2.4;21.6;-20.800001
1521664411334;0.6;12.1;1.9;-2.4;21.6;-20.800001
1521664411343;0.6;12.1;2.0;-2.4;21.6;-20.800001
1521664411366;0.7;12.1;2.0;-2.4;21.6;-20.800001
1521664411398;0.7;12.1;1.9;-2.4;21.6;-20.800001
1521664411416;0.8;12.2;1.9;-2.4;21.6;-20.800001
1521664411435;0.8;12.3;2.0;-2.4;21.6;-20.800001
1521664411453;0.8;12.3;1.9;-2.4;21.6;-20.800001
1521664411474;0.90000004;12.3;1.9;-2.4;21.6;-20.800001
1521664411504;1.0;12.3;1.8000001;-2.4;21.6;-20.800001
1521664411513;0.90000004;12.400001;1.8000001;-2.4;21.6;-20.800001
1521664411544;1.0;12.400001;1.8000001;-2.4;21.6;-20.800001
1521664411554;1.0;12.5;1.8000001;-2.4;21.6;-20.800001
1521664411583;1.1;12.6;1.8000001;-2.4;21.6;-20.800001
1521664411624;1.1;12.7;1.8000001;-2.4;21.6;-20.800001
1521664411666;1.1;12.8;1.8000001;-2.4;21.6;-20.800001
1521664411684;1.1;12.8;1.7;-2.4;21.6;-20.800001
1521664411693;1.2;12.8;1.6;-2.4;21.6;-20.800001
1521664411724;1.3000001;12.8;1.6;-2.4;21.6;-20.800001
1521664411754;1.3000001;12.7;1.5;-2.4;21.6;-20.800001
1521664411794;1.3000001;12.6;1.4;-2.4;21.6;-20.800001
1521664411818;1.4;12.6;1.4;-2.4;21.6;-20.800001
1521664411826;1.4;12.5;1.3000001;-2.4;21.6;-20.800001
1521664411854;1.5;12.400001;1.2;-2.4;21.6;-20.800001
1521664411884;1.5;12.3;1.2;-2.4;21.6;-20.800001
1521664411903;1.5;12.3;1.1;-2.4;21.6;-20.800001
1521664411913;1.6;12.2;1.1;-2.4;21.6;-20.800001
1521664411933;1.7;12.1;1.1;-2.4;21.6;-20.800001
1521664411945;1.7;12.1;1.0;-2.4;21.6;-20.800001
1521664411954;1.7;12.1;1.1;-2.4;21.6;-20.800001
1521664411966;1.7;12.1;1.0;-2.4;21.6;-20.800001
1521664411975;1.7;12.0;1.1;-2.4;21.6;-20.800001
1521664412015;1.8000001;12.0;1.1;-2.4;21.6;-20.800001
1521664412027;1.8000001;12.0;1.0;-2.4;21.6;-20.800001
1521664412045;1.8000001;12.1;1.0;-2.4;21.6;-20.800001
1521664412054;1.8000001;12.1;1.1;-2.4;21.6;-20.800001
1521664412064;1.9;12.1;1.1;-2.4;21.6;-20.800001
1521664412084;1.9;12.2;1.0;-2.4;21.6;-20.800001
1521664412093;2.0;12.2;1.0;-2.4;21.6;-20.800001
1521664412124;2.1000001;12.3;1.0;-2.4;21.6;-20.800001
1521664412144;2.1000001;12.400001;1.0;-2.4;21.6;-20.800001
1521664412154;2.1000001;12.400001;1.1;-2.4;21.6;-20.800001
1521664412164;2.2;12.400001;1.1;-2.4;21.6;-20.800001
1521664412173;2.1000001;12.5;1.1;-2.4;21.6;-20.800001
1521664412194;2.2;12.6;1.1;-2.4;21.6;-20.800001
1521664412244;2.2;12.8;1.3000001;-2.4;21.6;-20.800001
1521664412262;2.3;12.8;1.3000001;-2.4;21.6;-20.800001
1521664412285;2.4;12.8;1.3000001;-2.4;21.6;-20.800001
1521664412293;2.4;12.8;1.4;-2.4;21.6;-20.800001
1521664412303;2.4;12.900001;1.5;-2.4;21.6;-20.800001
1521664412324;2.4;12.900001;1.6;-2.4;21.6;-20.800001
1521664412334;2.4;12.900001;1.5;-2.4;21.6;-20.800001
1521664412345;2.4;12.900001;1.6;-2.4;21.6;-20.800001
1521664412374;2.4;12.900001;1.7;-2.4;21.6;-20.800001
1521664412384;2.4;12.900001;1.8000001;-2.4;21.6;-20.800001
1521664412415;2.5;12.900001;1.9;-2.4;21.6;-20.800001
1521664412436;2.5;12.900001;2.0;-2.4;21.6;-20.800001
1521664412455;2.5;13.0;2.1000001;-2.4;21.6;-20.800001
1521664412484;2.6000001;13.0;2.1000001;-2.4;21.6;-20.800001
1521664412497;2.5;13.0;2.1000001;-2.4;21.6;-20.800001
1521664412534;2.6000001;13.0;2.1000001;-2.4;21.6;-20.800001
1521664412544;2.6000001;13.0;2.0;-2.4;21.6;-20.800001
1521664412565;2.5;13.1;2.0;-2.4;21.6;-20.800001
1521664412575;2.5;13.1;2.1000001;-2.4;21.6;-20.800001
1521664412584;2.5;13.2;2.1000001;-2.4;21.6;-20.800001
1521664412613;2.5;13.3;2.0;-2.4;21.6;-20.800001
1521664412623;2.4;13.3;2.0;-2.4;21.6;-20.800001
1521664412635;2.4;13.3;2.1000001;-2.4;21.6;-20.800001
1521664412654;2.4;13.400001;2.1000001;-2.4;21.6;-20.800001
1521664412664;2.4;13.5;2.1000001;-2.4;21.6;-20.800001
1521664412675;2.5;13.5;2.1000001;-2.4;21.6;-20.800001
1521664412694;2.4;13.6;2.2;-2.4;21.6;-20.800001
1521664412736;2.5;13.6;2.2;-2.4;21.6;-20.800001
1521664412745;2.5;13.5;2.1000001;-2.4;21.6;-20.800001
1521664412766;2.4;13.6;2.2;-2.4;21.6;-20.800001
1521664412773;2.3;13.6;2.2;-2.4;21.6;-20.800001
1521664412844;2.2;13.6;2.2;-2.4;21.6;-20.800001
1521664412864;2.3;13.6;2.2;-2.4;21.6;-20.800001
1521664412875;2.3;13.6;2.1000001;-2.4;21.6;-20.800001
1521664412885;2.2;13.6;2.1000001;-2.4;21.6;-20.800001
1521664412894;2.2;13.6;2.0;-2.4;21.6;-20.800001
1521664412905;2.2;13.5;2.0;-2.4;21.6;-20.800001
1521664412915;2.2;13.6;2.1000001;-2.4;21.6;-20.800001
1521664412935;2.2;13.5;2.0;-2.4;21.6;-20.800001
1521664412955;2.1000001;13.5;2.1000001;-2.4;21.6;-20.800001
1521664412964;2.1000001;13.5;2.0;-2.4;21.6;-20.800001
1521664412973;2.0;13.400001;2.0;-2.4;21.6;-20.800001
1521664412993;2.0;13.400001;1.9;-2.4;21.6;-20.800001
1521664413005;1.9;13.400001;1.9;-2.4;21.6;-20.800001
1521664413028;1.8000001;13.400001;1.9;-2.4;21.6;-20.800001
1521664413043;1.8000001;13.5;1.8000001;-2.4;21.6;-20.800001
1521664413064;1.8000001;13.400001;1.7;-2.4;21.6;-20.800001
1521664413083;1.7;13.400001;1.7;-2.4;21.6;-20.800001
1521664413154;1.6;13.400001;1.7;-2.4;21.6;-20.800001
1521664413164;1.5;13.400001;1.7;-2.4;21.6;-20.800001
1521664413174;1.5;13.400001;1.8000001;-2.4;21.6;-20.800001
1521664413195;1.5;13.400001;1.7;-2.4;21.6;-20.800001
1521664413243;1.4;13.400001;1.7;-2.4;21.6;-20.800001
1521664413264;1.4;13.400001;1.8000001;-2.4;21.6;-20.800001
1521664413273;1.4;13.400001;1.7;-2.4;21.6;-20.800001
1521664413283;1.3000001;13.400001;1.7;-2.4;21.6;-20.800001
1521664413304;1.3000001;13.400001;1.6;-2.4;21.6;-20.800001
1521664413323;1.4;13.400001;1.6;-2.4;21.6;-20.800001
1521664413333;1.4;13.400001;1.7;-2.4;21.6;-20.800001
1521664413353;1.3000001;13.400001;1.7;-2.4;21.6;-20.800001
1521664413427;1.2;13.400001;1.6;-2.4;21.6;-20.800001
1521664413445;1.2;13.400001;1.8000001;-2.4;21.6;-20.800001
1521664413455;1.2;13.400001;1.7;-2.4;21.6;-20.800001
1521664413464;1.3000001;13.400001;1.7;-2.4;21.6;-20.800001
1521664413475;1.3000001;13.5;1.8000001;-2.4;21.6;-20.800001
1521664413488;1.2;13.5;1.8000001;-2.4;21.6;-20.800001
1521664413505;1.2;13.6;1.9;-2.4;21.6;-20.800001
1521664413534;1.3000001;13.6;1.9;-2.4;21.6;-20.800001
1521664413547;1.2;13.6;1.9;-2.4;21.6;-20.800001
1521664413566;1.2;13.5;1.8000001;-2.4;21.6;-20.800001
1521664413583;1.2;13.6;1.9;-2.4;21.6;-20.800001
1521664413604;1.2;13.6;2.0;-2.4;21.6;-20.800001
1521664413645;1.2;13.7;2.0;-2.4;21.6;-20.800001
1521664413664;1.3000001;13.6;1.9;-2.4;21.6;-20.800001
1521664413694;1.3000001;13.6;2.0;-2.4;21.6;-20.800001
1521664413705;1.3000001;13.7;2.1000001;-2.4;21.6;-20.800001
1521664413746;1.3000001;13.7;2.0;-2.4;21.6;-20.800001
1521664413774;1.3000001;13.7;1.9;-2.4;21.6;-20.800001
1521664413785;1.3000001;13.7;2.0;-2.4;21.6;-20.800001
1521664413794;1.3000001;13.7;1.9;-2.4;21.6;-20.800001
1521664413813;1.3000001;13.7;2.0;-2.4;21.6;-20.800001
1521664413826;1.3000001;13.8;2.1000001;-2.4;21.6;-20.800001
1521664413847;1.3000001;13.8;2.2;-2.4;21.6;-20.800001
1521664413863;1.4;13.8;2.2;-2.4;21.6;-20.800001
1521664413874;1.4;13.7;2.1000001;-2.4;21.6;-20.800001
1521664413884;1.4;13.8;2.1000001;-2.4;21.6;-20.800001
1521664413893;1.5;13.8;2.2;-2.4;21.6;-20.800001
1521664413944;1.5;13.8;2.3;-2.4;21.6;-20.800001
1521664413953;1.6;13.8;2.2;-2.4;21.6;-20.800001
1521664413964;1.6;13.8;2.3;-2.4;21.6;-20.800001
1521664413973;1.5;13.8;2.4;-2.4;21.6;-20.800001
1521664413983;1.6;13.8;2.4;-2.4;21.6;-20.800001
1521664413993;1.6;13.900001;2.4;-2.4;21.6;-20.800001
1521664414004;1.6;13.900001;2.3;-2.4;21.6;-20.800001
1521664414014;1.7;13.900001;2.4;-2.4;21.6;-20.800001
1521664414024;1.7;13.900001;2.5;-2.4;21.6;-20.800001
1521664414045;1.8000001;13.900001;2.5;-2.4;21.6;-20.800001
1521664414077;1.8000001;13.900001;2.6000001;-2.4;21.6;-20.800001
1521664414089;1.9;13.900001;2.6000001;-2.4;21.6;-20.800001
1521664414114;2.0;13.900001;2.6000001;-2.4;21.6;-20.800001
1521664414134;2.0;13.900001;2.5;-2.4;21.6;-20.800001
1521664414173;2.1000001;13.8;2.4;-2.4;21.6;-20.800001
1521664414183;2.1000001;13.900001;2.5;-2.4;21.6;-20.800001
1521664414193;2.0;13.900001;2.5;-2.4;21.6;-20.800001
1521664414204;2.0;14.0;2.5;-2.4;21.6;-20.800001
1521664414244;1.9;14.1;2.6000001;-2.4;21.6;-20.800001
1521664414266;1.8000001;14.2;2.7;-2.4;21.6;-20.800001
1521664414273;1.8000001;14.3;2.7;-2.4;21.6;-20.800001
1521664414283;1.7;14.3;2.7;-2.4;21.6;-20.800001
1521664414294;1.7;14.400001;2.8;-2.4;21.6;-20.800001
1521664414303;1.6;14.400001;2.9;-2.4;21.6;-20.800001
1521664414324;1.6;14.5;2.9;-2.4;21.6;-20.800001
1521664414333;1.5;14.5;3.0;-2.4;21.6;-20.800001
1521664414343;1.4;14.6;3.0;-2.4;21.6;-20.800001
1521664414354;1.4;14.6;3.1000001;-2.4;21.6;-20.800001
1521664414363;1.4;14.6;3.2;-2.4;21.6;-20.800001
1521664414373;1.4;14.7;3.2;-2.4;21.6;-20.800001
1521664414384;1.3000001;14.7;3.2;-2.4;21.6;-20.800001
1521664414393;1.3000001;14.8;3.3;-2.4;21.6;-20.800001
1521664414415;1.2;14.8;3.4;-2.4;21.6;-20.800001
1521664414425;1.1;14.900001;3.4;-2.4;21.6;-20.800001
1521664414435;1.1;15.0;3.5;-2.4;21.6;-20.800001
1521664414455;1.0;15.0;3.6000001;-2.4;21.6;-20.800001
1521664414465;0.90000004;15.1;3.7;-2.4;21.6;-20.800001
1521664414484;0.90000004;15.2;3.8;-2.4;21.6;-20.800001
1521664414514;0.90000004;15.2;3.9;-2.4;21.6;-20.800001
1521664414524;1.0;15.1;3.9;-2.4;21.6;-20.800001
1521664414534;1.0;15.1;4.0;-2.4;21.6;-20.800001
1521664414564;0.90000004;15.1;3.9;-2.4;21.6;-20.800001
1521664414573;1.0;15.0;3.9;-2.4;21.6;-20.800001
1521664414584;1.0;15.1;4.0;-2.4;21.6;-20.800001
1521664414594;1.0;15.0;4.0;-2.4;21.6;-20.800001
1521664414614;1.1;15.0;4.0;-2.4;21.6;-20.800001
1521664414625;1.0;15.0;3.9;-2.4;21.6;-20.800001
1521664414633;1.1;15.0;3.9;-2.4;21.6;-20.800001
1521664414643;1.1;14.900001;3.9;-2.4;21.6;-20.800001
1521664414663;1.0;14.900001;3.9;-2.4;21.6;-20.800001
1521664414685;1.0;15.0;3.9;-2.4;21.6;-20.800001
1521664414694;1.0;14.900001;3.9;-2.4;21.6;-20.800001
1521664414714;1.0;14.900001;3.8;-2.4;21.6;-20.800001
1521664414724;1.0;14.8;3.8;-2.4;21.6;-20.800001
1521664414734;1.0;14.8;3.9;-2.4;21.6;-20.800001
1521664414745;0.90000004;14.8;3.9;-2.4;21.6;-20.800001
1521664414753;0.90000004;14.7;3.9;-2.4;21.6;-20.800001
1521664414794;0.90000004;14.6;3.9;-2.4;21.6;-20.800001
1521664414805;0.90000004;14.6;3.8;-2.4;21.6;-20.800001
1521664414824;0.90000004;14.6;3.9;-2.4;21.6;-20.800001
1521664414834;0.8;14.5;3.8;-2.4;21.6;-20.800001
1521664414844;0.90000004;14.5;3.8;-2.4;21.6;-20.800001
1521664414854;0.90000004;14.400001;3.8;-2.4;21.6;-20.800001
1521664414892;0.8;14.400001;3.7;-2.4;21.6;-20.800001
1521664414896;0.8;14.3;3.7;-2.4;21.6;-20.800001
1521664414924;0.8;14.2;3.7;-2.4;21.6;-20.800001
1521664414953;0.8;14.2;3.6000001;-2.4;21.6;-20.800001
1521664414964;0.8;14.1;3.7;-2.4;21.6;-20.800001
1521664414988;0.8;14.0;3.7;-2.4;21.6;-20.800001
1521664414996;0.8;14.0;3.6000001;-2.4;21.6;-20.800001
1521664415006;0.8;13.900001;3.7;-2.4;21.6;-20.800001
1521664415018;0.90000004;13.900001;3.7;-2.4;21.6;-20.800001
1521664415026;0.90000004;13.900001;3.6000001;-2.4;21.6;-20.800001
1521664415037;0.90000004;13.900001;3.7;-2.4;21.6;-20.800001
1521664415048;1.0;13.900001;3.6000001;-2.4;21.6;-20.800001
1521664415057;1.1;13.900001;3.5;-2.4;21.6;-20.800001
1521664415075;1.1;13.8;3.5;-2.4;21.6;-20.800001
1521664415085;1.0;13.8;3.5;-2.4;21.6;-20.800001
1521664415094;1.1;13.8;3.5;-2.4;21.6;-20.800001
1521664415127;1.1;13.8;3.4;-2.4;21.6;-20.800001
1521664415155;1.2;13.7;3.4;-2.4;21.6;-20.800001
1521664415186;1.2;13.7;3.2;-2.4;21.6;-20.800001
1521664415195;1.3000001;13.6;3.2;-2.4;21.6;-20.800001
1521664415207;1.4;13.5;3.1000001;-2.4;21.6;-20.800001
1521664415264;1.8000001;13.2;2.8;-2.4;21.6;-20.800001
1521664415273;1.9;13.1;2.7;-2.4;21.6;-20.800001
1521664415283;2.0;13.0;2.6000001;-2.4;21.6;-20.800001
1521664415293;2.1000001;13.0;2.6000001;-2.4;21.6;-20.800001
1521664415303;2.2;12.900001;2.5;-2.4;21.6;-20.800001
1521664415323;2.2;12.8;2.5;-2.4;21.6;-20.800001
1521664415333;2.3;12.8;2.4;-2.4;21.6;-20.800001
1521664415345;2.4;12.7;2.3;-2.4;21.6;-20.800001
1521664415353;2.4;12.6;2.3;-2.4;21.6;-20.800001
1521664415363;2.5;12.5;2.3;-2.4;21.6;-20.800001
1521664415373;2.6000001;12.5;2.3;-2.4;21.6;-20.800001
1521664415384;2.7;12.400001;2.2;-2.4;21.6;-20.800001
1521664415394;2.7;12.3;2.2;-2.4;21.6;-20.800001
1521664415415;2.9;12.2;2.1000001;-2.4;21.6;-20.800001
1521664415424;3.0;12.1;2.1000001;-2.4;21.6;-20.800001
1521664415435;3.0;12.1;2.0;-2.4;21.6;-20.800001
1521664415455;3.1000001;12.0;1.9;-2.4;21.6;-20.800001
1521664415475;3.3;11.900001;1.9;-2.4;21.6;-20.800001
1521664415495;3.4;11.8;1.9;-2.4;21.6;-20.800001
1521664415544;3.5;11.8;1.9;-2.4;21.6;-20.800001
1521664415565;3.4;11.8;1.9;-2.4;21.6;-20.800001
1521664415584;3.4;11.8;2.1000001;-2.4;21.6;-20.800001
1521664415593;3.4;11.8;2.0;-2.4;21.6;-20.800001
1521664415613;3.4;11.7;1.9;-2.4;21.6;-20.800001
1521664415623;3.4;11.8;1.9;-2.4;21.6;-20.800001
1521664415646;3.3;11.8;2.1000001;-2.4;21.6;-20.800001
1521664415663;3.3;11.900001;1.9;-2.4;21.6;-20.800001
1521664415673;3.3;11.8;1.8000001;-2.4;21.6;-20.800001
1521664415683;3.3;11.900001;1.9;-2.4;21.6;-20.800001
1521664415694;3.3;11.900001;1.8000001;-2.4;21.6;-20.800001
1521664415713;3.3;11.900001;1.7;-2.4;21.6;-20.800001
1521664415734;3.2;11.900001;1.8000001;-2.4;21.6;-20.800001
1521664415773;3.2;11.900001;1.7;-2.4;21.6;-20.800001
1521664415793;3.1000001;11.900001;1.7;-2.4;21.6;-20.800001
1521664415803;3.1000001;11.8;1.7;-2.4;21.6;-20.800001
1521664415874;3.1000001;11.7;1.7;-2.4;21.6;-20.800001
1521664415935;3.1000001;11.5;1.5;-2.4;21.6;-20.800001
1521664415976;3.1000001;11.5;1.6;-2.4;21.6;-20.800001
1521664415995;3.1000001;11.400001;1.5;-2.4;21.6;-20.800001
1521664416014;3.1000001;11.3;1.5;-2.4;21.6;-20.800001
1521664416024;3.1000001;11.3;1.4;-2.4;21.6;-20.800001
1521664416034;3.1000001;11.3;1.3000001;-2.4;21.6;-20.800001
1521664416044;3.1000001;11.3;1.4;-2.4;21.6;-20.800001
1521664416054;3.1000001;11.3;1.3000001;-2.4;21.6;-20.800001
1521664416075;3.0;11.3;1.3000001;-2.4;21.6;-20.800001
1521664416105;2.9;11.3;1.4;-2.4;21.6;-20.800001
1521664416134;2.8;11.3;1.3000001;-2.4;21.6;-20.800001
1521664416166;2.7;11.3;1.3000001;-2.4;21.6;-20.800001
1521664416195;2.7;11.3;1.2;-2.4;21.6;-20.800001
1521664416246;2.6000001;11.400001;1.2;-2.4;21.6;-20.800001
1521664416262;2.6000001;11.400001;1.3000001;-2.4;21.6;-20.800001
1521664416272;2.6000001;11.400001;1.2;-2.4;21.6;-20.800001
1521664416283;2.5;11.400001;1.2;-2.4;21.6;-20.800001
1521664416293;2.5;11.400001;1.1;-2.4;21.6;-20.800001
1521664416313;2.5;11.400001;1.2;-2.4;21.6;-20.800001
1521664416323;2.5;11.400001;1.3000001;-2.4;21.6;-20.800001
1521664416333;2.4;11.400001;1.4;-2.4;21.6;-20.800001
1521664416344;2.4;11.400001;1.3000001;-2.4;21.6;-20.800001
1521664416364;2.4;11.3;1.3000001;-2.4;21.6;-20.800001
1521664416383;2.3;11.3;1.2;-2.4;21.6;-20.800001
1521664416403;2.3;11.3;1.1;-2.4;21.6;-20.800001
1521664416413;2.2;11.3;1.1;-2.4;21.6;-20.800001
1521664416427;2.2;11.2;1.2;-2.4;21.6;-20.800001
1521664416444;2.2;11.2;1.0;-2.4;21.6;-20.800001
1521664416454;2.1000001;11.2;1.1;-2.4;21.6;-20.800001
1521664416464;2.1000001;11.2;1.0;-2.4;21.6;-20.800001
1521664416474;2.0;11.2;1.0;-2.4;21.6;-20.800001
1521664416494;2.0;11.2;0.90000004;-2.4;21.6;-20.800001
1521664416516;1.9;11.2;1.0;-2.4;21.6;-20.800001
1521664416534;1.9;11.1;1.0;-2.4;21.6;-20.800001
1521664416563;1.8000001;11.1;1.0;-2.4;21.6;-20.800001
1521664416593;1.7;11.1;1.1;-2.4;21.6;-20.800001
1521664416604;1.7;11.1;1.0;-2.4;21.6;-20.800001
1521664416613;1.6;11.1;1.0;-2.4;21.6;-20.800001
1521664416633;1.6;11.1;0.90000004;-2.4;21.6;-20.800001
1521664416644;1.6;11.1;1.0;-2.4;21.6;-20.800001
1521664416664;1.5;11.1;1.0;-2.4;21.6;-20.800001
1521664416673;1.5;11.2;1.1;-2.4;21.6;-20.800001
1521664416703;1.5;11.3;1.1;-2.4;21.6;-20.800001
1521664416714;1.5;11.3;1.2;-2.4;21.6;-20.800001
1521664416765;1.5;11.400001;1.2;-2.4;21.6;-20.800001
1521664416775;1.5;11.400001;1.3000001;-2.4;21.6;-20.800001
1521664416785;1.5;11.400001;1.2;-2.4;21.6;-20.800001
1521664416814;1.5;11.5;1.2;-2.4;21.6;-20.800001
1521664416854;1.4;11.5;1.2;-2.4;21.6;-20.800001
1521664416896;1.5;11.5;1.1;-2.4;21.6;-20.800001
1521664416907;1.5;11.5;1.2;-2.4;21.6;-20.800001
1521664416917;1.4;11.6;1.2;-2.4;21.6;-20.800001
1521664416948;1.4;11.6;1.1;-2.4;21.6;-20.800001
1521664416967;1.4;11.6;1.2;-2.4;21.6;-20.800001
1521664416976;1.5;11.6;1.1;-2.4;21.6;-20.800001
1521664417016;1.5;11.6;1.0;-2.4;21.6;-20.800001
1521664417026;1.5;11.6;1.1;-2.4;21.6;-20.800001
1521664417047;1.5;11.6;1.2;-2.4;21.6;-20.800001
1521664417057;1.5;11.6;1.3000001;-2.4;21.6;-20.800001
1521664417067;1.5;11.6;1.1;-2.4;21.6;-20.800001
1521664417075;1.5;11.6;1.2;-2.4;21.6;-20.800001
1521664417088;1.4;11.6;1.2;-2.4;21.6;-20.800001
1521664417106;1.5;11.6;1.2;-2.4;21.6;-20.800001
1521664417147;1.5;11.6;1.1;-2.4;21.6;-20.800001
1521664417158;1.5;11.6;1.2;-2.4;21.6;-20.800001
1521664417195;1.5;11.6;1.1;-2.4;21.6;-20.800001
1521664417208;1.5;11.6;1.2;-2.4;21.6;-20.800001
1521664417263;1.5;11.6;1.1;-2.4;21.6;-20.800001
1521664417273;1.5;11.7;1.1;-2.4;21.6;-20.800001
1521664417293;1.5;11.6;1.1;-2.4;21.6;-20.800001
1521664417333;1.5;11.6;1.2;-2.4;21.6;-20.800001
1521664417363;1.6;11.6;1.1;-2.4;21.6;-20.800001
1521664417373;1.6;11.6;1.0;-2.4;21.6;-20.800001
1521664417385;1.7;11.6;1.1;-2.4;21.6;-20.800001
1521664417403;1.7;11.6;1.0;-2.4;21.6;-20.800001
1521664417413;1.7;11.6;1.1;-2.4;21.6;-20.800001
1521664417456;1.8000001;11.5;1.0;-2.4;21.6;-20.800001
1521664417485;1.8000001;11.5;1.1;-2.4;21.6;-20.800001
1521664417497;1.9;11.5;1.1;-2.4;21.6;-20.800001
1521664417536;1.9;11.5;1.2;-2.4;21.6;-20.800001
1521664417546;1.9;11.6;1.2;-2.4;21.6;-20.800001
1521664417556;2.0;11.5;1.2;-2.4;21.6;-20.800001
1521664417570;2.0;11.5;1.3000001;-2.4;21.6;-20.800001
1521664417584;2.0;11.6;1.3000001;-2.4;21.6;-20.800001
1521664417594;2.0;11.6;1.2;-2.4;21.6;-20.800001
1521664417603;1.9;11.6;1.2;-2.4;21.6;-20.800001
1521664417613;1.9;11.6;1.3000001;-2.4;21.6;-20.800001
1521664417634;1.9;11.7;1.3000001;-2.4;21.6;-20.800001
1521664417643;1.9;11.7;1.2;-2.4;21.6;-20.800001
1521664417653;1.8000001;11.7;1.3000001;-2.4;21.6;-20.800001
1521664417674;1.8000001;11.7;1.4;-2.4;21.6;-20.800001
1521664417694;1.8000001;11.8;1.5;-2.4;21.6;-20.800001
1521664417714;1.8000001;11.8;1.4;-2.4;21.6;-20.800001
1521664417724;1.8000001;11.8;1.5;-2.4;21.6;-20.800001
1521664417756;1.8000001;11.8;1.6;-2.4;21.6;-20.800001
1521664417775;1.8000001;11.900001;1.7;-2.4;21.6;-20.800001
1521664417806;1.8000001;12.0;1.7;-2.4;21.6;-20.800001
1521664417814;1.8000001;12.0;1.8000001;-2.4;21.6;-20.800001
1521664417835;1.8000001;12.0;1.7;-2.4;21.6;-20.800001
1521664417857;1.8000001;12.1;1.7;-2.4;21.6;-20.800001
1521664417875;1.7;12.1;1.6;-2.4;21.6;-20.800001
1521664417887;1.8000001;12.1;1.7;-2.4;21.6;-20.800001
1521664417905;1.8000001;12.1;1.6;-2.4;21.6;-20.800001
1521664417930;1.8000001;12.2;1.6;-2.4;21.6;-20.800001
1521664417943;1.9;12.2;1.6;-2.4;21.6;-20.800001
1521664417953;1.9;12.2;1.5;-2.4;21.6;-20.800001
1521664417974;1.9;12.3;1.5;-2.4;21.6;-20.800001
1521664417984;1.9;12.3;1.4;-2.4;21.6;-20.800001
1521664417993;1.9;12.3;1.3000001;-2.4;21.6;-20.800001
1521664418003;1.9;12.3;1.4;-2.4;21.6;-20.800001
1521664418023;1.9;12.3;1.3000001;-2.4;21.6;-20.800001
1521664418033;1.9;12.3;1.2;-2.4;21.6;-20.800001
1521664418053;2.0;12.3;1.2;-2.4;21.6;-20.800001
1521664418063;1.9;12.3;1.1;-2.4;21.6;-20.800001
1521664418093;2.0;12.400001;1.1;-2.4;21.6;-20.800001
1521664418104;2.0;12.3;1.0;-2.4;21.6;-20.800001
1521664418114;1.9;12.3;1.0;-2.4;21.6;-20.800001
1521664418146;1.9;12.3;0.90000004;-2.4;21.6;-20.800001
1521664418167;2.0;12.3;0.90000004;-2.4;21.6;-20.800001
1521664418273;2.0;12.2;0.8;-2.4;21.6;-20.800001
1521664418286;2.1000001;12.2;0.90000004;-2.4;21.6;-20.800001
1521664418324;2.0;12.2;1.0;-2.4;21.6;-20.800001
1521664418334;2.0;12.3;1.1;-2.4;21.6;-20.800001
1521664418345;1.9;12.3;1.1;-2.4;21.6;-20.800001
1521664418354;1.9;12.400001;1.2;-2.4;21.6;-20.800001
1521664418364;1.8000001;12.5;1.3000001;-2.4;21.6;-20.800001
1521664418373;1.7;12.5;1.3000001;-2.4;21.6;-20.800001
1521664418383;1.6;12.6;1.3000001;-2.4;21.6;-20.800001
1521664418405;1.6;12.7;1.4;-2.4;21.6;-20.800001
1521664418414;1.6;12.7;1.5;-2.4;21.6;-20.800001
1521664418424;1.5;12.8;1.5;-2.4;21.6;-20.800001
1521664418434;1.5;12.8;1.6;-2.4;21.6;-20.800001
1521664418445;1.5;12.900001;1.7;-2.4;21.6;-20.800001
1521664418456;1.4;13.0;1.8000001;-2.4;21.6;-20.800001
1521664418470;1.4;13.1;1.8000001;-2.4;21.6;-20.800001
1521664418477;1.3000001;13.1;2.0;-2.4;21.6;-20.800001
1521664418487;1.3000001;13.1;1.9;-2.4;21.6;-20.800001
1521664418503;1.2;13.3;2.1000001;-2.4;21.6;-20.800001
1521664418514;1.2;13.3;2.2;-2.4;21.6;-20.800001
1521664418524;1.2;13.400001;2.2;-2.4;21.6;-20.800001
1521664418534;1.1;13.5;2.3;-2.4;21.6;-20.800001
1521664418544;1.0;13.6;2.4;-2.4;21.6;-20.800001
1521664418563;1.0;13.7;2.4;-2.4;21.6;-20.800001
1521664418574;0.90000004;13.8;2.5;-2.4;21.6;-20.800001
1521664418593;0.90000004;13.900001;2.6000001;-2.4;21.6;-20.800001
1521664418603;0.8;13.900001;2.7;-2.4;21.6;-20.800001
1521664418616;0.8;14.0;2.7;-2.4;21.6;-20.800001
1521664418623;0.8;14.0;2.8;-2.4;21.6;-20.800001
1521664418644;0.8;14.1;2.8;-2.4;21.6;-20.800001
1521664418684;0.90000004;14.1;2.9;-2.4;21.6;-20.800001
1521664418694;0.90000004;14.2;2.9;-2.4;21.6;-20.800001
1521664418705;0.8;14.2;2.9;-2.4;21.6;-20.800001
1521664418714;0.90000004;14.2;3.0;-2.4;21.6;-20.800001
1521664418724;0.90000004;14.2;2.9;-2.4;21.6;-20.800001
1521664418766;1.0;14.2;2.9;-2.4;21.6;-20.800001
1521664418793;1.1;14.2;3.0;-2.4;21.6;-20.800001
1521664418825;1.2;14.2;2.9;-2.4;21.6;-20.800001
1521664418834;1.2;14.1;2.9;-2.4;21.6;-20.800001
1521664418844;1.3000001;14.1;2.8;-2.4;21.6;-20.800001
1521664418854;1.4;14.0;2.8;-2.4;21.6;-20.800001
1521664418865;1.5;13.900001;2.8;-2.4;21.6;-20.800001
1521664418875;1.5;13.900001;2.7;-2.4;21.6;-20.800001
1521664418905;1.7;13.8;2.6000001;-2.4;21.6;-20.800001
1521664418935;1.9;13.7;2.5;-2.4;21.6;-20.800001
1521664418947;1.9;13.6;2.4;-2.4;21.6;-20.800001
1521664418965;2.1000001;13.5;2.2;-2.4;21.6;-20.800001
1521664418974;2.1000001;13.400001;2.2;-2.4;21.6;-20.800001
1521664418984;2.2;13.400001;2.1000001;-2.4;21.6;-20.800001
1521664418994;2.3;13.3;2.0;-2.4;21.6;-20.800001
1521664419014;2.3;13.2;1.9;-2.4;21.6;-20.800001
1521664419024;2.4;13.2;1.9;-2.4;21.6;-20.800001
1521664419034;2.5;13.1;1.8000001;-2.4;21.6;-20.800001
1521664419045;2.6000001;13.0;1.8000001;-2.4;21.6;-20.800001
1521664419064;2.6000001;12.900001;1.7;-2.4;21.6;-20.800001
1521664419073;2.7;12.900001;1.6;-2.4;21.6;-20.800001
1521664419083;2.7;12.8;1.7;-2.4;21.6;-20.800001
1521664419093;2.8;12.7;1.6;-2.4;21.6;-20.800001
1521664419113;2.9;12.7;1.5;-2.4;21.6;-20.800001
1521664419128;2.9;12.6;1.6;-2.4;21.6;-20.800001
1521664419143;2.9;12.7;1.5;-2.4;21.6;-20.800001
1521664419153;2.9;12.6;1.5;-2.4;21.6;-20.800001
1521664419163;2.9;12.7;1.5;-2.4;21.6;-20.800001
1521664419184;3.0;12.7;1.5;-2.4;21.6;-20.800001
1521664419194;2.9;12.7;1.5;-2.4;21.6;-20.800001
1521664419207;3.0;12.6;1.5;-2.4;21.6;-20.800001
1521664419215;2.9;12.7;1.5;-2.4;21.6;-20.800001
1521664419254;3.0;12.7;1.6;-2.4;21.6;-20.800001
1521664419263;3.0;12.7;1.7;-2.4;21.6;-20.800001
1521664419304;3.1000001;12.7;1.7;-2.4;21.6;-20.800001
1521664419323;3.1000001;12.7;1.6;-2.4;21.6;-20.800001
1521664419333;3.1000001;12.7;1.5;-2.4;21.6;-20.800001
1521664419343;3.1000001;12.7;1.6;-2.4;21.6;-20.800001
1521664419373;3.1000001;12.8;1.6;-2.4;21.6;-20.800001
1521664419383;3.1000001;12.8;1.5;-2.4;21.6;-20.800001
1521664419413;3.0;12.8;1.5;-2.4;21.6;-20.800001
1521664419428;3.0;12.900001;1.6;-2.4;21.6;-20.800001
1521664419453;3.1000001;13.0;1.7;-2.4;21.6;-20.800001
1521664419463;3.1000001;13.0;1.8000001;-2.4;21.6;-20.800001
1521664419485;3.1000001;13.0;1.7;-2.4;21.6;-20.800001
1521664419493;3.1000001;13.0;1.8000001;-2.4;21.6;-20.800001
1521664419514;3.2;13.0;1.8000001;-2.4;21.6;-20.800001
1521664419534;3.1000001;13.0;1.8000001;-2.4;21.6;-20.800001
1521664419544;3.2;13.0;1.9;-2.4;21.6;-20.800001
1521664419593;3.2;13.0;2.0;-2.4;21.6;-20.800001
1521664419613;3.1000001;13.1;2.0;-2.4;21.6;-20.800001
1521664419623;3.1000001;13.1;2.1000001;-2.4;21.6;-20.800001
1521664419666;3.1000001;13.2;2.1000001;-2.4;21.6;-20.800001
1521664419765;3.1000001;13.2;1.9;-2.4;21.6;-20.800001
1521664419775;3.0;13.2;1.9;-2.4;21.6;-20.800001
1521664419784;3.1000001;13.2;1.8000001;-2.4;21.6;-20.800001
1521664419794;3.0;13.3;1.8000001;-2.4;21.6;-20.800001
1521664419804;3.1000001;13.3;1.8000001;-2.4;21.6;-20.800001
1521664419814;3.0;13.3;1.8000001;-2.4;21.6;-20.800001
1521664419855;3.0;13.400001;1.7;-2.4;21.6;-20.800001
1521664419875;3.0;13.3;1.7;-2.4;21.6;-20.800001
1521664419906;2.9;13.400001;1.7;-2.4;21.6;-20.800001
1521664419956;2.8;13.400001;1.7;-2.4;21.6;-20.800001
1521664419967;2.9;13.400001;1.6;-2.4;21.6;-20.800001
1521664420013;2.9;13.3;1.5;-2.4;21.6;-20.800001
1521664420025;2.9;13.3;1.6;-2.4;21.6;-20.800001
1521664420034;2.8;13.3;1.7;-2.4;21.6;-20.800001
1521664420045;2.8;13.3;1.6;-2.4;21.6;-20.800001
1521664420054;2.7;13.3;1.7;-2.4;21.6;-20.800001
1521664420065;2.8;13.3;1.7;-2.4;21.6;-20.800001
1521664420084;2.7;13.3;1.8000001;-2.4;21.6;-20.800001
1521664420094;2.7;13.3;1.9;-2.4;21.6;-20.800001
1521664420114;2.7;13.3;1.8000001;-2.4;21.6;-20.800001
1521664420124;2.7;13.2;1.8000001;-2.4;21.6;-20.800001
1521664420147;2.7;13.2;1.9;-2.4;21.6;-20.800001
1521664420157;2.6000001;13.2;1.9;-2.4;21.6;-20.800001
1521664420177;2.6000001;13.2;2.0;-2.4;21.6;-20.800001
1521664420187;2.6000001;13.2;1.9;-2.4;21.6;-20.800001
1521664420205;2.6000001;13.2;1.8000001;-2.4;21.6;-20.800001
1521664420214;2.5;13.2;1.8000001;-2.4;21.6;-20.800001
1521664420224;2.6000001;13.1;1.9;-2.4;21.6;-20.800001
1521664420295;2.6000001;13.1;1.8000001;-2.4;21.6;-20.800001
1521664420303;2.6000001;13.0;1.7;-2.4;21.6;-20.800001
1521664420313;2.5;13.1;1.7;-2.4;21.6;-20.800001
1521664420323;2.6000001;13.0;1.7;-2.4;21.6;-20.800001
1521664420343;2.6000001;12.900001;1.6;-2.4;21.6;-20.800001
1521664420363;2.7;12.900001;1.6;-2.4;21.6;-20.800001
1521664420404;2.7;12.900001;1.5;-2.4;21.6;-20.800001
1521664420414;2.8;12.900001;1.5;-2.4;21.6;-20.800001
1521664420435;2.8;12.8;1.5;-2.4;21.6;-20.800001
1521664420453;2.9;12.8;1.5;-2.4;21.6;-20.800001
1521664420474;2.9;12.8;1.4;-2.4;21.6;-20.800001
1521664420484;2.9;12.8;1.5;-2.4;21.6;-20.800001
1521664420523;2.9;12.8;1.4;-2.4;21.6;-20.800001
1521664420533;3.0;12.8;1.5;-2.4;21.6;-20.800001
1521664420543;2.9;12.8;1.6;-2.4;21.6;-20.800001
1521664420553;2.9;12.8;1.7;-2.4;21.6;-20.800001
1521664420575;3.0;12.8;1.6;-2.4;21.6;-20.800001
1521664420585;3.0;12.8;1.8000001;-2.4;21.6;-20.800001
1521664420603;3.0;12.8;1.9;-2.4;21.6;-20.800001
1521664420613;3.1000001;12.8;1.9;-2.4;21.6;-20.800001
1521664420624;3.1000001;12.8;1.8000001;-2.4;21.6;-20.800001
1521664420633;3.1000001;12.8;1.7;-2.4;21.6;-20.800001
1521664420644;3.0;12.8;1.7;-2.4;21.6;-20.800001
1521664420734;3.0;12.8;1.6;-2.4;21.6;-20.800001
1521664420745;2.9;12.900001;1.6;-2.4;21.6;-20.800001
1521664420765;2.9;12.8;1.6;-2.4;21.6;-20.800001
1521664420775;2.8;12.8;1.6;-2.4;21.6;-20.800001
1521664420794;2.8;12.8;1.5;-2.4;21.6;-20.800001
1521664420805;2.8;12.8;1.6;-2.4;21.6;-20.800001
1521664420814;2.8;12.8;1.5;-2.4;21.6;-20.800001
1521664420825;2.8;12.8;1.6;-2.4;21.6;-20.800001
1521664420834;2.8;12.8;1.5;-2.4;21.6;-20.800001
1521664420886;2.7;12.8;1.4;-2.4;21.6;-20.800001
1521664420925;2.6000001;12.8;1.5;-2.4;21.6;-20.800001
1521664420954;2.6000001;12.8;1.6;-2.4;21.6;-20.800001
1521664420965;2.6000001;12.8;1.7;-2.4;21.6;-20.800001
1521664420974;2.6000001;12.8;1.6;-2.4;21.6;-20.800001
1521664420984;2.7;12.8;1.7;-2.4;21.6;-20.800001
1521664420994;2.6000001;12.8;1.7;-2.4;21.6;-20.800001
1521664421034;2.6000001;12.8;1.8000001;-2.4;21.6;-20.800001
1521664421046;2.6000001;12.7;1.8000001;-2.4;21.6;-20.800001
1521664421066;2.7;12.7;1.8000001;-2.4;21.6;-20.800001
1521664421096;2.7;12.7;1.9;-2.4;21.6;-20.800001
1521664421135;2.6000001;12.7;1.9;-2.4;21.6;-20.800001
1521664421147;2.7;12.7;1.8000001;-2.4;21.6;-20.800001
1521664421185;2.8;12.6;1.8000001;-2.4;21.6;-20.800001
1521664421215;2.7;12.6;1.8000001;-2.4;21.6;-20.800001
1521664421234;2.7;12.6;1.7;-2.4;21.6;-20.800001
1521664421273;2.7;12.5;1.5;-2.4;21.6;-20.800001
1521664421285;2.7;12.400001;1.4;-2.4;21.6;-20.800001
1521664421313;2.6000001;12.400001;1.4;-2.4;21.6;-20.800001
1521664421323;2.6000001;12.400001;1.3000001;-2.4;21.6;-20.800001
1521664421353;2.6000001;12.400001;1.4;-2.4;21.6;-20.800001
1521664421363;2.5;12.5;1.4;-2.4;21.6;-20.800001
1521664421373;2.5;12.400001;1.4;-2.4;21.6;-20.800001
1521664421393;2.4;12.400001;1.4;-2.4;21.6;-20.800001
1521664421433;2.3;12.400001;1.4;-2.4;21.6;-20.800001
1521664421443;2.3;12.400001;1.3000001;-2.4;21.6;-20.800001
1521664421469;2.2;12.400001;1.4;-2.4;21.6;-20.800001
1521664421485;2.1000001;12.400001;1.3000001;-2.4;21.6;-20.800001
1521664421495;2.1000001;12.400001;1.4;-2.4;21.6;-20.800001
1521664421508;2.1000001;12.400001;1.3000001;-2.4;21.6;-20.800001
1521664421528;2.0;12.400001;1.3000001;-2.4;21.6;-20.800001
1521664421554;2.1000001;12.400001;1.3000001;-2.4;21.6;-20.800001
1521664421567;2.0;12.400001;1.4;-2.4;21.6;-20.800001
1521664421577;2.0;12.5;1.4;-2.4;21.6;-20.800001
1521664421589;1.9;12.5;1.4;-2.4;21.6;-20.800001
1521664421623;1.9;12.400001;1.5;-2.4;21.6;-20.800001
1521664421633;1.9;12.400001;1.4;-2.4;21.6;-20.800001
1521664421705;1.9;12.3;1.4;-2.4;21.6;-20.800001
1521664421714;2.0;12.3;1.4;-2.4;21.6;-20.800001
1521664421774;2.1000001;12.3;1.5;-2.4;21.6;-20.800001
1521664421794;2.1000001;12.3;1.4;-2.4;21.6;-20.800001
1521664421814;2.2;12.3;1.5;-2.4;21.6;-20.800001
1521664421846;2.2;12.3;1.6;-2.4;21.6;-20.800001
1521664421855;2.2;12.3;1.5;-2.4;21.6;-20.800001
1521664421866;2.2;12.400001;1.5;-2.4;21.6;-20.800001
1521664421876;2.2;12.3;1.4;-2.4;21.6;-20.800001
1521664421888;2.2;12.400001;1.5;-2.4;21.6;-20.800001
1521664421905;2.3;12.400001;1.4;-2.4;21.6;-20.800001
1521664421925;2.3;12.400001;1.3000001;-2.4;21.6;-20.800001
1521664421937;2.3;12.5;1.4;-2.4;21.6;-20.800001
1521664421955;2.4;12.5;1.3000001;-2.4;21.6;-20.800001
1521664421975;2.5;12.5;1.2;-2.4;21.6;-20.800001
1521664422006;2.5;12.6;1.2;-2.4;21.6;-20.800001
1521664422021;2.5;12.8;1.2;-2.4;21.6;-20.800001
1521664422033;2.6000001;12.900001;1.2;-2.4;21.6;-20.800001
1521664422054;2.6000001;13.0;1.1;-2.4;21.6;-20.800001
1521664422073;2.7;13.1;1.1;-2.4;21.6;-20.800001
1521664422083;2.7;13.1;1.0;-2.4;21.6;-20.800001
1521664422093;2.7;13.2;1.1;-2.4;21.6;-20.800001
1521664422103;2.8;13.2;1.2;-2.4;21.6;-20.800001
1521664422113;2.8;13.3;1.2;-2.4;21.6;-20.800001
1521664422124;2.8;13.3;1.1;-2.4;21.6;-20.800001
1521664422134;2.9;13.400001;1.2;-2.4;21.6;-20.800001
1521664422143;2.9;13.5;1.2;-2.4;21.6;-20.800001
1521664422153;3.0;13.5;1.2;-2.4;21.6;-20.800001
1521664422163;3.1000001;13.5;1.2;-2.4;21.6;-20.800001
1521664422174;3.1000001;13.6;1.3000001;-2.4;21.6;-20.800001
1521664422184;3.2;13.6;1.3000001;-2.4;21.6;-20.800001
1521664422193;3.2;13.7;1.3000001;-2.4;21.6;-20.800001
1521664422207;3.3;13.8;1.3000001;-2.4;21.6;-20.800001
1521664422223;3.4;13.900001;1.4;-2.4;21.6;-20.800001
1521664422263;3.5;14.2;1.5;-2.4;21.6;-20.800001
1521664422273;3.5;14.3;1.6;-2.4;21.6;-20.800001
1521664422284;3.5;14.400001;1.6;-2.4;21.6;-20.800001
1521664422293;3.6000001;14.400001;1.7;-2.4;21.6;-20.800001
1521664422304;3.6000001;14.5;1.7;-2.4;21.6;-20.800001
1521664422313;3.7;14.5;1.7;-2.4;21.6;-20.800001
1521664422323;3.7;14.6;1.7;-2.4;21.6;-20.800001
1521664422333;3.7;14.6;1.8000001;-2.4;21.6;-20.800001
1521664422343;3.8;14.7;1.9;-2.4;21.6;-20.800001
1521664422353;3.8;14.8;1.9;-2.4;21.6;-20.800001
1521664422365;3.9;14.8;1.9;-2.4;21.6;-20.800001
1521664422383;3.9;14.900001;2.0;-2.4;21.6;-20.800001
1521664422393;3.9;15.0;2.0;-2.4;21.6;-20.800001
1521664422434;4.0;15.2;2.0;-2.4;21.6;-20.800001
1521664422444;4.0;15.3;2.0;-2.4;21.6;-20.800001
1521664422463;4.0;15.400001;2.0;-2.4;21.6;-20.800001
1521664422473;4.0;15.5;2.0;-2.4;21.6;-20.800001
1521664422493;4.0;15.6;2.1000001;-2.4;21.6;-20.800001
1521664422513;4.0;15.7;2.0;-2.4;21.6;-20.800001
1521664422546;4.1;15.8;2.2;-2.4;21.6;-20.800001
1521664422553;4.1;15.900001;2.2;-2.4;21.6;-20.800001
1521664422564;4.1;15.900001;2.1000001;-2.4;21.6;-20.800001
1521664422575;4.2000003;16.0;2.1000001;-2.4;21.6;-20.800001
1521664422585;4.1;16.1;2.2;-2.4;21.6;-20.800001
1521664422594;4.1;16.1;2.1000001;-2.4;21.6;-20.800001
1521664422604;4.2000003;16.2;2.0;-2.4;21.6;-20.800001
1521664422613;4.2000003;16.2;2.1000001;-2.4;21.6;-20.800001
1521664422634;4.3;16.300001;2.1000001;-2.4;21.6;-20.800001
1521664422674;4.2000003;16.4;2.1000001;-2.4;21.6;-20.800001
1521664422683;4.2000003;16.5;2.1000001;-2.4;21.6;-20.800001
1521664422703;4.3;16.6;2.2;-2.4;21.6;-20.800001
1521664422713;4.3;16.6;2.3;-2.4;21.6;-20.800001
1521664422725;4.3;16.7;2.3;-2.4;21.6;-20.800001
1521664422733;4.3;16.7;2.2;-2.4;21.6;-20.800001
1521664422743;4.3;16.7;2.3;-2.4;21.6;-20.800001
1521664422753;4.3;16.800001;2.3;-2.4;21.6;-20.800001
1521664422775;4.3;16.800001;2.4;-2.4;21.6;-20.800001
1521664422784;4.2000003;16.800001;2.4;-2.4;21.6;-20.800001
1521664422793;4.2000003;16.9;2.4;-2.4;21.6;-20.800001
1521664422804;4.2000003;16.9;2.5;-2.4;21.6;-20.800001
1521664422833;4.1;17.0;2.5;-2.4;21.6;-20.800001
1521664422854;4.1;17.0;2.6000001;-2.4;21.6;-20.800001
1521664422883;4.2000003;17.0;2.6000001;-2.4;21.6;-20.800001
1521664422893;4.2000003;17.0;2.7;-2.4;21.6;-20.800001
1521664422905;4.1;17.1;2.8;-2.4;21.6;-20.800001
1521664422913;4.1;17.1;2.9;-2.4;21.6;-20.800001
1521664422924;4.1;17.1;2.8;-2.4;21.6;-20.800001
1521664422957;4.1;17.2;2.7;-2.4;21.6;-20.800001
1521664422973;4.2000003;17.2;2.8;-2.4;21.6;-20.800001
1521664422983;4.2000003;17.1;2.8;-2.4;21.6;-20.800001
1521664422994;4.2000003;17.2;2.9;-2.4;21.6;-20.800001
1521664423005;4.3;17.2;2.8;-2.4;21.6;-20.800001
1521664423013;4.2000003;17.2;2.8;-2.4;21.6;-20.800001
1521664423054;4.2000003;17.300001;2.9;-2.4;21.6;-20.800001
1521664423063;4.2000003;17.300001;2.8;-2.4;21.6;-20.800001
1521664423073;4.2000003;17.300001;2.9;-2.4;21.6;-20.800001
1521664423084;4.3;17.300001;2.8;-2.4;21.6;-20.800001
1521664423103;4.3;17.300001;2.9;-2.4;21.6;-20.800001
1521664423144;4.3;17.2;2.8;-2.4;21.6;-20.800001
1521664423153;4.3;17.2;2.7;-2.4;21.6;-20.800001
1521664423164;4.3;17.1;2.7;-2.4;21.6;-20.800001
1521664423173;4.3;17.1;2.6000001;-2.4;21.6;-20.800001
1521664423186;4.2000003;16.9;2.6000001;-2.4;21.6;-20.800001
1521664423204;4.2000003;16.7;2.5;-2.4;21.6;-20.800001
1521664423213;4.1;16.5;2.4;-2.4;21.6;-20.800001
1521664423223;4.0;16.300001;2.3;-2.4;21.6;-20.800001
1521664423265;3.0;14.7;1.6;-2.4;21.6;-20.800001
1521664423273;2.1000001;13.6;1.2;-2.4;21.6;-20.800001
1521664423283;1.2;12.7;0.5;-2.4;21.6;-20.800001
1521664423293;0.90000004;11.6;1.0;-2.4;21.6;-20.800001
1521664423303;0.0;11.3;0.3;-2.4;21.6;-20.800001
1521664423313;-0.3;11.1;0.4;-2.4;21.6;-20.800001
1521664423324;-1.0;10.6;-0.8;-2.4;21.6;-20.800001
1521664423333;-0.4;10.1;-0.6;-2.4;21.6;-20.800001
1521664423343;-0.90000004;9.900001;0.5;-2.4;21.6;-20.800001
1521664423354;-0.8;9.8;0.90000004;-2.4;21.6;-20.800001
1521664423363;-1.7;9.900001;-0.8;-2.4;21.6;-20.800001
1521664423373;-1.8000001;10.0;-0.5;-2.4;21.6;-20.800001
1521664423384;-1.9;9.900001;-0.5;-2.4;21.6;-20.800001
1521664423394;-2.0;9.400001;-1.2;-2.4;21.6;-20.800001
1521664423404;-2.6000001;9.6;-0.6;-2.4;21.6;-20.800001
1521664423413;-2.5;9.400001;-0.6;-2.4;21.6;-20.800001
1521664423424;-3.0;9.6;-0.3;-2.4;21.6;-20.800001
1521664423433;-2.8;9.7;-0.5;-2.4;21.6;-20.800001
1521664423454;-2.7;9.5;0.0;-2.4;21.6;-20.800001
1521664423474;-2.4;9.5;-0.6;-2.4;21.6;-20.800001
1521664423485;-2.3;9.400001;-0.5;-2.4;21.6;-20.800001
1521664423494;-2.4;9.2;-0.6;-2.4;21.6;-20.800001
1521664423506;-2.6000001;9.1;-0.7;-2.4;21.6;-20.800001
1521664423515;-2.9;9.0;-0.7;-2.4;21.6;-20.800001
1521664423524;-3.0;9.0;-0.7;-2.4;21.6;-20.800001
1521664423534;-3.2;8.900001;-0.7;-2.4;21.6;-20.800001
1521664423555;-3.4;8.8;-0.7;-2.4;21.6;-20.800001
1521664423566;-3.4;8.8;-0.6;-2.4;21.6;-20.800001
1521664423583;-3.5;8.900001;-0.5;-2.4;21.6;-20.800001
1521664423595;-3.5;9.0;-0.5;-2.4;21.6;-20.800001
1521664423603;-3.5;9.0;-0.4;-2.4;21.6;-20.800001
1521664423614;-3.4;9.1;-0.4;-2.4;21.6;-20.800001
1521664423625;-3.3;9.2;-0.3;-2.4;21.6;-20.800001
1521664423633;-3.3;9.3;-0.2;-2.4;21.6;-20.800001
1521664423643;-3.3;9.400001;-0.1;-2.4;21.6;-20.800001
1521664423653;-3.2;9.5;-0.1;-2.4;21.6;-20.800001
1521664423673;-3.0;9.7;0.1;-2.4;21.6;-20.800001
1521664423684;-2.9;9.900001;0.3;-2.4;21.6;-20.800001
1521664423693;-2.8;10.0;0.4;-2.4;21.6;-20.800001
1521664423703;-2.7;10.2;0.5;-2.4;21.6;-20.800001
1521664423713;-2.6000001;10.400001;0.7;-2.4;21.6;-20.800001
1521664423723;-2.4;10.5;0.7;-2.4;21.6;-20.800001
1521664423733;-2.4;10.7;0.90000004;-2.4;21.6;-20.800001
1521664423754;-2.1000001;11.0;1.0;-2.4;21.6;-20.800001
1521664423764;-2.0;11.2;1.0;-2.4;21.6;-20.800001
1521664423773;-1.8000001;11.3;1.1;-2.4;21.6;-20.800001
1521664423784;-1.7;11.5;1.2;-2.4;21.6;-20.800001
1521664423794;-1.5;11.6;1.3000001;-2.4;21.6;-20.800001
1521664423814;-1.2;11.900001;1.5;-2.4;21.6;-20.800001
1521664423824;-1.1;12.1;1.6;-2.4;21.6;-20.800001
1521664423834;-1.0;12.3;1.7;-2.4;21.6;-20.800001
1521664423844;-0.90000004;12.5;1.8000001;-2.4;21.6;-20.800001
1521664423854;-0.8;12.6;1.9;-2.4;21.6;-20.800001
1521664423865;-0.7;12.8;2.0;-2.4;21.6;-20.800001
1521664423874;-0.6;13.0;2.0;-2.4;21.6;-20.800001
1521664423885;-0.5;13.2;2.1000001;-2.4;21.6;-20.800001
1521664423895;-0.5;13.400001;2.1000001;-2.4;21.6;-20.800001
1521664423907;-0.4;13.5;2.2;-2.4;21.6;-20.800001
1521664423925;-0.2;13.8;2.3;-2.4;21.6;-20.800001
1521664423934;-0.1;14.0;2.4;-2.4;21.6;-20.800001
1521664423945;0.0;14.1;2.4;-2.4;21.6;-20.800001
1521664423954;0.0;14.2;2.5;-2.4;21.6;-20.800001
1521664423973;0.1;14.3;2.5;-2.4;21.6;-20.800001
1521664423977;0.1;14.400001;2.5;-2.4;21.6;-20.800001
1521664423993;0.3;14.5;2.5;-2.4;21.6;-20.800001
1521664424003;0.4;14.6;2.6000001;-2.4;21.6;-20.800001
1521664424013;0.5;14.6;2.5;-2.4;21.6;-20.800001
1521664424023;0.6;14.7;2.6000001;-2.4;21.6;-20.800001
1521664424054;0.8;14.8;2.6000001;-2.4;21.6;-20.800001
1521664424063;0.8;14.8;2.7;-2.4;21.6;-20.800001
1521664424073;0.90000004;14.900001;2.7;-2.4;21.6;-20.800001
1521664424083;1.0;14.900001;2.7;-2.4;21.6;-20.800001
1521664424093;1.1;14.900001;2.7;-2.4;21.6;-20.800001
1521664424104;1.1;15.0;2.7;-2.4;21.6;-20.800001
1521664424113;1.2;15.0;2.7;-2.4;21.6;-20.800001
1521664424123;1.2;15.1;2.7;-2.4;21.6;-20.800001
1521664424143;1.3000001;15.2;2.7;-2.4;21.6;-20.800001
1521664424153;1.4;15.2;2.7;-2.4;21.6;-20.800001
1521664424165;1.4;15.2;2.6000001;-2.4;21.6;-20.800001
1521664424173;1.5;15.2;2.7;-2.4;21.6;-20.800001
1521664424186;1.6;15.3;2.7;-2.4;21.6;-20.800001
1521664424203;1.7;15.3;2.7;-2.4;21.6;-20.800001
1521664424213;1.7;15.3;2.8;-2.4;21.6;-20.800001
1521664424224;1.8000001;15.3;2.8;-2.4;21.6;-20.800001
1521664424264;2.0;15.5;2.9;-2.4;21.6;-20.800001
1521664424284;2.0;15.6;2.9;-2.4;21.6;-20.800001
1521664424293;2.0;15.6;3.0;-2.4;21.6;-20.800001
1521664424303;2.0;15.7;2.9;-2.4;21.6;-20.800001
1521664424313;2.1000001;15.7;2.9;-2.4;21.6;-20.800001
1521664424325;2.0;15.8;3.0;-2.4;21.6;-20.800001
1521664424334;2.0;15.900001;3.1000001;-2.4;21.6;-20.800001
1521664424353;2.0;16.0;3.1000001;-2.4;21.6;-20.800001
1521664424364;2.0;16.0;3.2;-2.4;21.6;-20.800001
1521664424374;2.0;16.1;3.1000001;-2.4;21.6;-20.800001
1521664424404;2.0;16.1;3.2;-2.4;21.6;-20.800001
1521664424414;2.0;16.1;3.1000001;-2.4;21.6;-20.800001
1521664424434;2.1000001;16.1;3.1000001;-2.4;21.6;-20.800001
1521664424455;2.1000001;16.0;3.1000001;-2.4;21.6;-20.800001
1521664424466;2.1000001;16.0;3.2;-2.4;21.6;-20.800001
1521664424495;2.2;15.900001;3.3;-2.4;21.6;-20.800001
1521664424507;2.2;15.900001;3.2;-2.4;21.6;-20.800001
1521664424565;2.2;15.8;3.2;-2.4;21.6;-20.800001
1521664424593;2.2;15.7;3.1000001;-2.4;21.6;-20.800001
1521664424603;2.2;15.7;3.2;-2.4;21.6;-20.800001
1521664424614;2.2;15.7;3.1000001;-2.4;21.6;-20.800001
1521664424623;2.3;15.6;3.1000001;-2.4;21.6;-20.800001
1521664424633;2.3;15.5;3.1000001;-2.4;21.6;-20.800001
1521664424665;2.3;15.400001;3.1000001;-2.4;21.6;-20.800001
1521664424674;2.3;15.400001;3.2;-2.4;21.6;-20.800001
1521664424705;2.3;15.400001;3.1000001;-2.4;21.6;-20.800001
1521664424735;2.2;15.400001;3.2;-2.4;21.6;-20.800001
1521664424743;2.3;15.400001;3.2;-2.4;21.6;-20.800001
1521664424753;2.2;15.400001;3.1000001;-2.4;21.6;-20.800001
1521664424764;2.2;15.400001;3.0;-2.4;21.6;-20.800001
1521664424783;2.2;15.400001;2.9;-2.4;21.6;-20.800001
1521664424814;2.1000001;15.400001;2.9;-2.4;21.6;-20.800001
1521664424824;2.1000001;15.5;3.0;-2.4;21.6;-20.800001
1521664424833;2.2;15.400001;3.0;-2.4;21.6;-20.800001
1521664424865;2.1000001;15.5;3.1000001;-2.4;21.6;-20.800001
1521664424886;2.1000001;15.5;3.0;-2.4;21.6;-20.800001
1521664424893;2.1000001;15.5;3.1000001;-2.4;21.6;-20.800001
1521664424904;2.1000001;15.5;3.0;-2.4;21.6;-20.800001
1521664424934;2.1000001;15.5;3.1000001;-2.4;21.6;-20.800001
1521664424955;2.1000001;15.5;3.0;-2.4;21.6;-20.800001
1521664424996;2.2;15.5;2.9;-2.4;21.6;-20.800001
1521664425031;2.2;15.6;2.9;-2.4;21.6;-20.800001
1521664425103;2.2;15.6;2.8;-2.4;21.6;-20.800001
1521664425143;2.2;15.6;2.7;-2.4;21.6;-20.800001
1521664425164;2.3;15.6;2.6000001;-2.4;21.6;-20.800001
1521664425173;2.3;15.5;2.6000001;-2.4;21.6;-20.800001
1521664425194;2.3;15.5;2.5;-2.4;21.6;-20.800001
1521664425204;2.4;15.5;2.6000001;-2.4;21.6;-20.800001
1521664425224;2.4;15.5;2.5;-2.4;21.6;-20.800001
1521664425234;2.4;15.400001;2.5;-2.4;21.6;-20.800001
1521664425293;2.4;15.400001;2.3;-2.4;21.6;-20.800001
1521664425304;2.3;15.400001;2.3;-2.4;21.6;-20.800001
1521664425323;2.4;15.400001;2.3;-2.4;21.6;-20.800001
1521664425333;2.4;15.3;2.3;-2.4;21.6;-20.800001
1521664425353;2.3;15.400001;2.3;-2.4;21.6;-20.800001
1521664425374;2.3;15.3;2.3;-2.4;21.6;-20.800001
1521664425393;2.3;15.3;2.2;-2.4;21.6;-20.800001
1521664425403;2.3;15.3;2.3;-2.4;21.6;-20.800001
1521664425433;2.3;15.3;2.2;-2.4;21.6;-20.800001
1521664425463;2.3;15.3;2.3;-2.4;21.6;-20.800001
1521664425484;2.3;15.3;2.4;-2.4;21.6;-20.800001
1521664425503;2.3;15.3;2.3;-2.4;21.6;-20.800001
1521664425513;2.4;15.3;2.3;-2.4;21.6;-20.800001
1521664425535;2.4;15.2;2.2;-2.4;21.6;-20.800001
1521664425554;2.3;15.2;2.2;-2.4;21.6;-20.800001
1521664425564;2.3;15.2;2.3;-2.4;21.6;-20.800001
1521664425574;2.4;15.1;2.2;-2.4;21.6;-20.800001
1521664425584;2.4;15.1;2.3;-2.4;21.6;-20.800001
1521664425605;2.3;15.1;2.3;-2.4;21.6;-20.800001
1521664425613;2.3;15.1;2.4;-2.4;21.6;-20.800001
1521664425624;2.4;15.1;2.3;-2.4;21.6;-20.800001
1521664425633;2.3;15.1;2.4;-2.4;21.6;-20.800001
1521664425654;2.4;15.1;2.4;-2.4;21.6;-20.800001
1521664425674;2.3;15.1;2.3;-2.4;21.6;-20.800001
1521664425713;2.3;15.0;2.3;-2.4;21.6;-20.800001
1521664425724;2.3;15.0;2.4;-2.4;21.6;-20.800001
1521664425754;2.3;15.0;2.3;-2.4;21.6;-20.800001
1521664425764;2.2;15.0;2.3;-2.4;21.6;-20.800001
1521664425803;2.1000001;15.1;2.4;-2.4;21.6;-20.800001
1521664425834;2.1000001;15.1;2.5;-2.4;21.6;-20.800001
1521664425864;2.2;15.2;2.5;-2.4;21.6;-20.800001
1521664425907;2.2;15.3;2.5;-2.4;21.6;-20.800001
1521664425954;2.2;15.3;2.4;-2.4;21.6;-20.800001
1521664425966;2.2;15.400001;2.5;-2.4;21.6;-20.800001
1521664425973;2.2;15.400001;2.6000001;-2.4;21.6;-20.800001
1521664425983;2.2;15.5;2.6000001;-2.4;21.6;-20.800001
1521664425994;2.3;15.5;2.6000001;-2.4;21.6;-20.800001
1521664426008;2.3;15.5;2.7;-2.4;21.6;-20.800001
1521664426022;2.3;15.6;2.7;-2.4;21.6;-20.800001
1521664426053;2.3;15.6;2.8;-2.4;21.6;-20.800001
1521664426063;2.3;15.6;2.7;-2.4;21.6;-20.800001
1521664426083;2.3;15.7;2.7;-2.4;21.6;-20.800001
1521664426093;2.3;15.7;2.6000001;-2.4;21.6;-20.800001
1521664426163;2.2;15.7;2.6000001;-2.4;21.6;-20.800001
1521664426174;2.2;15.8;2.6000001;-2.4;21.6;-20.800001
1521664426183;2.1000001;15.8;2.6000001;-2.4;21.6;-20.800001
1521664426204;2.1000001;15.7;2.6000001;-2.4;21.6;-20.800001
1521664426227;2.1000001;15.8;2.7;-2.4;21.6;-20.800001
1521664426237;2.0;15.8;2.7;-2.4;21.6;-20.800001
1521664426283;2.0;15.7;2.6000001;-2.4;21.6;-20.800001
1521664426364;1.9;15.7;2.6000001;-2.4;21.6;-20.800001
1521664426405;2.0;15.7;2.7;-2.4;21.6;-20.800001
1521664426415;2.0;15.7;2.6000001;-2.4;21.6;-20.800001
1521664426454;1.9;15.7;2.6000001;-2.4;21.6;-20.800001
1521664426464;2.0;15.7;2.6000001;-2.4;21.6;-20.800001
1521664426484;2.0;15.8;2.6000001;-2.4;21.6;-20.800001
1521664426575;2.0;15.7;2.5;-2.4;21.6;-20.800001
1521664426594;2.1000001;15.7;2.6000001;-2.4;21.6;-20.800001
1521664426604;2.1000001;15.8;2.6000001;-2.4;21.6;-20.800001
1521664426624;2.1000001;15.8;2.5;-2.4;21.6;-20.800001
1521664426686;2.2;15.8;2.5;-2.4;21.6;-20.800001
1521664426694;2.2;15.8;2.6000001;-2.4;21.6;-20.800001
1521664426704;2.1000001;15.8;2.6000001;-2.4;21.6;-20.800001
1521664426755;2.2;15.8;2.6000001;-2.4;21.6;-20.800001
1521664426775;2.2;15.8;2.5;-2.4;21.6;-20.800001
1521664426885;2.1000001;15.8;2.4;-2.4;21.6;-20.800001
1521664426948;2.1000001;15.8;2.3;-2.4;21.6;-20.800001
1521664426957;2.1000001;15.8;2.4;-2.4;21.6;-20.800001
1521664426968;2.0;15.8;2.4;-2.4;21.6;-20.800001
1521664426978;2.0;15.8;2.3;-2.4;21.6;-20.800001
1521664427002;2.1000001;15.8;2.3;-2.4;21.6;-20.800001
1521664427045;2.1000001;15.8;2.4;-2.4;21.6;-20.800001
1521664427064;2.0;15.8;2.3;-2.4;21.6;-20.800001
1521664427073;2.0;15.8;2.4;-2.4;21.6;-20.800001
1521664427133;2.1000001;15.8;2.3;-2.4;21.6;-20.800001
1521664427156;2.1000001;15.8;2.4;-2.4;21.6;-20.800001
1521664427196;2.1000001;15.900001;2.4;-2.4;21.6;-20.800001
1521664427237;2.1000001;15.900001;2.5;-2.4;21.6;-20.800001
1521664427247;2.1000001;15.900001;2.6000001;-2.4;21.6;-20.800001
1521664427293;2.1000001;16.0;2.7;-2.4;21.6;-20.800001
1521664427344;2.2;16.0;2.7;-2.4;21.6;-20.800001
1521664427374;2.2;16.0;2.8;-2.4;21.6;-20.800001
1521664427394;2.2;16.0;2.9;-2.4;21.6;-20.800001
1521664427406;2.2;16.0;2.8;-2.4;21.6;-20.800001
1521664427414;2.2;16.0;2.9;-2.4;21.6;-20.800001
1521664427455;2.2;16.0;2.8;-2.4;21.6;-20.800001
1521664427479;2.2;16.0;2.9;-2.4;21.6;-20.800001
1521664427504;2.2;16.0;3.0;-2.4;21.6;-20.800001
1521664427514;2.1000001;16.0;3.0;-2.4;21.6;-20.800001
1521664427534;2.1000001;16.0;2.9;-2.4;21.6;-20.800001
1521664427603;2.0;16.0;2.9;-2.4;21.6;-20.800001
1521664427613;2.0;16.0;3.0;-2.4;21.6;-20.800001
1521664427633;1.9;16.0;3.0;-2.4;21.6;-20.800001
1521664427645;1.9;15.900001;3.0;-2.4;21.6;-20.800001
1521664427684;1.9;15.900001;3.1000001;-2.4;21.6;-20.800001
1521664427694;1.9;15.900001;3.0;-2.4;21.6;-20.800001
1521664427705;1.9;15.900001;3.1000001;-2.4;21.6;-20.800001
1521664427755;1.9;15.900001;3.2;-2.4;21.6;-20.800001
1521664427775;1.9;15.900001;3.1000001;-2.4;21.6;-20.800001
1521664427805;1.9;15.900001;3.2;-2.4;21.6;-20.800001
1521664427814;1.9;15.900001;3.1000001;-2.4;21.6;-20.800001
1521664427825;1.9;15.900001;3.2;-2.4;21.6;-20.800001
1521664427844;1.8000001;15.900001;3.1000001;-2.4;21.6;-20.800001
1521664427853;1.8000001;15.900001;3.2;-2.4;21.6;-20.800001
1521664427875;1.7;15.900001;3.2;-2.4;21.6;-20.800001
1521664427896;1.7;16.0;3.2;-2.4;21.6;-20.800001
1521664427915;1.7;16.0;3.1000001;-2.4;21.6;-20.800001
1521664427934;1.6;16.0;3.1000001;-2.4;21.6;-20.800001
1521664427955;1.5;16.1;3.1000001;-2.4;21.6;-20.800001
1521664427986;1.4;16.1;3.1000001;-2.4;21.6;-20.800001
1521664428002;1.5;16.1;3.1000001;-2.4;21.6;-20.800001
1521664428023;1.4;16.1;3.1000001;-2.4;21.6;-20.800001
1521664428031;1.3000001;16.1;3.1000001;-2.4;21.6;-20.800001
1521664428043;1.3000001;16.2;3.1000001;-2.4;21.6;-20.800001
1521664428073;1.2;16.2;3.1000001;-2.4;21.6;-20.800001
1521664428083;1.2;16.2;3.0;-2.4;21.6;-20.800001
1521664428103;1.1;16.2;2.9;-2.4;21.6;-20.800001
1521664428113;1.1;16.300001;3.1000001;-2.4;21.6;-20.800001
1521664428132;1.1;16.300001;3.0;-2.4;21.6;-20.800001
1521664428143;1.1;16.300001;3.1000001;-2.4;21.6;-20.800001
1521664428153;1.1;16.300001;3.0;-2.4;21.6;-20.800001
1521664428184;1.0;16.300001;3.0;-2.4;21.6;-20.800001
