1521665543618;-5.529907;-35.13965;51.869335
1521665543630;-11.899902;-30.659668;48.090027
1521665543638;-9.799805;-28.279785;46.89959
1521665543650;-2.6599731;-30.239746;47.59979
1521665543658;-2.3799438;-32.61914;46.89959
1521665543670;-4.339966;-37.029297;47.949398
1521665543678;-5.459961;-41.5791;49.909367
1521665543690;-18.199707;-45.70996;54.179893
1521665543698;-21.419922;-43.75;54.10958
1521665543710;-18.05957;-40.179688;52.429886
1521665543718;-18.129883;-35.55957;54.389854
1521665543730;-13.299805;-27.78955;57.119358
1521665543738;-6.2299805;-24.009766;53.96993
1521665543750;-2.6599731;-22.189941;49.069523
1521665543758;4.409914;-24.779785;46.619316
1521665543770;9.93995;-28.909668;46.68963
1521665543782;10.359873;-30.449707;48.50995
1521665543802;2.0299687;-27.57959;51.659374
1521665543822;1.8199769;-22.75;53.619343
1521665543841;4.619997;-23.169922;44.59001
1521665543861;8.679939;-30.659668;44.93962
1521665543877;7.349979;-34.719727;46.619316
1521665543886;4.3399677;-35.979492;46.269707
1521665543902;4.199953;-33.66992;44.099777
1521665543922;-9.519775;-28.97998;44.029465
1521665543942;-3.919983;-31.779785;36.119278
1521665543962;13.1599245;-30.799805;35.48939
1521665543976;15.609878;-28.97998;37.380024
1521665543983;8.119881;-29.819824;36.9601
1521665544002;-12.809814;-31.429688;29.609919
1521665544022;-15.539795;-24.28955;18.480015
1521665544042;1.1199952;-13.579834;12.459972
1521665544062;-3.079956;-10.98999;4.4799824
1521665544082;-10.079834;-8.819824;-2.7999878
1521665544089;-7.5599365;-4.7598877;-11.969971
1521665544101;5.7399926;10.429941;-27.78955
1521665544114;7.139896;14.699965;-28.20996
1521665544124;2.4499516;15.189956;-31.429688
1521665544135;3.779969;17.779818;-43.88965
1521665544162;21.98002;30.519588;-57.95996
1521665544163;21.55961;36.119278;-62.439453
1521665544182;13.649915;43.8195;-77.2793
1521665544201;11.829844;60.550034;-93.37891
1521665544222;34.01966;79.0299;-106.18945
1521665544241;15.539809;66.920425;-114.09961
1521665544261;5.6699243;61.52953;-133.76953
1521665544282;41.29996;84.48892;-142.51953
1521665544302;58.30979;104.93048;-147.20703
1521665544321;35.139782;99.04958;-153.4375
1521665544341;24.149948;88.690125;-162.95703
1521665544362;42.34977;91.488976;-169.39844
1521665544382;50.469917;97.229256;-166.59766
1521665544394;46.199394;96.45972;-165.0586
1521665544403;34.649544;93.94016;-160.85938
1521665544421;15.609878;91.20968;-160.36719
1521665544441;29.609919;100.658966;-173.73828
1521665544461;49.909367;98.42067;-163.3789
1521665544482;47.319515;89.60029;-153.29688
1521665544485;31.359922;78.469345;-145.8086
1521665544502;22.259808;81.47913;-155.53906
1521665544521;29.539606;96.18042;-156.23828
1521665544541;30.799862;92.04953;-157.00781
1521665544561;23.869673;78.32872;-152.3164
1521665544577;11.269786;74.19978;-146.57812
1521665544583;2.0299687;73.01032;-143.28906
1521665544602;-6.2299805;81.82874;-138.3164
1521665544622;5.9499536;80.85022;-139.4375
1521665544635;11.899913;77.62949;-131.73828
1521665544643;12.669933;65.3794;-126.55859
1521665544662;10.009775;60.40941;-130.75781
1521665544676;15.609878;64.04932;-132.92969
1521665544685;20.43998;58.86936;-128.51953
1521665544702;42.489418;36.9601;-93.728516
1521665544722;34.929817;33.31946;-76.228516
1521665544742;26.739796;31.919981;-73.98828
1521665544762;31.779844;17.709993;-57.95996
1521665544776;34.57923;12.740002;-44.239258
1521665544784;34.719856;13.019788;-38.009766
1521665544802;27.019583;16.09964;-28.489746
1521665544822;15.049819;6.2999296;-17.429688
1521665544842;14.349867;2.519959;-10.429932
1521665544862;2.6599736;3.6399543;-2.7999878
1521665544876;-4.409912;1.8899843;1.4699708
1521665544883;-12.5998535;1.3299867;5.809939
1521665544902;-10.639893;-1.6099854;14.559828
1521665544922;-0.34999847;-8.469971;18.829624
1521665544934;5.3199487;-10.8498535;23.379927
1521665544943;5.809939;-11.339844;26.669971
1521665544962;6.2999296;-13.509766;34.859505
1521665544976;4.829958;-16.72998;38.639793
1521665544984;0.48999786;-20.299805;42.979652
1521665545002;-1.3999939;-21.34961;48.85956
1521665545022;4.6899433;-21.839844;56.000214
1521665545034;4.1298847;-26.45996;63.2102
1521665545043;2.309998;-28.839844;68.4595
1521665545054;-3.919983;-30.72998;71.75054
1521665545065;-7.0;-32.899414;74.899
1521665545081;-5.3199463;-34.649414;76.15878
1521665545091;-2.5899658;-34.01953;76.510345
1521665545099;0.13999939;-33.039062;80.63928
1521665545106;-0.41999817;-32.689453;86.52019
1521665545117;-4.199951;-34.36914;91.27999
1521665545126;-12.039795;-36.88965;95.82885
1521665545138;-24.28955;-41.929688;101.85038
1521665545148;-33.879883;-41.439453;106.04964
1521665545161;-12.459961;-34.789062;90.649124
1521665545181;1.6099855;-38.0791;93.3093
1521665545195;-11.059814;-44.86914;100.79959
1521665545204;-23.519531;-48.229492;107.450035
1521665545215;-33.529297;-46.8291;107.65902
1521665545223;-37.589844;-43.819336;104.64923
1521665545235;-29.75;-41.089844;100.10037
1521665545243;-20.159668;-42.69922;96.45972
1521665545254;-16.869629;-47.80957;98.20973
1521665545263;-18.549805;-49.90918;101.85038
1521665545277;-22.399902;-47.319336;98.77028
1521665545283;-19.529785;-43.609375;96.670654
1521665545296;-14.699951;-41.089844;94.149155
1521665545303;-8.539795;-45.009766;91.3503
1521665545315;-6.4399414;-52.70996;91.97921
1521665545323;-13.509766;-57.609375;97.93043
1521665545335;-19.949707;-62.509766;100.72928
1521665545344;-24.359863;-57.259766;98.90895
1521665545355;-22.609863;-48.01953;94.50072
1521665545363;-15.889893;-40.38965;89.879585
1521665545378;-7.699951;-37.86914;87.01043
1521665545383;-6.789917;-43.95996;88.12958
1521665545395;-16.799805;-50.259766;92.95969
1521665545403;-24.989746;-48.509766;96.94995
1521665545415;-25.689941;-46.129883;92.190155
1521665545423;-19.25;-40.38965;86.72917
1521665545435;-8.259766;-38.569336;83.57876
1521665545444;-0.27999878;-40.80957;82.80922
1521665545454;-0.83999634;-46.19922;86.52019
1521665545463;-8.329834;-52.0791;90.930374
1521665545478;-20.509766;-58.30957;94.36009
1521665545483;-30.239746;-52.70996;94.7097
1521665545495;-25.05957;-44.86914;81.47913
1521665545503;-8.329834;-28.909668;76.64902
1521665545515;-1.3299866;-26.669922;75.52987
1521665545523;0.41999817;-32.549805;77.3502
1521665545535;-4.619995;-43.539062;81.76038
1521665545543;-13.089844;-50.819336;87.920586
1521665545555;-17.84961;-53.129883;87.36004
1521665545563;-17.009766;-50.189453;80.359985
1521665545577;-12.5998535;-41.229492;75.10995
1521665545583;-6.7199707;-35.55957;72.79938
1521665545596;-4.409912;-30.799805;73.56892
1521665545603;-8.119873;-29.049805;77.55918
1521665545615;-23.659668;-36.469727;84.48892
1521665545623;-30.169922;-42.279297;83.5104
1521665545636;-31.779785;-44.44922;79.520134
1521665545643;-27.22998;-43.539062;75.809166
1521665545655;-16.09961;-40.25;71.32867
1521665545663;-1.8199768;-36.399414;66.7798
1521665545678;9.93995;-34.859375;65.72901
1521665545684;12.669933;-35.979492;69.36967
1521665545695;5.3199487;-38.91992;76.44003
1521665545703;-2.169983;-42.279297;80.63928
1521665545715;-10.639893;-47.109375;80.359985
1521665545723;-17.149902;-47.039062;80.078735
1521665545736;-8.889893;-46.61914;74.82869
1521665545744;-0.69999695;-43.259766;71.189995
1521665545755;1.189972;-41.509766;74.19978
1521665545763;-1.4699707;-43.95996;78.469345
1521665545777;-8.819824;-45.91992;81.40882
1521665545785;-11.689941;-47.25;82.18031
1521665545796;-12.109863;-49.34961;80.56897
1521665545804;-12.669922;-45.84961;80.85022
1521665545816;-5.25;-44.589844;78.53966
1521665545824;4.2698994;-44.379883;73.148994
1521665545837;12.949963;-44.939453;71.26031
1521665545844;12.319836;-46.689453;74.54939
1521665545855;1.8899843;-44.939453;81.19984
1521665545864;-10.429932;-44.09961;83.15884
1521665545878;-18.129883;-42.34961;79.658806
1521665545885;-15.399902;-38.84961;74.619705
1521665545895;-7.1398926;-36.3291;68.529816
1521665545904;1.0499879;-33.94922;65.6587
1521665545915;5.2500024;-33.179688;66.7798
1521665545923;-0.69999695;-34.089844;68.60013
1521665545935;-16.09961;-34.15918;68.879425
1521665545943;-31.219727;-32.969727;68.25052
1521665545955;-40.319336;-28.97998;64.11963
1521665545963;-33.38965;-25.47998;57.750217
1521665545978;-19.949707;-23.239746;51.239452
1521665545986;-3.3599854;-22.32959;47.529476
1521665545995;8.049812;-22.609863;45.359547
1521665546003;3.989991;-24.149902;44.59001
1521665546015;-8.679932;-25.619629;44.38005
1521665546023;-17.28955;-25.129883;42.00016
1521665546036;-18.619629;-22.819824;37.170063
1521665546043;-14.699951;-18.199707;30.939999
1521665546055;-5.039917;-14.3498535;24.849655
1521665546064;11.409923;-11.829834;16.379913
1521665546079;12.179943;-13.299805;11.759776
1521665546083;3.6399543;-13.649902;7.2099643
1521665546095;-7.5599365;-11.969971;2.5899663
1521665546103;-10.149902;-7.1398926;-2.7999878
1521665546115;-5.73999;0.83999634;-10.149902
1521665546123;1.5399781;9.379891;-17.84961
1521665546135;11.759776;15.399917;-26.59961
1521665546143;21.98002;16.449738;-35.489258
1521665546155;28.139702;14.629896;-44.86914
1521665546163;21.909708;11.899913;-51.44922
1521665546177;16.379913;15.679946;-59.91992
1521665546184;9.309823;21.55961;-69.228516
1521665546196;2.519959;29.889704;-74.89844
1521665546204;5.3199487;37.30971;-78.53906
1521665546216;16.86966;47.529476;-85.958984
1521665546224;27.929739;52.92012;-98.2793
1521665546237;28.069878;53.19942;-105.83984
1521665546244;23.23979;52.359573;-108.98828
1521665546257;13.439954;48.85956;-115.21875
1521665546264;6.2299833;49.84003;-120.75
1521665546279;5.2500024;52.779495;-127.88867
1521665546283;5.179934;59.14964;-133.69922
1521665546295;10.21998;69.299355;-137.96875
1521665546304;19.599646;75.809166;-141.8164
1521665546316;27.719778;80.359985;-147.20703
1521665546324;25.619677;80.98889;-151.96875
1521665546336;16.169952;80.4303;-153.64844
1521665546344;12.740002;79.59045;-158.33984
1521665546356;11.969981;79.72912;-166.03906
1521665546364;17.219759;81.129524;-171.14844
1521665546379;21.489786;79.72912;-171.21875
1521665546384;19.739782;77.06895;-167.22656
1521665546395;16.029816;72.379456;-163.09766
1521665546403;9.869882;71.75054;-162.39844
1521665546415;15.469985;73.56892;-170.09766
1521665546423;21.279825;79.0299;-177.02734
1521665546435;19.739782;82.318985;-179.0586
1521665546443;17.709993;86.37956;-177.9375
1521665546455;16.169952;86.17058;-177.65625
1521665546464;18.480015;88.5495;-178.63672
1521665546478;26.46001;80.56897;-182.41797
1521665546486;30.869686;75.52987;-180.25
1521665546495;36.5392;66.7798;-173.59766
1521665546503;26.389698;55.57931;-165.6875
1521665546515;-5.039917;50.539253;-153.15625
1521665546523;-12.879883;54.670128;-153.78906
1521665546537;-4.8999023;74.40877;-165.40625
1521665546547;14.769789;91.6296;-184.65625
1521665546558;31.009825;99.88943;-190.8164
1521665546568;37.799946;93.86985;-178.63672
1521665546582;33.949345;77.42051;-160.78906
1521665546589;18.689976;54.03927;-144.47656
1521665546596;-6.4399414;29.889704;-131.94922
1521665546604;-25.05957;24.56987;-129.77734
1521665546616;-21.34961;34.719856;-143.21875
1521665546624;-3.5;61.109608;-159.10938
1521665546636;20.929726;83.789696;-162.75
1521665546645;20.230019;80.010376;-151.82812
1521665546656;11.689952;68.18021;-137.0586
1521665546664;-1.3999939;47.880062;-123.96875
1521665546687;-26.529785;34.15931;-109.828125
1521665546697;-26.319824;39.899563;-112.34961
1521665546705;-17.009766;47.6701;-113.328125
1521665546717;-4.4799805;49.349796;-109.33984
1521665546725;5.879885;49.42011;-101.009766
1521665546738;2.939942;38.289207;-86.44922
1521665546747;-9.0998535;30.309628;-76.92969
1521665546757;-21.069824;25.480028;-69.92969
1521665546765;-28.20996;24.849655;-66.078125
1521665546780;-23.239746;29.960016;-63.34961
1521665546787;-7.3499756;30.869686;-59.5
1521665546796;8.259773;29.25982;-55.089844
1521665546804;16.86966;22.960003;-51.729492
1521665546817;16.730011;15.750014;-48.089844
1521665546824;15.189956;13.509778;-44.029297
1521665546836;15.399917;14.2797985;-40.45996
1521665546844;18.549839;15.609878;-37.09961
1521665546855;23.309614;16.659698;-31.219727
1521665546864;24.639694;14.209974;-28.419922
1521665546878;21.98002;11.549815;-24.639648
1521665546885;17.359896;10.0798435;-21.699707
1521665546896;13.509778;8.609871;-20.439941
1521665546905;12.039806;8.959969;-18.899902
1521665546917;15.25978;7.629886;-17.07959
1521665546924;17.359896;4.829958;-14.629883
1521665546937;17.009798;2.729981;-10.639893
1521665546944;13.859876;0.69999695;-5.879883
1521665546957;8.539803;2.0299687;-1.1899719
1521665546965;1.2599794;0.9099884;5.809939
1521665546978;-7.0699463;-0.69999695;11.619884
1521665546986;-9.449951;-2.7299805;14.490004
1521665546996;-7.209961;-6.089966;14.979994
1521665547004;-0.6299896;-7.209961;16.379913
1521665547017;7.6999545;-8.259766;17.709993
1521665547024;11.479991;-8.679932;20.369667
1521665547036;10.569834;-8.819824;24.35991
1521665547044;5.3199487;-11.059814;28.909721
1521665547056;-0.69999695;-12.459961;34.36927
1521665547064;-2.3799438;-13.159912;38.500145
1521665547078;-2.3799438;-13.719971;39.339993
1521665547085;8.469978;-13.789795;40.94937
1521665547096;11.129893;-16.449707;44.59001
1521665547112;7.839969;-17.639648;48.159363
1521665547132;1.3299867;-19.879883;54.739464
1521665547150;0.55999756;-22.95996;60.26976
1521665547157;4.199953;-23.30957;63.630123
1521665547166;4.619997;-25.129883;68.03958
1521665547189;-7.1398926;-28.699707;74.40877
1521665547196;-13.159912;-28.699707;76.93027
1521665547204;-13.929932;-25.05957;81.19984
1521665547216;-12.529785;-25.619629;86.02995
1521665547224;-14.97998;-27.299805;90.09053
1521665547237;-18.199707;-31.84961;95.19994
1521665547245;-21.34961;-34.36914;98.35036
1521665547257;-22.53955;-37.30957;99.39919
1521665547265;-23.30957;-36.469727;101.360146
1521665547279;-24.639648;-33.879883;104.22931
1521665547287;-26.179688;-34.719727;107.37972
1521665547298;-26.319824;-34.719727;109.690285
1521665547306;-23.659668;-36.469727;110.80943
1521665547318;-25.759766;-43.469727;112.069214
1521665547325;-27.649902;-45.84961;115.70986
1521665547338;-32.479492;-46.129883;118.64934
1521665547345;-35.76953;-45.91992;121.65913
1521665547357;-40.529297;-44.939453;126.13963
1521665547365;-48.859375;-49.489258;129.22072
1521665547380;-52.569336;-52.779297;128.24023
1521665547385;-41.789062;-54.739258;124.04001
1521665547396;-29.889648;-57.539062;120.6806
1521665547404;-27.159668;-56.69922;122.14937
1521665547417;-31.009766;-58.30957;126.28026
1521665547424;-44.86914;-67.33984;131.45903
1521665547437;-52.569336;-64.11914;134.33017
1521665547445;-46.969727;-59.009766;129.84962
1521665547456;-27.929688;-49.69922;121.45014
1521665547464;-0.9099884;-44.65918;115.01064
1521665547479;18.059605;-49.489258;113.26063
1521665547485;20.159706;-59.0791;119.13958
1521665547499;5.0399194;-71.259766;129.709
1521665547506;-18.689941;-84.41992;136.50208
1521665547519;-36.679688;-85.53906;137.131
1521665547525;-33.179688;-72.58984;129.43166
1521665547538;-2.6599731;-44.939453;114.94032
1521665547546;18.059605;-34.859375;114.30946
1521665547558;26.179737;-40.739258;118.78996
1521665547566;16.86966;-53.19922;125.93064
1521665547581;-9.519775;-71.18945;136.43176
1521665547588;-48.36914;-88.33984;147.63115
1521665547597;-76.64844;-91.0;149.72884
1521665547605;-73.7793;-78.259766;137.47865
1521665547617;-45.63965;-54.59961;121.65913
1521665547624;-11.339844;-35.0;110.879745
1521665547637;26.739796;-31.5;106.75081
1521665547644;26.80962;-43.11914;113.04969
1521665547657;6.9299345;-58.09961;126.42088
1521665547665;-19.59961;-71.328125;134.75204
1521665547686;-61.66992;-66.009766;128.38086
1521665547697;-51.09961;-45.289062;114.45009
1521665547705;-14.839844;-24.5;96.73901
1521665547717;24.77983;-11.059814;84.69986
1521665547725;45.009937;-7.7698975;83.22915
1521665547738;43.39958;-17.219727;91.488976
1521665547745;24.500046;-30.799805;101.98905
1521665547757;-13.859863;-48.36914;107.450035
1521665547765;-61.59961;-65.16992;100.940216
1521665547781;-66.42969;-66.98828;91.20968
1521665547788;-50.88965;-53.479492;81.899055
1521665547797;-14.97998;-38.569336;73.92048
1521665547805;12.109875;-25.969727;70.000534
1521665547817;18.899937;-17.009766;70.770065
1521665547825;12.250011;-18.969727;70.90874
1521665547838;0.769989;-24.219727;69.43998
1521665547845;-7.909912;-32.969727;68.31888
1521665547858;-16.169922;-42.69922;67.47903
1521665547865;-23.72998;-48.649414;65.100105
1521665547881;-20.859863;-51.589844;59.429913
1521665547888;-19.80957;-49.20996;57.119358
1521665547897;-12.25;-43.75;54.599815
1521665547905;-3.079956;-37.379883;50.399605
1521665547917;0.6299896;-31.219727;48.71991
1521665547925;0.69999695;-28.629883;50.049995
1521665547938;0.20999908;-31.07959;50.88984
1521665547945;0.83999634;-35.979492;51.8
1521665547957;-2.169983;-42.76953;51.729687
1521665547965;-14.97998;-49.55957;50.11933
1521665547979;-29.469727;-53.8291;49.349796
1521665547989;-29.32959;-50.3291;44.099777
1521665547999;-11.549805;-40.38965;39.26968
1521665548007;8.679939;-28.139648;37.65932
1521665548020;18.269566;-20.299805;37.380024
1521665548028;19.87992;-20.299805;38.079247
1521665548038;10.569834;-25.899902;35.48939
1521665548045;-8.679932;-32.969727;28.279839
1521665548059;-25.339844;-35.69922;21.769571
1521665548098;-27.019531;-30.379883;14.349867
1521665548112;2.6599736;8.189949;-13.789795
1521665548115;-6.5098877;7.0000033;-20.719727
1521665548123;-6.5098877;8.049812;-28.34961
1521665548135;-3.5699463;11.689952;-35.41992
1521665548143;1.8199769;15.399917;-42.629883
1521665548155;7.6999545;19.179724;-50.3291
1521665548163;10.50001;22.189983;-56.489258
1521665548175;6.579959;25.89995;-61.529297
1521665548183;5.9499536;32.479614;-69.228516
1521665548195;12.319836;41.719883;-79.16992
1521665548205;20.089882;53.059772;-87.009766
1521665548218;22.750042;62.43969;-95.828125
1521665548225;18.899937;62.019768;-102.828125
1521665548237;13.929944;59.779522;-109.54883
1521665548245;11.689952;58.86936;-117.03906
1521665548257;12.389904;59.429913;-124.73828
1521665548265;17.500032;62.64965;-131.38672
1521665548282;25.269579;67.54934;-137.89844
1521665548288;33.389774;75.31893;-143.07812
1521665548297;35.630016;82.03969;-145.8789
1521665548305;32.269653;86.23894;-149.09766
1521665548318;25.619677;87.07879;-153.50781
1521665548325;17.42972;84.908844;-158.26953
1521665548338;18.689976;84.00064;-161.83984
1521665548345;24.77983;83.789696;-166.59766
1521665548358;28.4898;86.5905;-170.09766
1521665548365;33.250126;89.38935;-173.45703
1521665548380;36.679825;89.45966;-176.46875
1521665548386;30.799862;89.73896;-176.60938
1521665548397;32.339966;92.46945;-177.58984
1521665548405;37.09975;94.07884;-180.45703
1521665548419;31.849669;96.73901;-177.79688
1521665548426;25.059618;95.12963;-170.44922
1521665548438;11.759776;89.45966;-165.40625
1521665548446;9.379891;89.110054;-174.22656
1521665548458;17.569857;87.77996;-187.38672
1521665548467;28.069878;91.97921;-191.02734
1521665548482;46.68963;94.36009;-190.25781
1521665548486;62.369377;96.039795;-188.71875
1521665548498;65.86964;97.02027;-183.46875
1521665548505;61.460194;89.25068;-177.79688
1521665548518;48.369324;80.56897;-172.26953
1521665548525;30.589901;72.23883;-169.75
1521665548538;11.409923;64.680176;-170.09766
1521665548545;-1.6799927;64.88916;-168.97656
1521665548557;5.179934;78.68028;-166.73828
1521665548566;7.4899936;86.37956;-164.35938
1521665548581;-1.1199951;88.76044;-158.40625
1521665548588;-4.829956;85.32877;-153.85938
1521665548598;0.34999847;76.78964;-155.67969
1521665548606;-0.13999939;71.04937;-156.3789
1521665548618;-4.199951;64.18994;-155.11719
1521665548626;0.69999695;60.199448;-156.79688
1521665548639;8.750008;56.27951;-155.75
1521665548646;8.469978;64.680176;-149.16797
1521665548658;10.21998;73.21931;-150.5664
1521665548666;12.389904;72.52008;-153.71875
1521665548681;6.5098906;60.550034;-144.89844
1521665548687;-3.2199707;46.479668;-135.44922
1521665548698;-6.4399414;42.69938;-127.53906
1521665548706;-0.83999634;39.82925;-124.109375
1521665548718;1.189972;43.8195;-116.96875
1521665548726;-6.4399414;51.309765;-109.54883
1521665548739;-16.029785;57.18967;-111.01953
1521665548746;-16.869629;50.189644;-114.6582
1521665548758;-8.329834;41.019688;-107.30859
1521665548767;4.6899433;29.539606;-97.78906
1521665548782;15.25978;25.269579;-87.42969
1521665548787;19.039587;27.579641;-79.58984
1521665548799;16.86966;30.659725;-72.79883
1521665548807;11.619884;32.269653;-68.80859
1521665548818;7.2799106;30.16998;-66.56836
1521665548826;4.0599384;25.89995;-64.259766
1521665548838;7.0699496;21.629923;-60.969727
1521665548846;14.839857;21.00004;-58.379883
1521665548858;24.77983;21.34965;-56.489258
1521665548866;30.239803;21.489786;-52.569336
1521665548881;24.219772;20.64994;-47.80957
1521665548887;12.039806;20.01957;-43.399414
1521665548898;-2.2399902;18.409702;-37.379883
1521665548906;-3.079956;18.899937;-35.069336
1521665548918;2.8699956;18.549839;-34.229492
1521665548926;10.779795;15.609878;-33.879883
1521665548939;13.649915;13.1599245;-32.759766
1521665548946;11.059825;11.899913;-31.5
1521665548958;3.6399543;10.99;-27.859863
1521665548966;-6.089966;11.409923;-21.489746
1521665548981;-12.5998535;10.919931;-16.939941
1521665548988;-12.5998535;9.029794;-14.839844
1521665548999;-5.3898926;7.9099154;-13.439941
1521665549006;9.93995;4.199953;-14.139893
1521665549019;12.250011;2.2399907;-14.419922
1521665549026;9.099862;1.8199769;-13.579834
1521665549039;5.6699243;1.4699708;-10.569824
1521665549047;5.0399194;-0.13999939;-4.829956
1521665549058;6.0899687;-2.0999756;0.20999908
1521665549067;10.569834;-3.1499634;0.48999786
1521665549087;19.179724;-7.279907;2.2399907
1521665549100;20.789589;-9.659912;5.9499536
1521665549107;14.769789;-9.309814;11.059825
1521665549119;4.199953;-9.0998535;18.96976
1521665549127;1.8899843;-10.149902;25.480028
1521665549140;0.69999695;-13.019775;28.559624
1521665549146;2.6599736;-16.239746;28.769585
1521665549159;7.769901;-18.199707;28.980034
1521665549167;13.929944;-18.05957;30.869686
1521665549189;5.4599633;-16.029785;41.929844
1521665549198;-1.0499878;-17.07959;46.619316
1521665549207;-2.3799438;-18.339844;51.659374
1521665549219;-0.41999817;-19.949707;54.949425
1521665549227;3.2199714;-21.769531;57.18967
1521665549240;8.189949;-24.07959;59.14964
1521665549247;7.839969;-25.689941;61.809803
1521665549259;2.729981;-27.089844;65.30909
1521665549268;-0.769989;-26.739746;69.299355
1521665549282;-0.9099884;-27.57959;72.86969
1521665549288;-0.41999817;-27.78955;76.44003
1521665549298;0.69999695;-29.399902;79.238884
1521665549306;1.8899843;-31.5;81.34046
1521665549319;-0.27999878;-33.179688;83.57876
1521665549327;-0.9799957;-31.919922;86.52019
1521665549340;-1.3999939;-31.639648;94.36009
1521665549346;-3.4299927;-31.149902;98.55934
1521665549358;-1.75;-31.639648;100.940216
1521665549366;1.6099855;-35.069336;102.899216
1521665549381;3.6399543;-37.589844;105.42072
1521665549389;6.5098906;-39.129883;108.3602
1521665549399;6.579959;-42.489258;112.8407
1521665549407;0.55999756;-43.11914;117.80949
1521665549419;-5.949951;-43.75;121.87006
1521665549427;-13.719971;-44.65918;125.22947
1521665549440;-23.589844;-42.13965;128.86914
1521665549447;-31.569824;-39.969727;131.18169
1521665549459;-35.629883;-40.319336;132.58014
1521665549467;-35.279297;-42.55957;133.00203
1521665549482;-32.26953;-48.929688;131.8809
1521665549488;-28.839844;-55.789062;130.40823
1521665549499;-25.339844;-60.899414;129.99025
1521665549507;-29.75;-61.739258;130.2012
1521665549520;-33.879883;-59.289062;130.13089
1521665549527;-30.869629;-52.70996;129.99025
1521665549540;-22.32959;-46.549805;131.66997
1521665549547;-18.339844;-45.5;135.24034
1521665549559;-18.129883;-49.90918;137.40834
1521665549567;-17.84961;-59.5;138.59976
1521665549579;-24.009766;-77.34961;140.90839
1521665549588;-34.36914;-81.828125;143.22093
1521665549599;-39.40918;-79.44922;141.81856
1521665549608;-37.16992;-69.859375;138.88101
1521665549620;-27.649902;-56.069336;136.29114
1521665549628;-12.5998535;-48.229492;134.33017
1521665549640;-2.7999878;-44.86914;134.75204
1521665549647;-3.3599854;-47.039062;138.04117
1521665549659;-11.059814;-57.11914;141.88887
1521665549667;-24.359863;-65.51953;147.42021
1521665549687;-31.359863;-74.33984;143.77953
1521665549699;-20.929688;-66.009766;141.04903
1521665549707;-6.2299805;-60.26953;135.52159
1521665549719;5.9499536;-55.929688;130.7598
1521665549727;7.139896;-54.109375;129.91994
1521665549739;-0.9799957;-60.61914;131.59966
1521665549747;-16.869629;-63.20996;136.15051
1521665549760;-21.069824;-61.94922;134.68173
1521665549767;-16.589844;-59.219727;127.46972
1521665549782;-12.529785;-48.36914;123.05953
1521665549788;-5.1799316;-45.779297;121.59077
1521665549799;-1.3299866;-51.30957;120.04974
1521665549807;-5.3199463;-55.15918;116.969635
1521665549819;-8.399902;-59.91992;109.82896
1521665549830;-19.669922;-54.25;106.95979
1521665549839;-31.149902;-47.80957;105.77033
1521665549847;-38.009766;-42.629883;104.71954
1521665549859;-39.129883;-37.379883;103.87969
1521665549867;-36.679688;-37.86914;99.95974
1521665549882;-34.5791;-42.13965;95.12963
1521665549889;-35.069336;-49.13965;91.55929
1521665549901;-38.359375;-58.589844;87.85027
1521665549908;-37.30957;-64.609375;84.559235
1521665549920;-31.219727;-62.36914;83.57876
1521665549928;-26.389648;-56.55957;82.18031
1521665549940;-22.32959;-49.279297;81.05921
1521665549948;-12.179932;-45.779297;79.79943
1521665549959;-5.3898926;-45.91992;78.26036
1521665549969;-9.169922;-45.989258;77.48887
1521665549981;-16.09961;-49.90918;74.40877
1521665549989;-24.639648;-55.15918;70.84038
1521665550000;-27.22998;-56.69922;67.828636
1521665550009;-22.53955;-56.90918;62.579338
1521665550020;-12.669922;-53.40918;59.14964
1521665550028;7.55994;-46.969727;60.340073
1521665550040;9.659921;-45.149414;64.60986
1521665550048;-1.1899719;-44.589844;69.15873
1521665550060;-14.3498535;-46.05957;67.12942
1521665550068;-29.32959;-48.229492;59.289288
1521665550082;-39.26953;-47.66992;52.219925
1521665550088;-35.279297;-46.61914;46.619316
1521665550099;-18.619629;-44.729492;43.889812
1521665550108;1.189972;-44.029297;43.39958
1521665550119;8.819832;-44.799805;43.8195
1521665550127;1.6099855;-45.429688;43.60954
1521665550139;-11.829834;-41.15918;38.14956
1521665550147;-21.909668;-32.689453;31.639708
1521665550160;-25.619629;-19.949707;26.46001
1521665550167;-17.5;-11.059814;21.769571
1521665550188;-3.7799683;-12.529785;15.469985
1521665550199;-8.049805;-18.759766;10.779795
1521665550207;-17.569824;-20.159668;6.859988
1521665550219;-24.009766;-15.679932;0.55999756
1521665550227;-27.649902;-5.949951;-7.0
1521665550239;-25.759766;15.189956;-13.439941
1521665550247;-21.629883;25.759813;-18.47998
1521665550259;-11.199951;30.309628;-25.899902
1521665550267;2.8699956;29.889704;-34.859375
1521665550282;17.709993;30.939999;-42.41992
1521665550288;31.359922;34.789192;-47.80957
1521665550300;40.73941;41.43961;-51.51953
1521665550309;42.76969;47.739437;-56.20996
1521665550320;35.27943;52.149612;-64.259766
1521665550328;16.799835;53.40938;-74.19922
1521665550340;6.649905;54.250206;-82.109375
1521665550348;13.859876;56.06955;-89.25
1521665550361;28.279839;60.61937;-95.05859
1521665550368;38.639793;68.67044;-101.708984
1521665550382;36.18959;70.55913;-106.328125
1521665550389;29.609919;70.62944;-112.208984
1521665550400;27.439993;72.23883;-120.18945
1521665550408;34.22962;76.15878;-128.3789
1521665550420;41.719883;81.899055;-133.0664
1521665550429;43.889812;86.5905;-134.88672
1521665550470;43.67985;87.70965;-136.77734
1521665550475;37.09975;80.010376;-141.1875
1521665550489;34.789192;81.47913;-150.98828
1521665550498;42.90934;89.80927;-157.00781
1521665550507;43.189617;90.15889;-157.63672
1521665550519;46.269707;91.55929;-157.28906
1521665550528;44.659348;89.6706;-155.32812
1521665550539;34.57923;87.01043;-150.21875
1521665550546;19.31986;80.21936;-144.19922
1521665550559;10.779795;77.9791;-142.3789
1521665550566;15.819839;75.87948;-149.79688
1521665550582;22.399944;75.809166;-157.91797
1521665550588;29.889704;74.47908;-155.95703
1521665550599;29.04986;72.30914;-148.95703
1521665550607;26.319874;74.19978;-144.6875
1521665550632;28.279839;84.27994;-148.11719
1521665550639;30.589901;85.53971;-145.94922
1521665550647;27.230032;83.22915;-138.73828
1521665550658;23.23979;75.94979;-131.73828
1521665550668;17.289583;62.64965;-128.16797
1521665550702;9.729989;52.0793;-125.36914
1521665550710;12.669933;44.239426;-130.47656
1521665550721;15.25978;46.059746;-133.97656
1521665550729;24.289597;66.35988;-138.25
1521665550734;32.619263;72.10016;-136.21875
1521665550749;-7.7698975;61.809803;-113.46875
1521665550772;-10.779785;58.519753;-122.84961
1521665550790;19.459997;55.719936;-139.57812
1521665550811;27.649954;43.67985;-127.39844
1521665550832;6.5098906;39.82925;-115.7793
1521665550852;-12.389893;62.019768;-118.01953
1521665550870;-12.179932;60.0598;-123.19922
1521665550892;0.069999695;44.5197;-112.34961
1521665550907;-0.34999847;41.09;-100.86914
1521665550927;-11.199951;33.949345;-90.509766
1521665550939;-4.5499268;34.929817;-84.9082
1521665550948;6.0199003;30.16998;-79.44922
1521665550958;11.269786;26.529835;-72.93945
1521665550967;11.199962;19.809607;-66.63867
1521665550988;5.5299096;19.529821;-58.86914
1521665550999;8.259773;18.480015;-57.95996
1521665551007;9.44996;19.669958;-53.8291
1521665551019;16.659698;21.069864;-48.719727
1521665551030;26.949757;17.919954;-44.44922
1521665551052;20.089882;6.2999296;-30.449707
1521665551072;4.619997;4.4799824;-18.549805
1521665551092;0.9799957;9.729989;-13.929932
1521665551099;2.6599736;6.5098906;-14.629883
1521665551107;3.0799568;2.6599736;-14.769775
1521665551130;2.309998;-0.27999878;-13.159912
1521665551133;0.34999847;0.6299896;-9.589844
1521665551148;-0.9099884;2.7999883;-1.75
1521665551167;2.939942;-1.3299866;-2.6599731
1521665551192;7.6999545;-5.5999756;2.099976
1521665551207;4.5499287;-6.6499023;10.99
1521665551227;2.8699956;-10.359863;20.929726
1521665551248;2.939942;-14.0;26.179737
1521665551262;6.159915;-14.97998;28.69976
1521665551267;13.439954;-15.399902;31.219786
1521665551292;17.849642;-16.799805;37.799946
1521665551307;16.589874;-20.019531;45.63982
1521665551319;13.649915;-19.529785;48.649597
1521665551327;12.879894;-21.699707;51.519726
1521665551339;13.1599245;-21.279785;55.509975
1521665551347;15.329848;-26.179688;57.96018
1521665551359;13.929944;-30.029785;61.250233
1521665551368;8.469978;-32.339844;65.3794
1521665551388;-6.2299805;-29.75;78.469345
1521665551412;-18.899902;-26.739746;87.28973
1521665551432;-11.339844;-28.97998;86.8698
1521665551451;-3.919983;-34.229492;89.03974
1521665551459;1.6099855;-41.649414;96.25073
1521665551467;-1.4699707;-45.149414;100.940216
1521665551491;-17.009766;-43.539062;109.89927
1521665551499;-20.439941;-39.26953;109.409035
1521665551508;-10.8498535;-37.86914;105.909004
1521665551519;-0.27999878;-39.26953;102.899216
1521665551531;5.7399926;-41.089844;102.40898
1521665551549;-3.9899902;-44.239258;106.75081
1521665551559;-15.049805;-41.719727;111.86022
1521665551571;-25.409668;-39.129883;114.5204
1521665551589;-24.639648;-36.189453;111.36999
1521665551599;-13.019775;-40.45996;110.60045
1521665551608;-12.25;-51.029297;111.57897
1521665551628;-27.22998;-62.36914;115.70986
1521665551649;-39.689453;-57.88965;121.72944
1521665551667;-31.5;-49.20996;115.98916
1521665551689;-24.84961;-43.539062;115.149315
1521665551693;-18.129883;-43.11914;114.45009
1521665551707;-10.429932;-51.86914;116.54971
1521665551728;-29.189941;-72.44922;127.260735
1521665551749;-26.59961;-61.039062;115.63955
1521665551768;6.0899687;-37.30957;99.19021
1521665551789;16.169952;-38.0791;100.940216
1521665551793;16.379913;-42.979492;109.12974
1521665551808;-22.049805;-65.0293;130.13089
1521665551828;-50.95996;-69.92969;120.469666
1521665551849;3.2199714;-37.51953;94.63939
1521665551868;3.989991;-39.479492;106.81917
1521665551889;-14.209961;-51.029297;113.3993
1521665551893;-37.029297;-62.5791;117.80949
1521665551908;-55.509766;-73.5;112.8407
1521665551920;-37.799805;-65.86914;102.40898
1521665551928;-10.009766;-56.90918;93.3093
1521665551940;15.329848;-48.649414;95.69018
1521665551948;7.839969;-48.439453;104.51056
1521665551959;-13.369873;-54.739258;110.38951
1521665551968;-37.029297;-61.319336;112.55945
1521665551988;-33.38965;-67.19922;100.239044
1521665552000;-10.98999;-62.929688;92.88937
1521665552008;14.490004;-58.65918;91.770226
1521665552020;21.34965;-60.61914;97.64918
1521665552040;-11.689941;-67.828125;108.989105
1521665552060;-31.359863;-60.19922;93.44993
1521665552076;-20.089844;-51.65918;90.78975
1521665552089;-9.029785;-41.719727;88.8288
1521665552100;-7.209961;-36.88965;88.47919
1521665552108;-13.369873;-40.80957;87.07879
1521665552128;-43.259766;-52.989258;80.4303
1521665552149;-8.329834;-43.049805;65.17042
1521665552170;14.629896;-18.199707;55.929897
1521665552189;-0.55999756;-9.939941;57.469944
1521665552194;-24.569824;-9.519775;48.439636
1521665552212;-48.789062;-20.299805;31.219786
1521665552228;3.2199714;-13.019775;25.409716
1521665552249;18.829624;-0.27999878;15.469985
1521665552268;-20.57959;-0.48999786;0.69999695
1521665552290;-33.94922;0.83999634;-6.9299316
1521665552300;2.939942;18.269566;-18.129883
1521665552308;8.750008;20.43998;-21.97998
1521665552320;6.9299345;19.669958;-27.439941
1521665552328;-3.7799683;18.899937;-36.11914
1521665552340;-14.0;22.469769;-45.989258
1521665552348;-16.799805;29.539606;-54.319336
1521665552360;-7.279907;37.519672;-59.91992
1521665552368;14.139906;45.149586;-62.929688
1521665552388;39.40933;49.000187;-73.84961
1521665552410;20.859901;40.460114;-81.61914
1521665552413;5.3199487;36.889786;-89.109375
1521665552430;-2.9399414;38.500145;-96.31836
1521665552433;1.189972;46.54998;-103.66992
1521665552452;15.119887;57.750217;-109.33984
1521665552460;34.649544;78.68028;-114.23828
1521665552468;31.919981;79.658806;-117.5293
1521665552489;23.379927;74.05916;-120.958984
1521665552493;19.389685;67.89895;-123.828125
1521665552508;19.669958;64.260254;-141.1875
1521665552529;25.619677;78.88927;-146.4375
1521665552550;29.750055;93.59055;-148.11719
1521665552560;31.989805;95.89916;-149.58984
1521665552568;36.32924;98.42067;-152.38672
1521665552590;38.639793;96.45972;-157.28906
1521665552600;28.000053;85.81901;-159.59766
1521665552609;17.569857;78.53966;-157.42969
1521665552629;13.929944;73.92048;-159.45703
1521665552650;18.339878;85.88932;-159.66797
1521665552669;17.779818;91.97921;-155.67969
1521665552690;15.25978;91.3503;-150.84766
1521665552700;18.7598;82.250626;-149.58984
1521665552708;33.389774;70.139206;-151.54688
1521665552729;51.869335;64.88916;-160.36719
1521665552750;15.959975;69.78959;-141.1875
1521665552764;13.019788;80.078735;-144.61719
1521665552773;13.439954;84.069;-151.19922
1521665552790;15.750014;84.840485;-151.96875
1521665552794;26.319874;73.28962;-149.51953
1521665552808;34.15931;46.969902;-135.72656
1521665552829;1.4699708;40.809723;-122.14844
1521665552850;10.70997;64.18994;-142.51953
1521665552869;19.599646;73.56892;-143.5
1521665552890;17.779818;64.60986;-138.94922
1521665552900;-0.27999878;38.989403;-127.53906
1521665552909;-0.34999847;37.30971;-129.42969
1521665552921;2.8699956;44.5197;-131.8789
1521665552929;8.679939;56.840057;-129.70703
1521665552942;13.579846;63.13989;-123.89844
1521665552949;14.490004;65.52003;-115.63867
1521665552960;8.539803;57.050022;-109.89844
1521665552969;-9.799805;44.099777;-106.39844
1521665552989;-7.419922;40.670074;-103.73828
1521665553001;6.5098906;41.579258;-98.9082
1521665553009;18.059605;42.34977;-94.56836
1521665553021;25.480028;40.17984;-92.04883
1521665553037;22.67973;35.000134;-87.708984
1521665553043;8.39991;31.429747;-77.978516
1521665553061;-8.469971;21.279825;-59.84961
1521665553077;-0.13999939;24.429733;-53.61914
1521665553090;17.009798;27.789602;-47.94922
1521665553101;17.569857;21.210001;-45.359375
1521665553109;10.289804;15.679946;-39.19922
1521665553130;6.859988;14.769789;-27.929688
1521665553151;20.64994;17.919954;-23.449707
1521665553169;20.64994;9.589852;-20.509766
1521665553190;16.730011;7.839969;-17.569824
1521665553194;6.7199736;5.389895;-9.799805
1521665553209;6.5098906;6.369998;-0.48999786
1521665553229;14.349867;4.0599384;3.989991
1521665553250;14.629896;-2.9399414;4.9699726
1521665553269;15.609878;-4.8999023;16.169952
1521665553290;16.3096;-4.129883;20.299843
1521665553295;16.379913;-7.0;25.059618
1521665553309;11.199962;-11.339844;36.5392
1521665553321;11.129893;-11.689941;40.039215
1521665553329;12.949963;-11.689941;43.46989
1521665553342;16.519562;-13.649902;45.920094
1521665553349;18.199741;-17.639648;48.92987
1521665553361;18.339878;-21.069824;52.569534
1521665553369;17.849642;-21.839844;56.139862
1521665553390;13.719983;-19.529785;67.059105
1521665553411;12.250011;-19.949707;73.85017
1521665553414;6.78992;-20.019531;81.19984
1521665553431;-1.6099854;-24.149902;91.420616
1521665553434;-6.5098877;-27.439941;94.92064
1521665553452;-11.759766;-30.72998;95.82885
1521665553461;-6.789917;-29.889648;102.479294
1521665553470;-4.4799805;-27.509766;107.03011
1521665553490;-8.189941;-27.439941;110.38951
1521665553493;-13.929932;-29.119629;116.12979
1521665553518;-21.20996;-34.5791;119.90911
1521665553530;-15.75;-32.8291;111.09069
1521665553561;-3.2199707;-41.299805;112.55945
1521665553569;-18.47998;-46.899414;119.42083
1521665553601;-35.979492;-49.13965;123.82906
1521665553611;-34.439453;-34.929688;116.05948
1521665553630;-29.259766;-42.069336;112.8407
1521665553651;-37.30957;-56.0;117.31925
1521665553669;-50.819336;-55.929688;123.34078
1521665553691;-45.5;-51.239258;116.27042
1521665553694;-36.399414;-45.63965;110.45982
1521665553710;-18.199707;-45.70996;108.85043
1521665553730;-17.569824;-57.259766;115.63955
1521665553751;-19.45996;-65.93945;119.77044
1521665553769;-16.379883;-49.90918;108.500824
1521665553791;0.27999878;-43.11914;99.53982
1521665553794;12.039806;-40.109375;99.39919
1521665553810;16.589874;-48.719727;110.110214
1521665553830;-16.30957;-66.359375;132.22858
1521665553851;-49.41992;-69.1582;128.72852
1521665553869;-1.4699707;-36.679688;100.30936
1521665553891;10.429941;-31.07959;96.94995
1521665553894;9.029794;-37.029297;102.69023
1521665553910;-17.5;-59.989258;127.54003
1521665553922;-31.5;-68.73828;127.0498
1521665553930;-49.13965;-68.31836;123.34078
1521665553942;-58.44922;-58.44922;116.620026
1521665553950;-31.28955;-40.879883;99.819115
1521665553962;9.029794;-21.97998;81.549446
1521665553970;29.399958;-11.269775;75.87948
1521665553990;14.419935;-33.319336;102.40898
1521665554002;-7.3499756;-48.439453;105.909004
1521665554010;-38.989258;-59.359375;105.42072
1521665554022;-53.969727;-63.839844;101.709755
1521665554038;-44.939453;-61.66992;93.10032
1521665554043;-28.419922;-50.399414;87.85027
1521665554061;-15.679932;-39.689453;89.45966
1521665554064;-16.169922;-37.65918;96.87964
1521665554078;-33.179688;-40.529297;105.62971
1521665554091;-52.429688;-50.539062;107.17074
1521665554094;-61.529297;-59.63965;100.10037
1521665554110;-18.689941;-55.859375;83.86001
1521665554122;2.5899663;-48.649414;84.209625
1521665554134;17.989779;-44.30957;86.799484
1521665554150;7.55994;-48.789062;91.69991
1521665554165;4.2698994;-53.40918;86.17058
1521665554175;2.939942;-57.259766;78.60997
1521665554186;11.339854;-55.789062;74.969315
1521665554193;26.599659;-53.05957;70.20952
1521665554210;27.089895;-37.51953;65.30909
1521665554222;7.349979;-34.719727;66.43019
1521665554230;-23.09961;-33.25;64.75049
1521665554243;-42.979492;-36.88965;56.420135
1521665554254;-46.26953;-41.01953;48.439636
1521665554264;-30.939941;-39.549805;42.69938
1521665554273;-12.25;-33.94922;35.420055
1521665554291;-24.84961;-25.689941;29.119684
1521665554310;-46.899414;-19.25;20.509804
1521665554322;-26.879883;-8.959961;7.6999545
1521665554329;-4.8999023;10.009775;1.4699708
1521665554342;14.699965;17.709993;-2.9399414
1521665554349;18.339878;14.979994;-7.909912
1521665554362;7.769901;8.469978;-11.899902
1521665554370;-1.4699707;3.989991;-19.319824
1521665554391;-14.069824;18.689976;-38.009766
1521665554410;1.4699708;46.269707;-53.689453
1521665554432;7.979984;51.519726;-58.729492
1521665554435;10.009775;48.019714;-63.279297
1521665554451;13.579846;38.14956;-80.078125
1521665554470;25.269579;49.559757;-96.38867
1521665554490;24.77983;56.349823;-103.458984
1521665554494;25.12993;62.22973;-108.91992
1521665554517;40.880035;75.389244;-121.09961
1521665554532;49.210148;77.20957;-126.62891
1521665554535;51.519726;73.56892;-128.86719
1521665554552;41.579258;60.40941;-132.71875
1521665554555;25.199755;51.8;-136.21875
1521665554570;5.9499536;51.659374;-142.51953
1521665554591;18.269566;76.09042;-149.09766
1521665554602;34.15931;90.09053;-154.13672
1521665554615;38.920067;97.860115;-158.19922
1521665554631;34.36927;84.559235;-151.1289
1521665554651;6.0199003;58.6594;-147.41797
1521665554670;8.469978;60.13011;-150.98828
1521665554691;27.859915;73.50056;-151.75781
1521665554695;51.939648;86.37956;-158.33984
1521665554710;54.179893;91.97921;-156.86719
1521665554731;18.480015;58.800026;-137.54688
1521665554751;-8.539795;33.739384;-138.66797
1521665554771;27.789602;69.09037;-154.83984
1521665554792;63.069576;100.03006;-173.59766
1521665554795;53.479694;101.01054;-161.5586
1521665554812;10.50001;61.039295;-126.978516
1521665554832;-23.379883;29.81988;-127.04883
1521665554851;0.9799957;56.27951;-145.8086
1521665554866;22.88969;74.54939;-150.35938
1521665554878;32.059692;78.53966;-148.95703
1521665554892;25.969774;72.86969;-141.53906
1521665554896;4.6899433;56.48947;-134.95703
1521665554911;-3.0099487;42.34977;-133.0664
1521665554931;1.189972;57.18967;-125.36914
1521665554951;14.349867;69.09037;-136.77734
1521665554962;17.219759;65.3794;-136.5664
1521665554971;17.289583;59.079327;-133.20703
1521665555000;15.539809;50.67988;-124.66992
1521665555008;7.2099643;47.25018;-118.08984
1521665555017;4.7598896;41.22965;-114.37891
1521665555026;4.5499287;40.670074;-106.609375
1521665555034;7.769901;45.079273;-101.84961
1521665555056;20.789589;47.80975;-102.54883
1521665555072;25.619677;42.55973;-96.80859
1521665555075;23.730024;34.509895;-88.96875
1521665555111;5.0399194;25.68999;-72.09961
1521665555114;10.70997;28.629936;-66.56836
1521665555131;16.169952;31.359922;-58.799805
1521665555157;11.339854;22.329632;-51.16992
1521665555166;9.869882;18.96976;-47.45996
1521665555175;12.879894;17.500032;-45.0791
1521665555197;25.68999;19.669958;-39.339844
1521665555211;19.1099;14.909925;-32.479492
1521665555232;4.5499287;8.049812;-19.80957
1521665555243;-0.13999939;8.609871;-15.609863
1521665555255;-1.8899841;9.729989;-14.069824
1521665555271;0.41999817;7.0000033;-9.519775
1521665555292;-3.289978;0.769989;-4.2698975
1521665555311;-2.7299805;0.769989;3.2899787
1521665555331;2.0299687;-0.069999695;9.729989
1521665555352;3.4299934;-5.949951;16.169952
1521665555372;6.5098906;-8.469971;23.730024
1521665555391;15.750014;-12.25;29.119684
1521665555416;19.039587;-16.869629;36.049942
1521665555437;9.93995;-17.149902;43.329266
1521665555457;8.39991;-17.149902;54.460167
1521665555471;12.879894;-22.75;60.40941
1521665555492;10.639902;-24.07959;63.13989
1521665555495;7.4899936;-24.009766;66.5005
1521665555503;2.939942;-23.72998;71.26031
1521665555520;-2.3099976;-24.779785;76.64902
1521665555525;-3.7799683;-25.47998;80.77991
1521665555540;-4.129883;-26.949707;83.93032
1521665555545;-5.529907;-30.029785;86.17058
1521665555559;-6.9299316;-32.40918;88.2702
1521665555572;-11.129883;-31.219727;99.32888
1521665555592;-17.28955;-29.53955;104.369934
1521665555595;-21.139648;-26.80957;109.12974
1521665555603;-21.55957;-28.699707;112.069214
1521665555615;-21.97998;-33.109375;115.28994
1521665555632;-24.639648;-46.689453;119.35052
1521665555652;-23.029785;-44.44922;115.28994
1521665555672;-13.649902;-31.919922;112.70007
1521665555697;-23.379883;-39.549805;124.53024
1521665555703;-32.479492;-46.479492;127.329094
1521665555715;-37.16992;-48.299805;119.35052
1521665555732;-14.839844;-33.66992;96.53003
1521665555752;10.779795;-30.659668;88.2702
1521665555772;-13.159912;-46.759766;105.42072
1521665555797;-33.38965;-41.929688;108.28989
1521665555803;-29.95996;-32.759766;103.18047
1521665555815;-25.47998;-32.40918;97.71949
1521665555832;-29.119629;-45.5;101.92069
1521665555852;-35.979492;-57.95996;111.78991
1521665555872;-36.399414;-56.979492;122.28999
1521665555897;-40.879883;-53.19922;120.469666
1521665555912;12.459972;-43.11914;91.20968
1521665555929;23.869673;-41.01953;93.03001
1521665555933;24.35991;-44.589844;103.18047
1521665555948;6.7199736;-49.069336;122.50093
1521665555953;-13.509766;-52.289062;132.9317
1521665555972;-19.25;-56.839844;109.12974
1521665555997;2.0299687;-43.259766;95.619865
1521665556012;-23.029785;-40.039062;114.5204
1521665556032;-77.41992;-46.19922;134.75204
1521665556052;-33.94922;-37.65918;94.7097
1521665556072;21.699747;-34.299805;87.56902
1521665556092;5.599978;-44.09961;107.03011
1521665556112;-21.629883;-56.20996;115.01064
1521665556132;0.20999908;-46.61914;90.930374
1521665556144;21.769571;-42.76953;81.61976
1521665556154;29.25982;-44.379883;82.949844
1521665556166;22.259808;-49.13965;89.80927
1521665556174;-1.6099854;-53.40918;100.44998
1521665556194;-22.469727;-51.729492;106.46956
1521665556205;-28.139648;-52.5;98.00075
1521665556218;11.059825;-44.799805;76.44003
1521665556227;32.829224;-42.979492;71.959526
1521665556235;40.599762;-41.229492;76.578705
1521665556259;28.279839;-46.129883;83.29946
1521665556268;-0.069999695;-51.30957;82.949844
1521665556281;-50.609375;-48.929688;78.119736
1521665556300;-37.029297;-37.16992;68.18021
1521665556312;7.419925;-14.559814;53.479694
1521665556332;-7.3499756;-30.72998;59.00999
1521665556352;-36.679688;-42.41992;52.429886
1521665556372;-21.0;-19.25;42.630043
1521665556387;-10.5;-12.459961;37.029438
1521665556393;-13.159912;-12.529785;39.549953
1521665556417;-23.029785;-22.189941;47.389828
1521665556437;-33.38965;-32.479492;40.94937
1521665556458;-25.269531;-28.909668;38.849754
1521665556472;1.8199769;-9.939941;27.789602
1521665556497;4.0599384;-13.089844;31.149961
1521665556512;-2.4499512;-23.449707;28.909721
1521665556528;-13.369873;-28.699707;26.669971
1521665556533;-19.25;-29.679688;25.969774
1521665556549;-21.839844;-27.439941;20.299843
1521665556554;-26.949707;-23.09961;15.539809
1521665556572;-13.299805;-7.7698975;10.289804
1521665556588;-4.129883;-3.8499756;5.2500024
1521665556593;5.809939;-4.4799805;2.939942
1521665556604;3.779969;-8.119873;0.27999878
1521665556616;-4.4799805;-8.819824;-5.8099365
1521665556629;-13.929932;-5.529907;-17.84961
1521665556633;-13.299805;2.939942;-29.049805
1521665556649;0.83999634;16.3096;-38.84961
1521665556654;15.329848;27.649954;-47.039062
1521665556672;23.869673;30.519588;-48.01953
1521665556698;22.189983;26.319874;-61.38965
1521665556712;7.349979;39.26968;-81.19922
1521665556728;0.34999847;47.59979;-92.67969
1521665556733;-6.789917;55.859585;-98.208984
1521665556749;-1.4699707;63.76977;-102.4082
1521665556754;8.679939;69.36967;-110.66992
1521665556768;12.879894;69.57865;-114.30859
1521665556773;20.509804;68.38919;-116.478516
1521665556798;17.709993;59.920147;-126.55859
1521665556808;12.809826;57.750217;-133.0
1521665556813;9.379891;62.719963;-144.1289
1521665556828;7.9099154;70.420456;-148.32812
1521665556833;15.189956;81.96937;-151.47656
1521665556850;28.210014;93.94016;-156.3086
1521665556854;34.36927;99.53982;-162.60938
1521665556868;32.549927;96.18042;-162.53906
1521665556873;27.36968;85.4694;-159.8789
1521665556898;-3.6399536;59.429913;-155.11719
1521665556908;1.9599916;57.259983;-161.97656
1521665556917;23.099653;64.11963;-173.17969
1521665556929;49.279484;77.62949;-175.13672
1521665556933;43.67985;91.420616;-167.22656
1521665556950;31.779844;89.03974;-160.71875
1521665556954;15.25978;80.21936;-156.09766
1521665556968;-0.13999939;70.97905;-151.75781
1521665556977;-3.709961;66.43019;-152.59766
1521665556988;4.9699726;64.88916;-159.17969
1521665556993;13.1599245;64.60986;-161.20703
1521665557005;16.939972;61.73949;-153.08984
1521665557013;18.7598;63.34985;-143.63672
1521665557025;23.309614;70.139206;-142.72656
1521665557033;28.419975;75.25057;-146.64844
1521665557045;20.159706;71.189995;-136.91797
1521665557055;10.919931;62.019768;-124.109375
1521665557067;5.3199487;48.299988;-115.078125
1521665557075;-0.34999847;37.2394;-110.38867
1521665557095;-8.189941;37.380024;-107.16992
1521665557106;-8.469971;46.409355;-107.0293
1521665557120;3.0799568;66.70949;-106.75
1521665557128;11.549815;64.53955;-105.9082
1521665557136;13.509778;55.509975;-99.81836
1521665557149;13.019788;46.969902;-93.728516
1521665557158;16.589874;41.29996;-98.55859
1521665557167;22.329632;42.69938;-102.26953
1521665557175;32.829224;38.500145;-103.80859
1521665557195;38.56948;40.52945;-101.84961
1521665557207;40.3898;41.85953;-101.359375
1521665557220;38.710106;43.119305;-110.38867
1521665557228;32.689575;37.589985;-112.69922
1521665557236;26.599659;29.679743;-108.84961
1521665557248;19.809607;26.529835;-101.359375
1521665557257;10.429941;39.26968;-94.078125
1521665557267;-1.1199951;47.03924;-99.67969
1521665557275;-9.519775;44.659348;-108.21875
1521665557295;-9.72998;43.329266;-112.76953
1521665557306;-4.129883;39.969875;-115.98828
1521665557319;0.48999786;36.39955;-105.978516
1521665557328;4.5499287;28.349663;-99.958984
1521665557351;-8.399902;22.539593;-68.59961
1521665557355;-24.28955;25.89995;-50.469727
1521665557365;-44.30957;28.69976;-42.76953
1521665557373;-53.61914;29.609919;-41.649414
1521665557388;-34.649414;18.899937;-35.279297
1521665557394;-15.049805;10.70997;-29.399902
1521665557418;1.6799928;3.8499763;-20.929688
1521665557438;12.039806;7.55994;-12.809814
1521665557459;10.99;13.649915;-3.5699463
1521665557478;27.36968;7.6999545;-6.6499023
1521665557499;27.649954;0.6299896;-3.7799683
1521665557506;19.669958;1.5399781;2.4499516
1521665557513;8.959969;4.0599384;9.379891
1521665557529;-0.769989;5.3199487;15.049819
1521665557533;-7.5599365;3.0099494;18.96976
1521665557550;-7.839966;0.34999847;21.489786
1521665557555;-2.0299683;-3.079956;22.329632
1521665557565;2.6599736;-6.7199707;22.88969
1521665557573;2.939942;-9.0998535;24.849655
1521665557589;0.769989;-10.429932;28.069878
1521665557594;-3.919983;-10.219971;32.689575
1521665557606;-7.839966;-10.98999;38.429832
1521665557622;-7.209961;-11.689941;42.00016
1521665557626;-5.25;-13.929932;44.659348
1521665557642;-2.5899658;-17.07959;46.969902
1521665557648;1.2599794;-17.009766;50.819527
1521665557654;4.829958;-19.109863;54.389854
1521665557665;4.1298847;-20.859863;57.609592
1521665557674;3.2899787;-20.57959;64.398926
1521665557698;-9.0998535;-24.219727;74.05916
1521665557705;-14.209961;-27.159668;76.229095
1521665557713;-12.109863;-29.119629;81.899055
1521665557726;-9.169922;-27.439941;86.23894
1521665557733;-9.659912;-26.179688;88.8288
1521665557747;-10.709961;-30.449707;89.9499
1521665557754;-16.30957;-30.799805;90.649124
1521665557765;-24.639648;-40.179688;91.27999
1521665557774;-32.40918;-41.299805;96.389404
1521665557788;-33.879883;-38.289062;96.670654
1521665557794;-26.109863;-35.55957;90.02022
1521665557806;-18.409668;-31.359863;86.449875
1521665557814;-11.759766;-27.57959;84.48892
1521665557826;-7.48999;-30.659668;85.680336
1521665557834;-15.399902;-38.989258;90.86006
1521665557847;-24.779785;-45.569336;96.60034
1521665557856;-29.75;-45.779297;96.73901
1521665557882;-8.679932;-26.59961;81.69007
1521665557908;-10.639893;-23.869629;81.899055
1521665557918;-20.369629;-28.97998;87.36004
1521665557923;-33.66992;-36.819336;95.19994
1521665557940;-53.129883;-46.129883;97.93043
1521665557951;-46.40918;-39.19922;92.46945
1521665557958;0.48999786;-26.109863;73.07868
1521665557978;-0.41999817;-41.5791;87.1491
1521665558009;-28.909668;-44.16992;97.29957
1521665558016;-9.449951;-28.0;75.45956
1521665558026;8.189949;-25.82959;72.79938
1521665558034;12.319836;-27.509766;75.45956
1521665558047;-2.9399414;-37.44922;83.15884
1521665558054;-12.459961;-41.509766;92.68039
1521665558066;-32.479492;-45.779297;96.53003
1521665558082;-37.51953;-49.55957;94.63939
1521665558099;-35.979492;-35.41992;93.10032
1521665558119;-7.48999;-31.009766;79.658806
1521665558138;3.149964;-45.569336;82.45961
1521665558148;-4.199951;-49.55957;92.95969
1521665558158;-14.069824;-54.38965;98.35036
1521665558170;-26.80957;-54.039062;102.2
1521665558174;-28.069824;-47.109375;102.479294
1521665558199;3.6399543;-31.919922;79.79943
1521665558209;15.25978;-33.66992;77.279884
1521665558214;21.699747;-39.26953;78.04942
1521665558230;19.809607;-47.94922;82.3893
1521665558239;3.0799568;-60.339844;93.10032
1521665558251;-25.47998;-68.38867;109.82896
1521665558255;-48.229492;-70.83984;115.98916
1521665558270;-51.86914;-65.23828;104.29962
1521665558274;-27.159668;-45.219727;86.8698
1521665558300;31.849669;-27.929688;75.94979
1521665558310;27.929739;-38.5;84.62955
1521665558314;7.139896;-52.429688;94.7097
1521665558326;-27.649902;-62.929688;106.6805
1521665558334;-48.089844;-67.33984;108.14926
1521665558347;-46.759766;-63.20996;96.94995
1521665558354;-21.769531;-51.589844;81.19984
1521665558366;13.929944;-39.8291;70.770065
1521665558374;32.479614;-31.779785;70.69975
1521665558390;27.859915;-30.939941;79.86974
1521665558395;-2.7299805;-37.16992;92.11984
1521665558419;-59.569336;-56.0;96.18042
1521665558439;-27.439941;-41.36914;69.930214
1521665558460;21.279825;-26.319824;61.52953
1521665558466;23.799849;-27.859863;68.31888
1521665558474;9.16993;-32.8291;72.10016
1521665558498;-36.75;-41.36914;66.70949
1521665558531;4.4799824;-25.05957;49.000187
1521665558536;11.269786;-24.70996;49.84003
1521665558560;-22.259766;-29.53955;53.689655
1521665558566;-34.439453;-31.009766;49.699406
1521665558574;-32.40918;-27.089844;45.009937
1521665558599;2.519959;-13.369873;35.420055
1521665558606;15.119887;-11.549805;32.130005
1521665558627;-0.20999908;-21.139648;32.549927
1521665558642;-9.659912;-22.049805;26.949757
1521665558647;-14.909912;-19.03955;24.429733
1521665558669;-9.589844;-7.0699463;16.379913
1521665558682;-4.339966;-3.8499756;13.1599245
1521665558699;-0.48999786;-4.7598877;5.7399926
1521665558719;3.4299934;-3.1499634;1.1199952
1521665558730;-4.9699707;-2.869995;-3.1499634
1521665558735;-13.22998;1.9599916;-9.939941
1521665558750;-7.7698975;7.4899936;-18.899902
1521665558755;-0.55999756;15.889907;-24.919922
1521665558771;8.819832;23.519575;-29.609863
1521665558775;19.039587;28.210014;-35.90918
1521665558799;15.399917;25.269579;-47.38965
1521665558810;2.2399907;20.579628;-47.039062
1521665558814;-2.3099976;19.669958;-49.41992
1521665558827;0.27999878;23.379927;-59.219727
1521665558835;0.27999878;31.71002;-69.71875
1521665558847;17.500032;52.359573;-79.86914
1521665558855;28.139702;62.64965;-86.51953
1521665558868;23.44975;61.31957;-91.13867
1521665558877;15.889907;55.01974;-90.859375
1521665558901;15.329848;50.259956;-95.828125
1521665558911;18.409702;51.239452;-103.5293
1521665558921;20.719765;55.509975;-108.14844
1521665558929;21.629923;59.14964;-111.43945
1521665558942;14.139906;63.2102;-123.54883
1521665558950;13.299817;68.60013;-127.39844
1521665558959;18.7598;75.670494;-132.4375
1521665558982;25.409716;83.5104;-136.77734
1521665559002;26.25005;85.53971;-137.47656
1521665559012;22.750042;82.18031;-139.08984
1521665559032;1.6099855;67.76028;-141.75
1521665559036;7.839969;71.26031;-144.61719
1521665559060;20.859901;82.949844;-151.61719
1521665559080;27.929739;86.65886;-147.20703
1521665559111;9.099862;66.289566;-137.75781
1521665559115;12.459972;66.21925;-144.75781
1521665559139;43.960125;79.658806;-157.77734
1521665559152;42.279457;84.13931;-152.17969
1521665559156;40.17984;83.22915;-142.72656
1521665559170;37.170063;70.69975;-136.63672
1521665559175;27.230032;57.050022;-129.98828
1521665559200;16.519562;43.960125;-130.33984
1521665559211;26.0396;56.559784;-134.1875
1521665559215;39.6896;73.92048;-143.98828
1521665559231;47.80975;85.75065;-155.60938
1521665559235;49.000187;84.840485;-157.14844
1521665559251;43.539227;71.88921;-148.25781
1521665559256;35.979626;58.02952;-137.40625
1521665559270;31.149961;40.880035;-132.08984
1521665559275;31.149961;34.299934;-131.94922
1521665559291;37.799946;31.009825;-133.5586
1521665559296;40.31949;34.649544;-130.19922
1521665559307;41.929844;55.15939;-132.01953
1521665559315;40.31949;58.09983;-139.29688
1521665559327;30.309628;56.06955;-139.36719
1521665559335;20.789589;47.03924;-138.03906
1521665559347;16.379913;41.85953;-135.86719
1521665559355;16.86966;36.889786;-129.70703
1521665559369;14.419935;33.389774;-118.78906
1521665559378;5.7399926;39.899563;-105.69922
1521665559397;-10.919922;51.099804;-97.578125
1521665559404;-29.32959;57.469944;-97.08984
1521665559422;-26.109863;35.559704;-93.728516
1521665559430;-8.959961;25.829638;-86.23828
1521665559438;4.619997;26.46001;-75.59961
1521665559462;9.869882;26.319874;-70.48828
1521665559469;6.78992;28.279839;-69.08984
1521665559479;-0.9799957;25.409716;-64.39844
1521665559483;-7.279907;20.789589;-53.05957
1521665559512;0.55999756;19.039587;-41.439453
1521665559519;19.809607;12.740002;-34.929688
1521665559540;11.339854;4.4799824;-16.449707
1521665559562;-0.41999817;7.2799106;-6.579956
1521665559567;-1.1899719;7.2799106;-2.5899658
1521665559575;3.0799568;6.859988;-0.34999847
1521665559599;16.3096;-1.8899841;1.0499879
1521665559608;16.589874;-4.619995;5.599978
1521665559628;-0.069999695;-6.4399414;19.669958
1521665559636;-9.169922;-4.5499268;25.619677
1521665559662;-1.8899841;-3.2199707;30.449764
1521665559680;13.229993;-13.719971;32.689575
1521665559711;2.6599736;-18.549805;44.59001
1521665559717;-14.629883;-16.519531;56.840057
1521665559728;-16.519531;-17.149902;62.510002
1521665559739;-12.949951;-20.649902;66.70949
1521665559751;-4.9699707;-24.429688;66.35988
1521665559756;-1.1899719;-27.509766;69.43998
1521665559771;-0.9099884;-28.699707;74.19978
1521665559780;-2.0299683;-28.279785;78.53966
1521665559800;-6.4399414;-29.609863;87.920586
1521665559812;-8.399902;-28.769531;89.529976
1521665559816;-5.669922;-31.639648;88.76044
1521665559831;-1.1199951;-34.439453;89.529976
1521665559836;1.4699708;-38.569336;92.46945
1521665559859;-5.529907;-43.11914;102.8289
1521665559872;-23.029785;-44.939453;111.09069
1521665559876;-36.539062;-43.819336;114.03017
1521665559900;-39.05957;-39.26953;115.28994
1521665559911;-38.63965;-42.13965;113.61024
1521665559918;-40.94922;-47.59961;114.10048
1521665559929;-44.44922;-55.509766;118.510666
1521665559936;-51.86914;-61.879883;121.170845
1521665559948;-58.939453;-60.05957;119.42083
1521665559956;-54.319336;-52.219727;117.80949
1521665559968;-41.439453;-45.429688;114.7997
1521665559976;-28.34961;-42.0;107.03011
1521665560001;-14.3498535;-54.25;107.450035
1521665560008;-14.559814;-63.13965;108.920746
1521665560016;-11.619873;-64.53906;109.340675
1521665560029;-6.579956;-61.45996;107.450035
1521665560036;-5.3199463;-55.929688;104.51056
1521665560048;-3.709961;-46.759766;103.319145
1521665560058;1.6799928;-46.19922;100.10037
1521665560082;2.939942;-51.30957;102.05937
1521665560112;-14.209961;-60.479492;107.100426
1521665560116;-20.859863;-64.11914;108.01059
1521665560142;-23.09961;-71.39844;112.13953
1521665560171;-22.189941;-59.219727;110.38951
1521665560176;-10.8498535;-58.589844;105.559395
1521665560202;-2.2399902;-57.88965;101.98905
1521665560210;-30.659668;-60.549805;124.53024
1521665560219;-45.289062;-61.039062;130.90042
1521665560232;-42.41992;-59.989258;119.00091
1521665560236;-18.269531;-51.589844;102.34062
1521665560257;26.46001;-43.609375;95.619865
1521665560272;15.679946;-47.039062;104.86017
1521665560276;-18.899902;-52.84961;117.25089
1521665560292;-44.799805;-55.439453;120.19037
1521665560297;-53.40918;-53.339844;111.930534
1521665560308;-50.679688;-39.549805;103.600395
1521665560316;-35.69922;-30.30957;94.430405
1521665560328;-7.9799805;-31.5;89.25068
1521665560340;-2.7299805;-42.76953;93.10032
1521665560357;-45.5;-63.55957;106.75081
1521665560372;-65.0293;-68.66992;109.059425
1521665560376;-59.779297;-62.439453;99.26052
1521665560400;-13.299805;-33.94922;72.79938
1521665560408;1.3299867;-26.109863;75.809166
1521665560419;4.3399677;-29.609863;83.93032
1521665560432;-6.7199707;-39.129883;88.61981
1521665560436;-38.63965;-59.149414;87.01043
1521665560458;-59.429688;-67.828125;82.67055
1521665560472;-43.95996;-59.009766;76.09042
1521665560477;-12.669922;-44.239258;67.96926
1521665560492;14.349867;-34.15918;64.46924
1521665560497;31.849669;-30.939941;67.689964
1521665560512;35.559704;-36.049805;71.75054
1521665560516;20.64994;-46.899414;73.430244
1521665560532;-4.5499268;-60.05957;74.40877
1521665560537;-27.019531;-70.41992;70.97905
1521665560558;-31.919922;-59.91992;62.22973
1521665560572;-6.0198975;-43.609375;54.389854
1521665560576;14.209974;-33.94922;53.619343
1521665560592;29.399958;-33.94922;61.880116
1521665560597;28.909721;-39.05957;66.07863
1521665560608;4.8999043;-44.65918;60.61937
1521665560617;-25.619629;-51.09961;52.989456
1521665560632;-40.529297;-53.40918;48.649597
1521665560637;-39.339844;-49.90918;45.079273
1521665560658;0.9799957;-30.029785;41.019688
1521665560672;13.859876;-23.379883;41.29996
1521665560676;-3.289978;-25.05957;40.73941
1521665560692;-22.119629;-28.0;33.949345
1521665560697;-29.819824;-27.22998;26.389698
1521665560712;-25.199707;-20.649902;21.629923
1521665560716;-14.699951;-12.179932;20.859901
1521665560732;-7.209961;-6.0198975;20.43998
1521665560737;-1.3999939;-4.339966;17.849642
1521665560758;-5.039917;-3.0099487;4.7598896
1521665560772;-14.419922;-0.13999939;-1.0499878
1521665560776;-13.22998;10.569834;-9.379883
1521665560802;8.119881;23.939985;-21.34961
1521665560808;12.459972;25.619677;-26.319824
1521665560820;4.3399677;23.379927;-32.479492
1521665560837;-1.6099854;30.730038;-51.589844
1521665560858;30.869686;53.96993;-73.63867
1521665560872;47.389828;61.460194;-77.208984
1521665560877;45.710133;58.02952;-80.708984
1521665560902;3.0099494;42.979652;-97.64844
1521665560917;15.049819;63.90942;-120.88867
1521665560937;52.989456;92.95969;-133.76953
1521665560958;33.31946;77.9791;-136.21875
1521665560977;16.379913;62.929924;-143.35938
1521665561002;13.1599245;74.76033;-155.04688
1521665561017;41.369297;98.90895;-163.86719
1521665561037;33.31946;100.170685;-162.75
1521665561058;16.239777;84.27994;-159.8086
1521665561072;5.599978;76.29941;-157.98828
1521665561077;6.7199736;71.46929;-159.45703
1521665561102;2.4499516;72.79938;-161.69922
1521665561117;44.17009;99.88943;-168.34766
1521665561137;41.64957;97.29957;-157.63672
1521665561159;16.239777;69.57865;-149.79688
1521665561172;9.519784;58.939674;-158.19922
1521665561182;5.879885;52.779495;-160.15625
1521665561198;12.529797;66.7798;-153.71875
1521665561209;42.979652;80.85022;-172.89844
1521665561217;67.12942;100.10037;-186.75781
1521665561229;73.56892;93.379616;-176.11719
1521665561237;56.000214;74.899;-157.5664
1521665561250;25.549852;43.46989;-142.3086
1521665561259;-4.409912;15.049819;-131.25
1521665561271;-22.189941;11.689952;-131.73828
1521665561279;-11.759766;44.17009;-153.08984
1521665561299;16.379913;81.899055;-176.25781
1521665561310;29.469782;109.20005;-174.78906
1521665561315;25.89995;104.22931;-159.45703
1521665561331;2.6599736;53.96993;-133.90625
1521665561339;-4.4799805;32.269653;-125.92969
1521665561361;3.4299934;59.710186;-124.5293
1521665561371;6.7199736;74.899;-128.09766
1521665561379;8.189949;74.69002;-126.978516
1521665561399;13.439954;62.64965;-119.55859
1521665561410;19.739782;47.319515;-107.79883
1521665561419;22.329632;37.65932;-96.17969
1521665561432;14.349867;28.909721;-86.30859
1521665561440;12.109875;29.189997;-84.41992
1521665561464;14.139906;35.839977;-75.66992
1521665561482;24.149948;39.40933;-69.36914
1521665561486;32.19934;32.059692;-68.73828
1521665561511;34.929817;20.230019;-63.629883
1521665561518;15.399917;17.149935;-45.70996
1521665561542;1.6799928;28.909721;-31.359863
1521665561560;4.619997;29.469782;-28.20996
1521665561569;19.250036;9.729989;-30.169922
1521665561577;19.87992;5.5299096;-25.129883
1521665561602;3.149964;9.309823;-9.029785
1521665561609;-4.2698975;11.269786;-4.4799805
1521665561618;-7.699951;10.50001;-0.9099884
1521665561642;1.5399781;4.3399677;3.2899787
1521665561661;5.389895;0.27999878;5.2500024
1521665561664;7.0000033;-2.5199585;8.39991
1521665561682;-1.1899719;-0.9799957;25.89995
1521665561711;-7.629883;-3.3599854;35.839977
1521665561718;-0.48999786;-11.269775;40.460114
1521665561738;10.009775;-16.589844;46.829277
1521665561759;-0.13999939;-19.669922;58.44944
1521665561778;-9.869873;-18.549805;70.139206
1521665561798;-9.449951;-17.84961;74.05916
1521665561803;-2.0999756;-22.119629;75.039635
1521665561818;-3.1499634;-30.519531;84.27994
1521665561838;-11.199951;-31.219727;93.3093
1521665561859;-14.0;-27.159668;94.7097
1521665561882;-11.129883;-32.339844;96.18042
1521665561899;-12.669922;-38.219727;98.35036
1521665561909;-34.15918;-40.879883;106.46956
1521665561918;-28.699707;-37.86914;97.09058
1521665561930;-18.759766;-30.869629;91.06905
1521665561938;-12.319824;-29.32959;91.488976
1521665561950;-15.049805;-33.179688;96.039795
1521665561958;-24.429688;-39.759766;103.11016
1521665561969;-36.259766;-46.549805;107.94027
1521665561978;-43.819336;-51.44922;107.37972
1521665561992;-43.189453;-51.799805;103.87969
1521665561998;-34.229492;-45.149414;99.68044
1521665562010;-23.939941;-42.41992;95.47924
1521665562018;-20.159668;-40.529297;98.35036
1521665562030;-23.869629;-47.319336;102.479294
1521665562038;-31.219727;-56.279297;107.100426
1521665562050;-43.75;-62.509766;117.45988
1521665562060;-52.149414;-60.19922;123.20016
1521665562072;-41.229492;-55.789062;110.25084
1521665562080;-16.029785;-48.089844;95.270256
1521665562100;7.0699496;-41.929688;91.488976
1521665562111;19.039587;-40.739258;93.03001
1521665562119;15.679946;-44.729492;98.42067
1521665562124;-2.0999756;-54.59961;109.059425
1521665562141;-54.66992;-78.11914;130.34183
1521665562162;-31.84961;-65.86914;108.989105
1521665562172;-1.539978;-54.59961;95.12963
1521665562180;17.149935;-48.719727;97.64918
1521665562200;13.859876;-52.289062;108.01059
1521665562211;-6.4399414;-55.439453;119.5595
1521665562220;-35.13965;-64.328125;130.61917
1521665562224;-65.79883;-67.26953;139.15837
1521665562241;-48.5791;-61.039062;109.82896
1521665562262;14.559828;-52.009766;95.34057
1521665562272;12.319836;-55.089844;106.32893
1521665562280;-10.009766;-63.279297;119.90911
1521665562302;-45.70996;-69.78906;132.3692
1521665562312;-72.16992;-72.86914;135.93956
1521665562320;-71.259766;-66.42969;126.77049
1521665562325;-50.819336;-58.30957;110.73912
1521665562341;-8.119873;-50.819336;96.94995
1521665562362;-37.379883;-62.929688;111.86022
1521665562381;-36.95996;-55.089844;106.260574
1521665562400;-15.539795;-49.069336;94.28978
1521665562412;4.3399677;-46.339844;85.680336
1521665562420;21.279825;-47.80957;84.908844
1521665562424;24.989792;-51.939453;88.47919
1521665562441;-27.159668;-59.359375;100.8699
1521665562465;-51.44922;-59.0791;102.129684
1521665562482;-28.34961;-45.009766;77.13926
1521665562487;-4.339966;-36.189453;74.47908
1521665562511;-1.75;-42.69922;86.100266
1521665562518;-49.20996;-53.05957;79.658806
1521665562530;-41.5791;-46.969727;69.57865
1521665562546;-17.70996;-32.759766;60.26976
1521665562553;10.569834;-16.449707;54.319542
1521665562571;38.849754;-12.039795;65.100105
1521665562579;30.16998;-22.679688;69.299355
1521665562599;-6.4399414;-40.039062;60.969955
1521665562610;-33.66992;-45.009766;54.460167
1521665562618;-21.769531;-32.969727;49.279484
1521665562640;-7.0699463;-17.919922;43.67985
1521665562643;2.309998;-8.189941;43.119305
1521665562662;2.4499516;-8.049805;47.25018
1521665562664;-9.169922;-14.769775;49.559757
1521665562680;-24.07959;-23.30957;45.63982
1521665562683;-34.789062;-31.359863;41.509922
1521665562712;-6.7199707;-21.139648;38.429832
1521665562714;15.119887;-11.969971;36.259903
1521665562723;25.89995;-8.329834;33.599735
1521665562739;16.379913;-11.829834;31.009825
1521665562760;-2.0299683;-14.559814;26.25005
1521665562778;-5.529907;-17.84961;24.77983
1521665562800;0.41999817;-16.519531;17.569857
1521665562804;8.539803;-12.809814;10.429941
1521665562819;3.359986;-10.079834;7.9099154
1521665562839;-26.319824;-10.079834;-2.7299805
1521665562860;-4.199951;5.4599633;-19.25
1521665562878;33.179813;20.299843;-30.659668
1521665562900;31.219786;21.069864;-34.719727
1521665562904;17.63968;20.929726;-38.989258
1521665562919;-6.159912;16.029816;-54.739258
1521665562931;1.5399781;18.480015;-60.479492
1521665562942;11.829844;23.799849;-66.359375
1521665562952;14.769789;28.349663;-72.79883
1521665562959;11.619884;32.059692;-77.55859
1521665562970;9.589852;36.049942;-82.17969
1521665562979;8.049812;42.840004;-88.478516
1521665562999;15.469985;59.920147;-99.67969
1521665563011;24.500046;65.23878;-104.01953
1521665563019;37.519672;68.60013;-111.71875
1521665563031;39.759914;65.52003;-119.34961
1521665563039;39.26968;61.73949;-124.80859
1521665563061;36.9601;61.460194;-137.82812
1521665563082;28.210014;73.430244;-139.4375
1521665563102;25.969774;82.3893;-143.21875
1521665563112;29.04986;90.09053;-150.91797
1521665563120;28.629936;94.85033;-157.35938
1521665563125;29.960016;95.619865;-161.13672
1521665563142;17.219759;83.15884;-163.02734
1521665563156;10.009775;75.25057;-165.40625
1521665563164;19.31986;77.00059;-172.26953
1521665563181;25.269579;89.879585;-172.33984
1521665563202;30.869686;95.82885;-169.67969
1521665563212;34.509895;97.860115;-171.14844
1521665563220;30.939999;98.00075;-171.35938
1521665563225;24.56987;93.379616;-167.64844
1521665563242;2.2399907;74.69002;-155.8164
1521665563254;-5.459961;69.22904;-156.65625
1521665563263;-3.2199707;69.09037;-159.03906
1521665563281;37.09975;94.36009;-167.29688
1521665563303;45.77947;97.510506;-162.32812
1521665563321;36.119278;74.54939;-139.78906
1521665563325;18.199741;53.340046;-130.6875
1521665563342;-9.589844;35.699352;-129.84766
1521665563355;-8.049805;48.579285;-136.00781
1521665563363;12.319836;80.21936;-146.50781
1521665563381;62.7893;97.578865;-159.66797
1521665563403;51.449413;75.87948;-143.5664
1521665563421;3.9199836;19.389685;-116.68945
1521665563425;-14.97998;20.230019;-113.67969
1521665563442;11.759776;64.60986;-150.77734
1521665563466;23.44975;81.96937;-152.66797
1521665563475;27.719778;76.71933;-144.89844
1521665563489;6.5098906;47.80975;-131.59766
1521665563511;-4.619995;29.329645;-120.81836
1521665563521;-36.399414;60.40941;-92.328125
1521665563541;-35.34961;60.759995;-97.228516
1521665563544;-26.25;58.729713;-92.39844
1521665563562;-4.5499268;44.59001;-86.44922
1521665563565;12.879894;33.389774;-80.078125
1521665563581;23.799849;22.819866;-72.51953
1521665563584;25.480028;13.369885;-68.25
1521665563600;20.299843;12.879894;-63.41992
1521665563611;20.509804;32.479614;-52.009766
1521665563619;32.269653;34.649544;-47.66992
1521665563640;43.189617;18.549839;-45.429688
1521665563661;31.359922;7.979984;-35.629883
1521665563679;16.86966;12.669933;-22.75
1521665563701;15.609878;16.239777;-18.82959
1521665563704;17.149935;16.589874;-17.28955
1521665563719;12.250011;3.569947;-10.569824
1521665563732;9.589852;0.69999695;-7.1398926
1521665563752;5.1099877;2.519959;-3.079956
1521665563759;5.1099877;3.779969;-0.9099884
1521665563772;6.159915;2.309998;0.83999634
1521665563779;4.829958;-1.2599792;2.8699956
1521665563801;2.6599736;-5.879883;11.339854
1521665563812;1.8899843;-7.0699463;15.189956
1521665563820;2.939942;-6.9299316;17.500032
1521665563832;5.389895;-8.679932;20.579628
1521665563840;3.2899787;-10.779785;23.589888
1521665563852;0.83999634;-13.019775;27.859915
1521665563860;0.20999908;-15.259766;32.339966
1521665563871;0.9799957;-14.909912;35.839977
1521665563880;2.8699956;-17.07959;39.969875
1521665563900;4.8999043;-20.78955;51.449413
1521665563920;-1.6799927;-24.5;62.579338
1521665563932;-3.6399536;-25.409668;66.14894
1521665563940;0.13999939;-26.03955;68.18021
1521665563952;4.4799824;-28.34961;69.43998
1521665563960;9.729989;-27.78955;74.270096
1521665563972;10.0798435;-30.449707;80.56897
1521665563980;6.4399443;-33.45996;88.2702
1521665564000;-0.41999817;-36.679688;97.09058
1521665564003;-12.73999;-37.589844;101.85038
1521665564021;-17.359863;-37.029297;101.21952
1521665564032;-7.0;-37.44922;98.48903
1521665564040;3.6399543;-40.80957;97.29957
1521665564060;6.369998;-47.59961;112.069214
1521665564081;-9.659912;-42.629883;117.739174
1521665564100;-13.089844;-39.969727;121.239204
1521665564111;-8.119873;-42.55957;122.28999
1521665564127;-8.399902;-47.66992;122.85054
1521665564141;-12.389893;-51.51953;123.54977
1521665564143;-13.369873;-53.339844;125.51072
1521665564161;-13.859863;-49.90918;125.57908
1521665564164;-15.119873;-43.469727;125.020485
1521665564175;-19.389648;-37.589844;127.329094
1521665564183;-28.069824;-38.63965;131.45903
1521665564199;-21.489746;-47.179688;125.57908
1521665564221;-16.519531;-49.34961;125.22947
1521665564240;-15.609863;-42.629883;120.88959
1521665564260;-7.9799805;-33.109375;114.729385
1521665564280;4.6899433;-34.859375;115.9208
1521665564302;-7.9799805;-42.34961;120.9599
1521665564305;-31.009766;-49.13965;126.42088
1521665564321;-26.879883;-38.989258;113.26063
1521665564340;3.8499763;-13.22998;89.80927
1521665564352;12.669933;-12.109863;90.71944
1521665564360;10.849863;-18.129883;97.15894
1521665564372;-5.3199463;-29.889648;105.48908
1521665564380;-34.01953;-43.88965;115.28994
1521665564401;-72.44922;-64.53906;111.86022
1521665564421;-12.039795;-31.639648;83.020164
1521665564442;11.759776;-19.03955;77.3502
1521665564445;19.459997;-17.989746;83.369774
1521665564462;13.439954;-24.919922;93.94016
1521665564472;-38.289062;-50.259766;110.67076
1521665564480;-48.719727;-58.86914;108.14926
1521665564509;-46.129883;-60.339844;95.82885
1521665564520;6.0899687;-41.299805;77.55918
1521665564523;10.919931;-37.939453;77.48887
1521665564542;1.189972;-38.779297;88.76044
1521665564560;-34.15918;-51.729492;102.129684
1521665564580;-49.41992;-61.179688;92.81906
1521665564601;-14.839844;-47.319336;79.238884
1521665564620;13.019788;-31.639648;80.63928
1521665564642;8.8899;-34.719727;86.72917
1521665564645;-2.4499512;-42.629883;91.84054
1521665564662;-20.019531;-52.779297;94.149155
1521665564665;-33.38965;-59.779297;90.36983
1521665564681;-15.119873;-54.25;80.359985
1521665564709;3.7099617;-45.359375;76.02011
1521665564717;5.1099877;-36.95996;80.010376
1521665564723;-10.569824;-38.429688;82.600235
1521665564741;-34.649414;-46.899414;77.42051
1521665564761;-5.459961;-39.339844;66.289566
1521665564781;4.8999043;-31.07959;60.759995
1521665564802;-1.3299866;-29.679688;61.460194
1521665564805;-9.449951;-27.649902;58.44944
1521665564816;-14.279785;-22.399902;52.569534
1521665564825;-11.759766;-15.049805;44.72966
1521665564836;-2.4499512;-9.659912;37.729633
1521665564845;7.419925;-7.7698975;33.599735
1521665564861;-22.819824;-19.80957;24.219772
1521665564881;-25.47998;-13.929932;12.039806
1521665564898;-8.399902;1.1199952;6.5098906
1521665564903;9.519784;14.839857;-3.289978
1521665564921;-2.869995;18.199741;-11.969971
1521665564941;-10.98999;17.989779;-31.149902
1521665564953;1.399994;28.559624;-42.34961
1521665564964;18.339878;35.349743;-56.69922
1521665564981;22.819866;39.549953;-72.0293
1521665565001;15.959975;42.489418;-82.25
1521665565021;35.000134;61.38988;-101.359375
1521665565041;42.979652;70.62944;-122.009766
1521665565053;32.479614;63.13989;-123.26953
1521665565069;15.889907;53.130085;-123.33984
1521665565074;1.4699708;47.389828;-131.94922
1521665565090;-4.409912;52.009964;-138.17969
1521665565107;20.859901;76.36972;-148.46875
1521665565125;39.13003;87.50066;-152.3164
1521665565142;44.59001;77.77012;-156.09766
1521665565162;42.279457;70.06889;-159.59766
1521665565181;22.67973;65.6587;-156.09766
1521665565207;12.250011;69.299355;-153.64844
1521665565216;15.25978;74.270096;-157.00781
1521665565225;14.769789;78.53966;-156.51953
1521665565241;3.149964;75.18026;-149.9375
1521665565262;-8.329834;61.73949;-142.86719
1521665565281;22.329632;62.019768;-145.38672
1521665565302;45.009937;66.920425;-153.85938
1521665565305;51.309765;68.879425;-157.42969
1521665565321;33.949345;55.36935;-140.5586
1521665565341;3.2199714;50.539253;-127.18945
1521665565362;-0.069999695;55.229702;-122.63867
1521665565381;24.149948;62.719963;-145.73828
1521665565401;19.039587;46.969902;-135.65625
1521665565427;4.199953;36.32924;-126.208984
1521665565446;-8.819824;37.170063;-114.0293
1521665565468;-7.629883;55.929897;-123.54883
1521665565481;-0.69999695;62.929924;-133.41797
1521665565510;3.4299934;58.02952;-128.72656
1521665565521;2.729981;35.699352;-116.4082
1521665565524;-1.2599792;27.019583;-109.96875
1521665565542;2.729981;51.170116;-112.9082
1521665565562;10.70997;53.130085;-115.63867
1521665565581;9.729989;34.719856;-112.76953
1521665565602;-7.0;27.299856;-95.96875
1521665565622;-0.34999847;44.799973;-93.09961
1521665565646;24.77983;32.19934;-89.87891
1521665565666;6.159915;12.809826;-71.328125
1521665565687;-11.339844;22.609905;-51.30957
1521665565710;-8.819824;28.980034;-45.569336
1521665565722;13.089856;13.929944;-43.3291
1521665565747;21.069864;3.359986;-38.84961
1521665565762;7.419925;7.139896;-17.5
1521665565782;-0.48999786;10.569834;-11.199951
1521665565807;3.569947;5.4599633;-10.429932
1521665565813;8.259773;1.3299867;-9.029785
1521665565825;8.329842;-2.169983;-5.949951
1521665565842;6.2299833;1.0499879;1.8899843
1521665565858;1.5399781;0.9099884;9.93995
1521665565863;-0.9799957;-1.6799927;11.689952
1521665565882;-1.3999939;-10.709961;17.709993
1521665565907;3.569947;-10.079834;19.949743
1521665565922;6.0899687;-11.129883;28.839897
1521665565942;2.6599736;-15.049805;38.77944
1521665565959;3.359986;-17.07959;42.069496
1521665565963;4.3399677;-18.82959;43.8195
1521665565982;13.789807;-21.909668;50.049995
1521665566007;11.129893;-25.549805;60.47972
1521665566022;7.349979;-26.949707;69.930214
1521665566042;2.8699956;-27.929688;76.09042
1521665566054;0.9799957;-29.049805;78.39903
1521665566063;0.48999786;-29.75;82.87953
1521665566082;-3.079956;-32.26953;95.619865
1521665566102;-12.669922;-40.039062;107.37972
1521665566114;-15.329834;-40.80957;109.059425
1521665566123;-14.839844;-42.41992;109.7606
1521665566142;-8.819824;-43.049805;115.98916
1521665566162;-14.909912;-44.799805;121.87006
1521665566174;-23.30957;-44.239258;124.11032
1521665566184;-28.20996;-44.799805;127.88964
1521665566224;-27.78955;-48.229492;130.40823
1521665566236;-27.57959;-48.5791;130.7598
1521665566249;0.6299896;-42.839844;121.170845
1521665566258;5.179934;-38.219727;119.48919
1521665566271;-6.6499023;-34.789062;127.46972
1521665566279;-27.22998;-40.45996;135.09972
1521665566289;-26.25;-35.489258;134.18954
1521665566298;-5.5999756;-32.40918;125.44041
1521665566303;5.7399926;-31.919922;117.670815
1521665566314;15.399917;-39.899414;112.55945
1521665566330;25.480028;-50.679688;108.43051
1521665566342;2.1699834;-45.219727;119.84075
1521665566362;-6.159912;-26.949707;121.65913
1521665566374;-2.169983;-24.359863;117.45988
1521665566383;-3.9899902;-29.119629;119.35052
1521665566402;-6.789917;-36.399414;123.62008
1521665566405;-14.909912;-46.479492;126.209946
1521665566427;-34.719727;-54.59961;115.9208
1521665566448;-21.139648;-36.189453;109.12974
1521665566467;-21.34961;-31.009766;121.72944
1521665566482;-37.379883;-40.879883;125.51072
1521665566511;-28.55957;-38.429688;115.079
1521665566515;-5.879883;-32.26953;103.18047
1521665566526;11.129893;-28.279785;95.34057
1521665566538;18.339878;-27.369629;97.229256
1521665566543;17.149935;-32.61914;109.7606
1521665566559;-1.0499878;-40.109375;117.18058
1521665566564;-21.20996;-41.36914;119.00091
1521665566582;-47.66992;-33.319336;115.98916
1521665566598;-34.719727;-28.069824;101.28983
1521665566603;-10.149902;-26.389648;90.57881
1521665566622;19.250036;-31.779785;98.13942
1521665566638;4.409914;-35.90918;107.86996
1521665566643;-20.089844;-43.679688;112.28015
1521665566665;-46.40918;-51.86914;104.51056
1521665566687;-8.539795;-35.55957;92.7507
1521665566722;-4.5499268;-42.41992;102.05937
1521665566725;-22.75;-48.15918;101.709755
1521665566747;-30.519531;-53.759766;94.430405
1521665566766;10.289804;-44.239258;81.96937
1521665566778;17.63968;-40.66992;78.818954
1521665566783;1.8199769;-41.299805;79.940056
1521665566808;-23.09961;-34.15918;69.71928
1521665566818;-13.859863;-29.75;64.95947
1521665566823;-0.41999817;-31.149902;62.369377
1521665566838;5.2500024;-38.359375;59.989483
1521665566843;8.329842;-47.739258;57.53928
1521665566860;3.779969;-50.399414;51.239452
1521665566864;-14.069824;-44.51953;41.43961
1521665566878;-34.789062;-33.319336;33.529423
1521665566883;-38.779297;-19.45996;25.480028
1521665566908;-16.869629;-8.189941;5.4599633
1521665566918;-9.939941;-11.759766;1.8199769
1521665566927;-10.359863;-17.219727;-2.6599731
1521665566939;-15.539795;-19.739746;-11.759766
1521665566943;-24.70996;-17.569824;-22.75
1521665566960;-30.659668;-9.449951;-33.109375
1521665566964;-23.379883;3.989991;-41.089844
1521665566978;-6.0198975;18.829624;-46.339844
1521665566983;15.679946;32.19934;-55.439453
1521665567008;18.829624;28.419975;-69.29883
1521665567018;-1.6099854;20.859901;-74.19922
1521665567023;-16.30957;17.989779;-78.81836
1521665567035;-19.389648;21.210001;-86.09961
1521665567043;-23.449707;29.189997;-96.87891
1521665567055;-20.089844;42.069496;-105.83984
1521665567063;-8.119873;53.619343;-109.4082
1521665567074;7.9099154;62.369377;-111.1582
1521665567083;19.669958;64.04932;-117.31836
1521665567098;25.619677;61.809803;-122.98828
1521665567103;31.149961;58.729713;-126.978516
1521665567115;22.049847;55.859585;-134.25781
1521665567123;9.519784;56.000214;-139.29688
1521665567135;6.2299833;59.14964;-146.29688
1521665567143;12.319836;64.46924;-153.78906
1521665567158;23.169966;70.20952;-158.19922
1521665567166;29.469782;71.75054;-158.61719
1521665567177;30.309628;69.299355;-157.21875
1521665567185;24.849655;63.69946;-157.07812
1521665567205;15.25978;59.849834;-156.3789
1521665567217;9.16993;57.39963;-158.0586
1521665567229;16.449738;65.30909;-167.57812
1521665567238;12.389904;69.51029;-165.96875
1521665567246;6.78992;70.488815;-162.53906
1521665567258;1.3299867;70.488815;-158.82812
1521665567267;4.8999043;73.50056;-159.94922
1521665567277;13.019788;76.78964;-165.61719
1521665567285;14.139906;79.940056;-165.96875
1521665567305;19.31986;78.19005;-161.20703
1521665567316;24.429733;70.55913;-157.5
1521665567329;18.129917;57.119358;-155.60938
1521665567337;19.039587;53.96993;-159.45703
1521665567345;36.889786;57.819553;-169.32812
1521665567359;36.9601;62.159416;-165.61719
1521665567367;26.0396;66.289566;-155.53906
1521665567377;16.730011;60.969955;-148.8164
1521665567385;3.2899787;52.849808;-141.75
1521665567412;-19.179688;44.029465;-142.3789
1521665567429;11.899913;73.56892;-155.60938
1521665567438;19.529821;83.64907;-151.96875
1521665567446;17.149935;79.10021;-144.82812
1521665567470;5.5299096;56.139862;-131.94922
1521665567479;-7.699951;37.729633;-124.458984
1521665567487;-21.279785;33.529423;-119.06836
1521665567493;-17.919922;36.32924;-125.01953
1521665567519;8.609871;61.039295;-134.04688
1521665567526;16.730011;76.15878;-130.54688
1521665567550;-13.299805;49.559757;-105.83984
1521665567569;-35.41992;29.679743;-90.01953
1521665567575;-30.939941;37.029438;-84.978516
1521665567583;-23.659668;48.71991;-82.38867
1521665567608;-2.0999756;50.189644;-84.13867
1521665567615;5.1099877;41.369297;-81.89844
1521665567624;10.919931;32.829224;-78.18945
1521665567648;20.859901;22.399944;-68.94922
1521665567669;32.899536;25.409716;-60.61914
1521665567688;34.859505;24.289597;-48.5791
1521665567712;31.219786;18.549839;-44.51953
1521665567720;29.189997;6.7199736;-41.01953
1521665567724;28.769585;6.2299833;-36.3291
1521665567739;24.989792;9.239999;-31.569824
1521665567744;17.079622;11.199962;-28.0
1521665567760;6.78992;11.129893;-23.659668
1521665567765;-2.9399414;8.959969;-18.409668
1521665567779;-7.699951;7.4899936;-15.539795
1521665567783;-6.159912;5.879885;-14.279785
1521665567809;0.769989;-0.34999847;-11.549805
1521665567819;-1.2599792;-1.6799927;-10.009766
1521665567823;-2.3799438;1.6799928;-8.049805
1521665567836;-2.4499512;4.0599384;-5.73999
1521665567843;-2.7299805;5.599978;-4.129883
1521665567856;-3.7799683;3.4299934;-2.0999756
1521665567863;-3.709961;0.9099884;-1.1199951
1521665567875;-2.4499512;-1.9599915;-0.41999817
1521665567883;-1.3999939;-2.3099976;0.48999786
1521665567899;-0.34999847;-2.3099976;0.27999878
1521665567904;2.6599736;-3.919983;0.55999756
1521665567915;2.939942;-4.9699707;2.309998
1521665567924;0.34999847;-4.9699707;3.9199836
1521665567936;-2.169983;-2.3799438;6.2999296
1521665567944;-3.7799683;-1.9599915;8.750008
1521665567957;-5.5999756;-2.169983;10.0798435
1521665567966;-7.0;-4.2698975;10.289804
1521665567978;-7.909912;-5.8099365;9.099862
1521665567987;-7.839966;-7.909912;8.469978
1521665568006;-10.429932;-9.869873;8.679939
1521665568017;-14.3498535;-10.079834;10.849863
1521665568030;-21.419922;-7.699951;16.09964
1521665568038;-22.889648;-5.669922;18.96976
1521665568046;-28.20996;-6.789917;19.809607
1521665568059;-32.40918;-7.0699463;18.619663
1521665568068;-32.759766;-6.2999268;16.939972
1521665568089;-31.07959;-6.0198975;18.199741
1521665568111;-32.40918;-6.2999268;20.299843
1521665568120;-32.8291;-5.8099365;21.279825
1521665568130;-32.19922;-7.1398926;23.799849
1521665568138;-34.929688;-8.329834;27.230032
1521665568152;-37.729492;-3.2199707;24.639694
1521665568160;-32.40918;-1.6799927;22.399944
1521665568167;-16.30957;-5.73999;20.01957
1521665568188;-14.839844;-7.9799805;27.509817
1521665568220;-24.919922;-2.7299805;31.009825
1521665568226;-29.32959;7.839969;32.479614
1521665568236;-30.239746;12.109875;30.799862
1521665568244;-29.399902;10.779795;34.22962
1521665568257;-27.159668;2.7999883;37.09975
1521665568264;-25.47998;-1.0499878;39.549953
1521665568276;-24.639648;-1.8899841;42.979652
1521665568284;-26.389648;-4.619995;45.569508
1521665568299;-32.05957;0.13999939;46.969902
1521665568304;-36.75;10.569834;45.149586
1521665568316;-34.859375;20.719765;43.46989
1521665568324;-30.169922;21.419962;46.54998
1521665568336;-21.699707;13.579846;49.489445
1521665568344;-10.569824;1.6799928;47.389828
1521665568358;7.0000033;-9.309814;49.76972
1521665568366;7.4899936;-12.459961;55.36935
1521665568378;-5.669922;-2.0999756;58.02952
1521665568387;-15.049805;19.389685;58.6594
1521665568407;-16.029785;36.32924;59.289288
1521665568417;-14.419922;43.46989;60.47972
1521665568430;1.189972;28.559624;56.349823
1521665568439;9.309823;5.6699243;54.529503
1521665568447;22.67973;-12.809814;55.36935
1521665568471;25.619677;-14.909912;52.28926
1521665568478;19.179724;-0.6299896;51.869335
1521665568488;23.169966;24.429733;54.949425
1521665568493;21.839884;25.059618;58.170143
1521665568521;-1.3299866;-20.299805;52.71016
1521665568525;-12.5998535;-16.659668;53.130085
1521665568547;14.699965;39.969875;41.64957
1521665568571;48.85956;55.649624;23.44975
1521665568589;75.809166;31.429747;16.09964
1521665568620;39.199368;10.289804;31.149961
1521665568626;36.39955;35.06947;26.669971
1521665568640;49.069523;47.389828;20.159706
1521665568645;55.36935;43.189617;10.639902
1521665568660;64.95947;33.389774;1.0499879
1521665568666;80.078735;24.849655;-6.0198975
1521665568680;85.399086;14.559828;-6.6499023
1521665568685;51.729687;-3.0099487;-0.34999847
1521665568709;9.589852;14.699965;-2.5899658
1521665568720;20.64994;31.639708;-10.8498535
1521665568724;28.909721;40.599762;-24.07959
1521665568740;36.119278;43.46989;-29.049805
1521665568745;46.13006;45.84978;-27.089844
1521665568760;58.86936;46.619316;-26.179688
1521665568766;61.52953;40.109528;-22.049805
1521665568780;44.38005;37.2394;-18.339844
1521665568784;22.88969;39.6896;-18.199707
1521665568809;15.329848;48.71991;-11.829834
1521665568820;21.699747;45.84978;-31.639648
1521665568825;24.429733;33.529423;-42.0
1521665568837;39.61929;29.469782;-44.589844
1521665568844;51.170116;30.309628;-39.689453
1521665568857;54.250206;41.159336;-31.149902
1521665568865;51.869335;50.049995;-22.819824
1521665568876;44.59001;52.009964;-14.069824
1521665568885;36.39955;47.319515;-8.819824
1521665568900;37.170063;42.90934;-13.579834
1521665568905;50.259956;37.86928;-17.359863
1521665568928;48.85956;5.2500024;-23.659668
1521665568949;46.68963;19.250036;-27.019531
1521665568971;22.329632;43.539227;3.5000007
1521665568977;13.089856;47.880062;12.389904
1521665568985;9.799813;46.969902;14.769789
1521665569009;3.5000007;30.37994;8.609871
1521665569029;3.2899787;6.5098906;4.829958
1521665569037;9.309823;2.729981;8.469978
1521665569045;25.199755;5.6699243;9.099862
