1521665297144;0.24146652;-0.38998413;0.13624191
1521665297154;0.35011292;-0.10990143;0.11846542
1521665297162;0.068151474;0.15476608;-0.1932106
1521665297174;0.4440384;0.07121086;0.14164352
1521665297183;0.53941345;-0.0352211;0.35807037
1521665297194;0.7902527;0.18130493;0.4620514
1521665297202;0.8948822;0.06756401;0.83766174
1521665297214;1.0329286;-0.28822327;1.1347352
1521665297223;0.71939087;-0.76872253;1.1950074
1521665297236;0.75294495;-0.8144684;1.6584169
1521665297243;0.46256256;-0.29084015;1.7245485
1521665297255;0.35349274;0.1405983;1.8865358
1521665297263;0.2340622;0.3192215;1.7431337
1521665297275;0.16722107;0.12485695;1.3995668
1521665297283;0.09879875;-0.28227997;1.4555665
1521665297306;-0.3424759;-0.6821747;1.4324037
1521665297311;-0.46501923;-0.81217957;1.7981263
1521665297329;-0.27555847;-1.1592102;1.7789613
1521665297342;-0.35491943;-0.95751953;1.0733339
1521665297350;-0.5119629;-0.89204407;1.1484071
1521665297369;-1.4273376;-0.1054554;1.2486573
1521665297388;-1.7542725;1.0045472;1.2386781
1521665297407;-1.6307983;1.2855226;1.3971864
1521665297411;-1.386261;1.7787782;1.5256654
1521665297428;-0.55708313;3.2324226;1.3603822
1521665297448;-0.73472595;4.0374775;0.5980072
1521665297459;-1.3056641;5.0091577;1.1954652
1521665297468;-1.5621033;5.969485;0.9035797
1521665297479;-1.596405;6.776126;0.085624695
1521665297488;-2.0342407;7.084476;-0.7956543
1521665297509;-2.8087158;8.163582;-1.8991394
1521665297519;-3.1486206;8.297859;-1.9635925
1521665297527;-3.4588013;7.9166293;-1.2056274
1521665297547;-3.701294;6.061038;-0.40946198
1521665297558;-3.6010132;5.134646;-1.1748657
1521665297568;-3.5840454;4.3607197;-2.1572266
1521665297588;-3.8538818;4.568117;-2.4680786
1521665297605;-4.5548096;5.938723;-2.7276
1521665297611;-5.0216064;7.6828647;-3.4516602
1521665297625;-5.3239746;7.277469;-2.9352417
1521665297630;-5.340454;6.2288847;-2.6975708
1521665297649;-4.828491;3.7709968;-3.6767578
1521665297658;-4.631836;3.7622688;-4.1363525
1521665297666;-4.564209;4.5842304;-3.8605347
1521665297678;-4.472046;6.1213408;-2.0390015
1521665297686;-4.383545;5.8912377;-1.0063477
1521665297705;-4.625244;5.3162866;-0.69818115
1521665297710;-5.0079346;5.185427;-1.0918274
1521665297729;-5.555298;5.643191;-3.3695679
1521665297749;-4.3063965;5.237063;-2.7174683
1521665297769;-3.668457;4.085573;-1.6324158
1521665297789;-5.336914;4.0483418;-1.7380676
1521665297809;-6.540039;4.7701435;-3.416687
1521665297828;-5.022217;4.283083;-3.9386597
1521665297843;-3.9522095;3.5833747;-3.374878
1521665297851;-3.8910522;3.2543342;-2.7427368
1521665297862;-4.991577;3.026551;-2.4614868
1521665297870;-6.406372;3.6587532;-2.5597534
1521665297881;-7.0914307;3.8363655;-2.9135742
1521665297890;-7.3449707;4.317873;-3.8734741
1521665297908;-6.9144287;4.373659;-4.355835
1521665297913;-5.243042;3.4107673;-5.5302734
1521665297929;-5.5039062;2.6580205;-5.4031982
1521665297949;-6.230591;3.2528083;-4.974365
1521665298011;-4.6065674;4.2601337;-5.79895
1521665298024;-3.4924316;4.3409443;-5.6417236
1521665298037;-3.1845093;5.3178735;-5.8132324
1521665298047;-3.50885;6.1969023;-5.722046
1521665298068;-4.0117188;6.1225615;-5.734009
1521665298247;-3.2768555;4.7940693;-4.998657
1521665298257;-4.010254;5.291262;-4.623535
1521665298264;-4.527954;5.037478;-4.256714
1521665298275;-4.894165;5.0925317;-4.6831055
1521665298283;-5.05188;5.204226;-5.008423
1521665298296;-4.82251;4.7375507;-4.977539
1521665298306;-4.4622803;4.2457294;-4.5566406
1521665298316;-4.3641357;3.634095;-4.406006
1521665298323;-4.503418;3.521302;-4.541382
1521665298336;-5.068115;4.2531757;-5.0598145
1521665298343;-5.1280518;4.3104267;-5.18042
1521665298355;-5.4317627;4.559206;-5.1361084
1521665298363;-5.4156494;3.8071907;-4.9595947
1521665298376;-5.2247314;2.7150884;-4.476074
1521665298383;-4.811157;1.8629152;-3.6817627
1521665298397;-4.432617;1.3544923;-2.7745972
1521665298403;-4.5509033;1.9237977;-2.4067993
1521665298416;-4.8309326;2.7272954;-2.7954102
1521665298424;-5.288086;3.0547493;-3.0067139
1521665298436;-5.4639893;2.9443974;-2.9472046
1521665298444;-5.4766846;2.469605;-2.9507446
1521665298456;-5.2143555;2.052796;-3.0633545
1521665298463;-4.6885986;1.4063112;-2.7207642
1521665298475;-4.29126;1.0080568;-1.9858704
1521665298483;-4.1500244;0.8529053;-2.001709
1521665298497;-4.2250977;0.9840088;-2.4713745
1521665298504;-4.6400146;1.2079164;-2.991455
1521665298516;-4.845581;1.1296083;-3.0631104
1521665298528;-4.88562;0.7019043;-2.6124268
1521665298548;-4.717407;0.19654846;-2.4814453
1521665298567;-4.3830566;0.041913986;-2.4715576
1521665298571;-1.5730286;0.36574554;5.5802026
1521665298593;-1.5756531;-0.10104561;5.6666284
1521665298617;-1.5498657;-0.8946228;6.0545683
1521665298674;-1.5708313;-0.95503235;6.1905546
1521665298688;-2.050476;-0.9057312;7.074466
1521665298694;-1.8037415;-1.4142151;5.9095483
1521665298708;-1.8563843;-1.1014404;6.682864
1521665298764;-2.0682983;-1.2954407;6.7735624
1521665298777;-0.8676605;-1.3559265;-0.9445343
1521665298785;-0.76457214;-1.4916992;0.87953186
1521665298798;1.9212343;-2.5059814;-2.692871
1521665298805;0.65193176;-3.5360107;-1.2365417
1521665298817;-0.60328674;-3.6850586;1.0858766
1521665298825;-1.3061829;-3.1827393;3.6001594
1521665298837;-1.9725037;-2.0264893;4.8240986
1521665298845;-1.9098206;-0.8299103;5.8949
1521665298897;-1.7723389;-0.52944946;6.64075
1521665298904;-1.6271973;-1.1795349;7.7291293
1521665298915;-1.2419434;-0.5770416;10.0485935
1521665298938;-1.2894897;-0.23704147;10.018076
1521665298941;-0.96717834;0.28382874;9.317391
1521665298962;-0.41298676;0.603714;9.1491785
1521665298999;-0.57006836;1.3336793;9.727792
1521665299006;-0.6906738;1.576996;9.442636
1521665299018;-0.23472595;1.6320192;9.045663
1521665299026;-0.07586479;1.7652894;8.743904
1521665299037;-0.042253494;1.873932;8.399178
1521665299045;-0.041334152;1.9764405;8.336433
1521665299057;-0.12272835;1.9950563;8.121834
1521665299065;-0.10363197;2.0681767;8.120369
1521665299077;-0.041861534;2.160462;8.010506
1521665299085;-0.008184433;2.382813;7.739139
1521665299099;0.07946777;2.5852666;7.629642
1521665299105;0.047245026;2.697144;7.315189
1521665299117;-0.05009842;2.7512212;6.953494
1521665299125;-0.13336182;2.7888188;6.331668
1521665299137;-0.22141647;2.853394;5.8044457
1521665299146;-0.22899246;3.021302;5.7255883
1521665299157;-0.047302246;3.212159;5.7850366
1521665299165;0.10048294;3.3363044;6.0826445
1521665299177;0.10024834;3.3759162;6.1344023
1521665299185;-0.023115158;3.3387458;6.0059843
1521665299206;-0.45747375;3.5488899;4.7576923
1521665299218;-0.55770874;3.6613777;4.2524433
1521665299225;-0.5439148;3.8714607;4.0168476
1521665299237;-0.29496002;4.142336;4.0703144
1521665299248;-0.34436035;4.3638935;4.084963
1521665299259;-0.6019287;4.171633;3.950013
1521665299268;-0.7616577;4.117922;3.71222
1521665299288;-0.7876282;3.9423835;2.872315
1521665299308;-0.879303;4.238283;1.9953614
1521665299328;-1.3006592;4.4624043;1.7546998
1521665299348;-1.3701172;3.3276985;1.3855592
1521665299368;-1.3629761;2.5974126;0.092134476
1521665299379;-1.5458374;2.7679448;-0.29091644
1521665299388;-1.8096619;3.0258186;-0.75393677
1521665299408;-1.7090759;2.5081182;-0.48075867
1521665299428;-0.87294006;0.43946838;-1.0036011
1521665299440;-0.74102783;-0.40680695;-2.06781
1521665299459;-0.89797974;-0.50842285;-2.683899
1521665299463;-1.1548462;-0.19753265;-2.6393433
1521665299470;-1.7342224;1.8628846;-1.4681091
1521665299482;-1.9493408;2.362;-0.9737396
1521665299491;-2.1276855;1.5859071;-1.3849182
1521665299509;-1.9519043;1.476349;-2.6878662
1521665299519;-1.7987366;1.7526246;-2.6984863
1521665299527;-1.7302246;2.0821538;-2.16333
1521665299539;-1.7735901;2.249268;-1.5725708
1521665299547;-2.0232544;2.1262212;-1.5903625
1521665299559;-2.3468018;1.7309572;-1.7307739
1521665299568;-2.751587;1.3876954;-2.085205
1521665299579;-2.8620605;1.5097963;-2.2965088
1521665299587;-2.713684;1.9281312;-2.3793335
1521665299605;-2.6503296;2.565247;-2.6872559
1521665299611;-2.661621;3.2849739;-3.3289185
1521665299629;-2.6141357;2.934998;-3.7034302
1521665299649;-2.0256348;1.5990907;-3.2269897
1521665299661;-1.7929688;1.0469362;-2.7474365
1521665299671;-2.2825928;1.3578187;-2.919983
1521665299682;-2.963623;2.4525762;-3.6567383
1521665299691;-3.6113281;3.2838142;-4.2766113
1521665299706;-4.1499023;3.8227546;-4.8500977
1521665299713;-3.8502808;3.1895149;-5.465576
1521665299723;-3.109192;2.2896123;-5.889282
1521665299731;-2.0844727;1.3944398;-5.6469727
1521665299743;-1.7498474;0.7681122;-4.8615723
1521665299751;-2.3025513;1.3105775;-4.391968
1521665299764;-3.7167358;2.6891484;-4.329468
1521665299772;-4.7595215;3.6957405;-4.2651367
1521665299784;-5.260376;4.0672626;-4.5374756
1521665299792;-5.139038;3.7481697;-4.755615
1521665299804;-4.515381;2.9622808;-5.0839844
1521665299810;-3.447998;2.3336186;-5.8496094
1521665299824;-2.6122437;2.018128;-5.428589
1521665299831;-2.6627808;2.0542607;-5.2922363
1521665299843;-3.348816;2.8783574;-5.2714844
1521665299851;-4.3010254;3.4799201;-4.439331
1521665299863;-4.848633;3.4573371;-4.007324
1521665299871;-1.5433044;4.9248066;2.3452153
1521665299883;-1.4143066;4.621584;1.2226259
1521665299891;-0.88012695;3.9439094;0.26100922
1521665299909;-0.075904846;2.8494878;-0.323761
1521665299929;-0.6352539;2.978516;0.7476349
1521665299949;-0.65522766;3.5393684;1.4105836
1521665299963;-0.046586037;3.811158;1.6459047
1521665299971;-0.1603508;4.3621845;0.82366943
1521665299982;-0.6277008;5.1980004;0.19844055
1521665299991;-1.0280457;4.826784;0.7679901
1521665300049;-0.44023895;3.3122566;2.4534917
1521665300050;0.11876297;4.1551533;2.403809
1521665300078;-1.6591492;4.598757;0.91633606
1521665300089;-2.0656738;4.324709;-0.006673813
1521665300116;-0.42961884;3.5201423;0.38916016
1521665300299;-0.35949707;3.4610603;0.38807678
1521665300309;1.1766053;6.2492704;-1.2435608
1521665300319;-1.029541;4.987917;-2.3874512
1521665300326;-0.17430115;4.99341;-2.2347412
1521665300339;0.88183594;5.4200463;-2.3118896
1521665300346;1.4768068;6.036868;-2.2103271
1521665300358;1.15683;6.014041;-1.6366882
1521665300366;0.052586555;6.038577;-1.911438
1521665300378;-0.8345337;6.156863;-2.1409302
1521665300386;-0.72543335;5.585818;-2.2984009
1521665300399;-0.12501907;5.334475;-2.817566
1521665300407;0.47857666;5.002444;-2.7922363
1521665300419;0.85980225;4.6834736;-2.4308472
1521665300427;0.65734863;4.403322;-1.7357178
1521665300449;-0.015740395;4.2250996;-1.261261
1521665300454;-0.73010254;4.421755;-1.0892944
1521665300464;-1.2561951;4.559572;-1.222229
1521665300472;-1.3621826;4.272585;-1.2906189
1521665300484;-1.045227;3.7474372;-1.2237244
1521665300492;-0.44667053;3.4738166;-1.0773315
1521665300517;-0.10882187;3.903321;0.6634674
1521665300527;-0.6021118;3.958741;1.1605226
1521665300532;-1.2927856;3.6921394;1.2656556
1521665300544;-1.7174377;3.2390754;1.1194154
1521665300554;-1.6017456;2.7531133;0.79777527
1521665300565;-1.0551758;2.5263066;0.6452179
1521665300572;-0.49923706;2.2945561;1.3364564
1521665300589;-0.24902725;2.2498174;1.5850221
1521665300593;-0.740448;2.5184941;1.3932496
1521665300619;-2.0686035;1.2639161;0.45384216
1521665300631;-1.5039368;0.10987854;0.98194885
1521665300696;-1.9458923;-0.59088135;2.044312
1521665300709;-1.5735779;-1.3526611;3.181214
1521665300729;-1.7361755;-1.0423279;3.8207405
1521665300749;-2.5644531;-0.21575165;2.6765752
1521665300769;-2.336853;-1.2683105;2.4966435
1521665300788;-1.3765564;-2.916626;2.987061
1521665300809;-0.9352875;-2.9573975;4.457155
1521665300828;-1.9620361;-1.410675;3.504151
1521665300848;-2.0003052;-1.9743652;3.1992805
1521665300861;-1.74823;-2.4995117;2.8754277
1521665300870;-1.1071472;-3.083435;2.99585
1521665300887;-0.7428589;-3.4596558;3.3291633
1521665301014;-0.49499512;-3.5636597;3.8696296
1521665301026;-0.7368469;-3.3486938;4.2930927
1521665301037;-1.0613098;-3.6998901;4.071291
1521665301047;-1.0203247;-3.0778198;4.163454
1521665301056;-1.8506165;-2.7445068;4.5843525
1521665301069;-1.7973328;-2.303894;4.080324
1521665301081;-1.7149353;-2.359436;4.2584248
1521665301119;-1.1923523;-3.4732666;3.778321
1521665301169;-0.8791046;-2.5959473;2.5568242
1521665301181;-0.6607971;-2.7770386;2.5020146
1521665301207;-0.35103607;-2.227295;2.4589849
1521665301228;-0.57266235;-1.6017151;2.3970342
1521665301239;-0.6620636;-1.4939575;2.5932622
1521665301247;-0.69433594;-1.3664246;2.726746
1521665301259;-0.643692;-1.3572693;2.7175298
1521665301267;-0.6843262;-1.1961975;2.7714849
1521665301279;-0.7046814;-1.2315369;2.6267705
1521665301287;-0.76852417;-1.2298889;2.3820806
1521665301307;-0.83813477;-1.2295837;2.4705205
1521665301323;-1.0209045;-1.2684631;2.3651738
1521665301331;-1.1967773;-1.3087158;2.2429814
1521665301342;-1.2030334;-1.2461548;2.158692
1521665301351;-1.204956;-1.3770142;1.9870607
1521665301363;-1.1012268;-1.3192749;1.9219056
1521665301371;-0.9643402;-1.3759155;1.8616639
1521665301382;-0.83940125;-1.4591064;1.9542543
1521665301391;-0.9869232;-1.4120178;1.756836
1521665301414;-1.3179626;-1.0457458;1.6245118
1521665301424;-1.3151245;-0.98669434;1.6840516
1521665301432;-1.2541199;-0.93740845;1.5609132
1521665301444;-1.1087036;-1.0119934;1.6279908
1521665301452;-0.85710144;-1.3048401;1.4770814
1521665301463;-0.7948761;-1.5472717;1.5931093
1521665301473;-0.91452026;-1.359375;1.398163
1521665301485;-1.1314697;-1.0703125;1.407715
1521665301493;-1.3684387;-0.76982117;1.4508363
1521665301512;-1.1650085;-0.5670929;1.4438173
1521665301526;-1.1421204;-0.81721497;1.4019471
1521665301532;-1.269989;-0.85647583;1.3194276
1521665301546;-1.3439941;-0.86860657;1.192566
1521665301551;-1.3817139;-0.84103394;1.083069
1521665301565;-1.4076233;-0.68136597;0.75917053
1521665301571;-1.3831787;-0.42894745;0.38757324
1521665301583;-1.5580444;-0.12143898;0.07150841
1521665301591;-1.6381836;0.55174255;-0.036727905
1521665301616;-1.6104126;-0.024082184;0.3616104
1521665301627;-1.579956;-0.59703064;0.36789703
1521665301636;-1.6798096;-0.80255127;0.05028057
1521665301657;-2.197998;0.09626961;-0.7991333
1521665301673;-2.359558;0.55862427;-1.1572571
1521665301683;-2.3380737;0.7835541;-1.1778259
1521665301697;-1.7885437;-0.07377243;-0.8105774
1521665301717;-1.3947754;-1.037384;-0.19797134
1521665301723;-1.6293335;-0.7714386;-0.06085968
1521665301731;-2.1190186;0.09749603;-0.26203156
1521665301743;-2.3846436;0.9441376;-0.715271
1521665301750;-2.5667114;1.0349122;-0.6492157
1521665301762;-2.3223877;0.32754517;-0.43698883
1521665301770;-1.8731079;-0.32971954;-0.29034424
1521665301782;-1.4741211;-0.75239563;-0.0856266
1521665301790;-1.6329956;-0.43039703;-0.31954193
1521665301804;-1.9473267;0.25951385;-0.74165344
1521665301811;-2.3745728;0.8358612;-0.76130676
1521665301823;-2.5853882;1.1275941;-0.66023254
1521665301831;-2.5911865;1.1840211;-0.56159973
1521665301842;-2.4606934;0.7257538;-0.33189392
1521665301850;-2.1517334;0.052078247;-0.18907928
1521665301866;-2.111267;-0.12604141;-0.561615
1521665301874;-2.1932983;0.18191147;-1.2824707
1521665301887;-2.361084;0.6500702;-1.7657471
1521665301893;-2.4558105;0.9647217;-1.7799988
1521665301913;-2.204712;0.77786255;-0.9092865
1521665301925;-2.0891724;0.34963226;-0.76057434
1521665301934;-1.8800354;-0.19091415;-0.5959778
1521665301945;-2.1070557;-0.3660202;-0.6704712
1521665301954;-2.6513672;0.15276337;-1.5758057
1521665301966;-2.7114258;0.78445435;-2.1358032
1521665301973;-2.6170044;1.0695192;-2.2279053
1521665301984;-2.2711182;0.54870605;-1.4865417
1521665301992;-1.9963989;0.3652649;-1.2085876
1521665302009;-1.7381287;0.51187134;-1.0338135
1521665302014;-1.527771;0.586792;-0.8059082
1521665302026;-1.7204285;1.0386049;-0.9010315
1521665302034;-1.9341125;1.7788087;-1.3312683
1521665302045;-2.0405273;2.10315;-1.4406128
1521665302053;-2.1102905;2.158814;-1.3161316
1521665302065;-1.833313;1.7642823;-0.8187256
1521665302073;-1.4841003;1.1816713;-0.5829468
1521665302086;-0.9330139;0.84381104;-0.613739
1521665302094;-0.63697815;0.57196045;-0.6504669
1521665302113;-1.1747742;1.5401307;-1.1864929
1521665302169;-2.4193726;1.7271425;-1.8261108
1521665302171;-0.9799652;-0.77848816;-1.8022766
1521665302183;-0.9296112;-0.8757477;-1.7363281
1521665302209;-2.4506226;2.1517339;-2.4298706
1521665302210;-2.3721924;1.6476136;-1.4867554
1521665302239;-1.6272278;0.6620178;-1.9668274
1521665302253;-0.87857056;0.3951187;-1.9615479
1521665302271;-1.3257751;2.8905034;-1.7162781
1521665302449;0.005553007;3.26941;-4.2696533
1521665302452;0.21844864;3.753968;-4.224243
1521665302468;0.28739166;4.8398457;-3.3046265
1521665302488;-0.7724457;4.172121;-3.0859985
1521665302509;-0.4942093;3.415589;-4.3066406
1521665302528;0.3945465;4.0826435;-3.7719116
1521665302548;-0.32481384;4.20508;-3.0905151
1521665302568;-0.98965454;2.8994145;-3.2254028
1521665302588;-0.4072876;2.6358647;-2.960205
1521665302608;0.021317005;2.8540044;-1.8215332
1521665302628;-1.0374451;2.5050664;-2.2244873
1521665302648;-0.922348;1.9545594;-1.3895569
1521665302668;-0.8809509;2.5613408;-0.5093689
1521665302688;-1.1646729;1.5017701;0.36455536
1521665302708;-0.99560547;0.8348999;1.0170289
1521665302728;-1.0253601;1.1426393;0.91508484
1521665302743;-1.4916382;1.0909425;0.29544067
1521665302754;-1.7615967;0.66625977;0.069395065
1521665302763;-1.8051758;-0.24379349;0.30269623
1521665302773;-1.7097778;-1.019043;0.8683777
1521665302784;-1.6121216;-1.4016113;1.162964
1521665302792;-1.8059387;-1.0243225;0.8660736
1521665302811;-1.5962524;0.17780685;-0.15076447
1521665302823;-1.2418823;-0.31463623;-0.108140945
1521665302831;-0.97883606;-1.0388794;0.35843658
1521665302843;-0.5557556;-1.6907043;0.9953308
1521665302850;-0.3024292;-2.1015625;1.8880616
1521665302863;-0.2613678;-2.4195557;2.4508672
1521665302871;-0.49852753;-2.3973389;2.811829
1521665302884;-1.3347778;-1.2039185;2.2009892
1521665302892;-1.4350281;-1.1155396;2.0064092
1521665302909;-1.222229;-1.1979675;1.9369203
1521665302913;-0.930603;-1.8818665;2.1824346
1521665302925;-0.90740967;-2.2875977;2.0897832
1521665302933;-0.8548279;-2.6138916;1.9837037
1521665302947;-1.1322632;-2.6186523;2.002808
1521665302954;-1.2875061;-2.4996338;1.9337159
1521665302966;-1.33844;-2.256775;1.8406068
1521665302975;-1.2472229;-2.4503784;2.0302129
1521665302987;-1.3821716;-2.7651978;2.1773686
1521665302995;-1.3912354;-3.1809082;2.0921636
1521665303128;-2.0673828;-3.2722168;1.3465883
1521665303139;-0.7958679;-3.381836;3.7467048
1521665303144;-1.2463379;-1.6733398;3.672425
1521665303155;-0.96850586;-2.2340698;3.827027
1521665303173;-1.0156555;-2.8339844;3.5156868
1521665303189;-0.8094635;-2.9475708;3.8201911
1521665303209;-0.91612244;-2.8814697;3.4791267
1521665303229;-1.3002014;-2.9702148;3.406922
1521665303249;-1.5240479;-3.060791;3.451905
1521665303417;-1.3192444;-2.2409668;3.180848
1521665303426;-1.2474365;-2.1762695;3.090577
1521665303433;-1.1184998;-2.2418213;2.9050908
1521665303449;-0.7104645;-2.6036377;2.709351
1521665303469;-0.5203247;-2.4349976;2.8946538
1521665303482;-0.57170105;-2.312317;2.8606572
1521665303490;-0.70214844;-2.2783813;2.8052373
1521665303507;-0.85162354;-2.2857666;2.7114873
1521665303510;-0.97216797;-2.3168945;2.5468144
1521665303522;-0.9563751;-2.3654785;2.6393437
1521665303531;-0.88531494;-2.3778076;2.5902715
1521665303543;-0.80703735;-2.5014648;2.4040532
1521665303552;-0.7890167;-2.3967896;2.6599736
1521665303564;-0.9321594;-2.2390137;2.6524053
1521665303572;-1.0636902;-2.2369385;2.5662236
1521665303583;-1.1864319;-2.2509766;2.4669194
1521665303594;-1.2573547;-2.3960571;2.360413
1521665303617;-1.11969;-2.8374634;2.13794
1521665303627;-1.1140747;-2.675171;2.0521855
1521665303636;-1.1274109;-2.5215454;2.141663
1521665303647;-1.2483215;-2.52948;2.4059453
1521665303657;-1.3527222;-2.6364136;2.3854375
1521665303667;-1.4226685;-2.6774292;2.2240605
1521665303676;-1.2231445;-2.7108154;2.3173223
1521665303687;-1.207428;-2.7471924;2.1735234
1521665303696;-1.2045288;-2.659912;1.9955446
1521665303729;-1.6611633;-2.3189697;1.3654481
1521665303736;-1.8049011;-2.2020264;1.2023317
1521665303747;-1.7973633;-2.171875;1.1166993
1521665303755;-1.5802917;-2.1009521;1.3149415
1521665303768;-1.4236755;-2.1829834;1.1829835
1521665303779;-1.4510193;-2.1547852;0.82458496
1521665303787;-2.0475464;-1.722168;-0.13027954
1521665303795;-2.3947754;-1.1926575;-0.4193344
1521665303815;-2.4016113;-0.70555115;-0.43399048
1521665303828;-1.953949;0.017116547;0.076244354
1521665303836;-1.9060059;-0.30512238;-0.07282257
1521665303849;-1.9532776;-0.32665253;-0.3707199
1521665303875;-2.3013306;-0.28323364;-0.73664856
1521665303884;-2.5811157;0.056325912;-1.3926697
1521665303899;-2.744812;0.49752045;-1.5806885
1521665303929;-1.9360046;-0.30664825;-1.1875
1521665303938;-1.4388733;-1.3196716;-1.2851562
1521665303944;-1.8121948;-0.8389282;-1.5537415
1521665303953;-2.3737183;-0.43653107;-1.5751038
1521665303964;-2.6348267;-0.32474518;-1.4752197
1521665303973;-2.7788696;-0.30283356;-1.4472656
1521665303984;-2.3999023;-0.60835266;-1.40448
1521665303993;-2.008606;-1.1419678;-1.6109924
1521665304007;-1.8103943;-1.2616577;-2.1185303
1521665304013;-2.3168335;-0.5494995;-3.0514526
1521665304025;-2.428955;-0.38710785;-2.7860107
1521665304033;-2.5543213;-0.5886383;-2.1569824
1521665304044;-2.5047607;-0.73895264;-1.8051453
1521665304053;-2.25177;-0.9909973;-1.9795227
1521665304064;-2.0057373;-1.2546387;-2.331421
1521665304073;-1.900238;-1.177063;-3.069397
1521665304084;-1.9971619;-0.73280334;-3.552063
1521665304093;-1.9921265;-0.41350555;-3.261963
1521665304108;-1.7996216;-0.30075836;-2.506958
1521665304112;-1.7827148;-0.2830429;-1.5325928
1521665304124;-1.8093872;-0.5897217;-0.8842163
1521665304132;-2.1399536;-0.84866333;-1.3654175
1521665304144;-2.6340332;-0.6878357;-2.5848389
1521665304152;-2.8041992;-0.5604706;-3.5965576
1521665304164;-2.7286987;-0.22011566;-4.4068604
1521665304172;-2.053894;-0.22890091;-4.087036
1521665304183;-1.355011;-0.5573273;-3.1651611
1521665304192;-0.93540955;-0.72416687;-2.2502441
1521665304208;-0.834671;-0.88801575;-1.8779907
1521665304215;-1.3210144;-1.2163696;-1.5886841
1521665304293;-1.5794983;-1.133606;-1.979187
1521665304305;-2.5009155;-0.5494232;-2.6016235
1521665304321;-2.9940186;0.40385437;-3.40802
1521665304337;-2.2505493;0.76156616;-2.4590454
1521665304358;-0.88760376;-0.37965393;-1.2546082
1521665304496;-1.4552612;0.31324005;-2.7507935
1521665304509;-1.5442505;1.4715577;-3.3133545
1521665304511;-1.1166077;1.0317689;-3.4869385
1521665304523;-0.7925873;1.4240419;-3.3118896
1521665304531;-0.7274475;2.228394;-3.7128906
1521665304544;-0.8343811;2.7853398;-3.8009033
1521665304550;-1.1508484;2.4719853;-3.241211
1521665304562;-1.5783691;2.1578984;-3.2646484
1521665304570;-1.7996216;2.176331;-3.9172363
1521665304582;-1.4346924;1.7815858;-4.2335205
1521665304590;-0.9033661;1.5982362;-4.3164062
1521665304603;-0.4258499;2.1616216;-4.800293
1521665304610;-0.06098652;2.6421514;-4.7469482
1521665304623;-0.045248985;2.5812993;-3.718689
1521665304630;-0.42804718;2.3334966;-2.9348145
1521665304642;-1.1182556;2.2393804;-3.579712
1521665304650;-1.2373047;1.971161;-4.2478027
1521665304662;-0.5748291;1.7177736;-4.39563
1521665304671;0.3192749;2.243775;-4.4422607
1521665304683;1.3441468;3.8327034;-4.571411
1521665304690;0.6883087;3.578553;-4.3859863
1521665304704;-0.5026703;3.0688484;-4.57605
1521665304710;-1.0535278;2.2586064;-4.6187744
1521665304723;-0.91108704;1.67157;-4.453247
1521665304732;-0.118982315;1.433899;-3.6867676
1521665304744;0.62698364;1.64563;-3.2944336
1521665304754;0.93574524;2.0758061;-3.0477905
1521665304764;0.36842346;2.0888066;-2.690857
1521665304772;-0.79159546;1.9055177;-2.833435
1521665304788;-1.7338867;1.754181;-3.182373
1521665304794;-2.2966309;1.6077882;-3.380127
1521665304816;-1.789093;1.5810853;-3.1698608
1521665304821;-0.6909332;1.6174623;-2.2001953
1521665304837;0.2604599;2.0770879;-1.586029
1521665304843;0.44968414;2.679627;-1.6208191
1521665304858;-0.9688873;1.9951783;-0.7203369
1521665304877;-1.892334;1.3514711;-1.5987549
1521665304898;-1.0143433;1.7870485;-1.7264099
1521665304916;-0.5357666;1.5163575;-1.8340759
1521665304923;-0.2710495;0.20658493;-1.2176819
1521665304936;-0.87405396;-0.08975792;-1.5657654
1521665304947;-0.87039185;0.10966873;-1.4757385
1521665304968;-0.29916382;0.8258972;-0.8943939
1521665304975;-0.20880508;0.8995514;-0.75064087
1521665304988;-0.22861099;0.7232666;-0.7319031
1521665304999;-0.279274;0.34223175;-0.4002838
1521665305018;-0.3239746;-0.5519409;0.77279663
1521665305033;-0.19258499;-0.6854706;1.2097474
1521665305041;-0.28152466;-0.7429962;1.3909913
1521665305059;-0.1661148;-0.28703308;1.1092836
1521665305097;-0.41869354;-0.9480133;1.499756
1521665305107;-0.79086304;-0.8674164;1.8640748
1521665305129;-0.8793793;-2.0524902;1.3117982
1521665305135;-1.0099792;-1.9762878;1.2338258
1521665305148;-0.94662476;-2.413086;1.1309816
1521665305152;-1.0648499;-2.411438;1.1757203
1521665305164;-1.2653809;-2.404541;1.2821656
1521665305172;-1.3750916;-2.579773;1.4220277
1521665305184;-1.2535095;-2.819275;1.2382509
1521665305193;-1.1155701;-3.0200195;1.2216798
1521665305208;-0.7063904;-3.274231;1.5696718
1521665305214;-0.63116455;-3.0924072;1.5902101
1521665305228;-0.6734314;-2.8605347;1.4949342
1521665305245;-0.74884033;-2.619812;1.6805116
1521665305255;-1.2182617;-2.543457;2.6228642
1521665305267;-1.144104;-2.6159058;2.9234014
1521665305287;-1.2368164;-2.517456;2.483704
1521665305293;-1.2262268;-2.486084;2.2789311
1521665305308;-1.3060608;-2.5117188;2.3642583
1521665305333;-1.2124329;-2.9794312;2.7020879
1521665305374;-1.1203918;-2.3353271;3.7686164
1521665305384;-1.4797668;-2.125122;3.6135871
1521665305396;-1.6158752;-2.268921;2.8269658
1521665305405;-1.4747314;-2.8757935;2.7289433
1521665305456;-1.261261;-3.3217163;2.6611943
1521665305499;-0.3541565;-3.826233;2.848145
1521665305507;-1.2428589;-3.1190186;2.389893
1521665305511;-1.2008972;-2.9801636;2.4253545
1521665305524;-1.2096863;-3.0575562;2.1872563
1521665305531;-1.0878296;-3.0390015;2.0993657
1521665305543;-1.1803894;-3.0849;2.2330937
1521665305552;-1.362854;-3.0494385;2.3197026
1521665305563;-1.511383;-2.8669434;2.3283086
1521665305572;-1.6337891;-2.699707;2.365418
1521665305583;-1.1134033;-1.0171814;1.6543275
1521665305592;-0.67507935;-1.2817383;1.6362611
1521665305604;-0.59080505;-1.0656738;1.2326967
1521665305611;-0.8955231;-0.69525146;0.81140137
1521665305624;-1.111145;-0.34131622;0.72717285
1521665305631;-1.2031555;-0.25439453;0.88801575
1521665305643;-1.1567993;-0.3558426;0.86047363
1521665305651;-0.8595123;-0.5312805;0.66755676
1521665305664;-0.55825806;-0.6367035;0.37963867
1521665305672;-0.30788422;-0.61383057;0.2930832
1521665305683;-0.21702957;-0.45999146;0.32024384
1521665305692;-0.19386292;-0.09516716;0.38996124
1521665305709;-0.1691513;0.2655182;0.4208374
1521665305715;-0.23758316;0.48282623;0.39011383
1521665305727;-0.34812927;0.5184326;0.24033737
1521665305735;-0.43956757;0.39240265;0.23598099
1521665305747;-0.45734406;0.24415588;0.19104385
1521665305756;-0.28591156;0.14073944;0.12566376
1521665305767;-0.06985092;0.0423851;0.09088898
1521665305775;0.06208515;0.16347885;-0.1939354
1521665305787;-0.081970215;0.4597931;-0.33701324
1521665305795;-0.24032593;0.58924866;-0.31957245
1521665305819;-0.4712143;0.4751587;-0.5101929
1521665305837;-0.15835953;0.14624023;-1.2292175
1521665305848;-0.10941124;0.09959602;-1.2206116
1521665305857;-0.123254776;0.4363556;-1.2550964
1521665305868;-0.16605377;0.6062317;-1.0786133
1521665305877;-0.31332397;0.75527954;-1.0381775
1521665305888;-0.40268707;0.83665466;-1.2187195
1521665305897;-0.5126343;0.8996124;-1.4650269
1521665305916;-0.48390198;0.8885193;-1.5765686
1521665305920;-0.5029907;0.88038635;-1.6029358
1521665305936;-0.46899414;0.97413635;-1.3705444
1521665305962;-0.5125427;1.0511476;-1.3444824
1521665305975;-0.8358154;1.1080018;-1.3902283
1521665305988;-1.3909607;1.2503358;-1.4625244
1521665305996;-1.485321;1.2631837;-1.5447693
1521665306001;-1.3168945;1.0635988;-1.5995178
1521665306035;-1.6027832;-0.14099884;-0.0031535625
1521665306047;-2.0916138;0.15401459;-0.49285126
1521665306055;-2.375;0.2481575;-0.9241638
1521665306066;-2.4674683;0.4378357;-1.1665039
1521665306075;-2.4538574;0.5305176;-1.2225647
1521665306087;-1.8328857;0.41210175;-0.74694824
1521665306095;-1.5332031;0.13312912;-0.7285156
1521665306108;-1.2371216;-0.06641197;-0.69395447
1521665306114;-1.4355469;-0.0096485615;-0.89704895
1521665306127;-2.0299072;0.32796478;-0.8987274
1521665306135;-2.4402466;0.8034973;-0.95796204
1521665306147;-2.6361084;1.063263;-0.9355316
1521665306155;-2.3276367;0.9820404;-0.7377167
1521665306166;-1.842102;0.6246948;-0.90600586
1521665306174;-1.4725647;0.1574173;-1.0906067
1521665306186;-1.3989868;0.03948784;-1.5004578
1521665306194;-1.6531677;0.3195114;-1.6030273
1521665306216;-2.0078125;1.0920411;-0.534317
1521665306228;-2.0119019;1.3854982;-0.31744385
1521665306236;-1.8696289;1.4814454;-0.31202698
1521665306249;-1.7186279;1.3119203;-0.5366516
1521665306257;-1.6330566;1.0855104;-0.97454834
1521665306269;-1.6048584;0.97435;-1.381073
1521665306277;-1.7371826;1.4200746;-1.3494873
1521665306289;-1.730957;1.6598817;-0.7394562
1521665306297;-1.6691284;1.874878;-0.18546677
1521665306316;-1.86203;1.8175355;-0.24387741
1521665306328;-1.9689941;1.6748964;-0.75
1521665306336;-1.8351135;1.3794252;-0.9486389
1521665306348;-1.6352234;1.2953492;-0.79548645
1521665306356;-1.4129333;1.3011476;-0.4751358
1521665306368;-1.2069397;1.369507;-0.11969757
1521665306376;-1.4749756;1.5443422;-0.14229965
1521665306389;-2.0263062;1.7177736;-0.48142242
1521665306397;-2.5231934;1.7177125;-1.0707092
1521665306416;-2.576477;1.4539796;-1.4097595
1521665306428;-1.9389648;0.8967743;-1.2529297
1521665306436;-1.1516418;0.5580292;-0.94996643
1521665306449;-0.7004242;0.4945755;-0.3110428
1521665306457;-0.94203186;0.8191681;-0.3263855
1521665306469;-1.4524841;1.1531984;-0.053132057
1521665306477;-2.2698364;1.4715883;-0.49816895
1521665306567;-1.9092407;1.322632;-0.48496246
1521665306573;-1.5873718;1.4211122;-0.51742554
1521665306607;-1.0657043;1.5063783;-0.19233322
1521665306673;-0.74375916;0.75090027;-1.2616577
1521665306726;-2.0131226;2.1109014;-1.7723083
1521665306733;-1.8286133;1.7443544;-2.2734985
1521665306745;-1.5145264;1.8277589;-3.24646
1521665306754;-1.0138245;1.5859376;-3.6863403
1521665306786;-0.13731003;4.0162373;0.258255
1521665306793;-0.8465576;4.57654;-0.47758484
1521665306807;-1.9308472;4.365114;-1.8851318
1521665306813;-2.0667725;3.502198;-3.0501099
1521665306826;-1.3158875;2.7728887;-4.0404053
1521665306833;-0.16543198;2.82721;-3.9625854
1521665306845;1.1398927;2.894898;-3.0891113
1521665306855;1.2242433;3.3854377;-2.9744873
1521665306864;0.35468292;3.3543708;-3.2233887
1521665306872;-0.708725;2.858521;-3.588745
1521665306885;-1.4395142;2.5474248;-4.7718506
1521665306892;-1.4241333;2.7119756;-5.9449463
1521665306906;-0.9059906;3.0810554;-6.2354736
1521665306913;-0.09342766;3.288575;-5.367676
1521665306926;0.19385529;3.5817268;-4.599365
1521665306933;-0.06570625;3.4148567;-4.0424805
1521665306944;-0.3841324;3.1085212;-3.8082886
1521665306952;-0.51379395;2.9976811;-3.8070679
1521665306964;-0.015649796;3.687867;-3.465332
1521665306972;0.39172363;4.1713886;-2.8457642
1521665306984;0.4013214;4.607668;-2.1848755
1521665306994;-0.0893116;4.759157;-1.8910828
1521665307010;-0.71875;4.351198;-1.6040955
1521665307024;-1.0323792;3.561097;-1.5647583
1521665307039;-0.875;2.8657231;-1.6268005
1521665307059;0.13646317;2.993775;-1.7803955
1521665307062;0.3836975;3.0429084;-1.4326172
1521665307073;0.009665489;3.1380012;-1.9323425
1521665307089;-1.177063;2.4368901;-3.083313
1521665307099;-1.3231201;1.6557313;-3.239441
1521665307129;-0.7458954;0.4461975;-2.119934
1521665307136;-0.55770874;1.3100892;-1.3002319
1521665307146;-0.86325073;1.9585572;-1.0357361
1521665307154;-1.2309875;1.9568177;-0.91838074
1521665307165;-1.4638062;1.4331971;-0.5942688
1521665307173;-1.0220947;0.58891296;0.6552582
1521665307185;-0.7758026;0.53889465;1.3694154
1521665307193;-0.43093872;0.7798157;1.8233644
1521665307207;-0.23286057;1.0936891;1.9643251
1521665307213;-0.045951843;1.2831727;2.0388188
1521665307226;-0.11226082;1.0838624;2.016358
1521665307234;-0.27459717;1.1660463;2.0850224
1521665307247;-0.47535706;1.2390748;2.16919
1521665307256;-1.1114502;1.3407594;1.5239259
1521665307268;-1.4228516;1.1459657;0.9275818
1521665307275;-1.0629272;0.390831;0.7809601
1521665307287;-0.8114319;-0.5158539;0.76820374
1521665307294;-0.2794037;-1.2860718;1.2512208
1521665307329;-0.2065506;-1.7484741;1.8479921
1521665307338;-0.79463196;-1.8021545;2.0189824
1521665307343;-1.4811707;-1.5742188;1.5285646
1521665307357;-2.043213;-1.4041443;0.56954956
1521665307361;-2.1862793;-1.3363953;0.14684677
1521665307378;-1.1421204;-2.1243896;0.9614868
1521665307399;-0.074897766;-2.9656372;2.613587
1521665307418;-0.32958984;-3.5819092;3.7999275
1521665307422;-1.3102722;-3.0900269;3.4122322
1521665307439;-2.3912964;-1.2123413;1.7893373
1521665307459;-0.90504456;-1.6340027;1.9324647
1521665307479;-0.16918945;-3.348816;2.5206914
1521665307497;-0.12709427;-3.5872803;3.2370613
1521665307548;-0.54115295;-3.4099731;3.2323616
1521665307557;-0.77119446;-2.8710938;2.7797856
1521665307579;-0.82658386;-2.581604;2.13971
1521665307597;-1.0331421;-2.2940674;1.9692384
1521665307608;-0.6926422;-2.7354736;2.6105962
1521665307616;-0.20690536;-2.951416;2.6198735
1521665307639;-0.38142395;-2.6586304;2.443665
1521665307642;-0.6065216;-3.3650513;2.7659917
1521665307663;-0.5818634;-3.458252;2.5194707
1521665307688;-0.7169342;-3.2595215;3.5087898
1521665307708;-1.1522217;-3.2095947;3.3341072
1521665307727;-1.1477661;-2.956421;2.9218144
1521665307734;-0.7681885;-2.9110718;2.6981206
1521665307753;-0.53308105;-2.7078857;2.395203
1521665307760;-0.59121704;-2.795044;2.3175664
1521665307777;-1.4776001;-2.7384033;2.3259892
1521665307786;-1.5493774;-2.8322144;2.4735112
1521665307798;-1.3623047;-3.0111084;2.5254521
1521665307809;-1.0588684;-3.0906982;1.9771425
1521665307814;-0.7975464;-3.069519;1.6722413
1521665307826;-0.67019653;-2.9371338;1.6557618
1521665307834;-0.6817932;-2.357788;1.5896913
1521665307845;-0.87934875;-2.024414;1.6023256
1521665307853;-1.0655518;-1.8001099;1.8376466
1521665307865;-1.0397034;-1.75354;1.5977784
1521665307873;-0.9030609;-1.5256348;1.3076783
1521665307887;-0.76368713;-1.5382385;0.9790344
1521665307895;-0.62579346;-1.2114258;0.5702057
1521665307909;-0.4924469;-0.95191956;0.3727951
1521665307915;-0.39456177;-0.92440796;0.31201172
1521665307927;-0.3578949;-0.82688904;0.18072128
1521665307937;-0.17018127;-0.89842224;0.11661911
1521665307951;-0.06245041;-1.074707;-0.021828175
1521665307969;0.07506943;-0.77989197;-0.660202
1521665307978;0.13676834;-0.52134705;-0.9816284
1521665307998;0.15703964;-0.4078369;-1.6875
1521665308015;0.2956314;-0.4775238;-2.0231323
1521665308020;0.3271942;-0.6288605;-2.5327148
1521665308032;0.50749207;-0.7140503;-2.8326416
1521665308041;0.8143616;-0.7487335;-3.229309
1521665308059;1.8937684;-0.7123413;-4.1533203
1521665308079;2.7016606;-0.6868439;-5.5856934
1521665308092;3.219117;-0.36064148;-6.8980713
1521665308100;3.8032234;-0.33976746;-7.244995
1521665308117;4.809206;-0.49103546;-7.534668
1521665308122;6.390628;-0.70454407;-7.757202
1521665308139;5.1459985;-0.52519226;11.097911
1521665308159;0.19458771;-0.13851166;7.5261264
1521665308179;-1.534729;0.068157196;3.7031868
1521665308199;-1.4888916;-0.06924248;-0.023422718
1521665308218;-0.037769318;-0.73420715;-4.0786133
1521665308238;-1.4279175;-0.22800827;-1.4574585
1521665308259;-2.0682983;0.97117615;-3.1190186
1521665308270;-1.973999;1.2459413;-4.215576
1521665308283;-1.5329895;1.0021974;3.5487068
1521665308302;-1.2428894;0.3032837;2.8078008
1521665308322;-0.56495667;-0.34823608;2.4395757
1521665308331;-0.2953949;-0.44687653;2.8036504
1521665308346;-1.972229;1.1943971;2.898621
1521665308353;-2.5219116;1.7828065;2.433289
1521665308369;-1.2088623;0.6935425;0.9275055
1521665308376;-0.4482727;0.18249512;0.86724854
1521665308388;-0.21315384;0.25958252;1.1311647
1521665308396;-0.6964874;0.83843994;1.7304078
1521665308418;-2.425537;2.3112187;1.906067
1521665308438;-2.8722534;2.1629643;0.9059143
1521665308449;-2.1594849;1.4553529;0.43364716
1521665308458;-1.2931519;0.8828125;0.22921371
1521665308470;-0.5352783;0.7572632;0.39014435
1521665308480;-0.7331848;1.1119081;0.63619995
1521665308492;-1.3569946;1.8717042;0.93847656
1521665308500;-2.2648926;2.346436;0.93595886
1521665308518;-2.824829;2.2694707;0.3427658
1521665308539;-0.741745;1.5105287;0.2073555
1521665308559;-1.4163208;2.5974736;0.37895966
1521665308578;-2.4258423;2.5541387;0.6518097
1521665308598;-1.9829407;1.9410707;0.4489441
1521665308618;-1.0820618;1.9367067;0.27370453
1521665308639;-1.5655212;2.8971562;-0.60043335
1521665308659;-2.0681152;2.8594365;-0.58236694
1521665308739;-0.95658875;2.0247808;-0.25587463
1521665308742;-1.8555908;2.9585576;-0.41570282
1521665308757;-1.4220276;2.558045;-0.3197937
1521665308778;-1.3297424;1.8424379;-1.6891174
1521665308995;-0.9709778;2.3855596;-2.024109
1521665309017;0.15071869;2.3956304;-1.4379578
1521665309028;-0.36830902;3.2534187;-1.3068237
1521665309035;-1.2378845;3.9235237;-1.3494873
1521665309046;-1.9479675;3.879151;-1.8522949
1521665309055;-2.1638184;3.3088386;-2.7867432
1521665309067;-1.243042;2.415833;-3.5501099
1521665309074;0.017569065;1.735016;-2.8499756
1521665309087;1.209015;2.1157231;-1.8219299
1521665309095;1.533661;3.7789314;-2.0281982
1521665309108;0.618515;4.7406025;-1.6643982
1521665309115;-0.66889954;4.8934345;-1.7320557
1521665309127;-1.7303162;4.6379414;-2.6879883
1521665309137;-2.1071777;4.1326923;-3.8493652
1521665309149;-1.1839294;3.50232;-3.8649292
1521665309158;0.28612518;3.495179;-3.034729
1521665309169;1.6558839;3.8674934;-2.1168213
1521665309177;1.9080201;4.1918964;-1.4852905
1521665309192;1.0228883;4.2890644;-1.7584229
1521665309200;-0.18592453;3.9210823;-2.3486328
1521665309224;-1.3785706;3.2912605;-3.2928467
1521665309238;-0.27892303;3.5085456;-2.4707642
1521665309242;0.4653244;3.3083503;-1.5179138
1521665309259;0.6394501;2.9689336;-1.1008301
1521665309263;0.16558075;2.8153691;-1.0763245
1521665309273;-0.48462677;2.714539;-1.2571411
1521665309282;-1.2697754;2.8190923;-1.6519775
1521665309308;-1.3723755;2.2575078;-1.5910339
1521665309328;-0.8352356;1.6970826;-1.1468811
1521665309338;-0.2872696;1.3148195;-0.6018219
1521665309349;-0.44380188;1.5808717;-0.17612839
1521665309359;-1.0866699;1.9804689;-0.4860611
1521665309378;-1.835846;1.9576417;-0.8032837
1521665309389;-1.5376587;1.3784791;-0.5750427
1521665309397;-0.84350586;0.5030365;0.008103371
1521665309416;-0.0067133904;0.008609295;0.8883209
1521665309422;0.318161;-0.12522125;1.6801149
1521665309435;-0.55610657;0.7127838;1.4963075
1521665309441;-1.1013794;1.0621034;1.2024537
1521665309453;-1.354065;0.9936981;0.77563477
1521665309466;-1.0165405;0.6957855;0.6058197
1521665309473;-0.30400848;0.02876091;1.0039064
1521665309481;0.29299927;-0.6654663;1.7578126
1521665309499;0.7089691;-1.1574097;2.641602
1521665309503;0.5917511;-1.0539246;2.9837651
1521665309523;-0.2904129;-0.4107437;2.5056157
1521665309530;-1.2248535;0.3994751;1.4248658
1521665309544;-1.3845825;-0.03418827;0.9654236
1521665309552;-0.6591644;-1.1347351;1.4886781
1521665309561;0.07944107;-2.0150757;2.0681767
1521665309572;0.62054443;-2.585083;2.7130132
1521665309580;0.6129608;-2.8156128;3.4252326
1521665309593;-0.21398926;-2.442566;3.4324348
1521665309602;-1.0437012;-1.7661438;3.205201
1521665309627;-1.5546875;-1.3014832;3.1422126
1521665309639;-1.4720154;-1.487793;2.9295049
1521665309644;-1.1705933;-1.806427;2.5862432
1521665309653;-0.97883606;-2.0897827;2.4686284
1521665309663;-0.9760895;-2.4765015;2.695435
1521665309674;-1.1768188;-2.538391;2.5886846
1521665309682;-1.2691956;-2.2355347;2.478516
1521665309694;-1.20224;-2.276184;2.4971318
1521665309706;-1.1779785;-2.5100708;2.6923223
1521665309759;-1.147583;-2.947998;2.8485112
1521665309786;-1.2823181;-3.7034912;2.4307866
1521665309795;-1.094635;-3.6104736;2.38794
1521665309819;-0.6248779;-2.7443848;2.1841435
1521665309829;-0.75401306;-2.2315674;2.426453
1521665309834;-1.3843689;-2.7383423;2.747376
1521665309840;-1.3157654;-3.189331;2.7233891
1521665309869;-0.7810669;-3.5601196;2.7329106
1521665309889;-0.1969223;-2.4214478;2.924622
1521665309899;-1.0843811;-1.611908;3.712159
1521665309902;-0.79992676;-3.3031616;2.9163213
1521665309929;-0.45144653;-2.9038086;2.6708379
1521665309936;-0.69696045;-2.5338135;3.0059822
1521665309948;-0.97862244;-2.5280151;2.9664311
1521665310029;-1.0609131;-2.699707;2.7099614
1521665310037;-0.6692505;-1.6545105;-0.8457031
1521665310048;-0.4842453;-1.6752014;-1.1607056
1521665310056;-0.19421387;-1.6656189;-1.6890564
1521665310068;0.27742004;-1.6149597;-2.2144165
1521665310076;0.85401917;-1.4056091;-2.8344116
1521665310088;1.5083009;-1.1964111;-3.513977
1521665310096;2.271912;-0.90634155;-4.137207
1521665310118;2.9702153;-0.8502655;-4.5113525
1521665310128;4.9659443;-0.9180145;-5.447876
1521665310137;6.1158476;-0.9197235;-5.848877
1521665310148;7.386478;-0.93492126;-6.085205
1521665310156;8.629158;-1.169281;-6.1324463
1521665310168;8.193123;-1.0509644;13.262708
1521665310176;7.0521274;-0.86476135;12.895763
1521665310188;6.0236845;-0.67922974;12.425793
1521665310196;4.93799;-0.38237;12.05714
1521665310217;3.42566;0.15021896;11.239268
1521665310229;2.844605;0.1965065;10.693857
1521665310237;2.4786382;0.17620468;10.105234
1521665310248;2.0863042;0.016364574;9.598153
1521665310256;1.5577089;0.054201126;9.069833
1521665310268;1.0303651;0.22436905;8.492195
1521665310276;0.5877838;0.5010681;7.846439
1521665310288;0.31327057;0.5914612;7.4000278
1521665310297;0.0145998;0.7374115;6.7805204
1521665310317;-0.30503082;0.4208374;5.9826684
1521665310329;-0.48758698;0.41308594;5.570681
1521665310337;-0.6606903;0.3799057;5.1873803
1521665310348;-0.9125824;0.9124603;4.809084
1521665310357;-1.213501;1.123047;4.484865
1521665310368;-1.367981;1.0798341;4.1798115
1521665310377;-1.5446472;0.8657837;3.8531501
1521665310388;-1.6019897;0.66218567;3.3144538
1521665310397;-1.5159607;0.3884735;2.584168
1521665310417;-1.869873;0.39320374;1.5175782
1521665310437;-2.104004;0.7724457;0.66926575
1521665310448;-2.123169;0.45806122;0.519989
1521665310458;-2.230835;0.25785828;0.44792938
1521665310469;-2.175171;-0.051677704;0.345253
1521665310477;-2.2889404;-0.20745087;-0.06918907
1521665310494;-2.1848145;-0.2191658;-0.3538971
1521665310502;-2.4509277;-0.06325531;-0.85510254
1521665310524;-2.9075317;0.9622803;-1.7970276
1521665310539;-3.4663086;1.2058107;-1.8593445
1521665310559;-3.5421143;0.3768692;-2.7740479
1521665310579;-3.553955;0.52526855;-4.7122803
1521665310599;-3.899353;1.9010621;-4.753662
1521665310619;-4.32666;1.8389589;-5.3095703
1521665310632;-4.2679443;1.1771241;-5.52063
1521665310640;-3.911377;0.5687103;-5.7749023
1521665310659;-3.7184448;1.2044069;-6.7843018
1521665310679;-3.9875488;2.5610967;-5.9538574
1521665310699;-4.639038;3.0801399;-5.1673584
1521665310718;-4.8554688;3.172181;-5.5357666
1521665310720;-4.864258;2.9733891;-6.083008
1521665310739;-4.3703613;2.7500615;-7.100952
1521665310759;-0.6074219;3.9027717;1.9288331
1521665310772;-0.8207855;3.833985;2.702454
1521665310780;-1.5057678;3.9099128;2.764954
1521665310824;-2.0003052;4.0689716;1.9510804
1521665310847;-2.2737427;4.536989;-0.5138397
1521665310855;-0.5979309;4.2738056;1.2505189
1521665310868;-2.1287842;3.616761;0.45619965
1521665310871;-2.6123047;4.04529;-0.7012634
1521665310889;-2.1882324;4.3640156;-1.4315491
1521665310919;-1.2566833;3.9964607;-0.14173508
1521665310959;-1.9012756;4.923952;-0.66511536
1521665311007;-0.93400574;4.7718525;-0.1721344
1521665311015;-0.7308655;4.815798;0.016524315
1521665311045;-1.3233948;5.636111;-1.5609131
1521665311050;-1.0979309;5.643801;-1.4267883
1521665311061;-0.6334076;5.615847;-1.4291382
1521665311078;-0.078250885;5.8210473;-1.7171631
1521665311098;-0.8534241;6.5759306;-3.2975464
1521665311118;-0.728714;5.5595727;-3.758545
1521665311137;0.7549896;5.4046655;-2.6555786
1521665311149;0.9343262;5.888186;-1.8903503
1521665311158;0.4986267;6.614749;-1.9056396
1521665311169;-0.46595764;6.8551054;-2.6759644
1521665311177;-1.0926514;6.241214;-3.6583862
1521665311189;-1.2159729;5.494387;-3.895813
1521665311197;-0.77705383;4.8674335;-3.236145
1521665311219;0.4860382;5.1856713;-0.92144775
1521665311239;0.21993256;6.1312284;-1.10849
1521665311251;-0.8559418;5.629641;-2.324829
1521665311260;-1.0942993;5.194094;-2.3616333
1521665311273;-0.78759766;4.7962666;-2.128479
1521665311280;-0.35787964;4.6972675;-1.662262
1521665311294;-0.21947098;4.7043476;-1.3409119
1521665311300;-0.35838318;4.6188984;-1.5350647
1521665311318;-0.6925049;4.340212;-1.8821716
1521665311320;-1.1290894;3.9399421;-2.1151733
1521665311333;-1.1193848;3.3560188;-1.9828186
1521665311340;-0.9206085;2.9756474;-1.2922363
1521665311352;-0.5736542;3.036866;-0.06420326
1521665311362;-0.52027893;3.2101448;1.0627137
1521665311373;-0.5922241;3.0689094;1.4002382
1521665311380;-0.92492676;3.0219123;1.1035463
1521665311395;-1.182251;2.8049932;1.0346681
1521665311400;-1.3171692;2.8798833;0.83561707
1521665311418;-1.4070435;3.1900642;0.63890076
1521665311421;-1.4265747;3.205445;0.7068329
1521665311433;-1.1456299;2.667664;0.9066467
1521665311440;-0.6895294;2.0054936;1.4864198
1521665311452;-0.3848648;1.3892518;1.6692201
1521665311462;-0.34989166;1.1370546;1.7921754
1521665311473;-0.8599396;1.0619813;2.0661016
1521665311480;-1.3437195;1.2716066;1.4422914
1521665311492;-1.7311096;1.1923829;0.6937866
1521665311500;-1.5406189;0.74209595;0.45859528
1521665311516;-1.1224365;0.21809006;0.78260803
1521665311521;-0.48252106;-0.28074646;1.6668702
1521665311534;-0.017401218;-0.77770996;2.383057
1521665311540;-0.110191345;-0.97772217;2.6301885
1521665311552;-0.5129852;-0.8230896;2.723084
1521665311560;-1.1165466;-0.47731018;2.3208623
1521665311573;-1.615448;-0.29362488;1.9384156
1521665311580;-1.8248596;-0.3265381;1.6016847
1521665311592;-1.4803162;-0.66282654;1.4359132
1521665311601;-0.9673157;-1.0980835;1.7997743
1521665311616;-0.42616272;-1.4954529;2.3235478
1521665311621;0.08902931;-1.8319397;3.0828254
1521665311635;-0.11789131;-1.8404236;3.5101936
1521665311640;-0.83200073;-1.264801;3.1691902
1521665311652;-1.569397;-0.642334;2.261353
1521665311660;-1.861908;-0.5788727;1.8502809
1521665311673;-1.535675;-1.1327515;2.2271123
1521665311680;-0.7821808;-1.9547119;2.7443242
1521665311693;-0.277771;-2.312378;3.0780036
1521665311702;0.020810604;-2.3876953;3.7586067
1521665311727;-0.9282837;-1.8918762;3.5485847
1521665311748;-1.4446716;-1.8370972;3.1436775
1521665311756;-1.1413879;-2.5842896;2.287293
1521665311764;-0.9492798;-2.7529297;2.1773076
1521665311774;-0.8983307;-2.7352905;2.1221318
1521665311799;-1.1054382;-2.460083;2.046082
1521665311801;-1.3164673;-2.338501;2.1284184
1521665311815;-1.1354675;-2.664795;2.671143
1521665311820;-1.1313782;-2.925415;2.9177861
1521665311841;-1.0474854;-3.4833984;2.6802983
1521665311852;-1.1402283;-3.4950562;2.5881352
1521665311864;-1.0370789;-3.4001465;2.8590703
1521665311876;-1.2352905;-3.1281738;3.3228767
1521665311885;-1.434021;-2.6524658;3.2898567
1521665311898;-1.4961243;-2.7402954;3.419068
1521665311917;-1.5095825;-3.3006592;3.005616
1521665311929;-1.2915955;-3.538391;3.0060432
1521665311959;-1.4296875;-2.8167725;2.5838628
1521665312016;-1.4837952;-2.9661865;2.5437016
1521665312024;-1.3730164;-2.7696533;2.398499
1521665312033;-1.1897278;-2.4932861;2.6302495
1521665312046;-1.0490417;-2.5095215;2.7133183
1521665312058;-0.94252014;-1.6267395;0.94976807
1521665312069;-0.92674255;-1.5704956;0.8706207
1521665312078;-0.8706207;-1.3235779;0.8487091
1521665312089;-0.66490173;-1.0700989;0.63790894
1521665312098;-0.49954224;-0.6747894;0.38385773
1521665312118;-0.38594055;-0.35595703;-0.09641075
1521665312138;-0.028979301;-0.5880585;-0.66477966
1521665312158;0.51460266;-0.33063507;-1.5461426
1521665312179;0.81921387;-0.2672882;-2.0429077
1521665312191;1.0025026;-0.37837982;-2.4956055
1521665312203;1.3823243;-0.5011902;-2.812439
1521665312223;1.7642823;-0.5051117;-3.838379
1521665312234;2.0271611;-0.28192902;-4.333618
1521665312243;2.3396611;-0.32980347;-4.654785
1521665312255;2.8298955;-0.43749237;-5.2835693
1521665312263;3.6993415;-0.4769745;-5.8079834
1521665312274;4.3690205;-0.64515686;-6.1937256
1521665312284;5.3055444;-0.7072449;-6.7958984
1521665312296;6.4279814;-0.8927002;-7.316284
1521665312303;7.876346;-0.99638367;-7.5860596
1521665312323;6.41492;-0.42236328;11.759044
1521665312334;5.367678;-0.06698799;11.666514
1521665312342;4.42383;0.21586609;11.31544
1521665312353;3.557862;0.3654251;10.773203
1521665312363;2.7748418;0.3454361;10.045908
1521665312375;2.070557;0.10448837;9.267098
1521665312383;1.4214174;0.104961395;8.298347
1521665312396;0.86624146;0.24444199;7.482059
1521665312403;0.19251251;0.42372894;6.592166
1521665312418;-0.46605682;0.4696808;5.713137
1521665312422;-1.2066956;0.4684906;4.701174
1521665312435;-1.9514465;0.5108948;3.3603523
1521665312446;-2.5238647;0.34783173;0.8347473
1521665312456;-2.4101562;0.21792221;0.22976685
1521665312464;-2.0708008;0.091487885;-0.7741394
1521665312476;-1.4407654;-0.05780697;-1.9637146
1521665312496;-1.1432495;-0.016037464;-2.7648315
1521665312528;-1.3243103;0.47245026;-3.8903198
1521665312536;-1.8411865;1.1520082;-4.0290527
1521665312548;-2.2070923;1.1998597;2.5474248
1521665312556;-1.2109985;0.3880005;1.4641725
1521665312562;-0.7854004;0.36782074;1.1679689
1521665312574;-0.91947937;0.65330505;1.1580812
1521665312581;-1.3605957;1.011902;1.2059938
1521665312593;-1.8998108;1.4669191;1.5708314
1521665312602;-2.3875122;1.7595521;1.6949159
1521665312617;-2.7946167;2.0180058;0.7049713
1521665312621;-2.39563;1.7960817;0.09862518
1521665312633;-1.8349915;1.3217164;-0.25473785
1521665312640;-1.2165527;1.2409059;-0.3500824
1521665312652;-0.4466095;1.1095277;0.24354553
1521665312660;-0.56987;1.1278383;0.91038513
1521665312672;-1.1828613;1.7127992;1.3568422
1521665312681;-2.0618896;2.4780278;1.5459901
1521665312695;-2.9054565;2.955933;1.2673951
1521665312703;-3.1903076;3.2996223;0.4670105
1521665312727;-1.6843872;2.7741094;-0.12096596
1521665312739;-0.3493042;2.2616582;0.16380692
1521665312746;0.45941925;2.0811772;0.8832245
1521665312757;0.20708084;2.2539067;1.8461915
1521665312765;-1.1338806;2.7407842;2.2896733
1521665312777;-2.6503906;3.4697273;1.4675599
1521665312786;-3.2717896;3.797181;0.55441284
1521665312797;-3.3457642;3.5823371;-0.21836472
1521665312805;-2.592102;2.7766118;-0.677948
1521665312825;0.4158554;1.1096193;-0.13134384
1521665312844;-0.014199257;1.7551271;0.9716797
1521665312862;-1.5739136;3.0844734;0.7679138
1521665312903;0.50717163;0.72727966;0.5235748
1521665312954;-2.9039307;3.351197;0.32593536
1521665313149;-2.512146;2.5006719;-0.6536102
1521665313158;-1.735199;4.166872;-0.99620056
1521665313165;-1.1357727;4.777956;-3.1501465
1521665313179;-0.71377563;3.5398567;-3.9638672
1521665313199;0.46007538;4.9611835;-3.4747925
1521665313219;-0.3082962;5.707522;-3.6220093
1521665313239;-0.7963104;3.5131843;-3.7297363
1521665313259;0.09985733;4.0024433;-2.8052368
1521665313279;0.106775284;5.447512;-2.7071533
1521665313291;-0.5596924;4.130617;-3.4415894
1521665313301;-0.85575867;3.8231208;-3.8635864
1521665313316;-0.94059753;3.672242;-3.2125854
1521665313322;-0.6615906;3.807923;-2.7158203
1521665313334;-0.31454468;3.863526;-2.6497192
1521665313343;0.0112736225;3.6391609;-2.2993774
1521665313354;0.41603088;3.3385627;-2.2197876
1521665313362;0.2058487;3.544068;-2.0263062
1521665313376;-0.35830688;3.6195686;-1.7782593
1521665313382;-0.91978455;3.6698005;-2.0101318
1521665313394;-1.1628418;3.6473396;-2.144165
1521665313402;-1.0587158;3.3966682;-1.9395142
1521665313424;-0.57089233;2.7166753;-1.7352295
1521665313435;-0.31341553;2.2269902;-1.1901855
1521665313443;-0.3636551;2.061707;-0.74684143
1521665313454;-0.41292572;1.6976014;-0.10946083
1521665313462;-0.73960876;1.5048219;0.22489929
1521665313476;-1.0024414;1.5268861;0.42357635
1521665313484;-1.2380066;1.7525331;0.35671234
1521665313494;-1.1853943;1.8694154;0.29782104
1521665313502;-0.9986725;1.6487123;0.63227844
1521665313527;-0.28310394;1.2767946;2.4149175
1521665313535;-0.47275543;1.3947145;2.4910283
1521665313542;-0.97013855;1.3632203;1.8981935
1521665313555;-1.3477173;1.005768;1.0954896
1521665313563;-1.4472656;0.50486755;0.15884018
1521665313576;-1.3179932;-0.07833099;-0.15892029
1521665313583;-0.8202362;-0.7365265;0.23223877
1521665313594;-0.39178467;-1.2496338;1.0645143
1521665313602;-0.19006729;-1.3723755;1.7230226
1521665313618;-0.33761597;-1.5089722;1.9721376
1521665313623;-0.86242676;-1.3802185;1.9372865
1521665313637;-1.4835205;-1.1620483;1.4385988
1521665313658;-1.568634;-1.138855;0.7663574
1521665313666;-1.04422;-1.5604248;1.4216005
1521665313678;-0.35710144;-1.9606934;2.0568852
1521665313686;0.26956177;-2.1393433;2.9302983
1521665313708;-0.15208054;-1.7009888;4.0205097
1521665313727;-0.95140076;-1.1174927;3.6009529
1521665313738;-1.4822388;-1.0953674;1.72287
1521665313747;-0.8847046;-1.681366;1.8694154
1521665313757;-0.19071579;-2.4293823;2.3023686
1521665313764;0.26088715;-2.798523;2.8234258
1521665313795;0.4371109;-2.928711;3.4955451
1521665313867;-0.018321991;-2.536316;3.632386
1521665313878;-1.3528442;-2.279358;2.3911748
1521665313888;-0.981308;-2.7730103;1.5739137
1521665313898;-1.3190918;-2.4413452;1.6203614
1521665313901;-1.3555298;-2.657837;1.914734
1521665313923;-1.404602;-3.3599243;2.1812139
1521665313944;-1.3369751;-3.357727;1.8835756
1521665313954;-1.23172;-2.8788452;1.8942872
1521665313963;-1.04422;-2.288208;2.8728032
1521665313982;-1.0359802;-2.506958;3.7500007
1521665313997;-1.3046265;-2.7979126;3.9078376
1521665314002;-1.5031738;-3.0286255;3.6753547
1521665314067;-0.55615234;-2.5542603;2.6965947
1521665314129;-1.4708252;-2.6298218;3.8987434
1521665314134;-1.3178711;-1.7774048;1.4273072
1521665314141;-1.5067749;-1.4338379;1.2338563
1521665314152;-1.5970764;-1.4563599;1.1041261
1521665314160;-1.5253296;-1.7397461;1.0458375
1521665314172;-1.4016418;-2.132141;0.9523468
1521665314180;-1.2467957;-2.1535645;1.0068666
1521665314191;-0.81874084;-2.0130005;1.0139772
1521665314200;-0.68058777;-1.6035461;0.38687134
1521665314217;-0.6743164;-1.1464844;-0.11491966
1521665314222;-0.6204071;-0.85624695;-0.33587646
1521665314234;-0.4988861;-0.7264557;-0.49033356
1521665314242;-0.24045944;-0.75852966;-0.70066833
1521665314254;0.14513016;-0.9860077;-0.7281952
1521665314262;0.6454315;-0.89953613;-0.8701477
1521665314274;0.9586334;-0.6517029;-1.000061
1521665314283;1.1865236;-0.29297638;-1.2952881
1521665314294;1.3484193;-0.02216196;-1.5248108
1521665314302;1.5137941;0.054219246;-1.9113159
1521665314317;1.6881105;-0.21561432;-2.415039
1521665314326;1.8842775;-0.38239288;-2.9603271
1521665314337;2.1148686;-0.4853058;-3.2128296
1521665314344;2.5214238;-0.5473175;-3.3103638
1521665314357;2.8883061;-0.3576889;-3.4744873
1521665314364;3.3645027;-0.14659882;-3.6599731
1521665314377;3.6547859;-0.12424278;-3.9728394
1521665314386;3.8380134;-0.036491394;-4.4987793
1521665314397;3.9654548;-0.09938049;-4.9437256
1521665314406;4.2316914;-0.17142487;-5.491699
1521665314424;4.57654;-0.34701538;-5.993286
1521665314438;5.985476;-0.26047516;-6.1610107
1521665314447;6.484256;-0.24915314;-6.2232666
1521665314458;6.909793;-0.10978317;-6.48291
1521665314466;7.21326;-0.01764965;-7.026367
1521665314479;7.374515;-0.030882835;-7.229492
1521665314487;7.5036654;-0.06669617;-7.7297363
1521665314498;7.639652;-0.20484543;11.073497
1521665314507;7.155643;0.16130066;10.918955
1521665314527;6.684573;0.68670654;11.479991
1521665314539;6.5690947;0.6035156;11.33961
1521665314546;6.6048613;0.28121185;11.037852
1521665314569;6.263919;0.13760757;10.712412
1521665314577;5.6132836;0.17964935;10.268564
1521665314588;2.5399785;0.8364258;8.08448
1521665314598;5.98157;0.6778259;9.033212
1521665314606;-0.59809875;0.57688904;-5.5196533
1521665314628;-1.5202637;0.12012863;0.44872284
1521665314636;-2.0281372;0.35617828;1.3482667
1521665314643;-2.5960693;1.0085756;1.1296693
1521665314654;-2.9915771;1.7473756;0.9735565
1521665314662;-3.0965576;2.0018926;0.67292786
1521665314673;-2.6605225;1.6452638;0.40512848
1521665314682;-1.7168579;0.72824097;0.5001526
1521665314693;-1.1392212;-0.16140366;0.6876373
1521665314702;-1.0664062;-0.46363068;0.8558502
1521665314727;-2.4210815;0.3241577;1.8086549
1521665314739;-3.2827759;1.2058412;1.5792238
1521665314747;-3.6397705;1.9758302;1.13443
1521665314759;-3.6773682;2.2638555;0.45274353
1521665314768;-3.1218262;1.8828126;-0.2621231
1521665314779;-2.2351685;1.1596986;-0.45555878
1521665314788;-1.1705933;0.383049;0.011451721
1521665314799;-0.74157715;0.20484543;0.42356873
1521665314807;-0.97128296;0.76460266;1.3429872
1521665314829;-3.1934204;2.160706;2.122254
1521665314837;-3.975647;2.5226445;1.4785768
1521665314845;-4.0405273;2.5993657;0.28105927
1521665314856;-3.3720093;2.1873784;-0.9796448
1521665314864;-2.0443115;1.4042665;-1.090332
1521665314876;-0.60821533;1.2355348;0.19427872
1521665314884;-1.3102722;2.2012944;0.80622864
1521665314897;-2.5731812;2.7981572;1.0631105
1521665314904;-3.274292;2.8873296;1.0166017
1521665314988;-1.1411438;1.9642946;-0.12318039
1521665314998;-0.7743683;2.2940679;0.033052444
1521665315004;-3.0110474;2.7060552;-0.46312714
1521665315017;-2.1533203;2.0570683;-0.45584106
1521665315022;-1.2552185;1.4284059;-0.42051697
1521665315037;-0.9419861;1.6257936;-0.6779785
1521665315106;-1.5338745;1.9501649;-0.34723663
1521665315114;-1.3188782;2.6616826;-0.7292328
1521665315125;-1.4083252;3.5346687;-1.1612244
1521665315135;-1.6705322;4.0424824;-1.0579529
1521665315142;-1.8813782;3.8872077;-0.66137695
1521665315157;-2.1449585;3.894715;-0.7368164
1521665315163;-2.1298218;3.7041023;-1.4328003
1521665315189;-0.9113159;3.0902717;-2.6577759
1521665315208;-0.10972786;4.287966;-3.2060547
1521665315215;-0.35305786;5.0592065;-2.4396362
1521665315221;-0.93167114;5.2186303;-1.6853943
1521665315234;-1.6529846;5.3072534;-1.9212952
1521665315242;-1.8797302;4.88196;-2.9665527
1521665315254;-1.6129456;4.642214;-3.9613647
1521665315263;-0.8908386;4.855715;-5.074585
1521665315274;0.13762665;5.2347436;-5.064453
1521665315282;1.0840455;5.3400903;-3.6864014
1521665315293;0.8739929;5.7879663;-3.014038
1521665315301;-0.20154572;5.9082055;-2.9812622
1521665315314;-1.022644;5.445681;-3.404541
1521665315321;-1.429596;4.87134;-4.9726562
1521665315334;-0.73287964;5.205569;-4.570801
1521665315341;-0.0011956692;5.4256616;-3.3300781
1521665315354;0.07259178;5.3682885;-2.4208984
1521665315361;-0.44812775;4.970949;-2.4691772
1521665315373;-0.8077545;4.475466;-3.1744385
1521665315384;-0.75;4.081545;-3.4956055
1521665315396;-0.72032166;4.5615253;-4.0686035
1521665315404;-0.5820465;5.161135;-4.1271973
1521665315418;-0.20180511;4.8096943;-2.940979
1521665315423;-0.15507889;4.567995;-2.4473877
1521665315448;-1.1985168;4.239504;-3.5024414
1521665315467;-1.2324524;3.327088;-3.7252197
1521665315478;-0.5803375;2.9215703;-2.8687744
1521665315487;-0.019533157;2.729981;-1.7793884
1521665315506;-0.06624985;3.1726081;-0.904129
1521665315525;-0.7872467;3.1510017;-0.899353
1521665315534;-1.2707214;3.002076;-1.3192139
1521665315541;-1.6572571;2.8040776;-1.6854553
1521665315559;-1.6218567;2.3439336;-1.5054321
1521665315576;-0.56695557;1.6192018;0.9513397
1521665315589;-0.966629;1.234955;1.3536378
1521665315599;-1.0733337;1.0833741;1.3182985
1521665315603;-1.2129822;1.1201783;1.1723329
1521665315625;-1.427002;1.277527;0.24018478
1521665315639;-1.427124;1.0515443;0.22005844
1521665315645;-1.3930664;0.69906616;0.5152893
1521665315657;-1.1495667;0.13506699;1.2321779
1521665315667;-0.94592285;-0.47013092;1.7351075
1521665315677;-0.6378937;-0.91189575;2.0228887
1521665315688;-0.5392151;-0.9664154;2.0402837
1521665315697;-0.8179016;-0.7445679;1.2796937
1521665315705;-1.2839355;-0.25767517;0.21253586
1521665315723;-1.2556152;-0.627182;0.57977295
1521665315737;-1.0001221;-1.2098694;1.3093568
1521665315744;-0.69999695;-1.7705383;1.6190187
1521665315757;-0.34340668;-2.1564941;2.243897
1521665315764;-0.17726135;-2.4971313;2.976685
1521665315777;-0.57151794;-1.5480042;2.9443974
1521665315784;-0.96951294;-0.91270447;2.4446416
1521665315796;-1.2469788;-0.9168091;2.0903325
1521665315805;-0.94480896;-1.1562195;2.1060796
1521665315827;-0.23068619;-2.1483765;2.7033086
1521665315838;0.05388832;-2.3349;3.2258918
1521665315845;-0.035525322;-2.2996216;3.6127937
1521665315857;-0.40869904;-1.8876038;3.594056
1521665315865;-0.8604584;-1.2814941;3.1903694
1521665315877;-1.1817627;-1.1196594;2.624207
1521665315885;-1.1076355;-1.4248352;2.36554
1521665315897;-0.6635132;-2.1664429;2.3109136
1521665315905;-0.35760498;-2.5899048;2.505921
1521665315969;-0.052168846;-2.6670532;2.8977056
1521665315976;-0.6999359;-1.9985962;2.7106328
1521665315991;-1.2355652;-1.7192078;2.3895879
1521665316005;-0.456398;-3.2330322;2.8764653
1521665316019;-0.7239685;-2.8060303;2.7689824
1521665316079;-1.150116;-2.4698486;2.4668584
1521665316089;-1.1292725;-3.3980103;3.1668708
1521665316091;-0.9426575;-3.6611938;3.6574104
1521665316102;-0.90104675;-2.597046;2.6378179
1521665316115;-0.8896942;-2.5048218;2.5349736
1521665316122;-0.8331909;-2.376648;2.726502
1521665316134;-1.2717285;-2.4387207;2.8989873
1521665316149;-1.3877869;-2.5148926;3.2836921
1521665316168;-1.729187;-2.519165;3.358033
1521665316184;-1.401825;-2.692749;3.6214607
1521665316249;-0.33843994;-2.916626;2.3869634
1521665316257;-0.9142761;-2.232727;1.4115297
1521665316263;-0.732666;-2.1763306;0.7171936
1521665316275;-1.0621338;-2.053711;0.24049759
1521665316282;-1.0174866;-1.9073181;0.2704773
1521665316294;-1.1482239;-1.6817627;0.20318222
1521665316302;-1.026001;-1.6162415;0.075395584
1521665316317;-0.9252777;-1.5844727;-0.054821014
1521665316322;-0.6963043;-1.6656494;-0.31365967
1521665316334;-0.31383514;-1.5765991;-0.48484802
1521665316342;-0.06701851;-1.3594971;-0.7811279
1521665316354;0.08494949;-1.1808472;-1.3215027
1521665316363;0.2181282;-0.98249817;-1.6878052
1521665316374;0.33457184;-0.95336914;-1.7851562
1521665316383;0.6575928;-0.7924042;-2.071289
1521665316394;1.0746156;-0.77549744;-2.2538452
1521665316403;1.5619813;-0.6561737;-2.564392
1521665316417;2.1234136;-0.63960266;-2.840454
1521665316423;2.492188;-0.5541382;-3.2705078
1521665316435;2.9503179;-0.6741028;-3.491272
1521665316443;3.3117683;-0.69599915;-3.8728027
1521665316455;3.8541877;-0.6404114;-4.260254
1521665316463;4.448366;-0.7475586;-4.5985107
1521665316474;5.1376977;-0.76490784;-4.7646484
1521665316483;5.6599145;-0.7776947;-5.152588
1521665316494;6.1313505;-0.75912476;-5.4257812
1521665316503;6.652835;-0.8060913;-5.7109375
1521665316517;7.223758;-0.6967621;-5.791504
1521665316524;7.8453403;-0.6914978;-5.944824
1521665316535;8.075203;-0.6872406;13.1286745
1521665316543;7.589603;-0.746994;12.85841
1521665316555;6.873416;-0.67045593;12.626965
1521665316563;5.9199243;-0.43039703;12.111584
1521665316575;5.05176;-0.14726257;11.80421
1521665316583;4.307741;0.20243835;11.462901
1521665316595;3.7321174;0.55226135;11.139659
1521665316603;3.1929939;0.79278564;10.870859
1521665316617;2.8454595;0.7417755;10.35084
1521665316623;2.377625;0.5028229;9.619149
1521665316635;1.8154603;0.40345;8.94532
1521665316643;1.1185304;0.34537506;8.525398
1521665316655;0.5636139;0.6639862;8.227303
1521665316663;0.027540207;1.0427552;7.7272983
1521665316675;-0.441185;1.2362672;7.0905795
1521665316683;-1.1418457;1.3150941;6.1135283
1521665316695;-1.7548523;1.0646363;4.8308125
1521665316703;-2.2682495;0.84002686;3.5203865
1521665316738;-2.0080566;0.3742752;0.9584503
1521665316745;-1.8885193;0.18784714;0.23516083
1521665316757;-2.1738281;0.2233696;-1.1205444
1521665316766;-2.9382324;0.65553284;-1.1645813
1521665316777;-3.468689;0.8662262;-2.159668
1521665316785;-3.624878;1.112671;-3.5305176
1521665316797;-3.3737183;1.2308351;-4.534668
1521665316806;-2.6790771;1.1247255;-5.053711
1521665316826;-1.9326782;0.82048035;-5.333496
1521665316831;-1.0707703;0.86717224;3.0773933
1521665316849;-2.2869873;1.4955751;2.6025395
1521665316869;-3.0610352;2.0367436;1.7147828
1521665316889;-2.53302;1.7817994;1.12912
1521665316909;-1.8120728;2.0509038;0.54167175
1521665316929;-1.8441772;2.6435552;0.3403015
1521665316935;-1.8417969;3.0712898;0.08462906
1521665316942;-1.8719482;3.443116;0.07323074
1521665316950;-1.8155212;3.52295;0.32845306
1521665316969;-1.6512756;3.4547737;0.13432312
1521665316983;-1.3112183;3.4128425;-0.22642899
1521665316990;-0.81822205;3.047303;-0.4838028
1521665317009;-1.1777039;3.120118;-0.3146057
1521665317029;-1.8709106;3.5813606;2.0434575
1521665317049;-2.4607544;4.518923;2.0069585
1521665317069;-1.6503296;3.80951;0.99446106
1521665317079;-1.1694031;3.3971565;0.6458435
1521665317088;-0.97184753;3.0256355;0.4857483
1521665317099;-1.2496033;3.250428;0.44833374
1521665317108;-1.4568787;3.200074;1.2991945
1521665317189;-0.23282623;1.8853761;0.8382416
1521665317203;-1.2305298;4.4331074;-0.4028778
1521665317218;-2.2567139;4.168215;-0.41506958
1521665317237;-2.8790283;3.5989387;-1.0928345
1521665317249;-1.4396362;2.4432378;-1.303009
1521665317269;0.08926773;2.3994145;-2.0694733E-4
1521665317279;0.6484833;4.2332783;0.42223358
1521665317429;-2.4144897;4.163698;-2.0966187
1521665317439;-0.20373154;3.674073;-3.614502
1521665317445;-0.30768585;4.5340595;-4.520874
1521665317456;-0.40719604;4.4713154;-3.9240723
1521665317463;-0.30168152;4.042238;-3.6903687
1521665317475;-0.21489334;3.7640388;-4.0528564
1521665317483;-0.1534996;3.7507331;-4.4921875
1521665317495;-0.07973671;3.9270637;-4.462036
1521665317504;-0.5007477;4.28174;-4.350342
1521665317517;-0.7761841;4.6243916;-4.2038574
1521665317523;-0.9243469;4.8881855;-3.4124146
1521665317536;-0.8760071;4.526003;-2.8399658
1521665317543;-0.50639343;4.198;-2.2593384
1521665317556;-0.2704239;3.785157;-2.2424316
1521665317564;-0.13479233;3.9158943;-2.2976685
1521665317589;-0.86894226;4.9017353;-2.0632935
1521665317608;-0.796402;3.604737;-2.1174927
1521665317638;-0.85549927;3.2723396;-1.670166
1521665317642;-0.93222046;3.453736;-1.312561
1521665317651;-1.02594;3.507569;-0.921463
1521665317667;-1.0103455;2.955933;-0.42141724
1521665317672;-0.9020386;2.3328862;-0.33934784
1521665317688;-1.1043396;2.0692754;-0.14220047
1521665317703;-1.2208862;2.2779546;-0.30256653
1521665317710;-1.1591797;2.5794683;0.113248825
1521665317728;-1.1023865;2.4890141;0.28407288
1521665317734;-0.9272156;2.480225;0.5605316
1521665317742;-0.88604736;2.1115117;0.9955902
1521665317752;-1.1683655;1.9003297;1.3709718
1521665317774;-1.3927612;1.8560487;1.5458986
1521665317789;-1.3285522;0.6836853;0.5190735
1521665317799;-0.9193878;0.41667938;0.6773987
1521665317807;-0.49171448;-0.039995193;1.2500306
1521665317828;-0.72146606;-0.22494125;1.883545
1521665317849;-1.3967285;-0.4346695;1.5096437
1521665317859;-1.4949036;-0.60717773;1.1852113
1521665317866;-1.2992859;-0.7342377;1.0063783
1521665317878;-0.9767456;-0.888916;1.4703981
1521665317886;-0.5593567;-1.0210571;2.207459
1521665317897;-0.1482315;-1.2669067;2.596314
1521665317907;-0.08836937;-1.3792725;2.858521
1521665317927;-0.63035583;-1.5918274;3.1353157
1521665317949;-1.1627502;-1.5155945;2.8622441
1521665317954;-1.4092712;-1.5444031;2.6410527
1521665317963;-1.2877808;-1.6628113;2.6748052
1521665317971;-0.9423523;-1.843689;2.8381352
1521665317983;-0.88816833;-1.7484436;2.499268
1521665317992;-0.8166809;-1.5951843;2.1063848
1521665318003;-0.8737793;-1.6055908;1.8786317
1521665318139;-0.7314148;-2.680603;3.1366584
1521665318149;-1.5515137;-2.2802124;2.1690679
1521665318158;-0.8436279;-2.855957;2.881043
1521665318165;-2.380249;-2.0408936;2.8682256
1521665318179;-2.2445068;-2.246582;2.4864507
1521665318198;-2.029358;-2.776123;2.2849736
1521665318206;-0.8067169;-3.5999756;2.999024
1521665318227;-0.888855;-2.6107788;3.3159797
1521665318236;-1.4202576;-2.1549072;3.5130012
1521665318245;-1.8279419;-2.2077637;3.640931
1521665318256;-1.9842529;-2.6139526;3.637574
1521665318409;-1.8357849;-2.3078003;2.2901006
1521665318419;-0.5451355;-1.3794556;0.03189659
1521665318424;0.05413723;-1.3245239;-0.86102295
1521665318436;0.279747;-1.0344849;-1.2793274
1521665318444;0.7125244;-0.8344574;-1.5281982
1521665318456;1.2081605;-0.7602844;-1.7204285
1521665318464;1.7590944;-0.58239746;-1.9689331
1521665318476;2.2376714;-0.53240967;-2.319519
1521665318484;2.618958;-0.51390076;-2.6257324
1521665318502;2.8002934;-0.49334717;-2.9273682
1521665318510;3.2131965;-0.49089813;-3.2200317
1521665318527;3.7377326;-0.43585205;-3.4872437
1521665318531;4.2774677;-0.39406586;-3.8701782
1521665318549;5.270266;-0.8133087;-4.602295
1521665318568;5.8823266;-0.67800903;-5.196411
1521665318588;6.8584013;-0.738266;-5.448242
1521665318599;7.5144076;-0.85839844;-5.6639404
1521665318608;8.2185135;-1.0469055;-5.970703
1521665318628;8.061287;-1.0386658;12.927013
1521665318633;7.3560824;-0.88430786;12.801525
1521665318643;6.5671415;-0.5509796;12.429943
1521665318653;5.777468;-0.22302628;12.1667595
1521665318663;4.954958;0.109479904;11.922862
1521665318671;4.699587;0.37242126;12.025402
1521665318683;4.026247;0.67167664;11.756114
1521665318691;3.7149055;0.7095032;11.407237
1521665318704;3.5205696;0.517746;10.974131
1521665318711;3.075318;0.4182129;10.446054
1521665318729;2.0446782;1.139557;9.691903
1521665318741;1.5979921;1.3709413;9.392098
1521665318753;1.1717836;1.5175477;9.070321
1521665318772;0.78204346;1.419922;8.520027
1521665318782;0.50668335;1.1578065;7.747562
1521665318793;0.10590935;0.90242004;7.0505404
1521665318802;-0.17155457;0.72740173;6.366458
1521665318816;-0.8802185;1.5402528;5.0887475
1521665318849;-1.8298035;1.8156129;3.6977546
1521665318854;-2.2975464;0.9938812;2.6218266
1521665318869;-2.0975342;0.15574646;0.45707703
1521665318888;-2.694458;1.0889283;-1.2235718
1521665318898;-3.133728;1.8148195;-2.017517
1521665318908;-3.3689575;2.0508428;-3.1922607
1521665318926;-2.9846802;1.2873231;-5.375122
1521665318943;-2.439148;0.73176575;-6.041626
1521665318951;-0.7731018;0.7915497;2.1807256
1521665318962;-0.9854126;1.2009584;2.1265874
1521665318971;-1.4283142;1.9760743;2.098145
1521665318989;-2.705017;2.9519658;1.8967592
1521665319009;-2.5966797;2.368775;1.6113893
1521665319028;-1.8738403;1.8779603;1.6254274
1521665319033;-1.4075012;1.7856752;1.0858766
1521665319043;-1.1996155;2.2970586;0.68159485
1521665319053;-1.2658386;2.9545903;0.5725403
1521665319062;-1.6626892;3.1996467;0.78855896
1521665319071;-1.8659973;3.1738899;1.2180482
1521665319082;-2.1575928;3.1252449;1.6641847
1521665319091;-2.189392;2.8731084;1.9189149
1521665319102;-2.0265503;2.5660405;1.8880006
1521665319111;-1.9135437;2.2449346;1.3830262
1521665319138;-1.8811035;3.2948005;0.36167908
1521665319143;-1.9532166;3.816651;0.35166168
1521665319151;-2.079956;3.9791877;0.96984863
1521665319162;-2.234558;3.771241;1.4383546
1521665319172;-2.4118042;3.1718757;1.1036988
1521665319182;-2.0428467;2.8860478;0.4611435
1521665319191;-1.5060425;2.86731;-0.61842346
1521665319202;-1.3429871;3.2499397;-1.2393799
1521665319211;-1.3267212;3.47284;-1.3501892
1521665319229;-1.5526428;3.441346;-1.1379395
1521665319233;-1.8945618;3.3393562;-0.9265137
1521665319289;-1.1177979;3.4993293;-0.5434418
1521665319297;-1.7862244;3.977784;-1.11203
1521665319329;-2.1743164;3.1821296;-1.5472412
1521665319338;-1.4331665;2.646851;-0.7537384
1521665319517;-2.2242432;3.149598;-1.9252319
1521665319529;-1.2192383;4.9803486;-1.8332825
1521665319539;-0.12955856;4.73987;-2.4849854
1521665319546;0.26326752;5.4969506;-3.1080933
1521665319558;0.35287476;6.1639433;-3.482727
1521665319566;-0.1991272;5.9516625;-3.505249
1521665319578;-0.7494354;5.4448266;-3.687378
1521665319585;-1.1609802;4.9284687;-3.5482788
1521665319597;-0.9807129;4.620241;-2.8926392
1521665319606;-0.52757263;4.7821064;-2.1896362
1521665319618;0.13093948;5.6585717;-2.1316528
1521665319625;-0.14070511;5.574343;-2.2943726
1521665319637;-0.77474976;5.613772;-2.8234863
1521665319645;-1.3819885;5.136599;-3.1538086
1521665319657;-1.4945984;4.36133;-2.7958984
1521665319665;-1.2493896;3.7393196;-2.3930664
1521665319678;-0.7792511;3.6751106;-2.0959473
1521665319688;-0.24497604;3.778138;-1.6659241
1521665319709;-0.02752018;3.8801277;-2.1330566
1521665319728;-0.86325073;3.0658576;-2.560913
1521665319742;-1.2327881;2.8804326;-2.1054688
1521665319752;-1.1803284;2.8558354;-1.087677
1521665319764;-0.8701019;2.6611943;0.24465561
1521665319773;-0.48921967;2.5125737;1.2651674
1521665319789;-0.50105286;2.546143;1.4385682
1521665319794;-0.9256897;2.8500981;0.8652344
1521665319809;-1.2694092;2.712586;0.6217346
1521665319814;-1.5455627;2.5033574;0.87509155
1521665319834;-1.4996338;2.3804326;0.60931396
1521665319849;-1.3338928;2.24054;0.5580292
1521665319854;-0.8836212;1.9764711;0.33115387
1521665319863;-0.438591;1.2280275;-0.115306854
1521665319873;-0.2494545;0.9016266;0.052607536
1521665319883;-0.17227173;0.8726654;0.42811584
1521665319893;-0.39749908;1.16568;0.52253723
1521665319903;-0.6211853;1.1967164;0.5660553
1521665319917;-1.0635376;0.33650208;0.8255615
1521665319938;-0.64056396;-0.40885162;1.2702943
1521665319958;-0.16405106;-0.2867279;1.3146363
1521665319969;-0.09681702;-0.18599701;1.6264039
1521665319970;-0.41288757;-0.13248444;1.870392
1521665319983;-0.7755585;-0.25837708;2.34137
1521665319992;-0.9613495;-0.550766;2.5265508
1521665320003;-1.0606079;-0.76808167;2.3663335
1521665320016;-1.0418396;-0.9923401;2.0327764
1521665320049;-0.90153503;-1.0532227;2.1157842
1521665320063;-0.982193;-0.83340454;2.290711
1521665320073;-1.1884155;-0.42098236;2.700501
1521665320096;-1.472229;-0.15649414;3.3451545
1521665320104;-1.6128845;-1.0653992;3.512513
1521665320115;-0.82406616;-2.385254;1.7000123
1521665320128;-0.80696106;-1.9120483;1.0365907
1521665320137;-0.89494324;-1.4019775;1.6807252
1521665320143;-1.006134;-1.9240417;2.0333257
1521665320150;-0.9823303;-2.472412;2.1019902
1521665320167;-0.5647125;-3.5405273;2.2777715
1521665320188;-0.6863251;-2.9638672;1.5274354
1521665320215;-0.9750061;-2.4830933;2.1557622
1521665320228;-1.5096741;-2.4592896;2.3920293
1521665320239;-1.4850159;-2.5037231;2.2373052
1521665320247;-1.6559753;-2.6056519;2.0308843
1521665320258;-1.5250244;-2.5751953;1.7942811
1521665320267;-1.3840332;-2.5740356;1.9076234
1521665320278;-1.1925049;-2.6677246;2.3490605
1521665320287;-0.9862976;-2.8944702;2.85315
1521665320299;-1.1766052;-2.9643555;3.6934211
1521665320307;-1.5067139;-2.6951904;3.5366828
1521665320473;-1.7746582;-2.2479248;3.5291145
1521665320496;-1.4396973;-2.3517456;3.432679
1521665320508;-1.5647888;-2.3764038;3.4203498
1521665320511;-1.5512085;-2.1917114;3.2048347
1521665320529;-1.6323547;-2.5134888;2.2155766
1521665320539;-1.5605469;-1.207489;2.474793
1521665320547;-1.5618286;-1.120636;2.454163
1521665320559;-1.5237732;-1.038971;2.2952275
1521665320566;-1.3109131;-0.9680023;2.0838017
1521665320579;-1.15094;-1.0151367;2.141663
1521665320587;-0.99053955;-0.8805084;2.2459722
1521665320598;-0.8400574;-0.677536;2.2099614
1521665320607;-0.82496643;-0.4644165;1.9664308
1521665320627;-0.6664429;-0.4200592;1.9655458
1521665320639;-0.60736084;-0.6287689;1.9090577
1521665320647;-0.54634094;-0.70248413;1.8966371
1521665320659;-0.46269226;-0.6199188;1.8352968
1521665320667;-0.36496735;-0.4747696;1.7829896
1521665320679;-0.43689728;-0.4197464;1.5467225
1521665320687;-0.39927673;-0.4723816;1.4870301
1521665320698;-0.4609604;-0.5109253;1.4843751
1521665320707;-0.59069824;-0.4101181;1.1613466
1521665320727;-0.56347656;-0.54566956;1.2718507
1521665320739;-0.4033966;-0.6110687;1.419861
1521665320747;-0.3961792;-0.50598145;1.3492433
1521665320759;-0.50509644;-0.3799286;1.2838746
1521665320767;-0.68029785;-0.4166565;1.0792848
1521665320779;-0.929657;-0.40099335;0.87379456
1521665320787;-0.90756226;-0.3596344;0.98223877
1521665320799;-0.9936218;-0.29561615;0.8449402
1521665320807;-0.86328125;-0.2759018;0.9304962
1521665320827;-0.8447113;-0.35083008;1.0797731
1521665320843;-0.9844208;-0.4509964;1.1078187
1521665320850;-1.1279907;-0.4626007;1.2005006
1521665320861;-1.1748047;-0.37887573;1.1379396
1521665320870;-1.347168;-0.30586243;0.9766083
1521665320889;-1.5318909;-0.11330795;0.99909973
1521665320909;-1.4371643;-0.45912933;1.4844362
1521665320928;-1.4195557;-0.5462799;1.3710939
1521665320931;-1.5641174;-0.65586853;1.2608339
1521665320942;-1.7630005;-0.5713196;1.1470948
1521665320950;-1.8856506;-0.39757538;1.154236
1521665320962;-1.8748169;-0.330101;1.3037721
1521665320984;-1.6847229;-0.7617798;1.3633119
1521665320991;-1.7541199;-0.9824066;1.1157838
1521665321003;-2.0751343;-0.88793945;0.8489685
1521665321011;-2.3057861;-0.5970764;0.90696716
1521665321029;-2.286255;-0.32387543;1.1808778
1521665321032;-2.1594849;-0.2462883;1.3309327
1521665321049;-1.5218506;-1.1515198;1.7403871
1521665321069;-1.7099915;-0.55996704;0.57037354
1521665321084;-2.2001953;-0.114645004;0.330513
1521665321092;-2.6436157;0.39497375;-0.021907806
1521665321104;-2.817505;0.9545746;0.09383774
1521665321112;-2.81604;1.1896669;0.51327515
1521665321129;-2.657837;1.0156862;0.4978485
1521665321132;-2.345642;0.65179443;0.5660553
1521665321143;-2.1917725;0.11621475;0.6795044
1521665321151;-2.3947754;0.018818378;0.24253845
1521665321163;-2.753296;0.38698578;-0.0075502396
1521665321174;-3.154602;0.8271179;-0.20777893
1521665321184;-3.2661743;1.1331178;-0.57029724
1521665321193;-3.2623901;1.1948243;-0.82676697
1521665321208;-2.7782593;0.8076019;-0.2841797
1521665321213;-2.402954;0.72953796;0.15095901
1521665321239;-3.355835;1.1498414;-0.7268982
1521665321245;-3.7474365;1.3742982;-1.2110901
1521665321253;-3.7636719;1.4871217;-1.7065735
1521665321264;-3.190857;1.312378;-1.7615662
1521665321273;-2.2441406;0.80140686;-0.9411621
1521665321286;-1.3606873;0.4076004;-0.11726761
1521665321293;-1.3460693;0.6114807;0.43972015
1521665321305;-2.0740356;1.1537782;0.73075867
1521665321313;-3.0942993;1.7711793;0.52249146
1521665321337;-4.34729;2.452149;-0.9340973
1521665321389;-2.9122925;1.62735;0.07010651
1521665321409;-3.8118896;1.6700135;-0.36249542
1521665321429;-3.6549683;1.4019471;-0.75071716
1521665321430;-2.9177856;1.0375673;-1.2877197
1521665321454;-1.8688965;0.8893585;-1.1538696
1521665321478;-2.5327148;2.3629155;-0.79974365
1521665321495;-3.7719116;2.4670415;-0.9593811
1521665321609;-0.9590912;1.1411439;-3.0246582
1521665321611;0.8533478;2.966065;-2.4678955
1521665321628;-1.6561584;4.451174;-3.8684082
1521665321648;-2.5047607;2.8023076;-5.694824
1521665321667;0.98643494;3.8265998;-4.694824
1521665321679;0.63653564;4.92029;-4.7006836
1521665321687;-0.43684387;4.491701;-4.2508545
1521665321699;-1.5976868;3.95868;-5.1375732
1521665321708;-1.9360046;3.292115;-5.639282
1521665321727;-0.27611542;3.514222;-3.7146606
1521665321747;0.17797852;5.403689;-2.6694336
1521665321768;-1.0346375;4.8797626;-4.0651855
1521665321787;-0.83795166;3.4253547;-3.732788
1521665321799;-0.417099;3.9630744;-3.3464355
1521665321807;-0.08117485;4.4520283;-3.078064
1521665321826;0.047076225;4.613161;-3.079834
1521665321830;-0.12304115;4.368166;-3.6448975
1521665321849;-0.9581299;3.4660652;-4.7529297
1521665321869;-0.9173126;2.8713994;-4.362915
1521665321885;-0.64219666;2.4309697;-4.274414
1521665321898;-0.18547821;1.6010743;-3.5444946
1521665321906;-0.77867126;1.7965089;-3.6239014
1521665321914;-1.3503418;1.8672792;-3.492859
1521665321944;-1.5848083;1.8976442;-2.383789
1521665321957;-0.653595;2.087769;-1.019989
1521665321974;-0.25180054;2.309815;-0.713562
1521665321986;-0.9490814;3.0133064;-0.6574707
1521665321992;-1.4946289;2.8076177;-0.32154083
1521665322006;-1.7224426;2.2348638;0.32455444
1521665322011;-1.7484436;1.7619935;0.73109436
1521665322026;-1.4551086;1.3384706;0.5144043
1521665322031;-1.129425;0.9998932;0.21255493
1521665322053;-0.41732025;0.354187;0.3459549
1521665322065;-0.24243927;0.4662552;0.48301697
1521665322073;-0.44204712;0.6130371;0.6446228
1521665322089;-1.1401978;1.0068971;0.22834015
1521665322091;-1.6426392;1.0419618;-0.38687134
1521665322109;-1.0284729;-0.9781189;-1.0811462
1521665322129;-0.2613144;-1.842041;0.34960175
1521665322141;-0.33198547;-1.6213074;0.9961548
1521665322153;-0.94132996;-1.0245361;1.2062074
1521665322163;-1.4277344;-0.6301117;1.3437806
1521665322170;-1.6798096;-0.685791;1.5528871
1521665322182;-1.2403564;-1.2862549;1.53183
1521665322191;-0.67378235;-1.900116;1.3085328
1521665322203;-0.19659042;-2.25708;1.565857
1521665322213;0.01686573;-2.234375;2.6529546
1521665322237;-1.0405579;-0.77272034;3.2551887
1521665322247;-1.4130554;-0.35788727;2.9353032
1521665322256;-1.5591431;-0.88012695;2.8416142
1521665322273;-0.65760803;-2.5167236;2.4998174
1521665322294;0.26551056;-2.982544;3.516236
1521665322305;0.21706009;-2.828247;4.302126
1521665322313;-0.52996826;-1.883667;4.1490498
1521665322337;-1.909729;-0.69259644;2.877747
1521665322345;-1.2261047;-2.435669;2.443726
1521665322352;-0.74850464;-3.342102;2.775208
1521665322397;-0.39940643;-3.6747437;3.2318122
1521665322405;-0.14722061;-3.659851;3.7282722
1521665322414;-0.28604126;-3.2976685;4.265505
1521665322420;-0.71821594;-2.593933;4.4349384
1521665322449;-1.4101257;-2.0421143;4.2681904
1521665322478;-2.0737915;-2.6221313;3.4151008
1521665322489;-1.0284119;-2.7263184;3.2044075
1521665322492;-1.2249756;-2.4369507;3.6434944
1521665322504;-1.3265991;-2.8648071;3.9735725
1521665322588;-0.65267944;-3.0182495;3.1698616
1521665322600;-0.91007996;-2.7111206;3.3577888
1521665322611;-0.8280182;-2.4909668;3.7718513
1521665322629;-0.22911453;-3.546814;4.5687275
1521665322631;-0.12263298;-3.373108;4.1900654
1521665322649;-0.5398712;-3.5510254;3.8804328
1521665322672;-0.854599;-4.302246;4.1488056
1521665322689;-0.7429352;-4.576538;4.4316425
1521665322709;-0.91030884;-4.4091797;4.342531
1521665322728;-0.82917786;-4.953003;4.060915
1521665322742;-0.854126;-5.343506;3.847779
1521665322750;-0.7840576;-5.6883545;3.5811775
1521665322769;-0.7244415;-5.7750244;3.703797
1521665322789;-0.46468353;-5.864746;3.528199
1521665322809;-0.24615479;-6.489258;3.134034
1521665322823;-0.16442108;-6.677246;2.9464116
1521665322830;-0.2528534;-6.598999;2.7645268
1521665322842;-0.28077698;-6.4871826;2.6475835
1521665322850;-0.17582321;-6.3338623;2.6653447
1521665322861;-0.18849945;-6.1884766;2.60315
1521665322870;0.019306183;-6.151001;2.6210942
1521665322883;-0.12655258;-6.0755615;2.4743657
1521665322892;-0.21079636;-5.975586;2.391358
1521665322903;-0.348114;-6.001953;2.403809
1521665322912;-0.38154602;-5.809082;2.3317266
1521665322924;-0.46714783;-5.437134;2.1124883
1521665322933;-0.6296234;-5.0133057;1.879059
1521665322947;-0.85324097;-4.4816895;1.8673097
1521665322955;-1.165863;-4.1065674;1.7460634
1521665322967;-1.2897644;-3.8203735;1.7216798
1521665322976;-1.3955994;-3.6644287;1.7336427
1521665322988;-1.4051208;-3.4216309;1.5054933
1521665322994;-1.3529968;-3.2233887;1.3310548
1521665323007;-1.3729553;-2.9732666;1.2021791
1521665323015;-1.422699;-2.6860352;1.2391053
1521665323036;-1.7418823;-1.7180481;1.3649293
1521665323046;-1.9979248;-1.3967896;1.0859376
1521665323054;-2.0686646;-1.260437;0.66822815
1521665323066;-2.0030518;-1.1633606;0.671051
1521665323074;-2.0133057;-0.95069885;0.6147156
1521665323084;-1.914978;-0.5762787;0.7532959
1521665323092;-1.9639893;-0.1040802;0.8644562
1521665323107;-2.0914307;0.21571732;0.96414185
1521665323116;-2.3103027;0.4166565;0.97424316
1521665323128;-2.3131104;-0.8183899;0.39343262
1521665323138;-2.2212524;-1.639801;-0.20582962
1521665323157;-2.1275635;-2.3981934;-0.6884308
1521665323167;-1.8503113;-2.8120728;-1.1153564
1521665323177;-1.6842957;-2.8955078;-0.9779663
1521665323187;-1.7304993;-2.6228638;-1.0891724
1521665323195;-1.9453735;-2.5454102;-1.4040833
1521665323204;-1.9073181;-3.024475;-1.8242493
1521665323212;-1.5358887;-3.7399292;-2.4248047
1521665323226;-1.0306091;-4.26001;-2.975586
1521665323232;-0.5123291;-4.638794;-3.4282227
1521665323244;-0.3666687;-3.9589233;-3.8134155
1521665323252;-0.5864258;-3.7624512;-3.423706
1521665323263;-0.8805084;-3.7564087;-3.321167
1521665323275;-1.1355286;-3.7355347;-3.499817
1521665323287;-1.1533508;-3.8684692;-3.7419434
1521665323296;-1.1763306;-3.861267;-4.224243
1521665323307;-1.1317749;-3.6244507;-4.454956
1521665323315;-0.9955902;-3.3330078;-4.609009
1521665323339;-1.3043518;-2.901123;-4.583008
1521665323348;-1.497406;-2.8953247;-4.317627
1521665323356;-1.5942688;-3.227539;-4.054199
1521665323367;-1.3106079;-3.5628662;-4.186035
1521665323376;-0.9844208;-3.7027588;-4.498047
1521665323388;-0.8880768;-3.2887573;-4.473877
1521665323396;-1.2417908;-2.352234;-4.8930664
1521665323407;-1.5949402;-1.6085815;-5.1203613
1521665323416;-1.9588318;-1.4449768;-4.9576416
1521665323439;-1.6674805;-1.7721558;-5.329834
1521665323448;-0.97372437;-2.0219727;-5.5635986
1521665323456;-0.4109726;-2.1036377;-5.528076
1521665323467;-0.25486755;-2.0638428;-5.530884
1521665323476;-0.9212036;-1.6555481;-6.3375244
1521665323488;-0.9108124;-1.9542236;-6.154419
1521665323496;-0.7726593;-2.2105103;-6.107422
1521665323507;-0.53167725;-1.993866;-5.9677734
1521665323516;-0.47732544;-1.6186829;-5.7541504
1521665323539;-1.2376099;-0.34907532;-5.5550537
1521665323609;-1.319458;-0.61976624;-5.1759033
1521665323611;-1.5506897;-0.09249687;-5.716797
1521665323646;-1.5238953;-0.62590027;-5.474243
1521665323654;-1.6409302;-0.32907867;-6.036621
1521665323683;-1.3590088;-0.1966896;-5.9682617
1521665323855;-1.2944336;0.7648773;-7.502075
1521665323888;-0.49274445;1.3820802;-6.4938965
1521665323899;0.33651733;0.5980072;-7.3276367
1521665323902;0.5407715;1.0620424;-7.8311768
1521665323910;0.1741333;1.3073426;-7.968384
1521665323923;-0.89697266;0.62583923;-7.7938232
1521665323930;-0.8039398;0.52308655;-7.722534
1521665323942;-0.27676392;0.7531433;-7.1098633
1521665323951;0.40319824;1.0513307;-6.444824
1521665323962;0.6020813;1.4917909;-5.4296875
1521665323970;0.10046387;1.556305;-4.531494
1521665323982;-0.7121277;1.4293214;-3.9780884
1521665323990;-1.4111328;1.0601503;-3.8636475
1521665324006;-1.6817017;0.64923096;-3.633728
1521665324012;-1.2606812;8.687973E-4;-3.1750488
1521665324027;-0.68969727;0.016922474;-3.0098877
1521665324032;-0.16030884;0.21679688;-2.9070435
1521665324059;-0.027178288;0.3865204;-2.772766
1521665324066;-1.2076111;0.1934967;-2.845398
1521665324108;-0.7145233;-1.6850891;-1.8807373
1521665324115;-0.31653595;-1.8244019;-1.9055481
1521665324134;-0.8032532;-1.5498657;-1.4359131
1521665324144;-2.1171265;-1.3822937;-1.2658081
1521665324152;-2.2376099;-1.759491;-1.1130371
1521665324164;-1.7289429;-2.1774292;-1.2430115
1521665324172;-0.9874115;-2.5584717;-1.0971375
1521665324184;-0.060337067;-2.6566162;-0.66111755
1521665324192;0.28648376;-2.6281128;-0.21920776
1521665324203;0.0063381195;-1.950531;0.06266785
1521665324211;-0.45210266;-1.5004883;0.52438354
1521665324239;-1.3516235;-1.2088013;1.0286561
1521665324258;-0.44220734;-1.9658203;0.57255554
1521665324269;-0.059425354;-2.1514282;0.40221405
1521665324277;0.38645172;-2.0020142;0.4888916
1521665324288;0.28925323;-1.658783;0.9052429
1521665324295;-0.21236801;-1.4000244;1.3919984
1521665324314;-0.73443604;-1.4630737;1.6782533
1521665324337;-0.8085022;-2.194336;0.5771179
1521665324347;-0.43411255;-2.5759888;0.48686218
1521665324358;-0.17508698;-2.824585;0.6563263
1521665324378;0.14618301;-2.724121;1.2943422
1521665324387;-0.119169235;-1.6472168;2.2952886
1521665324396;-0.7932739;-0.9405823;2.1002812
1521665324401;-1.2086182;-1.0812988;1.9284669
1521665324418;-0.90586853;-2.3773804;1.2854615
1521665324467;-0.4318924;-2.9638672;1.277649
1521665324479;0.10364723;-2.2720337;2.0554204
1521665324489;-1.3346558;-1.1227417;2.0414433
1521665324499;-1.5765381;-2.6855469;1.4099427
1521665324506;-1.2123108;-3.2175903;1.287201
1521665324517;-1.0263062;-3.3729858;1.318268
1521665324528;-0.9515381;-3.076416;1.3684694
1521665324532;-1.1628418;-2.5912476;1.2313234
1521665324546;-1.2670898;-2.3434448;1.3643495
1521665324554;-1.5533142;-2.2678833;1.5381776
1521665324598;-1.5983887;-2.4685059;1.856476
1521665324605;-0.86154175;-3.8499756;2.1561284
1521665324611;-0.77020264;-3.4082031;2.445313
1521665324625;-0.904953;-2.7410889;2.481873
1521665324633;-1.2442627;-2.2218628;2.6561284
1521665324643;-1.4186096;-2.2666016;3.1865242
1521665324652;-1.6346741;-2.345337;3.269532
1521665324819;-2.255371;-3.2575684;4.123415
1521665324827;-1.6477661;-3.2910156;4.4487324
1521665324831;-1.8454895;-3.1063232;4.2905293
1521665324844;-1.8248291;-2.8672485;4.290041
1521665324851;-1.886322;-2.7677002;4.034792
1521665324863;-1.6312561;-2.7503052;3.9584968
1521665324871;-1.4373474;-2.7837524;3.6224983
1521665324882;-1.2804565;-2.8745117;3.5312507
1521665324892;-1.365448;-2.7817383;3.488526
1521665324903;-1.4982605;-2.6878052;3.4805305
1521665324912;-1.4873962;-2.701294;3.5151985
1521665324926;-1.3619385;-2.829712;3.623902
1521665324933;-1.2255554;-2.918213;3.7842414
1521665324944;-1.289154;-2.9023438;3.6087043
1521665324952;-1.1746216;-2.7486572;3.2848518
1521665324969;-1.3464966;-2.7301636;3.212098
1521665324977;-1.4289856;-2.6588135;3.17566
1521665324989;-1.5069885;-2.720459;2.9467778
1521665324997;-1.542633;-2.8615723;2.7997441
1521665325017;-1.7060852;-2.7418823;2.7657475
1521665325038;-1.7319641;-2.9105835;2.5692143
1521665325048;-1.7796936;-3.0966187;2.3161626
1521665325057;-1.7140503;-3.265564;2.1700444
1521665325068;-1.655304;-3.1507568;2.2766728
1521665325077;-1.8069153;-3.0287476;2.1964116
1521665325088;-1.9158936;-2.836792;2.021546
1521665325097;-2.1973877;-2.7801514;1.8028566
1521665325109;-2.220642;-2.7543945;1.778351
1521665325117;-2.2664795;-2.7974854;1.8266298
1521665325139;-1.8790283;-3.1323853;1.6076967
1521665325149;-1.5747681;-3.182312;1.407837
1521665325158;-1.4860535;-3.1875;1.2396241
1521665325179;-1.9533691;-2.7129517;0.9230499
1521665325189;-2.237793;-2.4767456;0.99246216
1521665325196;-2.2890625;-2.2010498;1.0912172
1521665325209;-2.1606445;-2.2211914;1.044861
1521665325217;-1.9188538;-2.3041992;0.9697876
1521665325238;-1.4364014;-2.506897;0.51568604
1521665325248;-1.331543;-2.5549927;0.6834564
1521665325257;-1.2038879;-2.4802246;0.8805237
1521665325281;-1.5539856;-2.1697998;1.0226442
1521665325296;-1.9613342;-1.7135925;1.0772401
1521665325301;-2.7543335;-1.0261536;0.51597595
1521665325315;-2.7681885;-0.80815125;0.121860504
1521665325321;-2.4696655;-0.67344666;-0.37730408
1521665325338;-2.0371094;-0.5609741;-0.68382263
1521665325348;-2.1082764;0.856781;-0.7779236
1521665325357;-2.4375;0.8580322;-0.5777283
1521665325368;-2.824768;0.8654938;-0.68510437
1521665325376;-3.0708618;1.0122072;-1.2478943
1521665325388;-3.192566;1.2000123;-2.055542
1521665325396;-2.9261475;1.1848451;-2.6534424
1521665325408;-2.5426025;0.8517456;-2.699585
1521665325416;-1.8973389;0.28367615;-2.3291626
1521665325437;-1.3535461;-0.5566864;-1.7464294
1521665325447;-1.8021545;-0.64398193;-1.5386963
1521665325456;-2.3009644;-0.44078064;-1.8197327
1521665325467;-2.824829;-0.1205883;-2.1517334
1521665325475;-2.8574219;0.049736023;-2.3710327
1521665325488;-2.4985962;0.056577682;-2.4003296
1521665325497;-1.8289185;-0.13597488;-2.2219849
1521665325508;-1.2692261;-0.32970428;-2.0794067
1521665325516;-1.8647461;-0.1605339;-2.0454712
1521665325537;-3.0976562;0.3085022;-2.0351562
1521665325548;-3.2888184;0.36169434;-1.9421082
1521665325556;-2.9354248;0.22343445;-2.1621704
1521665325569;-2.0912476;-0.3094635;-2.104309
1521665325575;-1.0957947;-0.64468384;-1.9287109
1521665325587;-0.8725281;-0.5261078;-2.0720825
1521665325595;-1.4447021;0.17498016;-2.5306396
1521665325607;-2.3711548;0.88848877;-3.2228394
1521665325615;-3.333252;1.4923707;-3.9553223
1521665325707;-2.128662;0.8438263;-4.04187
1521665325714;-2.7337646;1.9226075;-4.781006
1521665325736;-1.8663635;-0.4707718;-5.083374
1521665325771;-1.3522339;-1.3523865;-5.2209473
1521665325796;-2.1664429;1.5141298;-3.5247192
1521665325887;-1.8357239;-0.28953552;-3.6629028
1521665325896;-1.7821045;-0.34401703;-3.9059448
1521665325905;-1.3161011;-0.21816254;-4.0439453
1521665325915;-0.7578583;0.061359406;-3.9887085
1521665325927;-0.65592957;0.6906891;-4.6173096
1521665325932;-0.72543335;1.2794496;-5.239258
1521665325946;-1.2710876;1.0750734;-5.1170654
1521665325953;-1.1217041;1.0934755;-4.831787
1521665325965;-0.5172882;1.2209474;-4.1168213
1521665325972;-0.059123993;1.6564943;-3.9818115
1521665325985;-0.08168411;2.5126348;-4.8046875
1521665325992;-0.41321564;2.598023;-5.0513916
1521665326004;-0.89782715;2.1749272;-4.678467
1521665326012;-0.9815979;1.4556886;-4.0808105
1521665326032;-0.47286224;1.4903871;-4.247925
1521665326046;-0.12636566;2.077332;-4.3009033
1521665326053;-0.11590958;2.7999272;-4.536133
1521665326064;-0.37994385;3.1835334;-4.706421
1521665326072;-0.94592285;3.163636;-4.7786865
1521665326084;-1.3314209;2.7967534;-5.1760254
1521665326092;-1.3010559;2.2324224;-4.9282227
1521665326105;-0.9676666;1.6359559;-4.2685547
1521665326112;-0.3946228;1.7886049;-4.3514404
1521665326126;0.08642197;2.0487065;-4.188843
1521665326132;0.06125641;2.4746099;-4.088501
1521665326157;-1.0272522;2.9235234;-4.445923
1521665326169;-1.6132202;2.5572515;-4.369873
1521665326177;-1.4182739;1.8521425;-3.998352
1521665326189;0.17506027;1.3529054;-2.367981
1521665326200;0.38313293;2.051453;-2.3601074
1521665326216;-0.048573494;2.5678716;-2.4186401
1521665326221;-0.67892456;2.5211797;-2.5458984
1521665326258;-1.0885925;1.9503175;-2.9447632
1521665326263;-1.075592;1.379181;-3.5042114
1521665326278;0.45452118;1.3424073;-3.1271362
1521665326289;-0.34423828;2.3609014;-2.5714111
1521665326297;-1.4139404;1.5317689;-2.6912231
1521665326309;-1.577179;0.5771332;-2.9024048
1521665326316;-1.2031555;0.039060593;-2.7611694
1521665326338;-0.44444275;0.062885284;-2.3787842
1521665326359;0.056520462;1.2615663;-1.8155518
1521665326368;-0.51589966;1.1099244;-1.335083
1521665326377;-1.0873108;0.41912842;-0.8720398
1521665326381;-1.5473633;-0.29707336;-0.8656006
1521665326397;-1.4725037;-0.6144409;-0.72190857
1521665326409;-0.24575043;0.04770279;-0.06475258
1521665326416;-0.52908325;0.44248962;-0.5954437
1521665326437;-1.4248047;-0.7999115;-0.1505127
1521665326449;-1.4081116;-1.3758545;0.17419434
1521665326456;-1.1347961;-1.5735168;0.71128845
1521665326468;-1.0345154;-1.5247498;1.0584108
1521665326476;-0.8262634;-1.1658936;1.147461
1521665326488;-1.0369873;-0.8462982;0.8016968
1521665326496;-1.4897766;-0.7058716;0.40481567
1521665326508;-1.6056213;-1.0805054;0.6461487
1521665326516;-1.6439209;-1.5147705;0.86105347
1521665326536;-0.96466064;-2.777649;1.4041749
1521665326556;-0.68670654;-2.8327637;1.6948854
1521665326568;-1.05896;-2.2930298;1.3931886
1521665326576;-1.5258789;-2.034668;1.2853395
1521665326589;-1.7684937;-2.039917;1.3838197
1521665326596;-1.4890747;-2.394104;1.6193544
1521665326608;-1.0802307;-2.8136597;1.903351
1521665326616;-0.5753479;-3.196106;2.1947026
1521665326637;-0.5385742;-2.7816772;2.9495244
1521665326707;-0.9081726;-3.1521606;2.9196172
1521665326717;-0.44537354;-2.732788;3.0002449
1521665326747;-0.46074677;-2.706726;3.3968513
1521665326816;-0.66052246;-2.914734;3.801026
1521665326829;-1.1962891;-3.3589478;3.1240242
1521665326838;-0.9074402;-4.1190186;3.198487
1521665326847;-1.5422974;-3.8301392;2.6961675
1521665326853;-1.620575;-3.8616943;2.6752324
1521665326865;-1.2729797;-4.1049805;2.730042
1521665326873;-1.2481079;-4.1068115;2.6618047
1521665326894;-1.6278687;-3.7444458;2.8958745
1521665326906;-1.7567444;-3.5977173;3.2720954
1521665327014;-0.99243164;-2.54187;3.3831794
1521665327026;-0.8804779;-2.3776855;3.0269783
1521665327033;-0.839798;-2.0977173;3.012635
1521665327044;-1.0040588;-1.8301697;2.9815679
1521665327055;-1.0439148;-1.8062439;2.931458
1521665327064;-1.0889587;-1.8821106;2.5048223
1521665327077;-1.1099548;-2.0534058;2.2747197
1521665327085;-0.9004822;-2.133606;2.0642095
1521665327093;-0.69958496;-2.0239868;2.0587163
1521665327105;-0.57255554;-1.9560547;2.0435796
1521665327113;-0.56817627;-1.7437744;1.8794252
1521665327126;-0.7422943;-1.4382019;1.7009279
1521665327133;-0.9911499;-1.3185425;1.7391969
1521665327145;-1.0626831;-1.4178162;1.6706849
1521665327153;-1.1827087;-1.4918213;1.5827943
1521665327165;-1.1652832;-1.5679932;1.3892518
1521665327174;-1.0515137;-1.6058655;1.3849488
1521665327185;-1.0063171;-1.5729065;1.4143678
1521665327193;-0.9369049;-1.4976807;1.3311769
1521665327205;-1.0046997;-1.3640747;1.3421327
1521665327213;-1.2031555;-1.2026672;1.3190309
1521665327227;-1.3099365;-0.92141724;1.1762697
1521665327233;-1.4350586;-0.80366516;0.91415405
1521665327245;-1.495758;-0.92630005;0.8585968
1521665327253;-1.5321655;-1.0445557;0.6042023
1521665327265;-1.4935303;-1.0719299;0.2605362
1521665327273;-1.4300537;-1.0825806;0.4031601
1521665327285;-1.4255066;-0.91903687;0.58947754
1521665327293;-1.4544373;-0.6626129;0.7593231
1521665327305;-1.8018188;-0.36466217;0.94447327
1521665327314;-2.0321045;-0.42051697;0.7700653
1521665327327;-2.1264038;-0.46086884;0.50717163
1521665327333;-1.949646;-0.64553833;0.13370895
1521665327345;-1.5041809;-1.1022644;-0.015492201
1521665327354;-0.9979248;-1.4182739;-0.09103203
1521665327365;-0.70370483;-1.411499;-0.19514084
1521665327373;-0.9054413;-0.95936584;-0.35146332
1521665327385;-1.3401184;-0.33000946;-0.3863144
1521665327393;-1.8390198;0.36941528;-0.05282688
1521665327405;-2.314331;0.78163147;-0.054782867
1521665327413;-2.2523804;1.3863832;-0.1000576
1521665327434;-0.8935852;0.6912079;-0.27713776
1521665327449;-0.37886047;-0.15525436;-0.7290344
1521665327454;-0.40097046;-0.61180115;-0.650177
1521665327465;-0.71681213;-0.7273407;-0.35240936
1521665327474;-0.9313965;-0.63894653;-0.14325714
1521665327485;-1.0969238;-0.18287659;0.06732559
1521665327494;-1.1721191;0.37841034;-0.18925476
1521665327506;-1.2414856;0.7068939;-0.74417114
1521665327515;-1.427124;0.9342804;-1.1867676
1521665327529;-1.3735352;0.7909546;-1.3153992
1521665327536;-1.3496094;0.7024231;-1.7556763
1521665327547;-1.0047302;-0.08783531;-1.9073486
1521665327555;-0.96087646;-0.2423706;-1.6437073
1521665327566;-1.2503967;0.008232832;-1.3923035
1521665327575;-1.3696289;0.32499695;-1.0075989
1521665327586;-1.6446228;0.6207886;-0.66171265
1521665327595;-1.8659668;0.69636536;-0.74897766
1521665327607;-1.8970337;0.6598511;-1.1793518
1521665327631;-1.7911072;0.5573273;-1.3355713
1521665327648;-0.9395447;0.5568695;-0.9453583
1521665327656;-0.98262024;0.63105774;-1.0937195
1521665327667;-0.99220276;0.67025757;-1.2850952
1521665327675;-1.2268372;0.57170105;-0.96946716
1521665327687;-1.5890808;0.3917923;-0.52282715
1521665327695;-1.9710693;0.50309753;-0.34217834
1521665327708;-2.1853638;0.7748413;-0.34983063
1521665327716;-1.8080139;0.77085876;-0.054768562
1521665327736;-0.56159973;0.5520172;-0.27693176
1521665327747;-0.26944733;0.5463257;-0.23630524
1521665327756;-0.69667053;0.63793945;-0.54138184
1521665327767;-2.0873413;1.031067;-0.198349
1521665327775;-2.496521;1.0197755;-0.17923737
1521665327787;-2.3024902;1.1448365;-0.7536621
1521665327795;-1.3151245;1.038086;-0.53134155
1521665327808;0.082754135;0.52186584;-0.111839294
1521665327815;0.90841675;0.13472366;-0.049780846
1521665327838;-0.22849655;0.54315186;-0.8322754
1521665327857;-2.1061401;1.2234498;-1.3641663
1521665327868;-2.1957397;2.0766606;-1.5847778
1521665327879;-1.5711365;2.6517339;-1.365387
1521665327889;-0.37628174;2.3249516;-0.66596985
1521665327897;0.9158478;1.5424501;0.050240517
1521665327909;1.4067689;0.4756317;0.20049286
1521665327917;0.9328308;0.1855774;-0.40020752
1521665327938;-1.191742;0.97824097;-1.0421143
1521665327949;-1.5758057;1.64032;-1.3628235
1521665327957;-1.533905;1.947632;-1.3647766
1521665327968;-0.5712433;1.7084657;-1.1940308
1521665327976;0.6696472;0.67840576;-0.8903198
1521665327988;1.0521547;0.13658142;-1.381897
1521665327997;0.17650223;0.47680664;-0.95469666
1521665328009;-0.5851135;0.97380066;-0.18556213
1521665328017;-1.2637329;1.647339;0.008183956
1521665328037;-1.5703735;1.8251039;-0.2866516
1521665328049;-1.4216003;1.3467103;-0.56851196
1521665328061;-1.2958984;1.1324769;-1.0308533
1521665328072;-0.8982239;0.80197144;-1.146759
1521665328080;-0.62213135;0.5777588;-0.5405426
1521665328092;-0.58851624;0.66825867;-0.38825226
1521665328100;-0.7093353;0.7525635;-0.19359589
1521665328112;-0.95402527;0.7136078;-0.07091522
1521665328120;-1.1443481;0.592926;-0.15954208
1521665328143;-1.3383179;0.45641327;-0.4541397
1521665328159;-0.67333984;-0.25535583;-0.57336426
1521665328169;0.37667084;-0.048573494;-0.8783264
1521665328177;0.3460846;0.14252853;-0.64860535
1521665328189;-0.09679985;0.5478668;-0.46385193
1521665328198;-0.5936279;0.7996063;-0.13784409
1521665328279;-0.8196869;0.49009705;-1.0412598
1521665328280;-1.9389648;1.2454225;0.3283081
1521665328473;-2.2045288;0.903244;0.2134552
1521665328487;-1.7224731;0.3741989;-0.81907654
