1521665953884;-9.114258;2.9742436;1.4907228
1521665953890;-9.477783;2.6990972;1.0336915
1521665953903;-9.544922;2.67273;1.0743715
1521665953910;-9.563965;3.1680915;1.0408632
1521665953924;-9.50415;3.2948616;1.9740602
1521665953932;-9.51123;1.7204286;1.6965028
1521665953944;-9.686035;1.9166261;1.3734742
1521665953952;-10.209961;2.780457;1.9549257
1521665953965;-10.6311035;3.727967;1.7993776
1521665953972;-10.884766;4.2496357;1.6965028
1521665953994;-10.913574;4.156252;2.0003667
1521665954008;-9.82959;2.8283086;3.258973
1521665954015;-9.410889;1.4595948;3.8620002
1521665954027;-8.846191;0.19620895;4.390749
1521665954034;-8.501465;0.5407715;3.4073493
1521665954047;-8.594971;2.0458379;2.7062383
1521665954054;-8.807861;3.6824958;2.6320806
1521665954068;-9.140381;4.675539;1.9046632
1521665954074;-9.274414;4.6730976;1.4859315
1521665954094;-9.006348;4.333376;1.9357911
1521665954107;-8.255127;1.0671693;3.873963
1521665954114;-8.3029785;0.36849213;4.385988
1521665954127;-8.219238;0.62213135;4.364504
1521665954133;-8.26001;1.8472291;3.9194343
1521665954147;-8.556641;3.790223;3.101075
1521665954153;-9.29834;4.8238544;3.0867317
1521665954167;-9.461182;4.1228046;2.8928838
1521665954174;-9.379639;3.2374885;3.335572
1521665954195;-8.652344;2.5794072;3.481507
1521665954208;-8.85083;2.337769;4.048586
1521665954214;-9.348633;2.0889287;4.2855244
1521665954226;-9.580811;2.2061772;3.7184455
1521665954234;-9.456299;3.1848152;3.4288948
1521665954248;-8.9921875;4.4194355;3.7686775
1521665954253;-8.700195;4.921999;3.5939949
1521665954268;-8.420166;5.015261;3.8237312
1521665954274;-8.910645;4.871706;3.354737
1521665954294;-8.951416;4.7114277;3.3307502
1521665954308;-10.152588;6.4749784;3.570069
1521665954314;-9.786621;6.3409452;4.2232685
1521665954328;-9.262451;5.7834496;4.1586933
1521665954337;-8.982422;5.235476;4.6970234
1521665954348;-8.336426;5.5369897;4.656374
1521665954356;-8.556641;7.2238803;4.536745
1521665954378;-9.0686035;7.1568637;2.7134404
1521665954398;-8.563721;8.046883;4.094118
1521665954407;-8.527832;8.207283;3.9672859
1521665954415;-8.5686035;7.443973;3.8524177
1521665954421;-8.420166;7.412967;4.5462666
1521665954438;-7.743164;7.910648;5.242556
1521665954457;-7.7263184;7.4416537;4.4243183
1521665954478;-7.838867;9.386971;4.625246
1521665954495;-8.149902;9.363046;4.314211
1521665954508;-7.300415;8.731209;4.6778584
1521665954514;-7.065918;7.5301547;4.8046894
1521665954527;-6.223633;7.410526;4.72571
1521665954535;-6.1973877;8.264656;5.9030786
1521665954548;-6.422241;9.025643;5.5943627
1521665954555;-6.338501;9.604745;4.2615986
1521665954568;-6.2332764;9.937264;4.132326
1521665954575;-5.9198;8.996834;4.0892353
1521665954595;-5.072754;8.331795;4.6396503
1521665954608;-3.0077515;8.829353;5.546511
1521665954615;-3.4121094;10.277109;5.242556
1521665954628;-3.713623;8.72657;5.0032983
1521665954634;-3.3355713;7.171268;4.0772724
1521665954648;-2.3712769;7.8316684;3.8524177
1521665954655;-2.3162231;9.028085;4.3189716
1521665954668;-2.586609;9.599862;4.2471943
1521665954675;-2.4430542;8.960945;4.275881
1521665954694;-1.6582031;8.07325;4.3955097
1521665954708;-0.1531372;7.0683627;4.637209
1521665954716;-0.22492218;7.247806;4.7664814
1521665954728;-0.21295929;7.1424594;4.821535
1521665954735;-0.11485481;7.436893;4.436281
1521665954757;0.8733673;6.3624296;3.1441658
1521665954774;1.299286;6.03699;2.4669805
1521665954795;1.8065797;5.5751977;2.5004888
1521665954808;2.1080327;5.015261;3.0340583
1521665954815;2.160706;4.8430195;3.3068244
1521665954834;4.0510273;3.9385383;1.9956056
1521665954847;4.2471943;3.9289558;2.002747
1521665954874;3.8189094;3.6442268;2.8737798
1521665954896;4.43384;2.7636724;2.6966558
1521665954915;4.740114;3.4504402;2.1822515
1521665954927;4.744875;3.5867927;2.0410771
1521665954934;4.618044;3.354737;2.1439214
1521665954947;4.625246;3.73993;2.2372441
1521665954954;4.6539326;4.175417;2.603333
1521665954974;5.0177026;4.5773945;3.0747688
1521665954995;4.787966;5.032107;2.67273
1521665955000;4.7496357;5.1373315;2.4741216
1521665955014;4.4243183;4.8238544;2.7589116
1521665955028;3.215943;4.9626484;2.7756352
1521665955035;5.0249047;4.6850605;3.5389411
1521665955048;4.71863;5.9843774;3.3116462
1521665955055;4.017458;7.393802;3.089112
1521665955068;4.3692646;6.7045927;2.7325444
1521665955075;4.6229267;5.6876245;3.4671638
1521665955095;3.65857;6.269168;2.54596
1521665955100;3.5173957;6.3791533;3.5461433
1521665955115;3.24701;6.9104033;4.6539326
1521665955135;3.7327888;7.558841;3.8787239
1521665955148;3.0675666;7.252567;3.0149543
1521665955155;2.749329;6.395999;3.1177986
1521665955168;2.3234258;8.099617;3.347535
1521665955175;1.6558229;8.862801;4.094118
1521665955195;2.0434575;8.580574;3.9696662
1521665955200;1.899872;8.532722;3.8380744
1521665955215;1.6007692;7.467899;3.3881843
1521665955228;1.4117433;7.037235;3.5676887
1521665955235;0.62690735;6.6136503;4.2878437
1521665955256;0.47377777;7.867557;4.7592793
1521665955276;0.0023927689;9.497079;4.8669453
1521665955295;-0.3062744;8.812752;4.371584
1521665955308;-0.8661957;7.7551303;5.4268823
1521665955317;-1.2155457;8.082771;5.2761254
1521665955331;-1.7850342;8.078133;4.5965595
1521665955343;-1.875946;8.503914;4.484133
1521665955352;-2.1152344;9.176278;5.058352
1521665955363;-2.4526367;8.637947;5.3287377
1521665955375;-2.6224976;8.030281;5.1373315
1521665955380;-2.7254028;7.848392;4.436281
1521665955406;-4.2615967;7.513431;4.2974873
1521665955413;-4.93396;7.8890414;4.852541
1521665955426;-5.0631104;8.446541;5.546511
1521665955433;-5.036865;8.671394;5.9963403
1521665955446;-5.237793;7.6856723;5.886233
1521665955453;-5.1325684;6.7979765;5.577639
1521665955467;-5.2713623;7.1065707;5.146853
1521665955476;-5.498657;7.3267856;4.917238
1521665955494;-6.104004;7.34827;4.821535
1521665955499;-6.668701;7.5804477;5.204348
1521665955517;-6.668701;6.9510527;6.214114
1521665955535;-7.1137695;6.206912;5.5871606
1521665955548;-7.558838;6.3361845;5.6685815
1521665955555;-7.685669;6.6472197;5.209109
1521665955568;-7.9249268;6.384036;4.275881
1521665955575;-8.178467;6.041873;4.385988
1521665955595;-8.085205;6.2428007;4.910036
1521665955600;-8.070801;6.5706816;5.5178246
1521665955617;-8.314941;5.6494164;5.0535913
1521665955637;-8.590088;5.5369897;4.864504
1521665955656;-9.114258;5.970095;3.8380744
1521665955676;-8.999268;4.3812275;4.453005
1521665955696;-8.671387;4.756838;4.5534687
1521665955701;-8.314941;4.8046894;4.206545
1521665955716;-9.386963;4.3740253;4.106081
1521665955737;-9.231445;4.163454;3.6944587
1521665955758;-9.26001;3.5963752;3.8620002
1521665955777;-9.293701;4.0964375;3.9002693
1521665955797;-8.5876465;4.0581074;3.9720466
1521665955800;-9.568848;3.8021858;3.866761
1521665955815;-9.286377;3.8237312;3.5293586
1521665955835;-9.0998535;3.8715827;3.6466072
1521665955855;-8.499268;4.0844746;4.0772724
1521665955875;-8.535156;3.6179206;4.1898212
1521665955895;-8.870117;3.9672859;3.5796516
1521665955899;-8.355713;4.47217;3.9409797
1521665955916;-8.410645;3.8452156;4.086916
1521665955936;-7.9178467;4.3189716;4.1275654
1521665955957;-8.250244;4.921999;4.0413837
1521665955975;-8.212158;4.6037617;4.2041035
1521665955995;-7.9178467;4.5534687;4.194582
1521665956008;-7.8914795;4.295046;3.974427
1521665956015;-8.580566;4.1395283;3.589234
1521665956028;-8.535156;4.8046894;3.6969001
1521665956035;-8.740967;5.5728784;3.7040412
1521665956056;-8.1953125;6.0130644;4.170656
1521665956076;-8.614014;4.6348896;4.591799
1521665956096;-8.68335;4.637209;4.560671
1521665956101;-8.664307;5.6374536;4.498415
1521665956116;-8.8342285;6.510867;3.9218147
1521665956135;-9.434814;7.209476;4.4577656
1521665956157;-8.654785;6.010745;4.5271015
1521665956175;-9.085449;6.1207304;4.9315205
1521665956195;-9.286377;6.958255;4.6229267
1521665956200;-9.25293;8.042244;4.771242
1521665956215;-9.219482;8.836678;5.082278
1521665956236;-9.071045;7.982425;5.3334985
1521665956255;-8.783936;7.216678;5.020144
1521665956275;-8.5686035;8.602058;4.8358173
1521665956298;-7.52771;8.705086;4.7807636
1521665956316;-6.1470947;9.604745;5.230593
1521665956336;-5.807373;8.147469;5.570437
1521665956355;-4.6324463;7.9657016;4.8741474
1521665956375;-4.4123535;8.896492;5.5537133
1521665956395;-4.359619;8.987312;5.2761254
1521665956401;-4.094116;8.81031;4.9387226
1521665956416;-3.1010742;8.0588455;4.7688007
1521665956428;-2.821106;8.042244;4.984133
1521665956437;-2.555481;8.432137;5.3598657
1521665956457;-2.258789;8.078133;4.0964375
1521665956476;-1.0001831;7.2741733;4.2806416
1521665956497;-0.78723145;7.0803256;4.383547
1521665956502;-0.53837585;6.8122587;4.567873
1521665956517;0.8183441;5.405276;4.168215
1521665956537;1.7969972;5.228274;3.0723274
1521665956557;2.2946782;6.130374;2.5291753
1521665956577;2.4358525;5.2210717;2.9718633
1521665956597;3.0723274;4.656374;3.0412605
1521665956602;3.2494514;4.4888935;2.59137
1521665956617;4.3117695;3.4839485;2.1511235
1521665956637;4.3046894;3.189576;2.0099492
1521665956657;4.699465;2.6846929;3.2374885
1521665956677;5.04407;2.526795;2.4789433
1521665956694;5.1062036;2.59137;2.3593144
1521665956699;5.05115;2.6775517;2.3999639
1521665956716;4.701784;3.474366;1.9740602
1521665956737;4.675539;3.8237312;2.615296
1521665956757;4.744875;4.2496357;3.0771492
1521665956776;4.7545185;4.7473164;2.6201177
1521665956818;4.625246;5.278567;2.3736577
1521665956828;4.2496357;5.13489;2.584229
1521665956835;4.3740253;4.2543964;3.3881843
1521665956847;4.120363;5.154055;4.2615986
1521665956854;4.0341816;5.670901;3.7327888
1521665956860;3.9409797;5.905398;2.4621587
1521665956878;3.12024;6.9367704;2.9503179
1521665956898;2.8593755;6.3289824;3.9481208
1521665956918;2.8833013;6.625613;4.7496357
1521665956937;2.1846318;8.389168;4.9770527
1521665956958;1.6845399;7.7312045;4.7688007
1521665956977;1.574463;6.7237577;4.6468525
1521665956998;0.55752563;7.235843;4.326174
1521665957016;-0.44745636;9.353524;5.489016
1521665957037;-0.57188416;9.386971;5.5751977
1521665957057;-0.0382843;6.2786894;4.543947
1521665957077;-1.4284973;5.21155;4.321413
1521665957096;-3.0029907;9.575936;5.7714868
1521665957099;-3.498291;10.344004;5.6756616
1521665957117;-2.9120483;8.939461;5.9843774
1521665957137;-2.7182007;6.369632;5.259402
1521665957157;-3.9768677;6.9821806;6.2595243
1521665957177;-5.2713623;9.762704;6.111209
1521665957196;-5.4508057;8.52784;5.5799584
1521665957200;-5.4101562;7.4008822;5.2258325
1521665957217;-5.63501;7.537357;5.316775
1521665957236;-5.9101562;6.106448;6.0513945
1521665957258;-6.2021484;8.405769;6.23804
1521665957277;-6.8864746;8.087654;5.3407006
1521665957297;-6.685547;7.252567;5.551272
1521665957299;-6.5897217;7.286136;5.778567
1521665957317;-7.092285;6.015506;5.4411645
1521665957337;-7.1879883;5.6995873;4.8238544
1521665957358;-7.9680176;6.3481474;4.771242
1521665957374;-8.073242;6.2093534;4.649172
1521665957383;-7.9488525;6.1136503;4.491213
1521665957398;-7.9560547;5.831301;4.7161884
1521665957402;-8.008545;5.362307;4.9075947
1521665957417;-8.099609;5.1684594;4.663576
1521665957437;-8.520752;5.6636987;4.6157246
1521665957458;-8.879639;5.0607934;4.529543
1521665957477;-9.202637;4.878908;3.9409797
1521665957497;-9.128418;4.2974873;4.4194355
1521665957502;-9.597412;4.029421;3.8596199
1521665957518;-9.487305;4.5128193;3.7040412
1521665957537;-9.446777;4.194582;4.1729755
1521665957558;-9.087891;2.9024663;3.854798
1521665957577;-9.315186;3.6466072;3.8189094
1521665957597;-9.221924;4.098879;3.835694
1521665957600;-9.248047;4.194582;3.4288948
1521665957617;-8.4609375;3.443238;3.8715827
1521665957637;-8.19043;3.4504402;3.727967
1521665957657;-8.482422;3.8404548;4.0271015
1521665957677;-8.757568;4.594118;3.8930671
1521665957697;-8.640381;4.651613;3.6275032
1521665957703;-8.329346;4.630007;3.8835456
1521665957718;-7.747925;4.106081;4.587038
1521665957738;-7.8675537;4.3356953;4.4936543
1521665957758;-8.166504;5.082278;4.0892353
1521665957778;-8.26001;4.840578;4.579836
1521665957798;-8.913086;4.182619;5.41968
1521665957810;-8.1953125;4.0007343;4.871706
1521665957822;-8.898682;4.630007;4.3117695
1521665957834;-8.771973;5.0990014;4.0892353
1521665957842;-8.9609375;5.3598657;4.098879
1521665957853;-8.740967;5.316775;4.4313984
1521665957860;-8.448975;5.5824;4.5391865
1521665957878;-8.671387;5.508181;4.397951
1521665957898;-9.061523;5.7762475;4.5462666
1521665957899;-8.544678;5.5345483;4.948244
1521665957917;-9.927734;6.2285185;4.9052753
1521665957937;-8.623535;7.1735873;5.254641
1521665957958;-8.494385;5.848025;6.017947
1521665957971;-9.396484;6.802737;5.5489526
1521665957980;-9.094971;7.6569858;5.1253686
1521665957998;-9.516113;8.224129;4.6922626
1521665958018;-8.360352;8.171394;6.194949
1521665958038;-7.994385;7.1879916;5.565676
1521665958058;-7.628296;7.5229526;5.797732
1521665958078;-7.4559326;8.886726;5.6494164
1521665958098;-7.2956543;8.903572;5.1373315
1521665958101;-6.8099365;8.288582;5.45801
1521665958111;-6.350464;8.298103;5.9604516
1521665958119;-6.0010986;7.874759;6.2595243
1521665958138;-5.4316406;6.8984404;5.7379174
1521665958157;-4.859741;7.7240024;5.4483666
1521665958177;-4.6970215;8.609383;4.941164
1521665958198;-4.4003906;7.822025;4.883669
1521665958203;-3.6992798;7.575565;5.1707788
1521665958218;-3.005371;7.9512973;5.343142
1521665958238;-2.3807983;5.8599877;5.4340844
1521665958252;-0.830307;6.833865;4.737673
1521665958259;-0.059820175;9.061532;4.4816914
1521665958277;-0.41873932;8.494392;4.074953
1521665958298;0.1890297;7.025272;4.3692646
1521665958300;1.5601197;5.8575463;5.369387
1521665958318;2.3664556;4.8813496;5.12781
1521665958338;3.0938728;4.2806416;3.2709358
1521665958351;3.2877204;4.259157;2.6703496
1521665958359;3.189576;4.06299;2.2444463
1521665958372;3.0053718;4.0341816;1.6629945
1521665958379;3.1680915;3.9888313;1.7204286
1521665958404;3.2255256;3.2542121;1.8400575
1521665958418;4.201784;2.9742436;1.8376771
1521665958432;4.720949;2.8761601;2.3807988
1521665958439;4.929201;2.3401494;2.7469487
1521665958458;4.7807636;1.9238282;2.9670415
1521665958478;5.008059;1.8376771;2.8211064
1521665958498;5.158816;2.742127;2.6895146
1521665958501;5.2497582;3.2996833;2.7397466
1521665958518;4.936281;3.4839485;2.6583867
1521665958531;4.895632;3.9696662;2.7469487
1521665958539;4.960207;3.500672;2.730164
1521665958558;4.7784443;3.4265144;2.615296
1521665958578;4.6588154;3.7877815;2.230103
1521665958598;4.295046;3.335572;2.1199956
1521665958603;4.130007;3.4360359;2.0601811
1521665958612;3.835694;3.8715827;2.7636724
1521665958619;3.6418464;4.706667;3.7710578
1521665958632;3.5173957;5.235476;3.8811042
1521665958639;3.5796516;5.1827416;3.5987556
1521665958652;3.5389411;4.998537;3.6633918
1521665958659;3.2326667;5.5609155;3.2374885
1521665958672;2.634461;6.015506;3.235047
1521665958680;2.3258061;6.3601103;3.0842903
1521665958698;1.6749574;8.700203;5.1062036
1521665958703;1.8137513;9.075936;5.558474
1521665958713;1.8687745;7.9657016;5.185183
1521665958719;1.7754518;7.322025;5.362307
1521665958738;1.1700746;7.84119;5.9270043
1521665958758;0.6699829;9.193124;6.407962
1521665958778;0.26320648;9.7290125;5.938967
1521665958798;0.13639069;8.860603;5.108645
1521665958803;-0.11964035;8.369881;4.902834
1521665958812;-0.6939087;9.097421;5.1109643
1521665958820;-1.2107544;9.291268;5.3264184
1521665958833;-1.2370605;8.738533;5.185183
1521665958840;-1.1652832;8.291023;5.565676
1521665958853;-1.2777405;7.8459506;6.163821
1521665958859;-1.4524231;8.166512;6.3242216
1521665958876;-1.7634888;8.267097;5.905398
1521665958880;-2.0099487;8.176277;5.893435
1521665958904;-2.8043823;8.972908;6.048953
1521665958912;-2.6273193;8.659431;5.886233
1521665958919;-2.828308;8.501472;6.0441923
1521665958932;-2.986206;7.9201694;6.0753202
1521665958940;-2.9622803;7.525394;6.068118
1521665958952;-3.2183228;7.3339877;6.307376
1521665958959;-3.7423706;7.759891;6.3170195
1521665958973;-4.225708;8.434578;5.8216577
1521665958979;-4.3500977;9.047128;5.7762475
1521665958998;-4.5200195;8.781502;5.962893
1521665958999;-4.503174;7.968021;5.7882104
1521665959012;-4.4171143;7.2263217;5.709231
1521665959019;-4.4243164;6.922366;6.1542997
1521665959032;-4.5965576;6.573001;6.3361845
1521665959039;-4.6850586;5.9676538;5.740359
1521665959053;-4.883667;6.3624296;5.848025
1521665959059;-5.26416;7.6425815;5.9796166
1521665959073;-5.8360596;7.968021;5.520144
1521665959079;-6.046631;7.494266;5.5609155
1521665959097;-5.637451;7.3698764;5.5799584
1521665959103;-5.8911133;6.764407;5.2713647
1521665959112;-5.9484863;6.0011015;5.3790307
1521665959120;-5.938965;5.6828637;5.608767
1521665959133;-5.984375;5.331179;5.5560327
1521665959140;-6.5443115;5.8719506;5.070315
1521665959153;-7.020508;6.233279;5.1373315
1521665959159;-7.300415;6.845828;5.1253686
1521665959172;-7.4033203;6.9893827;4.97217
1521665959179;-7.4224854;6.2547636;5.0750756
1521665959204;-7.219116;5.9078393;5.5106225
1521665959212;-7.508667;5.893435;5.2066674
1521665959219;-7.623413;5.4722924;4.9195576
1521665959232;-7.8411865;5.551272;4.7856464
1521665959239;-8.080322;5.809695;4.625246
1521665959253;-8.080322;5.8264184;4.814333
1521665959260;-7.824463;5.697268;4.898073
1521665959273;-8.286133;5.2258325;4.5631123
1521665959280;-7.6904297;3.9218147;4.7281513
1521665959302;-8.319824;4.960207;4.1729755
1521665959312;-8.614014;5.151736;4.0533466
1521665959320;-8.678711;5.082278;4.055788
1521665959332;-8.326904;5.266604;4.2424335
1521665959339;-8.212158;5.084719;4.3740253
1521665959353;-8.508789;4.998537;4.498415
1521665959359;-8.238281;4.6970234;4.23279
1521665959373;-8.3220215;4.575075;4.2113056
1521665959379;-7.982422;5.3024926;4.340578
1521665959399;-8.219238;5.166018;4.295046
1521665959412;-8.338867;5.0249047;4.4625263
1521665959420;-8.118652;4.936281;4.6898212
1521665959433;-8.102051;5.0416284;4.687502
1521665959439;-7.9919434;4.5893574;4.7233906
1521665959453;-8.109131;4.55591;4.701784
1521665959460;-7.982422;5.122927;4.871706
1521665959473;-7.9608154;5.5991235;5.0368676
1521665959479;-7.944092;5.8073754;5.1325707
1521665959504;-7.130493;5.7905297;5.1373315
1521665959513;-7.3339844;5.0631127;5.5679955
1521665959520;-7.2143555;5.513064;5.558474
1521665959533;-7.4224854;6.1398954;5.355105
1521665959540;-7.8675537;6.233279;5.046389
1521665959553;-7.9298096;5.754641;4.8190937
1521665959560;-7.7023926;5.66614;5.034426
1521665959573;-7.692871;5.831301;5.12781
1521665959580;-7.704834;5.632693;5.316775
1521665959605;-8.19043;6.429446;5.146853
1521665959613;-7.920166;6.77637;5.05115
1521665959621;-8.4729;7.2191195;4.7496357
1521665959634;-8.547119;7.4655795;4.706667
1521665959640;-7.843628;7.4392123;5.1062036
1521665959653;-7.8339844;6.5084257;5.7307153
1521665959660;-8.425049;6.3050566;5.670901
1521665959673;-7.889038;6.56824;6.1590605
1521665959680;-8.465576;6.6472197;6.1207304
1521665959705;-8.135498;7.2502475;5.8073754
1521665959713;-8.209717;8.245613;5.7067895
1521665959720;-8.326904;8.602058;5.5991235
1521665959744;-7.673706;8.415535;5.9030786
1521665959758;-7.192749;7.4080844;5.8193383
1521665959773;-6.819458;7.1496615;5.977175
1521665959780;-6.558716;7.628299;5.8911157
1521665959803;-6.5682373;7.898685;5.982058
1521665959813;-6.565796;8.288582;5.95801
1521665959819;-6.3552246;8.463387;4.960207
1521665959833;-5.9053955;8.24073;4.902834
1521665959839;-5.5968018;7.9512973;5.3646264
1521665959853;-5.2019043;7.767093;5.8839135
1521665959859;-4.857422;8.008553;6.0657988
1521665959874;-4.807129;8.537361;5.8575463
1521665959880;-4.5462646;8.996834;5.4483666
1521665959905;-4.237671;9.628671;4.7114277
1521665959913;-4.0079346;9.104501;4.8118916
1521665959920;-3.3547363;8.403572;5.020144
1521665959933;-3.0340576;7.824466;5.323977
1521665959940;-2.663208;7.7551303;5.532107
1521665959954;-2.2803345;7.448856;5.0535913
1521665959960;-2.359314;8.094734;4.436281
1521665959974;-2.012329;9.097421;4.6204853
1521665959980;-1.5720825;9.016122;4.9506855
1521665960005;-0.92123413;8.331795;3.7734382
1521665960014;-0.42352295;8.575691;4.2615986
1521665960021;-0.24885178;8.209724;4.385988
1521665960033;-0.13639069;7.8579135;3.6155403
1521665960040;0.53837585;8.068367;4.474489
1521665960052;0.83747864;7.551639;4.6396503
1521665960060;1.0432435;6.6855497;3.759095
1521665960074;1.406952;5.8886743;3.6920784
1521665960080;2.287537;6.6831083;2.730164
1521665960106;2.4501958;6.656741;2.1319585
1521665960113;2.356873;5.2330346;1.8424684
1521665960120;3.019715;4.3692646;1.9453431
1521665960133;3.9074714;3.9146125;2.153504
1521665960140;3.9577034;3.2374885;2.0817266
1521665960154;4.0510273;2.6105351;1.8951112
1521665960160;4.699465;2.3544927;1.447632
1521665960173;5.369387;1.8257142;1.4883119
1521665960180;5.850344;2.553101;1.3447572
1521665960205;5.070315;3.0914924;1.5672914
1521665960214;5.0224633;2.230103;1.3088685
1521665960220;5.3454614;1.3423463;1.7563173
1521665960233;5.809695;1.0719606;2.1942143
1521665960240;5.9126;1.2466432;2.6632085
1521665960253;5.8599877;1.4595948;2.584229
1521665960260;5.886233;1.4620057;2.6440434
1521665960274;5.4531274;2.71106;2.3712773
1521665960280;5.070315;2.8522344;2.1487432
1521665960305;5.1301293;3.924195;2.280335
1521665960314;5.046389;3.7734382;1.8592225
1521665960321;5.122927;3.474366;1.9931947
1521665960333;5.13489;3.4288948;2.622498
1521665960341;4.8693867;3.9840095;2.8546147
1521665960354;4.7161884;4.1419697;2.9096684
1521665960361;4.6802998;4.0533466;2.79242
1521665960374;4.541506;4.175417;3.0460212
1521665960380;4.4003925;4.6970234;3.019715
1521665960405;4.1539326;6.0705595;4.036623
1521665960414;3.6155403;7.1353793;3.90503
1521665960421;3.4599617;7.17847;3.720826
1521665960434;3.4479988;7.4152865;4.826296
1521665960440;3.3810432;7.7240024;4.9554462
1521665960454;3.2901008;7.159305;4.2160664
1521665960460;3.524598;7.039676;4.2878437
1521665960474;3.1871955;6.9941435;4.448244
1521665960481;2.6177373;6.7716093;4.3166523
1521665960505;1.9214174;8.659431;5.209109
1521665960514;1.928589;8.31739;4.933962
1521665960521;1.7036744;8.15699;4.9459248
1521665960534;1.8663942;8.288582;5.0870385
1521665960541;1.8472291;7.355472;4.96509
1521665960554;1.4213258;6.8625517;4.706667
1521665960561;0.8446655;7.2047153;5.05115
1521665960575;0.30867004;9.497079;5.9796166
1521665960580;-0.15074539;10.487558;6.218875
1521665960601;0.045463562;8.760017;5.615847
1521665960614;0.15074539;7.9847445;5.285647
1521665960621;-0.09331894;6.888919;4.9578876
1521665960634;-0.44745636;6.4510527;5.5609155
1521665960641;-0.8614044;7.3841586;5.9460473
1521665960654;-1.6486511;9.417977;6.3504667
1521665960661;-2.1080322;10.0329685;6.206912
1521665960674;-2.0769653;9.059091;5.17322
1521665960681;-1.631897;8.07325;5.0750756
1521665960698;-1.8448486;7.944095;5.6876245
1521665960703;-2.3807983;7.532596;5.7259545
1521665960715;-2.4645996;6.604129;5.386233
1521665960720;-3.055603;8.384285;5.6230493
1521665960733;-3.8045654;9.367684;5.38135
1521665960740;-3.8237305;9.805673;5.7067895
1521665960753;-3.6585693;9.207528;5.778567
1521665960760;-3.6418457;8.238289;5.5799584
1521665960774;-3.7614746;7.501468;6.0777617
1521665960781;-3.732788;6.8625517;6.415042
1521665960804;-3.7854004;6.9295683;5.919802
1521665960815;-4.19458;7.67139;5.848025
1521665960820;-4.967407;8.81031;5.532107
1521665960833;-5.249756;8.752937;4.668337
1521665960840;-5.2019043;8.23365;4.6419697
1521665960853;-5.2354736;7.767093;5.1492944
1521665960860;-5.6469727;7.0850863;5.4172387
1521665960874;-5.5751953;6.010745;5.639773
1521665960880;-5.206665;5.2377954;5.9101586
1521665960900;-5.2163086;6.3050566;5.4460473
1521665960914;-5.742676;6.872073;5.3024926
1521665960921;-6.04187;7.001346;5.5560327
1521665960934;-6.242798;7.4152865;5.242556
1521665960940;-6.623291;6.9869413;4.7927265
1521665960954;-6.8361816;5.8024926;5.1181664
1521665960960;-6.953491;6.1016874;4.9698505
1521665960974;-7.0444336;6.333743;4.6157246
1521665960980;-7.1640625;6.1016874;4.3356953
1521665961007;-7.2980957;5.8216577;4.668337
1521665961015;-7.522949;5.742678;4.787966
1521665961021;-7.762207;5.3144555;4.936281
1521665961034;-7.984741;4.467287;5.008059
1521665961041;-8.231201;3.7016609;4.9434834
1521665961055;-8.482422;4.0198994;4.6802998
1521665961060;-8.633301;5.0942407;4.474489
1521665961073;-8.384277;5.766604;4.0725117
1521665961081;-9.475342;5.9460473;3.9863899
1521665961106;-9.358154;5.2330346;4.421877
1521665961117;-8.748047;4.7976093;4.5200214
1521665961121;-9.040039;4.4816914;4.3046894
1521665961134;-8.83667;3.9577034;4.371584
1521665961140;-9.437256;3.9194343;3.8620002
1521665961154;-9.339111;4.113161;3.6610115
1521665961161;-9.123779;4.8669453;3.7614753
1521665961174;-9.525635;4.6419697;3.8571784
1521665961181;-8.96582;3.9649055;4.118044
1521665961206;-8.855713;3.5963752;4.1539326
1521665961215;-9.193115;3.5676887;3.8571784
1521665961221;-9.01123;3.885926;3.6561897
1521665961234;-8.906006;5.08948;3.8524177
1521665961241;-9.331787;5.974856;4.0151386
1521665961254;-9.147705;5.848025;4.239992
1521665961262;-9.193115;4.6013203;4.4194355
1521665961275;-8.8532715;4.541506;3.9600837
1521665961282;-8.331787;5.792971;3.9098518
1521665961305;-8.417725;6.060916;4.871706
1521665961315;-8.729004;6.395999;5.1564965
1521665961322;-7.977661;6.314578;5.5369897
1521665961334;-7.128174;6.034671;6.0202665
1521665961342;-6.9749756;5.6494164;6.5777617
1521665961355;-6.9798584;4.8861103;7.18555
1521665961362;-6.888916;4.7305927;6.907962
1521665961375;-7.27417;5.6948266;6.022708
1521665961382;-7.9298096;6.2978544;5.0799584
1521665961406;-8.365234;7.305179;3.7638557
1521665961415;-8.731201;7.1927524;3.9337776
1521665961422;-8.838867;6.580203;5.015261
1521665961435;-8.518311;6.0059843;5.6685815
1521665961441;-8.085205;5.012942;6.022708
1521665961455;-8.862793;5.4794946;5.639773
1521665961462;-7.4608154;4.9578876;5.931765
1521665961475;-9.717041;6.9248075;5.046389
1521665961482;-8.937012;8.532722;5.0942407
1521665961505;-9.573486;8.015877;5.5489526
1521665961515;-8.838867;7.975223;5.3765893
1521665961522;-8.518311;7.7813754;5.855227
1521665961534;-8.51123;7.4727817;6.4246855
1521665961541;-8.142578;7.132938;6.2906523
1521665961555;-7.819702;6.680667;6.194949
1521665961562;-7.415283;7.322025;6.250003
1521665961575;-7.2286377;8.530281;5.658938
1521665961582;-7.0300293;9.334237;5.7690454
1521665961603;-6.307373;8.625984;6.1016874
1521665961614;-6.022705;8.14991;6.465335
1521665961622;-5.9293213;7.4847445;6.707034
1521665961634;-5.14209;7.8579135;5.8886743
1521665961641;-5.0511475;8.092293;5.848025
1521665961655;-4.6516113;8.664314;6.03699
1521665961662;-4.3476562;9.190682;5.728396
1521665961675;-3.7734375;9.281747;5.651736
1521665961682;-3.9457397;8.52076;5.355105
1521665961704;-3.251831;7.539676;5.5034204
1521665961716;-2.8689575;7.9226108;5.0535913
1521665961722;-2.7158203;8.3557205;4.7735615
1521665961734;-2.644043;8.48951;4.5319843
1521665961742;-2.4023438;7.9776645;4.163454
1521665961755;-1.907074;8.2024;4.1921406
1521665961763;-1.6199341;8.06617;4.5462666
1521665961775;-1.2490234;7.6497836;4.594118
1521665961783;-0.67477417;7.4727817;4.663576
1521665961802;-0.13399506;7.0157504;4.0701923
1521665961814;0.16510391;6.711795;3.7543342
1521665961821;0.4307022;6.1710234;3.5078743
1521665961835;0.6891327;6.230838;3.4863288
1521665961842;0.83987427;6.9678984;3.9768684
1521665961854;1.0982972;6.7716093;3.5150154
1521665961862;1.682129;6.5131865;2.9287724
1521665961875;2.3258061;6.2595243;3.2135017
1521665961882;2.4119267;5.6110864;3.7160041
1521665961906;2.6632085;4.840578;3.4863288
1521665961916;2.7780156;5.122927;2.9670415
1521665961922;3.2685554;5.316775;2.2156987
1521665961935;3.5222175;4.347658;1.8137513
1521665961942;3.993592;3.4671638;1.4739686
1521665961955;4.448244;3.1752326;1.3303834
1521665961962;4.5128193;3.4671638;1.6917115
1521665961977;4.5008564;3.4479988;2.3090215
1521665961983;4.902834;3.4719856;2.622498
1521665962007;5.5824;2.3544927;2.337769
1521665962016;6.142337;1.6247255;2.1271977
1521665962023;6.264407;1.2849427;2.1870122
1521665962035;6.257205;1.2370607;2.2635503
1521665962043;5.9340844;1.6079713;2.2850957
1521665962055;5.8383813;2.0984502;2.3903813
1521665962062;5.7810082;2.407166;2.4741216
1521665962075;5.6948266;2.9934087;2.337769
1521665962082;5.646975;3.3068244;2.1439214
1521665962104;5.4842553;4.1729755;2.2276616
1521665962116;5.17322;4.80237;2.2085576
1521665962122;4.9578876;4.833498;2.969483
1521665962135;5.0560327;4.7976093;3.6657722
1521665962142;5.300051;4.2160664;4.220827
1521665962155;5.015261;4.263918;3.6035774
1521665962162;4.606081;3.847657;2.9120488
1521665962175;4.7161884;4.4433613;3.0173347
1521665962182;4.3381367;6.3313017;3.4145515
1521665962207;4.1849384;6.762088;3.462403
1521665962216;4.295046;6.903201;3.9912117
1521665962222;3.828492;6.4246855;4.0653095
1521665962235;3.8069465;6.0848417;4.137087
1521665962242;3.7638557;6.7285185;4.455324
1521665962255;3.1991584;7.482303;5.13489
1521665962263;3.189576;7.4798617;4.737673
1521665962275;3.1680915;6.4940214;4.656374
1521665962282;3.1369636;6.156619;4.960207
1521665962304;2.6081548;6.984622;5.3407006
1521665962317;2.1654668;8.987312;5.6422143
1521665962323;1.9070741;9.521005;4.7281513
1521665962335;1.7395631;8.834236;4.283083
1521665962342;1.7467347;7.3004184;4.1539326
1521665962355;1.6247255;6.106448;4.4194355
1521665962363;1.1557313;6.0825224;5.0679955
1521665962376;0.62213135;7.0803256;6.068118
1521665962382;0.16031647;8.484871;6.264407
1521665962403;-0.3038864;9.808114;5.728396
1521665962417;-0.40677643;9.38453;5.177981
1521665962424;-0.6891327;7.8459506;4.2304707
1521665962436;-0.6316986;6.738162;4.383547
1521665962443;-0.7848358;6.1351347;5.1756616
1521665962456;-1.1150513;6.4174833;5.4221215
1521665962464;-1.7180176;8.214363;6.391116
1521665962477;-2.4215088;9.288827;6.9821806
1521665962484;-2.7636719;9.499276;5.9915795
1521665962503;-2.8497925;8.243172;5.2833276
1521665962517;-2.9263916;7.2453647;5.3454614
1521665962524;-2.9885864;6.8314238;5.589602
1521665962536;-3.409729;7.6809115;6.7907743
1521665962543;-3.6298828;7.941776;6.357669
1521665962556;-3.86438;8.068367;6.8984404
1521665962563;-4.0318604;8.882088;6.934329
1521665962577;-4.4505615;8.618904;5.8839135
1521665962584;-4.606079;7.412967;5.4029565
1521665962604;-4.3548584;5.646975;6.345706
1521665962615;-4.701782;6.0777617;6.4630156
1521665962622;-4.9626465;7.374637;6.5084257
1521665962635;-5.4890137;7.7000766;6.6663847
1521665962642;-5.6900635;6.895999;6.149539
1521665962655;-5.9198;6.1590605;5.546511
1521665962662;-5.970093;6.338504;5.5751977
1521665962675;-6.2165527;6.434207;5.563235
1521665962683;-6.3791504;6.3601103;6.010745
1521665962702;-6.6519775;6.546756;6.1136503
1521665962715;-6.8410645;6.587405;6.1590605
1521665962723;-6.8291016;6.573001;6.111209
1521665962735;-6.6831055;6.3743925;5.989138
1521665962742;-6.7476807;6.0968046;5.589602
1521665962755;-6.8745117;5.9604516;5.38135
1521665962763;-7.2478027;5.651736;5.443606
1521665962775;-7.3339844;5.412478;5.400515
1521665962783;-7.3793945;4.9960957;5.21155
1521665962808;-7.8531494;4.890871;4.8118916
1521665962817;-8.085205;5.0727563;4.699465
1521665962824;-8.243164;5.1253686;4.5343037
1521665962837;-8.444092;5.1492944;4.55591
1521665962844;-8.506348;5.077517;4.529543
1521665962857;-8.257568;4.845461;4.4769306
1521665962863;-8.762451;4.9123554;4.522341
1521665962877;-8.075684;3.9218147;4.7784443
1521665962883;-9.480225;4.417116;4.3046894
1521665962908;-8.8532715;4.347658;4.244753
1521665962916;-8.855713;4.5726337;4.4194355
1521665962923;-8.654785;4.7353535;4.807131
1521665962936;-8.489502;4.1490498;4.9459248
1521665962943;-8.580566;3.3714607;4.7976093
1521665962957;-8.470459;3.3427742;5.1995873
1521665962963;-8.207275;3.9337776;5.2019067
1521665962977;-8.503906;4.72571;4.1801777
1521665962984;-8.800781;4.72571;4.421877
1521665963007;-8.817383;4.809572;4.2735615
1521665963016;-8.384277;4.5773945;4.378786
1521665963024;-8.307861;4.2878437;4.402712
1521665963036;-8.219238;3.9074714;4.259157
1521665963043;-8.061279;3.785401;4.5271015
1521665963057;-8.137939;4.302248;4.630007
1521665963063;-8.140381;4.859743;4.3237324
1521665963077;-8.197754;4.7425556;4.218508
1521665963084;-8.219238;4.7999287;4.4769306
1521665963106;-7.963257;4.752077;4.921999
1521665963118;-7.6641846;4.460207;5.235476
1521665963124;-7.977661;4.857424;4.8693867
1521665963136;-8.054199;5.077517;4.675539
1521665963143;-8.212158;5.3383813;4.910036
1521665963157;-8.341309;5.577639;5.0032983
1521665963164;-8.578125;5.386233;5.120608
1521665963177;-8.018311;5.223513;5.1827416
1521665963183;-8.39624;5.388552;5.481936
1521665963203;-8.508789;5.216311;5.1564965
1521665963217;-8.458496;5.658938;5.3287377
1521665963223;-8.518311;5.551272;5.393313
1521665963237;-8.377197;5.8767114;5.747561
1521665963244;-8.8029785;6.44617;6.0897245
1521665963258;-8.458496;6.819461;5.9724145
1521665963264;-8.319824;6.884036;5.443606
1521665963277;-8.367676;6.604129;5.577639
1521665963284;-8.114014;6.0777617;6.0394316
1521665963308;-8.128418;6.0944853;5.747561
1521665963317;-8.506348;6.041873;5.6636987
1521665963322;-8.575684;6.099246;5.3909936
1521665963335;-8.458496;6.1662626;5.278567
1521665963342;-8.279053;6.738162;4.9960957
1521665963357;-8.137939;7.436893;5.3287377
1521665963363;-8.202393;7.2191195;5.8336205
1521665963384;-7.5516357;6.738162;6.4558134
1521665963403;-7.376953;7.109012;6.764407
1521665963417;-6.592163;6.6208525;7.482303
1521665963424;-6.529907;7.886722;7.1496615
1521665963437;-6.687866;8.147469;7.1665072
1521665963445;-6.2834473;9.621346;6.7524443
1521665963458;-6.388794;9.020761;6.7404814
1521665963464;-5.730713;7.8339877;6.673465
1521665963477;-5.1134033;7.293216;6.845828
1521665963484;-4.6539307;7.463138;6.9510527
1521665963506;-4.0964355;7.4033237;6.6160917
1521665963518;-3.3259888;7.2430453;5.9843774
1521665963525;-3.0579834;7.482303;5.850344
1521665963537;-2.9407349;7.4703403;5.8216577
1521665963544;-2.7852173;7.5780063;5.670901
1521665963557;-2.3999634;7.6497836;5.7067895
1521665963563;-2.151123;7.209476;5.7020288
1521665963577;-1.7539368;6.52991;5.9484887
1521665963584;-1.2514343;6.8625517;5.6636987
1521665963604;-1.0169373;7.1568637;5.9340844
1521665963617;-0.8542328;6.6663847;5.9293237
1521665963623;-0.77526855;6.8051786;5.8886743
1521665963637;-0.97865295;6.0897245;5.7523217
1521665963643;-0.43788147;5.3192163;5.2880883
1521665963657;0.1770668;5.489016;5.721194
1521665963664;0.29192352;6.087283;5.431643
1521665963677;0.33499146;6.187747;4.5031757
1521665963683;0.27038574;5.5297875;3.9577034
1521665963703;0.6963043;5.3646264;3.5269783
1521665963717;1.5840455;5.082278;3.3834236
1521665963724;2.4047856;4.7353535;3.2111213
1521665963737;3.0675666;4.960207;2.368836
1521665963744;2.9216313;5.2377954;2.1893926
1521665963764;3.304444;4.5319843;2.376038
1521665963769;4.151491;4.130007;2.9742436
1521665963787;4.436281;3.65857;3.8021858
1521665963806;5.455569;3.215943;3.785401
1521665963817;6.2858915;4.1849384;4.1849384
1521665963823;6.477298;4.3189716;4.283083
1521665963836;6.0705595;4.2663593;4.0318623
1521665963844;6.0777617;3.9863899;3.8524177
1521665963857;6.099246;3.7232063;3.5102546
1521665963864;6.326541;3.1226203;3.7949836
1521665963877;6.338504;2.6273198;3.4456184
1521665963884;6.3601103;2.065003;3.3642585
1521665963908;5.759524;2.3784184;2.5674443
1521665963917;5.4722924;2.3138433;2.5794072
1521665963925;5.2641625;2.495667;2.761292
1521665963937;5.2641625;3.0771492;2.8354497
1521665963944;5.1612573;2.9503179;2.5603032
1521665963957;4.9459248;3.1345832;2.4860845
1521665963964;4.84778;4.0222187;2.9096684
1521665963977;4.9052753;4.3548603;3.1656501
1521665963984;4.8118916;4.441042;3.8141487
1521665964004;5.034426;3.7447517;4.6922626
1521665964017;5.008059;3.8452156;5.2186303
1521665964023;4.953127;4.47925;5.2497582
1521665964037;4.744875;4.8190937;4.6085224
1521665964044;4.4577656;4.630007;3.7160041
1521665964056;4.218508;4.9818134;3.8261116
1521665964064;3.6226814;6.953494;4.4625263
1521665964077;3.1920173;7.4775424;4.201784
1521665964084;3.41211;6.73096;4.5343037
1521665964104;3.5222175;6.800296;5.1876245
1521665964117;3.2733772;5.7954125;4.8382587
1521665964124;2.8258672;5.9340844;5.292849
1521665964137;2.3664556;6.5777617;5.0416284
1521665964145;2.3353887;6.561038;5.034426
1521665964156;2.1319585;7.2836947;5.7451196
1521665964163;1.7706605;7.764652;6.0968046
1521665964176;1.8376771;7.30286;5.8981957
1521665964184;1.9429628;6.4749784;5.8336205
1521665964207;1.1413575;7.5804477;5.7714868
1521665964217;0.6436615;8.81031;6.6208525
1521665964224;0.11246109;8.166512;5.9532495
1521665964237;0.5431671;7.393802;5.919802
1521665964244;0.4689865;7.867557;6.388797
1521665964257;-0.009571075;7.0611606;5.924563
1521665964264;-0.48095703;5.034426;5.792971
1521665964278;-0.43549347;5.3144555;6.2236357
1521665964284;-1.189209;7.683353;6.271487
1521665964304;-2.1367798;8.683357;6.3815947
1521665964317;-1.8855286;8.425056;5.850344
1521665964325;-1.9549255;8.085213;5.955691
1521665964337;-1.8879089;7.4152865;6.0585966
1521665964345;-2.3640747;6.125613;7.266971
1521665964358;-2.6560059;7.255008;7.18555
1521665964365;-3.144165;7.6689487;6.6663847
1521665964378;-3.352295;7.999149;6.561038
1521665964384;-3.270935;8.384285;6.3242216
1521665964404;-3.6298828;8.042244;6.2165556
1521665964417;-3.7543335;7.7766147;6.4318876
1521665964425;-4.187378;6.764407;6.163821
1521665964438;-4.23999;6.3313017;7.2263217
1521665964446;-4.364502;7.1424594;7.1568637
1521665964458;-4.764038;7.4464145;6.187747
1521665964466;-4.9626465;7.3076205;5.761843
1521665964478;-5.022461;6.8936796;6.130374
1521665964486;-5.237793;6.707034;6.104007
1521665964508;-5.6158447;6.4007597;6.364871
1521665964518;-6.0705566;5.95801;6.3743925
1521665964525;-6.168579;5.1947045;5.9484887
1521665964538;-6.3289795;5.2952905;6.0513945
1521665964545;-6.4294434;6.6663847;6.010745
1521665964558;-6.919922;7.43201;5.778567
1521665964565;-6.9415283;6.9702177;5.931765
1521665964585;-7.0563965;5.7570825;6.695071
1521665964604;-7.2263184;5.1373315;6.4892607
1521665964618;-7.396118;4.8549824;5.527346
1521665964625;-7.427246;5.5943627;5.5417504
1521665964638;-7.6138916;6.3504667;5.6925073
1521665964645;-7.6689453;5.809695;5.6110864
1521665964658;-7.7910156;5.331179;5.5345483
1521665964665;-7.9919434;5.443606;5.45801
1521665964685;-8.130615;4.5773945;5.146853
1521665964704;-8.283936;4.055788;4.8764668
1521665964718;-8.219238;4.5726337;4.826296
1521665964725;-8.788818;5.158816;4.651613
1521665964738;-8.4729;5.1564965;4.656374
1521665964745;-8.226318;4.579836;4.699465
1521665964758;-8.413086;4.137087;4.6898212
1521665964765;-8.571045;4.0390644;4.845461
1521665964784;-8.592529;3.6729743;4.682741
1521665964805;-8.702637;3.9146125;4.345339
1521665964817;-9.114258;4.5462666;4.3500996
1521665964824;-8.566162;4.453005;4.4649677
1521665964838;-8.910645;4.2232685;4.4003925
1521665964845;-8.640381;3.6370857;4.4433613
1521665964858;-8.5373535;3.1369636;4.352541
1521665964865;-8.848633;3.3571174;4.4625263
1521665964878;-8.83667;3.481507;4.283083
1521665964884;-8.544678;3.9505012;3.9649055
1521665964905;-8.616455;4.0581074;4.0198994
1521665964918;-8.324463;4.606081;4.060549
1521665964925;-8.231201;4.51758;4.4433613
1521665964938;-7.793335;3.8763435;4.9459248
1521665964945;-7.750244;3.6226814;4.921999
1521665964958;-7.6761475;3.6275032;4.917238
1521665964965;-7.589966;4.2304707;4.8621845
1521665964986;-7.877075;5.1062036;5.065554
1521665965004;-7.72876;5.177981;5.3264184
1521665965018;-7.3985596;5.4411645;5.5751977
1521665965025;-7.85791;4.890871;5.388552
1521665965038;-7.8867188;4.491213;4.6730976
1521665965045;-8.022949;4.7688007;4.713747
1521665965065;-8.838867;5.615847;4.7281513
1521665965086;-8.403564;5.670901;5.900637
1521665965108;-8.403564;5.8001733;6.118411
1521665965118;-8.83667;5.254641;5.836062
1521665965125;-8.67627;5.1373315;5.6685815
1521665965138;-9.178711;7.1234164;5.9532495
1521665965145;-9.190674;8.075691;6.099246
1521665965158;-9.54248;7.525394;6.1973906
1521665965165;-8.872559;7.34827;6.142337
1521665965178;-8.22876;7.570804;6.3743925
1521665965185;-8.6953125;7.92493;6.6160917
1521665965206;-8.212158;7.5804477;6.460574
1521665965218;-8.3532715;7.075565;6.5777617
1521665965225;-8.164307;7.6353793;7.0277133
1521665965238;-8.523193;7.9727817;6.352908
1521665965245;-8.446533;8.401131;6.1207304
1521665965258;-7.712036;9.518563;6.1016874
1521665965265;-7.4750977;8.9824295;6.3791533
1521665965278;-6.6519775;8.212166;6.7740507
1521665965285;-5.922119;7.936893;7.2119174
1521665965308;-5.649414;7.341068;6.6663847
1521665965326;-4.522339;8.484871;5.070315
1521665965345;-4.182617;9.181161;5.5824
1521665965366;-3.4432373;8.260017;5.773806
1521665965387;-2.4956665;7.2453647;6.041873
1521665965408;-1.8903198;5.9963403;5.4986596
1521665965425;-1.1557312;7.482303;4.8502216
1521665965446;-1.5553284;8.819832;3.8189094
1521665965465;-1.0935059;6.8147;4.6396503
1521665965487;-0.043070793;5.0631127;3.7710578
1521665965507;0.43788147;4.776003;3.7758186
1521665965511;0.8685913;4.7353535;3.3379524
1521665965526;1.0504457;4.8884296;3.677735
1521665965546;2.0266728;4.7999287;2.749329
1521665965566;3.019715;4.3046894;2.5603032
1521665965586;3.5796516;5.0032983;2.160706
1521665965608;3.7232063;4.163454;2.2348638
1521665965618;4.244753;3.304444;2.376038
1521665965625;4.448244;2.8330693;3.196778
1521665965638;4.8813496;2.9526982;3.5365608
1521665965645;5.3598657;3.2757576;3.196778
1521665965658;5.4483666;3.227906;3.1608894
1521665965665;5.33594;3.5413215;2.7708745
1521665965685;5.032107;3.9002693;2.318604
1521665965704;5.316775;4.1729755;3.3642585
1521665965709;5.139773;4.1539326;3.443238
1521665965726;5.1109643;4.194582;2.9790044
1521665965746;4.783205;4.7784443;3.2326667
1521665965767;4.256716;4.871706;3.0029914
1521665965786;4.2686787;4.740114;3.2063606
1521665965805;4.0964375;5.1109643;3.4265144
1521665965810;3.9649055;5.7810082;4.0725117
1521665965826;3.7686775;6.269168;3.9385383
1521665965846;3.500672;6.460574;3.9912117
1521665965867;3.4312751;6.28345;4.1729755
1521665965887;3.0101326;7.097049;4.9937763
1521665965906;2.818726;7.3267856;5.101443
1521665965918;2.4621587;7.2692904;4.7496357
1521665965926;2.2970586;7.3148227;4.687502
1521665965947;1.8568116;7.3195834;4.859743
1521665965966;1.1652833;7.5301547;5.355105
1521665965986;0.64845276;8.932381;5.077517
1521665966008;0.5742645;8.786385;5.716433
1521665966018;0.44745636;8.446541;5.697268
1521665966025;0.32302856;7.5780063;5.1492944
1521665966038;0.19860077;6.7045927;5.4794946
1521665966045;-0.0765686;7.63306;5.8599877
1521665966058;-0.6891327;8.745613;5.438845
1521665966065;-1.2681885;8.568611;5.3718286
1521665966086;-1.1916199;7.451175;5.496218
1521665966105;-1.2657776;7.443973;5.6182885
1521665966110;-1.6653748;7.1257358;4.948244
1521665966127;-2.0314941;7.1496615;5.9150414
1521665966146;-2.8234863;8.659431;6.194949
1521665966167;-2.8952637;7.8819613;6.642459
1521665966186;-3.4360352;6.2165556;5.5919213
1521665966206;-3.409729;6.173465;5.527346
1521665966218;-4.338135;8.030281;6.4486113
1521665966225;-4.965088;8.530281;6.1901884
1521665966238;-5.034424;8.125984;5.8336205
1521665966246;-5.087036;7.3267856;5.658938
1521665966266;-5.7235107;6.206912;6.4246855
1521665966286;-5.5632324;5.3646264;6.017947
1521665966305;-5.4890137;5.7642846;5.9532495
1521665966310;-5.958008;6.5634794;5.8958764
1521665966325;-6.4486084;6.9367704;5.881472
1521665966338;-6.7022705;6.8171415;5.8073754
1521665966345;-6.7860107;6.4677763;5.670901
1521665966367;-6.8171387;5.4794946;5.697268
1521665966386;-6.869751;5.5489526;5.1707788
1521665966407;-7.1137695;5.13489;5.3407006
1521665966412;-7.1832275;5.1947045;5.1827416
1521665966427;-8.001465;5.4531274;5.0942407
1521665966446;-8.341309;4.1156025;4.359621
1521665966467;-8.678711;4.8861103;4.5008564
1521665966487;-8.831787;4.9195576;4.6778584
1521665966508;-8.999268;4.0533466;5.101443
1521665966527;-9.702881;3.9122322;4.3237324
1521665966546;-9.494629;4.340578;4.220827
1521665966566;-9.360596;4.326174;4.244753
1521665966586;-8.870117;3.6920784;4.366823
1521665966608;-9.013672;3.7518928;4.3740253
1521665966626;-9.197998;4.5654316;3.7567146
1521665966646;-8.491943;4.460207;4.0892353
1521665966666;-7.862793;4.098879;5.1301293
1521665966685;-7.8603516;3.7614753;4.8933125
1521665966708;-7.8029785;4.3548603;4.840578
1521665966713;-7.5253906;4.984133;4.8669453
1521665966726;-7.762207;5.0368676;4.429079
1521665966747;-7.786133;4.4051533;4.7042255
1521665966766;-8.233643;4.4386005;4.4960957
1521665966787;-8.602051;5.17322;4.4649677
1521665966808;-8.647461;4.871706;4.101198
1521665966827;-8.559082;5.020144;4.859743
1521665966847;-8.795898;4.029421;4.18738
1521665966866;-9.3342285;4.8621845;4.5893574
1521665966886;-9.195557;6.149539;4.706667
1521665966907;-8.814941;5.9126;4.8884296
1521665966912;-8.958496;6.168582;5.0177026
1521665966927;-9.025635;5.881472;5.21155
1521665966947;-9.01123;6.7237577;6.118411
1521665966967;-8.865234;7.891483;5.740359
1521665966987;-8.578125;8.250252;6.2404814
1521665967008;-8.604492;7.982425;6.144656
1521665967013;-8.532715;7.5875278;5.9030786
1521665967027;-7.7598877;7.802982;7.3698764
1521665967047;-7.958496;8.583015;6.3050566
1521665967067;-7.343506;8.922615;6.056155
1521665967087;-6.5490723;7.398563;6.395999
1521665967107;-6.068115;7.412967;6.3504667
1521665967112;-5.5751953;7.786136;6.333743
1521665967127;-5.2521973;9.097421;6.3863554
1521665967147;-4.2974854;8.908455;5.721194
1521665967161;-3.9457397;8.783943;5.9126
1521665967170;-3.8955078;7.848392;6.1159697
1521665967188;-3.1680908;7.341068;5.1707788
1521665967208;-3.1608887;7.7431674;4.417116
1521665967227;-2.4310913;8.121101;4.168215
1521665967247;-1.31604;6.838626;4.4146748
1521665967268;-0.5431671;7.089847;4.364504
1521665967287;0.65322876;6.4845;3.9289558
1521665967308;0.79919434;6.453372;3.2398689
1521665967313;0.94755554;6.3671904;2.7756352
1521665967327;1.5888063;5.2258325;2.926392
1521665967347;2.3903813;4.3381367;3.0675666
1521665967368;3.5724494;3.3499153;3.12024
1521665967388;3.7734382;3.5389411;2.4717412
1521665967407;3.7495124;3.582032;2.1774297
1521665967409;4.005495;3.139344;2.42627
1521665967427;4.2926044;2.8211064;2.5124516
1521665967448;4.467287;2.021912;1.9597169
1521665967468;4.5726337;2.0290532;2.1128545
1521665967487;4.2543964;3.0149543;2.306641
1521665967507;4.47925;3.6801155;2.242066
1521665967511;4.548708;4.371584;2.2324834
1521665967528;4.5128193;4.5726337;2.3353887
1521665967548;4.4003925;4.7161884;3.0914924
1521665967568;4.0892353;4.7233906;3.5054328
1521665967588;4.0151386;4.948244;3.5054328
1521665967608;3.7926033;5.3192163;3.2255256
1521665967613;3.65857;5.728396;3.0795295
1521665967628;3.1656501;7.341068;4.251955
1521665967648;3.1752326;6.9510527;4.259157
1521665967668;3.2374885;5.5106225;3.7926033
1521665967688;2.0673833;7.398563;5.3909936
1521665967714;1.6606141;9.068612;5.115847
1521665967728;1.8927003;7.266971;5.493899
1521665967748;1.0576173;6.3815947;4.9387226
1521665967768;-0.34456635;10.219736;5.4292016
1521665967781;-0.7345886;10.872812;5.5178246
1521665967789;-0.76330566;10.001963;5.532107
1521665967808;-0.64845276;8.147469;5.412478
1521665967813;-0.29431152;6.104007;5.228274
1521665967828;-0.65083313;7.2836947;5.982058
1521665967848;-2.4645996;9.097421;7.0994906
1521665967868;-2.3928223;9.319833;6.23804
1521665967881;-2.4932861;8.408211;5.632693
1521665967890;-2.5674438;7.190433;5.1109643
1521665967908;-2.5411377;6.3170195;5.0224633
1521665967909;-2.8641968;6.718997;5.508181
1521665967928;-3.821289;9.042245;6.460574
1521665967940;-4.4362793;8.379646;5.8981957
1521665967949;-4.206543;7.733524;5.974856
1521665967967;-4.5200195;7.077884;6.099246
1521665967987;-4.2735596;6.118411;6.2786894
1521665968008;-4.5631104;6.707034;6.441409
1521665968013;-5.149292;6.762088;6.080081
1521665968028;-5.71875;6.984622;5.3718286
1521665968048;-6.261963;6.5251493;5.312014
1521665968068;-6.3911133;6.537112;6.2165556
1521665968088;-6.515625;5.8958764;5.6446557
1521665968108;-6.5251465;6.1207304;5.8839135
1521665968111;-6.9487305;6.137576;5.836062
1521665968128;-7.6210938;5.8527856;5.254641
1521665968148;-7.908203;5.62781;5.539309
1521665968161;-8.14502;5.481936;5.481936
1521665968169;-8.118652;4.890871;5.285647
1521665968188;-8.391602;4.47217;5.122927
1521665968211;-8.525391;4.7496357;5.407717
1521665968228;-8.35791;4.295046;5.1253686
1521665968248;-8.032471;4.295046;5.185183
1521665968268;-9.111816;5.0368676;4.752077
1521665968283;-8.295898;4.7353535;4.5845966
1521665968289;-8.365234;4.2663593;4.4960957
1521665968308;-8.769531;4.0581074;4.429079
1521665968311;-8.243164;4.048586;4.529543
1521665968328;-8.518311;3.3642585;4.321413
1521665968341;-9.32959;3.9385383;4.436281
1521665968349;-8.465576;3.4479988;4.4051533
1521665968368;-9.652588;4.3620625;3.6657722
1521665968388;-9.456299;4.5534687;3.854798
1521665968408;-9.178711;4.3117695;4.163454
1521665968413;-7.9680176;3.632264;4.1849384
1521665968426;-7.589966;3.0603645;3.5916145
1521665968429;-9.34375;3.9505012;4.012697
1521665968448;-8.9729;4.1586933;4.0390644
1521665968461;-8.365234;3.790223;4.1490498
1521665968469;-7.8867188;3.9074714;4.3166523
1521665968481;-8.027832;4.417116;4.5319843
1521665968490;-7.6904297;4.8190937;4.6588154
1521665968508;-7.6186523;4.587038;4.7353535
1521665968511;-7.5062256;4.074953;5.008059
1521665968528;-7.388916;4.917238;4.7281513
1521665968548;-7.5301514;5.87427;4.5845966
1521665968563;-8.233643;6.0466337;5.082278
1521665968569;-7.1640625;5.613528;5.2210717
1521665968582;-8.310059;4.7927265;4.9267597
1521665968589;-7.3865967;4.1586933;5.146853
1521665968608;-8.188232;4.4074726;5.323977
1521665968611;-8.125977;4.302248;5.95093
1521665968621;-8.35083;4.9890156;5.7331567
1521665968629;-8.279053;4.864504;5.797732
1521665968648;-8.142578;5.761843;5.7020288
1521665968668;-9.315186;7.132938;4.8933125
1521665968688;-9.463379;6.4940214;5.5369897
1521665968715;-9.8845215;6.422244;5.6876245
1521665968728;-9.166748;6.5323515;6.637576
1521665968734;-9.236084;7.0419955;6.69263
1521665968742;-9.243408;7.0803256;6.6783476
1521665968749;-9.071045;7.5301547;5.7523217
1521665968762;-8.925049;8.487312;5.242556
1521665968769;-9.104492;8.5900955;5.469973
1521665968783;-8.625977;8.836678;6.163821
1521665968789;-8.286133;9.157235;5.982058
1521665968808;-8.025391;8.599617;5.7642846
1521665968812;-7.589966;8.010994;6.2021513
1521665968822;-7.255005;7.8197055;6.6447783
1521665968829;-6.934326;7.728763;6.4438505
1521665968848;-6.3601074;7.2430453;6.2547636
1521665968868;-5.2666016;7.817264;6.8481474
1521665968888;-4.598999;7.1304965;6.5946074
1521665968914;-3.9050293;6.8314238;5.879153
1521665968922;-3.979248;7.451175;5.6374536
1521665968929;-4.11084;7.867557;5.6494164
1521665968942;-3.663391;7.9393344;5.424441
1521665968949;-3.6107178;7.8149447;5.6685815
1521665968962;-2.9718628;7.994388;5.5609155
1521665968970;-2.5889893;7.8579135;5.242556
1521665968983;-2.2037354;7.322025;5.6182885
1521665968989;-1.8017883;6.7237577;5.7523217
1521665969008;-1.3064575;6.869754;5.3264184
1521665969013;-1.15094;7.152103;4.6276875
1521665969023;-0.8446655;6.9869413;4.7089863
1521665969029;-0.2153511;6.5084257;4.213747
1521665969042;-0.10767555;5.7451196;4.029421
1521665969049;0.32302856;6.0274687;4.3884296
1521665969062;0.8087616;6.5323515;4.4433613
1521665969070;1.1054689;6.415042;4.156252
1521665969083;1.3471376;5.7307153;3.3212287
1521665969090;1.9501344;5.3144555;2.356873
1521665969114;2.1750493;4.809572;2.072144
1521665969123;2.9168096;5.4172387;2.2229009
1521665969129;2.849793;4.9937763;2.3329473
1521665969143;2.868958;3.3594978;2.5554814
1521665969150;3.7327888;2.7014775;2.3736577
1521665969163;3.9649055;3.1680915;2.0242925
1521665969169;4.218508;2.634461;2.2061772
1521665969183;4.756838;2.0505986;2.4909062
1521665969189;5.070315;1.7252198;2.6297002
1521665969214;5.166018;1.6055604;2.9838262
1521665969223;5.2833276;1.682129;3.3331916
1521665969230;5.13489;1.8927003;3.3594978
1521665969242;5.2330346;2.129578;3.2063606
1521665969249;5.216311;2.572266;3.0914924
1521665969263;5.101443;3.1106575;2.9407353
1521665969269;4.7664814;4.012697;2.703858
1521665969283;4.6419697;4.421877;2.8283086
1521665969291;4.6348896;4.4649677;2.880921
1521665969314;4.213747;4.7927265;2.995789
1521665969323;4.182619;4.9698505;4.086916
1521665969330;4.256716;5.082278;4.460207
1521665969342;4.43384;5.462771;4.7305927
1521665969349;4.0581074;5.0057397;4.340578
1521665969362;3.7136238;5.455569;4.23279
1521665969369;3.2709358;6.477298;4.390749
1521665969383;2.8737798;6.8122587;4.448244
1521665969389;3.0220954;7.324344;4.251955
1521665969413;2.9526982;5.982058;3.8811042
1521665969422;2.9838262;6.4940214;4.7114277
1521665969429;2.622498;7.714359;5.4149194
1521665969442;2.4550176;7.6881137;5.331179
1521665969449;2.3593144;7.4583774;5.3837914
1521665969462;2.4047856;7.551639;5.9150414
1521665969469;2.376038;7.4224887;5.6925073
1521665969482;2.110413;6.8051786;5.5106225
1521665969489;1.8927003;6.4630156;4.910036
1521665969514;1.3064576;8.408211;6.1207304
1521665969523;0.8207245;9.040048;5.759524
1521665969530;0.8661957;8.700203;4.807131
1521665969543;0.7848358;7.714359;4.55591
1521665969550;0.33738708;7.075565;4.460207
1521665969563;-0.102890015;6.8122587;4.9578876
1521665969570;-0.20817184;7.4847445;5.869509
1521665969585;-0.5527344;8.357918;6.1542997
1521665969591;-1.0767517;8.508797;6.060916
1521665969614;-0.9954071;8.453621;5.632693
1521665969623;-1.081543;8.341316;5.6446557
1521665969630;-1.3495483;7.7885776;5.5751977
1521665969643;-1.591217;7.6881137;5.8073754
1521665969650;-1.837677;8.262215;5.6828637
1521665969663;-2.1056519;8.571053;6.3671904
1521665969670;-2.7421265;8.77906;6.44617
1521665969685;-3.0699463;8.927498;6.5443144
1521665969690;-3.105835;8.721687;5.943728
1521665969714;-3.213501;7.6043735;5.0631127
1521665969723;-3.3930054;6.9367704;5.015261
1521665969730;-3.7112427;7.109012;5.6828637
1521665969743;-4.0653076;7.9201694;6.2524443
1521665969751;-4.2855225;8.001472;5.9915795
1521665969763;-4.5511475;7.4224887;5.862307
1521665969770;-4.701782;7.209476;5.862307
1521665969785;-5.211548;7.317142;5.1181664
1521665969791;-5.429199;7.278934;5.142092
1521665969815;-5.4316406;7.3076205;5.3646264
1521665969823;-5.3551025;7.0803256;5.6685815
1521665969830;-5.618286;6.4007597;5.747561
1521665969843;-5.742676;5.9412866;5.989138
1521665969850;-6.029907;6.6208525;6.549075
1521665969863;-6.2667236;7.520633;6.068118
1521665969870;-6.5682373;7.4847445;5.4172387
1521665969885;-6.4055176;6.7404814;5.197146
1521665969891;-6.2978516;6.0944853;5.489016
1521665969915;-5.8742676;5.1301293;5.4842553
1521665969923;-6.180542;4.4769306;5.6230493
1521665969930;-6.3743896;4.2352314;5.45801
1521665969943;-6.8792725;5.0224633;5.362307
1521665969950;-7.312378;6.3289824;4.8741474
1521665969963;-7.735962;6.750125;4.2878437
1521665969970;-7.877075;6.092044;4.2615986
1521665969984;-7.7574463;5.7882104;4.328615
1521665969990;-7.570801;5.8886743;4.776003
1521665970014;-7.874756;3.354737;5.077517
1521665970023;-8.5686035;4.02466;4.9960957
1521665970030;-8.975342;5.3192163;4.890871
1521665970043;-9.540039;5.824099;4.251955
1521665970050;-9.451416;5.2689233;3.9792488
1521665970063;-9.171631;4.991335;4.175417
1521665970070;-8.989746;5.177981;4.7114277
1521665970084;-8.690674;4.6588154;4.8884296
1521665970090;-8.791016;3.2924812;4.8502216
1521665970115;-8.88208;3.6610115;4.30945
1521665970123;-9.174072;4.2113056;3.8189094
1521665970130;-9.0998535;4.0390644;3.385804
1521665970143;-9.29834;4.2280293;3.455201
1521665970150;-8.642822;3.7567146;3.7327888
1521665970163;-9.063965;3.3020637;3.8835456
1521665970170;-8.625977;3.1297615;4.106081
1521665970184;-8.003906;3.2230842;4.383547
1521665970190;-8.286133;3.8117073;4.4266376
1521665970211;-8.542236;3.9098518;4.541506
1521665970223;-8.4609375;3.8069465;4.132326
1521665970230;-8.561279;4.290285;3.9457405
1521665970243;-8.755127;4.036623;4.1467304
1521665970250;-8.745605;4.0461445;4.029421
1521665970263;-8.506348;3.8428352;4.036623
1521665970270;-8.410645;3.816529;3.7926033
1521665970283;-8.5686035;3.8308723;4.005495
1521665970290;-8.673828;3.6610115;4.1347675
1521665970311;-8.855713;4.1778584;4.256716
1521665970323;-8.539795;3.9481208;4.1084003
1521665970330;-8.314941;3.2637947;4.2663593
1521665970343;-7.946533;3.0651863;4.599001
1521665970350;-8.116211;3.1632698;4.8310566
1521665970363;-8.020508;2.9742436;4.771242
1521665970370;-7.723999;2.4478154;4.871706
1521665970388;-7.8411865;2.4693608;5.12781
1521665970436;-7.8867188;3.1489265;4.7473164
1521665970448;-9.401367;6.4007597;3.651429
1521665970456;-8.712158;7.252567;2.723023
1521665970462;-8.276611;6.3432646;4.27112
1521665970469;-7.231079;5.804934;5.151736
1521665970483;-7.6258545;5.3024926;5.8193383
1521665970490;-7.7766113;4.567873;6.2021513
1521665970512;-8.039795;6.1590605;5.6876245
1521665970522;-8.791016;7.5660434;4.948244
1521665970529;-9.547119;8.583015;4.2998066
1521665970542;-9.3342285;8.896492;3.5485237
1521665970549;-9.154785;8.960945;3.4216926
1521665970562;-8.855713;8.659431;4.2878437
1521665970569;-8.27417;8.479988;4.864504
1521665970584;-8.109131;6.9893827;5.8886743
1521665970592;-8.147461;5.9604516;6.2786894
1521665970615;-7.932129;6.7404814;6.245242
1521665970624;-8.559082;7.6186557;6.3504667
1521665970638;-8.530273;9.226571;3.4959114
1521665970654;-8.106689;9.3366785;4.8190937
1521665970678;-7.3793945;9.109384;5.697268
1521665970696;-6.7142334;7.4200473;5.5297875
1521665970718;-6.364868;7.4344516;5.450808
1521665970738;-6.242798;11.614757;4.840578
1521665970744;-4.991333;10.08082;5.9724145
1521665970749;-3.8811035;9.499276;6.3098173
1521665970762;-3.7686768;7.2430453;6.5251493
1521665970778;-3.6896973;6.364871;6.0011015
1521665970783;-3.024475;7.5109897;5.3407006
1521665970797;-2.9120483;10.071299;4.347658
1521665970825;-4.0007324;10.61207;3.3331916
1521665970833;-1.8496399;7.67139;4.2663593
1521665970842;-1.1987915;6.8361845;4.6850605
1521665970849;-0.5335846;7.1807895;4.43384
1521665970862;-0.009571075;7.805301;4.029421
1521665970869;-0.078962326;7.728763;3.5748298
1521665970885;-0.19860077;6.2093534;3.5198371
1521665970894;0.4785614;5.546511;3.0173347
1521665970935;1.6869203;6.302615;3.0556037
1521665970939;2.242066;6.781253;3.0220954
1521665970957;2.6392827;5.412478;4.0916767
1521665970965;2.9742436;4.4266376;3.8955085
1521665970978;3.500672;2.622498;3.101075
1521665970986;3.7184455;2.8067632;2.3903813
1521665970992;3.5389411;4.036623;1.7539369
1521665971006;3.5796516;3.0867317;1.7754518
1521665971010;3.955323;2.1822515;1.7443544
1521665971035;4.5893574;2.0505986;3.3690803
1521665971054;4.6730976;2.6081548;2.6368413
1521665971074;4.5319843;3.2207038;1.1341859
1521665971084;4.644411;2.8546147;0.99061584
1521665971089;4.921999;2.2156987;1.0217286
1521665971114;5.0631127;2.8067632;2.002747
1521665971136;4.914797;3.9481208;1.988434
1521665971146;5.1756616;4.1921406;2.8952641
1521665971150;5.331179;4.170656;2.6583867
1521665971162;5.2761254;3.7638557;2.6129155
1521665971169;5.3192163;4.2543964;2.2779546
1521665971184;5.0607934;4.9243183;2.4287114
1521665971193;4.8764668;5.273684;2.2276616
1521665971215;4.618044;6.080081;3.2685554
1521665971223;4.467287;6.2858915;2.9550786
1521665971229;4.713747;5.4340844;2.5626836
1521665971243;4.8046894;5.0799584;2.476563
1521665971249;4.579836;5.1373315;2.7445073
1521665971262;4.295046;5.7642846;2.8761601
1521665971269;4.0222187;5.9724145;3.2422493
1521665971283;3.9026496;6.573001;3.7830207
1521665971290;3.6610115;7.0228305;4.012697
1521665971315;3.4408576;6.7404814;4.106081
1521665971323;3.3953865;6.965457;4.0725117
1521665971337;3.2302864;7.6737094;4.2280293
1521665971364;2.9096684;7.4775424;4.239992
1521665971377;2.4119267;6.623294;3.6155403
1521665971385;1.9262086;7.9896274;4.2471943
1521665971394;1.4261171;8.944344;4.9746113
1521665971399;1.1293947;9.245858;5.1325707
1521665971417;1.1533204;8.042244;4.582155
1521665971423;0.9714813;7.6617465;4.663576
1521665971438;0.86380005;7.4080844;5.108645
1521665971442;0.7657013;7.4033237;4.5773945
1521665971464;-0.2895279;9.30787;5.7187524
1521665971478;-0.69151306;10.291513;5.716433
1521665971495;-0.56469727;9.30787;5.21155
1521665971517;-0.60058594;8.4824295;5.520144
1521665971524;-0.7561188;7.6186557;5.0560327
1521665971530;-1.1868286;8.587654;5.292849
1521665971543;-1.9381714;9.315194;5.6636987
1521665971550;-2.5124512;9.762704;5.8024926
1521665971563;-2.605774;9.398934;5.7714868
1521665971570;-2.6679688;8.439461;5.4531274
1521665971583;-2.663208;6.9104033;4.706667
1521665971590;-2.8115234;7.0228305;4.7664814
1521665971606;-3.1920166;7.606693;5.0607934
1521665971610;-3.7973633;8.429695;5.8193383
1521665971634;-4.637207;9.169198;5.735476
1521665971654;-4.8933105;8.171394;5.1181664
1521665971676;-4.833496;7.097049;5.300051
1521665971683;-4.764038;6.7668486;5.151736
1521665971690;-4.9434814;7.343509;5.139773
1521665971725;-5.2546387;7.570804;5.369387
1521665971735;-6.084839;6.9128447;5.3287377
1521665971754;-6.527588;6.022708;5.1756616
1521665971763;-6.647217;6.1087675;5.223513
1521665971784;-6.5682373;6.8792753;4.771242
1521665971798;-6.7333984;6.850589;4.8621845
1521665971825;-7.123413;6.93909;5.8575463
1521665971834;-7.312378;5.3574243;5.7570825
1521665971843;-7.4990234;5.4650903;5.4029565
1521665971850;-7.692871;5.697268;5.1445336
1521665971866;-7.9034424;5.9460473;5.0799584
1521665971870;-7.9727783;6.1351347;4.7807636
1521665971883;-8.135498;5.9532495;4.71863
1521665971890;-8.238281;5.474734;4.6468525
1521665971915;-8.257568;4.9578876;4.7664814
1521665971932;-8.410645;4.290285;4.3764668
1521665971951;-9.331787;5.230593;4.333376
1521665971971;-8.637939;5.0032983;4.402712
1521665971993;-8.420166;4.278322;4.484133
1521665972016;-8.602051;4.321413;4.175417
1521665972031;-8.76001;5.1995873;4.498415
1521665972052;-7.4439697;4.4960957;5.05115
1521665972072;-7.8149414;4.8884296;4.522341
1521665972092;-8.039795;5.6685815;4.51758
1521665972113;-7.6210938;5.9963403;4.582155
1521665972123;-7.262207;5.6494164;4.986574
1521665972130;-7.0994873;5.2210717;5.032107
1521665972143;-7.0180664;4.967409;4.991335
1521665972154;-6.958252;5.304812;5.2833276
1521665972173;-7.6138916;5.848025;4.878908
1521665972191;-7.427246;6.1518583;4.6658955
1521665972217;-7.6953125;6.345706;4.5080585
1521665972223;-7.862793;6.022708;4.3070087
1521665972230;-7.458374;5.6374536;4.828615
1521665972251;-8.159424;6.97742;4.5582294
1521665972273;-8.571045;6.838626;4.7473164
1521665972292;-9.130859;6.826663;5.261721
1521665972315;-9.085449;6.876956;4.3620625
1521665972323;-8.826904;7.070682;4.2998066
1521665972334;-9.01123;7.4464145;4.4123554
1521665972352;-8.915527;8.190437;5.032107
1521665972373;-8.700195;7.4918246;5.096682
1521665972392;-8.520752;5.809695;5.2713647
1521665972417;-8.018311;8.092293;4.864504
1521665972424;-8.271973;8.556648;5.0942407
1521665972434;-8.092285;8.587654;5.3095727
1521665972451;-6.7788086;8.585213;5.678103
1521665972473;-6.2355957;7.822025;5.8193383
1521665972492;-5.422119;8.044441;6.4318876
1521665972517;-5.4699707;10.277109;5.3024926
1521665972524;-4.89563;9.740975;5.589602
1521665972531;-4.6204834;9.123788;5.8647485
1521665972543;-4.390747;8.403572;6.2428007
1521665972551;-3.8547974;8.2480545;6.611331
1521665972564;-3.9433594;8.506355;6.845828
1521665972571;-3.7926025;9.238534;6.2978544
1521665972584;-3.9505005;9.788827;5.032107
1521665972591;-3.5222168;9.779305;3.3020637
1521665972612;-3.067566;7.286136;4.7425556
1521665972638;-2.1367798;7.259769;4.5631123
1521665972655;-1.7946167;7.2047153;3.0029914
1521665972678;-0.4785614;5.5034204;2.818726
1521665972684;0.22013855;5.54407;3.0556037
1521665972691;0.74176025;6.175784;3.6466072
1521665972717;1.4500428;5.982058;4.055788
1521665972724;2.2444463;4.4577656;3.7255867
1521665972732;2.8857427;4.6348896;3.4982917
1521665972744;3.069947;5.1876245;3.4910896
1521665972751;3.1297615;4.871706;3.5532844
1521665972764;3.2326667;4.5893574;3.2733772
1521665972779;3.6035774;4.060549;2.7469487
1521665972798;3.847657;4.0222187;2.7445073
1521665972827;4.340578;3.00055;3.0292976
1521665972834;5.259402;2.3664556;3.481507
1521665972845;5.115847;2.6895146;3.3020637
1521665972851;5.3072534;2.8833013;2.8474126
1521665972875;4.9123554;3.0795295;1.9357911
1521665972884;4.917238;3.1106575;1.9644777
1521665972893;4.7281513;3.6442268;2.3281865
1521665972927;5.154055;3.7064826;3.7016609
1521665972934;5.292849;3.323609;2.9550786
1521665972955;4.740114;6.0657988;2.6105351
1521665972968;4.651613;5.893435;2.7014775
1521665972972;4.460207;5.17322;3.1561286
1521665972992;4.713747;3.816529;3.2565925
1521665973018;3.9649055;4.522341;3.6251228
1521665973024;3.4504402;4.979372;3.2230842
1521665973035;3.2757576;5.8024926;3.062806
1521665973052;2.6632085;7.058719;3.1369636
1521665973073;2.749329;5.438845;4.1921406
1521665973093;2.6129155;7.1879916;4.074953
1521665973118;2.0984502;8.547127;4.137087
1521665973124;1.7874147;8.798347;4.029421
1521665973131;1.6127626;7.8890414;4.484133
1521665973144;1.9166261;7.451175;4.967409
1521665973151;1.7706605;7.5229526;5.0224633
1521665973164;1.6845399;8.121101;4.567873
1521665973172;1.2250978;9.511239;5.3072534
1521665973197;1.2035829;8.15699;4.5271015
1521665973226;0.96669006;7.1544223;4.7999287
1521665973235;0.13399506;8.006355;5.5679955
1521665973244;-0.19860077;8.606941;5.261721
1521665973252;-0.4905243;8.767097;5.0727563
1521665973264;-0.5910187;9.042245;5.2761254
1521665973286;-1.0504456;7.34827;4.80237
1521665973300;-0.8231201;6.9510527;5.0057397
1521665973326;-1.1916199;7.606693;5.424441
1521665973335;-2.624878;8.963387;5.970095
1521665973357;-3.7112427;8.523201;5.3383813
1521665973377;-3.5006714;7.3698764;5.3095727
1521665973393;-4.2424316;7.6689487;6.4127226
1521665973417;-5.1278076;8.618904;6.1925077
1521665973425;-5.661377;8.975349;5.7714868
1521665973435;-6.123169;8.0588455;5.08948
1521665973448;-5.7211914;7.2502475;5.034426
1521665973452;-5.6254883;7.0994906;5.2330346
1521665973467;-5.984375;7.063602;5.5153832
1521665973472;-6.04187;7.2622104;6.0441923
1521665973493;-6.1446533;6.4199247;5.008059
1521665973518;-6.5897217;6.415042;5.151736
1521665973525;-6.685547;6.4510527;5.151736
1521665973533;-6.9439697;6.2858915;5.285647
1521665973544;-7.11145;6.0466337;4.857424
1521665973552;-7.2908936;5.62781;4.7161884
1521665973565;-7.7023926;5.5537133;4.953127
1521665973572;-8.025391;5.9340844;5.008059
1521665973585;-8.283936;6.187747;5.166018
1521665973592;-8.192871;6.230838;5.1062036
1521665973615;-8.085205;5.386233;4.787966
1521665973625;-8.015869;5.077517;4.828615
1521665973645;-7.6497803;4.821535;4.984133
1521665973665;-7.877075;4.833498;4.2424335
1521665973687;-8.822266;4.7545185;3.9577034
1521665973692;-8.80542;4.6419697;3.6969001
1521665973718;-8.786377;4.5151386;4.1228046
1521665973736;-8.702637;4.522341;4.2113056
1521665973753;-8.669189;4.567873;4.6419697
1521665973765;-9.023193;4.871706;4.8238544
1521665973777;-8.7146;4.4146748;4.1849384
1521665973793;-8.93457;3.8787239;3.2398689
1521665973818;-9.052002;4.699465;3.8571784
1521665973834;-9.217041;3.9983528;3.550904
1521665973845;-8.862793;3.1513069;4.118044
1521665973852;-8.793457;4.524782;4.345339
1521665973865;-8.611572;5.015261;4.2974873
1521665973877;-8.341309;4.9003925;4.3884296
1521665973885;-8.125977;4.6778584;4.541506
1521665973892;-7.786133;4.6157246;4.5343037
1521665973918;-7.697632;5.0560327;4.587038
1521665973934;-7.697632;5.058352;4.9937763
1521665973953;-7.781372;4.9960957;5.1301293
1521665973973;-7.9178467;5.1109643;5.05115
1521665973994;-8.068359;6.099246;4.941164
1521665974018;-8.252686;5.08948;4.7496357
1521665974033;-7.9368896;5.4675317;5.3192163
1521665974054;-8.891602;6.288333;5.1445336
1521665974073;-9.561523;6.130374;5.158816
1521665974094;-10.195801;6.907962;5.1827416
1521665974117;-8.542236;7.2692904;5.9101586
1521665974119;-8.439453;6.826663;6.2428007
1521665974133;-8.130615;7.4224887;5.70447
1521665974153;-8.755127;7.9657016;5.4794946
1521665974175;-7.5373535;8.664314;6.7404814
1521665974194;-7.755127;7.9345737;6.8291044
1521665974218;-7.3028564;7.183231;6.2595243
1521665974225;-6.939087;10.461191;5.1373315
1521665974233;-7.7263184;10.894297;5.4914575
1521665974245;-7.7263184;9.638192;5.3144555
1521665974252;-6.6256104;8.422615;5.0368676
1521665974265;-6.1710205;7.5804477;6.041873
1521665974271;-5.8288574;7.075565;6.4318876
1521665974285;-5.546509;7.032474;5.9987817
1521665974291;-5.1134033;7.1234164;5.994021
1521665974307;-4.6204834;9.190682;4.8118916
1521665974311;-4.2998047;10.810556;4.390749
1521665974326;-4.397949;10.427744;4.7592793
1521665974345;-3.402588;7.1544223;5.347903
1521665974365;-2.1415405;6.1710234;5.7642846
1521665974381;-2.2061768;7.640262;5.489016
1521665974396;-2.3903809;8.877205;4.986574
1521665974399;-2.3425293;9.157235;4.175417
1521665974415;-1.8305054;8.479988;3.177613
1521665974425;-0.55033875;6.2165556;4.1275654
1521665974434;0.0047855377;6.635257;4.7784443
1521665974453;0.39720154;8.616463;4.3166523
1521665974474;0.7728729;8.252693;2.0578008
1521665974494;1.0360719;7.164066;1.9094545
1521665974517;1.5098573;6.695071;2.4358525
1521665974520;2.1080327;5.8073754;2.9120488
1521665974533;3.670533;5.0105004;3.4887092
1521665974554;4.498415;4.7664814;2.122376
1521665974566;4.2735615;5.0607934;2.4860845
1521665974573;3.9122322;4.5151386;3.1536872
1521665974586;4.2663593;3.7830207;3.2326667
1521665974593;5.6063256;4.4458027;2.0505986
1521665974615;6.1829863;3.873963;0.6436615
1521665974638;5.974856;3.019715;0.33738708
1521665974658;6.0274687;2.6942754;2.9550786
1521665974678;6.2978544;2.1008916;4.098879
1521665974686;6.673465;1.6079713;2.4932866
1521665974693;6.745364;2.1271977;1.7443544
1521665974716;6.5443144;2.8474126;1.615143
1521665974726;6.1829863;4.594118;1.8233033
1521665974733;5.8073754;5.0919213;2.0745244
1521665974746;5.848025;4.857424;2.172669
1521665974753;6.1087675;4.4266376;2.2564092
1521665974766;6.503665;3.73993;1.7586976
1521665974781;6.9104033;3.790223;1.7108461
1521665974797;6.441409;4.6204853;1.8137513
1521665974800;5.5369897;5.7259545;2.1439214
1521665974828;5.735476;6.072879;2.3616948
1521665974837;6.1470976;3.9863899;2.6297002
1521665974846;6.5275908;4.3740253;2.4717412
1521665974853;6.546756;5.158816;3.0220954
1521665974868;6.092044;6.0394316;2.938355
1521665974877;5.7187524;6.3935575;2.4597783
1521665974886;5.6636987;6.326541;2.445435
1521665974893;5.6876245;6.8219023;2.5411382
1521665974918;5.3095727;6.864993;2.868958
1521665974920;5.635012;6.407962;3.28534
1521665974934;5.862307;6.1016874;3.474366
1521665974954;5.6566186;7.362674;4.1467304
1521665974975;5.278567;6.927127;3.6035774
1521665974994;4.8621845;7.147342;3.2901008
1521665975018;4.852541;7.247806;3.5054328
1521665975020;4.397951;7.5277133;3.6155403
1521665975034;4.1108418;7.221439;3.4910896
1521665975054;3.8596199;6.9104033;3.8811042
1521665975075;3.962464;6.872073;4.2352314
1521665975094;3.9002693;8.164314;4.6611347
1521665975118;3.5102546;8.001472;4.579836
1521665975120;3.304444;7.9847445;4.47217
1521665975133;3.050843;7.398563;4.2113056
1521665975154;2.6655889;7.7240024;4.699465
1521665975175;2.8258672;8.535164;5.0057397
1521665975195;2.2922978;7.7933383;4.3117695
1521665975218;1.9238282;7.886722;4.984133
1521665975220;1.5002748;7.8197055;4.984133
1521665975234;1.4021913;8.018318;4.3955097
1521665975254;1.2849427;9.1023035;4.720949
1521665975275;0.8614044;8.135506;4.6204853
1521665975295;0.51205444;8.07325;5.735476
1521665975318;0.045463562;7.6737094;5.843264
1521665975321;-0.1387825;7.609134;5.8336205
1521665975334;-0.11485481;8.52784;5.919802
1521665975346;-0.19860077;8.628426;5.469973
1521665975354;-0.45224;8.470467;5.082278
1521665975367;-0.5814514;8.583015;4.921999
1521665975373;-0.7585144;8.975349;5.3095727
1521665975387;-0.9882355;9.142831;5.613528
1521665975393;-1.2777405;8.396248;5.5560327
1521665975416;-1.1916199;7.3459506;5.6110864
1521665975427;-1.1317749;7.5971713;5.670901
1521665975434;-1.3064575;7.589969;5.37427
1521665975446;-1.7611084;7.5277133;6.0705595
1521665975454;-1.8903198;8.14991;6.072879
1521665975477;-2.5698853;8.654793;5.862307
1521665975498;-2.524414;8.037361;5.1253686
1521665975520;-2.4430542;7.3913608;5.5417504
1521665975537;-2.6368408;7.228641;6.0441923
1521665975542;-2.897705;7.0085483;6.010745
1521665975558;-3.2398682;7.252567;6.0633574
1521665975583;-3.5772095;6.960696;5.6613793
1521665975595;-3.605957;6.699832;5.122927
1521665975600;-3.7112427;6.218875;5.039187
1521665975627;-3.928955;6.4700956;5.7379174
1521665975630;-4.249634;7.159305;6.1207304
1521665975642;-4.637207;6.7596464;6.03699
1521665975658;-4.826294;6.168582;5.761843
1521665975678;-5.087036;6.0011015;5.532107
1521665975687;-5.6326904;6.3432646;5.8264184
1521665975694;-5.6636963;6.211673;5.66614
1521665975717;-5.831299;5.843264;5.962893
1521665975719;-6.0322266;5.685305;5.924563
1521665975736;-6.331299;5.608767;5.9293237
1521665975739;-6.4869385;5.513064;5.5417504
1521665975758;-6.7165527;5.407717;5.41968
1521665975767;-6.735718;5.5345483;5.455569
1521665975776;-7.001343;5.685305;5.6494164
1521665975797;-7.022827;5.809695;5.5369897
1521665975800;-7.52063;6.206912;5.462771
1521665975828;-7.805298;6.0250273;5.3144555
1521665975837;-7.5421143;4.567873;4.9770527
1521665975855;-7.7910156;4.385988;5.70447
1521665975876;-7.793335;4.0413837;5.0057397
1521665975887;-8.410645;4.7999287;4.9052753
1521665975894;-8.446533;4.6539326;4.632448
1521665975918;-8.733643;4.7664814;4.1036396
1521665975920;-7.31958;3.8045661;4.5631123
1521665975935;-8.518311;4.1849384;4.390749
1521665975955;-8.616455;3.7136238;4.610964
1521665975976;-8.446533;3.6466072;4.541506
1521665975996;-9.001709;3.8212898;3.885926
1521665976018;-8.831787;4.048586;3.9720466
1521665976020;-8.956299;4.1108418;4.1419697
1521665976034;-8.635498;4.132326;4.218508
1521665976055;-8.673828;3.7447517;4.0413837
1521665976077;-8.542236;3.2111213;4.02466
1521665976096;-8.625977;2.8713384;3.7806404
1521665976118;-8.647461;2.926392;3.4791267
1521665976120;-8.647461;2.926392;3.4384773
1521665976136;-8.678711;3.6442268;3.323609
1521665976155;-8.508789;3.1608894;3.2255256
1521665976177;-8.5686035;2.7397466;3.4169319
1521665976196;-8.606934;2.4860845;3.5939949
1521665976218;-8.477539;3.139344;3.6610115
1521665976220;-8.489502;3.6873176;3.8069465
1521665976235;-8.381836;3.90503;3.6251228
1521665976255;-8.3220215;4.206545;3.7543342
1521665976277;-8.748047;4.2471943;3.7136238
1521665976296;-8.527832;4.4051533;4.0007343
1521665976318;-8.501465;4.397951;3.8428352
1521665976320;-8.578125;4.0581074;3.866761
1521665976335;-8.085205;3.8212898;4.194582
1521665976347;-8.386719;3.2542121;3.7232063
1521665976354;-8.386719;3.4456184;3.582032
1521665976368;-8.487305;4.2160664;3.8596199
1521665976374;-8.625977;4.9387226;4.086916
1521665976394;-8.637939;4.902834;4.5008564
1521665976417;-8.405762;4.101198;4.295046
1521665976428;-8.149902;4.0413837;4.8884296
1521665976434;-8.295898;4.984133;5.323977
1521665976448;-9.028076;5.1995873;4.7976093
1521665976454;-9.341553;5.1564965;4.0341816
1521665976468;-8.8029785;5.5106225;4.055788
1521665976475;-8.903564;6.510867;4.094118
1521665976488;-9.310303;7.609134;4.2543964
1521665976494;-8.9729;7.4464145;5.17322
1521665976520;-8.831787;6.0657988;5.6613793
1521665976538;-8.977783;5.723513;5.989138
1521665976542;-9.99707;7.077884;5.3024926
1521665976551;-8.384277;7.120975;5.54407
1521665976568;-9.269775;8.602058;5.2521996
1521665976575;-8.819824;9.162118;6.214114
1521665976588;-8.748047;8.283943;6.7165556
1521665976595;-8.233643;7.4152865;7.020511
1521665976621;-7.7095947;7.202396;7.0731235
1521665976637;-7.7980957;7.4727817;6.0130644
1521665976642;-7.2214355;8.819832;5.304812
1521665976651;-6.932007;10.750742;5.0727563
1521665976659;-7.824463;10.980478;5.7905297
1521665976678;-7.805298;9.932382;5.7523217
1521665976679;-6.604126;8.865242;6.295413
1521665976698;-5.960449;8.0900955;6.5634794
1521665976701;-5.6900635;7.5971713;6.3671904
1521665976728;-4.4266357;10.200449;5.7139916
1521665976748;-3.972046;8.444099;5.4531274
1521665976756;-3.4336548;7.905887;4.895632
1521665976768;-3.163269;7.159305;5.17322
1521665976779;-2.9885864;6.6711454;5.108645
1521665976796;-1.9644775;9.159677;3.7877815
1521665976821;-1.9597168;8.463387;3.7160041
1521665976836;-0.76091003;5.8575463;3.6633918
1521665976848;0.04785633;4.259157;4.1778584
1521665976855;1.3495485;4.9123554;3.847657
1521665976878;1.5266114;7.0922885;3.012513
1521665976888;1.722809;6.6280546;2.5244145
1521665976895;2.172669;5.8144555;2.6081548
1521665976915;2.1702886;5.5679955;2.5866094
1521665976919;2.3018804;5.513064;2.6895146
1521665976938;2.7086186;4.9626484;2.4406743
1521665976941;3.873963;4.594118;1.6199342
1521665976958;4.4123554;4.484133;1.201172
1521665976959;4.3764668;4.6276875;1.4643861
1521665976988;4.991335;3.49347;2.4119267
1521665976995;4.936281;3.227906;2.5985723
1521665977017;5.3574243;2.7517095;1.4715577
1521665977019;5.259402;2.6703496;1.1652833
1521665977036;5.3646264;3.4073493;1.6653749
1521665977056;5.6995873;3.3571174;2.660767
1521665977077;5.7379174;2.7684941;2.5076299
1521665977097;6.0322294;2.6583867;1.5170289
1521665977128;5.6446557;5.2186303;2.4334722
1521665977139;5.4866967;5.723513;2.01471
1521665977156;5.66614;4.845461;2.230103
1521665977178;5.905398;4.7664814;2.388001
1521665977195;5.62073;4.5773945;3.012513
1521665977218;5.431643;4.933962;3.3092659
1521665977236;5.3574243;5.438845;3.5461433
1521665977257;4.883669;5.5728784;3.0173347
1521665977278;4.2974873;7.171268;3.7327888
1521665977295;4.6396503;6.5275908;4.8669453
1521665977318;4.51758;7.7000766;4.991335
1521665977336;4.4266376;7.575565;4.448244
1521665977357;3.7255867;7.8508334;4.275881
1521665977368;3.7016609;7.697635;4.783205
1521665977375;3.7327888;7.7359653;5.405276
1521665977401;3.5532844;7.4200473;5.096682
1521665977437;2.7349858;8.530281;3.9577034
1521665977439;2.1199956;9.140389;4.2232685
1521665977458;1.7347718;8.709724;4.0581074
1521665977461;1.6917115;8.018318;4.295046
1521665977477;1.6079713;6.711795;5.1445336
1521665977497;1.2466432;8.209724;4.098879
1521665977522;0.28713226;9.044686;4.6396503
1521665977530;0.25602722;8.889168;4.7735615
1521665977539;0.277565;8.147469;5.2186303
1521665977556;0.4402771;6.8553495;6.104007
1521665977578;-0.2153511;9.030282;5.3957543
1521665977596;-0.66041565;9.530526;5.3574243
1521665977618;-0.6460571;8.52784;5.9150414
1521665977638;-1.0265198;7.322025;6.2930937
1521665977657;-1.1676941;7.802982;6.053836
1521665977677;-1.8065796;7.6497836;5.012942
1521665977696;-2.2085571;8.389168;4.967409
1521665977738;-2.416748;8.4824295;6.2739286
1521665977763;-2.782837;8.302986;5.5728784
1521665977769;-2.7277832;7.659427;5.8455834
1521665977784;-2.789978;7.3913608;5.716433
1521665977804;-3.270935;6.465335;5.9796166
1521665977822;-3.8428345;7.2884555;5.87427
1521665977829;-3.9457397;7.7933383;6.0059843
1521665977840;-4.0270996;8.403572;5.824099
1521665977857;-4.2113037;7.4008822;5.496218
1521665977869;-4.07251;7.0491977;5.7905297
1521665977880;-4.3573;6.69263;5.754641
1521665977896;-4.752075;6.4749784;6.144656
1521665977923;-5.2091064;7.0228305;5.443606
1521665977929;-5.3598633;7.805301;5.020144
1521665977940;-5.522583;7.0659213;5.12781
1521665977957;-5.4052734;5.8455834;5.407717
1521665977978;-5.611084;5.17322;5.7020288
1521665977997;-6.1136475;5.2761254;5.496218
1521665978023;-6.5874023;6.123172;4.814333
1521665978029;-6.527588;6.2595243;4.9698505
1521665978040;-6.4989014;6.6065702;4.914797
1521665978057;-6.6016846;6.2739286;5.0607934
1521665978078;-6.5946045;4.96509;5.4172387
1521665978098;-6.6567383;4.6611347;5.1612573
1521665978123;-7.166504;5.62073;4.8166523
1521665978129;-7.5755615;5.7067895;4.6922626
1521665978140;-7.704834;5.508181;4.6658955
1521665978157;-8.214355;4.7425556;4.5773945
1521665978177;-8.032471;4.30945;4.4960957
1521665978196;-7.989624;4.4313984;4.809572
1521665978218;-7.920166;4.7496357;4.290285
1521665978229;-8.152344;4.4243183;4.6707783
1521665978244;-8.051758;4.256716;4.5151386
1521665978262;-8.571045;4.560671;4.455324
1521665978282;-8.063721;4.3309345;4.2471943
1521665978304;-8.0563965;4.151491;4.359621
1521665978322;-8.18335;4.0031757;4.6348896
1521665978330;-8.279053;3.9720466;4.6922626
1521665978346;-8.156982;3.8883064;4.9003925
1521665978350;-8.286133;3.7830207;4.7688007
1521665978360;-8.180908;3.7184455;4.448244
1521665978378;-8.149902;3.5222175;3.73993
1521665978396;-8.583008;4.1801777;3.5676887
1521665978399;-8.729004;3.9194343;3.6107185
1521665978422;-8.477539;3.5173957;4.0222187
1521665978436;-8.468018;3.139344;3.9385383
1521665978439;-8.374756;2.995789;3.8117073
1521665978458;-8.405762;3.4839485;3.7304084
1521665978478;-8.530273;3.5341804;3.1513069
1521665978498;-8.571045;3.759095;3.5963752
1521665978526;-8.781494;3.2877204;3.3786628
1521665978531;-8.625977;3.347535;3.3020637
1521665978540;-8.456055;3.385804;3.632264
1521665978557;-8.518311;3.6466072;3.4575813
1521665978570;-8.606934;4.060549;3.6490486
1521665978579;-8.685791;4.18738;3.7255867
1521665978597;-8.561279;3.3451545;3.9481208
1521665978617;-8.444092;2.653626;4.0151386
1521665978619;-8.621338;2.7205815;3.6801155
1521665978638;-8.630859;3.1177986;3.4695442
1521665978640;-8.731201;3.4695442;3.2565925
1521665978664;-8.958496;3.6681526;2.388001
1521665978683;-8.915527;3.9218147;2.2156987
1521665978697;-8.968262;2.622498;2.7182012
1521665978737;-8.403564;2.0123296;2.742127
1521665978740;-8.489502;2.376038;3.1465461
1521665978757;-8.953857;2.888123;2.8234868
1521665978770;-8.948975;2.8139043;2.7062383
1521665978782;-8.776855;2.7565312;2.691895
1521665978796;-8.707275;2.5603032;3.00055
1521665978799;-8.659424;2.4334722;2.888123
1521665978823;-8.80542;3.0842903;2.4741216
1521665978837;-9.24585;3.455201;2.1248174
1521665978857;-8.898682;3.0938728;2.4789433
1521665978877;-8.963379;1.957306;2.514832
1521665978890;-8.795898;2.0051274;2.4646
1521665978900;-8.640381;2.3162236;2.6177373
1521665978951;-8.602051;2.703858;2.6248784
1521665978965;-9.018311;2.4885259;2.0936894
1521665978973;-9.162109;2.5244145;1.9022828
1521665978986;-9.133301;3.2828987;1.8017884
1521665979045;-9.219482;3.08191;2.091309
