1521665022490;0.9099884;0.13999939;-0.48999786
1521665022510;3.4299934;-0.69999695;-0.13999939
1521665022530;6.4399443;-0.769989;0.83999634
1521665022544;6.159915;-0.34999847;1.4699708
1521665022552;5.4599633;-0.48999786;2.099976
1521665022565;6.9299345;-1.6099854;2.729981
1521665022572;7.769901;-3.709961;3.989991
1521665022585;8.119881;-6.579956;5.599978
1521665022593;12.319836;-7.419922;6.2299833
1521665022607;13.859876;-6.089966;5.6699243
1521665022613;12.879894;-5.5999756;4.8999043
1521665022630;13.859876;-4.6899414;4.8999043
1521665022638;14.069838;-8.049805;5.3199487
1521665022648;17.009798;-12.949951;7.0699496
1521665022654;21.00004;-15.189941;7.9099154
1521665022667;21.279825;-16.869629;8.539803
1521665022674;19.1099;-18.549805;9.44996
1521665022687;15.819839;-18.47998;8.539803
1521665022694;14.419935;-16.939941;6.78992
1521665022707;17.500032;-12.669922;5.1099877
1521665022714;19.529821;-10.709961;4.3399677
1521665022727;18.899937;-11.129883;3.149964
1521665022736;16.659698;-11.619873;2.939942
1521665022747;15.889907;-10.919922;1.6099855
1521665022754;15.469985;-8.329834;-0.9099884
1521665022768;15.049819;-6.0198975;-4.129883
1521665022774;14.839857;-5.1099854;-4.409912
1521665022788;15.819839;-4.8999023;-3.3599854
1521665022794;18.269566;-4.199951;-2.6599731
1521665022807;21.98002;-1.75;-2.5199585
1521665022814;25.269579;-0.69999695;-3.9899902
1521665022827;27.789602;1.1199952;-5.25
1521665022835;26.599659;4.619997;-3.4299927
1521665022847;21.00004;8.329842;-1.6099854
1521665022854;13.929944;13.089856;0.9099884
1521665022867;5.6699243;16.379913;4.4799824
1521665022874;2.5899663;20.64994;5.389895
1521665022889;8.189949;21.00004;4.3399677
1521665022895;13.509778;20.369667;3.359986
1521665022918;9.309823;23.939985;6.5098906
1521665022941;3.0099494;39.13003;1.3299867
1521665022948;2.6599736;41.09;-0.69999695
1521665022960;9.099862;41.719883;-2.0999756
1521665022969;15.750014;40.809723;-2.5199585
1521665022975;16.379913;41.719883;-3.1499634
1521665022988;18.409702;47.6701;-11.129883
1521665022999;20.929726;47.949398;-15.819824
1521665023006;17.849642;47.80975;-19.25
1521665023012;11.899913;52.149612;-20.929688
1521665023027;5.6699243;54.739464;-24.219727
1521665023033;-1.3299866;60.340073;-22.889648
1521665023045;-5.3199463;61.52953;-25.269531
1521665023052;-9.23999;62.85961;-25.129883
1521665023067;-12.389893;66.7798;-27.78955
1521665023072;-12.179932;68.31888;-32.05957
1521665023086;-17.779785;68.529816;-34.229492
1521665023092;-17.429688;66.988785;-33.039062
1521665023105;-20.649902;71.32867;-30.869629
1521665023112;-16.239746;71.46929;-32.8291
1521665023126;-8.959961;68.25052;-28.55957
1521665023137;-7.7698975;63.840084;-31.149902
1521665023148;-7.699951;61.31957;-32.969727
1521665023154;-10.5;59.079327;-32.689453
1521665023168;-14.0;53.829304;-32.05957
1521665023173;-16.449707;52.359573;-31.149902
1521665023187;-16.169922;57.53928;-32.479492
1521665023194;-14.139893;56.699432;-35.0
1521665023207;-10.709961;59.079327;-37.029297
1521665023213;-11.829834;52.219925;-35.69922
1521665023229;-10.709961;48.92987;-34.649414
1521665023236;-3.0099487;43.189617;-33.45996
1521665023248;-5.1099854;39.6896;-37.30957
1521665023254;5.2500024;37.799946;-33.59961
1521665023268;-0.069999695;38.429832;-34.299805
1521665023275;-2.5199585;37.65932;-33.319336
1521665023288;-0.69999695;35.630016;-33.039062
1521665023295;3.9199836;31.079649;-32.689453
1521665023308;2.7999883;28.069878;-30.72998
1521665023314;9.93995;24.079636;-30.869629
1521665023330;15.819839;18.829624;-28.419922
1521665023337;16.730011;17.569857;-28.0
1521665023348;16.3096;15.399917;-25.969727
1521665023354;11.409923;12.599865;-25.05957
1521665023368;12.039806;12.389904;-22.889648
1521665023374;11.759776;9.729989;-22.189941
1521665023388;12.389904;6.2299833;-20.509766
1521665023394;12.879894;2.519959;-18.759766
1521665023407;9.659921;-1.1899719;-14.769775
1521665023414;3.149964;-4.2698975;-9.449951
1521665023430;-1.4699707;-7.1398926;-4.8999023
1521665023438;-0.9799957;-10.289795;0.41999817
1521665023448;1.399994;-15.399902;3.569947
1521665023454;4.9699726;-18.269531;5.9499536
1521665023467;4.0599384;-20.57959;9.16993
1521665023474;-1.1199951;-22.049805;11.199962
1521665023488;-1.0499878;-23.30957;13.299817
1521665023494;-1.3299866;-25.199707;14.2797985
1521665023507;-3.9899902;-27.719727;17.009798
1521665023514;-4.8999023;-29.819824;20.64994
1521665023537;-11.689941;-32.969727;26.80962
1521665023548;-9.72998;-36.259766;30.16998
1521665023555;-11.409912;-40.529297;29.189997
1521665023568;-12.389893;-41.229492;29.539606
1521665023574;-12.459961;-42.69922;27.859915
1521665023588;-11.619873;-43.049805;29.119684
1521665023594;-12.319824;-44.589844;30.029842
1521665023607;-18.05957;-45.989258;32.479614
1521665023614;-16.30957;-49.489258;36.609512
1521665023639;-20.929688;-54.94922;38.989403
1521665023648;-17.07959;-54.45996;39.26968
1521665023654;-19.949707;-55.5791;37.519672
1521665023668;-24.429688;-60.899414;36.609512
1521665023674;-22.679688;-63.629883;35.559704
1521665023687;-21.20996;-63.90918;34.789192
1521665023694;-17.009766;-64.18945;35.699352
1521665023707;-17.149902;-71.958984;38.989403
1521665023714;-23.449707;-75.458984;39.61929
1521665023730;-16.09961;-78.259766;39.899563
1521665023736;-7.419922;-81.4082;41.019688
1521665023748;-0.27999878;-83.43945;37.170063
1521665023754;4.2698994;-77.48828;34.719856
1521665023768;16.3096;-63.279297;31.919981
1521665023774;23.589888;-55.36914;29.04986
1521665023788;17.149935;-57.75;30.239803
1521665023794;17.219759;-69.1582;31.989805
1521665023808;16.589874;-78.958984;34.509895
1521665023814;9.239999;-87.708984;35.769665
1521665023830;2.519959;-86.93945;37.729633
1521665023838;-11.269775;-82.94922;36.469864
1521665023848;-11.339844;-62.789062;39.6896
1521665023854;3.0099494;-40.179688;34.929817
1521665023868;7.4899936;-33.179688;27.15972
1521665023874;2.6599736;-35.13965;29.04986
1521665023888;-1.9599915;-48.15918;30.589901
1521665023896;-6.7199707;-61.66992;26.739796
1521665023910;-14.3498535;-71.11914;25.12993
1521665023921;-18.619629;-71.11914;28.279839
1521665023941;-14.699951;-65.728516;26.529835
1521665023958;-0.27999878;-53.61914;19.739782
1521665023967;22.049847;-45.63965;10.849863
1521665023973;26.599659;-45.359375;10.639902
1521665023986;23.379927;-49.13965;14.419935
1521665023993;13.369885;-54.739258;16.239777
1521665024007;-20.159668;-53.759766;19.179724
1521665024013;-24.70996;-49.0;18.96976
1521665024029;-17.989746;-46.05957;18.549839
1521665024033;-9.869873;-46.26953;16.939972
1521665024046;-2.6599731;-47.179688;17.849642
1521665024053;4.199953;-46.899414;19.809607
1521665024069;3.4299934;-43.95996;23.799849
1521665024075;-1.0499878;-39.479492;26.949757
1521665024088;-18.269531;-38.0791;26.389698
1521665024094;-27.78955;-31.989746;26.179737
1521665024108;-26.879883;-28.489746;27.019583
1521665024115;-24.359863;-24.639648;23.589888
1521665024139;-4.6899414;-25.759766;19.1099
1521665024148;5.0399194;-25.689941;20.579628
1521665024156;24.77983;-27.22998;22.469769
1521665024168;25.549852;-28.699707;19.739782
1521665024177;10.149912;-25.47998;20.719765
1521665024189;-5.529907;-24.009766;23.939985
1521665024196;-11.969971;-25.409668;21.55961
1521665024208;-9.309814;-31.639648;12.319836
1521665024216;1.8199769;-35.979492;2.6599736
1521665024231;12.949963;-55.5791;7.349979
1521665024238;7.55994;-49.20996;23.939985
1521665024248;9.869882;-30.379883;23.799849
1521665024256;17.779818;-12.179932;15.609878
1521665024269;22.399944;-1.8199768;9.93995
1521665024275;25.549852;-5.8099365;12.599865
1521665024288;21.55961;-16.589844;15.959975
1521665024295;9.519784;-24.779785;15.399917
1521665024308;0.55999756;-21.839844;13.859876
1521665024315;5.0399194;-11.969971;10.009775
1521665024338;35.000134;3.2899787;4.619997
1521665024348;29.119684;7.139896;2.4499516
1521665024355;20.859901;4.199953;1.7500001
1521665024368;8.8899;5.879885;1.8899843
1521665024375;2.729981;7.349979;0.069999695
1521665024389;2.4499516;9.799813;-3.079956
1521665024396;5.5299096;13.719983;-3.2199707
1521665024408;20.230019;17.569857;-3.4299927
1521665024415;32.619263;21.839884;-7.7698975
1521665024431;29.119684;26.80962;-11.619873
1521665024438;17.989779;32.339966;-13.369873
1521665024451;9.379891;37.09975;-16.239746
1521665024457;8.259773;46.479668;-14.139893
1521665024469;14.909925;43.750164;-16.30957
1521665024477;22.609905;43.04997;-24.28955
1521665024490;26.46001;42.90934;-25.409668
1521665024496;27.579641;46.199394;-24.919922
1521665024509;19.31986;46.619316;-30.519531
1521665024516;14.909925;52.639847;-33.38965
1521665024538;6.579959;59.639874;-35.979492
1521665024548;15.609878;61.670155;-38.91992
1521665024555;22.88969;56.420135;-42.069336
1521665024569;24.009811;60.40941;-41.299805
1521665024575;12.250011;63.90942;-43.819336
1521665024589;-0.20999908;77.9791;-44.16992
1521665024595;-3.1499634;90.649124;-45.359375
1521665024608;-2.5199585;98.13942;-49.13965
1521665024615;3.569947;102.27031;-52.219727
1521665024631;13.229993;93.23899;-54.319336
1521665024639;9.029794;72.729065;-56.839844
1521665024649;0.20999908;61.599842;-58.379883
1521665024656;5.0399194;57.469944;-60.61914
1521665024669;1.0499879;61.670155;-62.15918
1521665024675;-4.199951;75.10995;-60.969727
1521665024688;3.6399543;89.25068;-61.66992
1521665024695;6.369998;88.12958;-63.41992
1521665024708;13.089856;91.420616;-66.28906
1521665024715;10.99;92.32883;-68.87891
1521665024731;-6.2299805;104.22931;-67.4082
1521665024738;-19.109863;114.94032;-64.328125
1521665024748;-37.44922;114.45009;-54.739258
1521665024755;-56.20996;113.95985;-48.36914
1521665024768;-50.11914;109.27036;-48.509766
1521665024775;-39.61914;99.88943;-51.09961
1521665024788;-29.259766;89.9499;-51.65918
1521665024795;-24.009766;98.77028;-63.489258
1521665024809;-26.669922;106.39925;-70.0
1521665024816;-23.09961;107.450035;-62.36914
1521665024831;-12.5998535;100.79959;-56.55957
1521665024838;0.9099884;86.37956;-54.94922
1521665024848;14.000013;75.45956;-55.719727
1521665024856;19.669958;68.03958;-56.69922
1521665024869;18.619663;60.899643;-58.09961
1521665024875;16.519562;53.130085;-58.86914
1521665024890;19.809607;50.049995;-58.65918
1521665024895;17.289583;45.079273;-57.11914
1521665024909;9.029794;43.8195;-40.109375
1521665024915;9.099862;39.549953;-41.439453
1521665024931;8.750008;34.439583;-37.589844
1521665024937;10.21998;31.149961;-32.759766
1521665024948;6.159915;28.69976;-29.469727
1521665024956;-2.5199585;26.109913;-26.179688
1521665024969;-0.9799957;22.189983;-22.259766
1521665024975;-0.769989;17.149935;-19.739746
1521665024988;-0.41999817;12.529797;-17.07959
1521665024995;-2.2399902;7.629886;-10.639893
1521665025009;-5.8099365;3.569947;-6.4399414
1521665025016;-5.039917;-0.9799957;-1.3999939
1521665025040;-6.6499023;-7.1398926;10.779795
1521665025048;-7.909912;-8.75;15.119887
1521665025056;-5.3199463;-11.47998;17.919954
1521665025069;-3.289978;-15.539795;19.669958
1521665025076;-0.55999756;-19.109863;21.699747
1521665025089;-2.0299683;-22.75;23.23979
1521665025097;-2.2399902;-24.919922;27.36968
1521665025109;-7.5599365;-26.319824;28.909721
1521665025116;-7.279907;-26.669922;31.849669
1521665025138;1.9599916;-33.45996;32.899536
1521665025156;7.349979;-42.41992;35.06947
1521665025170;4.409914;-47.66992;36.049942
1521665025177;2.2399907;-48.929688;39.899563
1521665025189;-2.0999756;-49.34961;45.149586
1521665025196;-4.619995;-45.91992;45.50017
1521665025208;-2.7999878;-45.289062;46.269707
1521665025215;-9.72998;-48.509766;48.649597
1521665025241;-30.869629;-48.929688;41.719883
1521665025248;-33.319336;-52.569336;40.599762
1521665025255;-37.51953;-60.19922;37.09975
1521665025269;-37.799805;-63.20996;38.289207
1521665025276;-33.59961;-70.34961;42.55973
1521665025289;-36.95996;-75.5293;46.199394
1521665025296;-38.569336;-75.109375;42.630043
1521665025309;-31.989746;-74.61914;40.109528
1521665025316;-13.929932;-66.708984;38.14956
1521665025339;-0.83999634;-62.859375;33.949345
1521665025349;-8.679932;-65.86914;32.549927
1521665025356;-14.139893;-69.43945;32.269653
1521665025369;-18.129883;-70.62891;34.649544
1521665025376;-19.25;-74.05859;35.909313
1521665025389;-13.859863;-62.299805;36.39955
1521665025396;-3.6399536;-54.179688;31.849669
1521665025409;6.0899687;-46.40918;29.539606
1521665025437;19.599646;-44.44922;29.25982
1521665025444;18.7598;-49.41992;27.789602
1521665025459;-3.5;-61.80957;30.449764
1521665025464;-25.619629;-56.279297;31.71002
1521665025478;-24.70996;-31.5;27.089895
1521665025489;-3.709961;-33.45996;23.44975
1521665025496;22.67973;-41.01953;19.809607
1521665025508;34.22962;-47.739258;16.589874
1521665025516;36.32924;-44.939453;13.229993
1521665025538;16.730011;-33.179688;16.169952
1521665025549;-6.369995;-30.869629;22.960003
1521665025556;-22.189941;-30.169922;24.219772
1521665025569;-28.97998;-36.819336;19.599646
1521665025576;-33.179688;-48.649414;14.629896
1521665025590;-15.539795;-58.239258;15.469985
1521665025597;0.20999908;-57.189453;17.989779
1521665025609;7.0000033;-53.969727;19.31986
1521665025616;6.5098906;-46.129883;21.139688
1521665025636;-12.809814;-40.529297;29.119684
1521665025649;-13.439941;-39.339844;31.849669
1521665025657;-14.769775;-41.01953;31.71002
1521665025669;-20.649902;-41.229492;31.779844
1521665025676;-21.769531;-45.5;31.079649
1521665025689;-6.7199707;-60.969727;33.250126
1521665025696;3.149964;-65.86914;31.779844
1521665025709;18.269566;-69.859375;27.299856
1521665025716;13.299817;-63.13965;31.079649
1521665025737;-2.9399414;-47.879883;39.759914
1521665025749;0.769989;-52.84961;41.579258
1521665025756;13.859876;-62.01953;42.840004
1521665025770;23.309614;-72.93945;44.659348
1521665025777;20.230019;-82.80859;45.920094
1521665025790;9.44996;-69.36914;45.84978
1521665025797;7.0699496;-66.7793;43.750164
1521665025809;5.599978;-61.109375;40.880035
1521665025817;17.149935;-52.359375;37.65932
1521665025838;32.4093;-44.65918;40.17984
1521665025850;42.13981;-37.939453;40.039215
1521665025857;46.829277;-32.759766;40.460114
1521665025871;39.899563;-27.089844;39.969875
1521665025877;23.23979;-24.569824;39.899563
1521665025891;3.359986;-17.70996;39.61929
1521665025896;-12.669922;-17.5;34.15931
1521665025909;-24.569824;-17.639648;26.389698
1521665025916;-24.219727;-13.929932;18.480015
1521665025933;0.55999756;-11.759766;16.239777
1521665025944;10.919931;-6.579956;18.269566
1521665025957;18.619663;-3.7799683;12.879894
1521665025962;18.7598;4.7598896;5.809939
1521665025978;-11.899902;15.959975;-0.6299896
1521665025990;-18.759766;20.230019;-5.1799316
1521665025997;-20.089844;27.439993;-4.4799805
1521665026009;-10.919922;24.710007;-0.34999847
1521665026016;6.369998;17.989779;-9.169922
1521665026030;19.809607;17.42972;-22.189941
1521665026041;40.670074;25.199755;-23.029785
1521665026049;42.840004;44.449387;-20.089844
1521665026057;26.25005;53.130085;-25.47998
1521665026071;6.0899687;59.21995;-30.379883
1521665026077;-1.4699707;65.100105;-30.519531
1521665026090;-0.48999786;61.52953;-31.569824
1521665026097;5.7399926;58.590065;-33.66992
1521665026109;15.399917;56.349823;-35.90918
1521665026116;20.509804;57.469944;-41.089844
1521665026141;-0.48999786;61.250233;-48.859375
1521665026150;-8.259766;65.02979;-50.259766
1521665026157;-7.909912;79.170525;-56.69922
1521665026170;5.599978;85.4694;-59.429688
1521665026177;22.960003;89.879585;-57.679688
1521665026190;26.599659;87.56902;-56.69922
1521665026197;14.139906;83.020164;-56.069336
1521665026209;5.0399194;79.3092;-56.90918
1521665026217;-3.8499756;78.750595;-60.61914
1521665026238;6.2999296;84.77017;-65.6582
1521665026251;7.55994;92.04953;-64.75
1521665026257;13.649915;96.25073;-64.04883
1521665026271;12.179943;86.94011;-67.26953
1521665026278;5.179934;86.17058;-65.51953
1521665026290;4.1298847;82.52992;-66.359375
1521665026297;5.5299096;89.9499;-65.09961
1521665026309;1.9599916;99.119896;-63.90918
1521665026318;-8.469971;98.06911;-63.629883
1521665026340;-2.7299805;104.51056;-53.899414
1521665026350;-14.3498535;95.34057;-53.8291
1521665026357;-20.369629;93.94016;-49.839844
1521665026370;-23.029785;86.94011;-51.729492
1521665026377;-22.189941;86.65886;-54.66992
1521665026390;-16.09961;81.82874;-57.75
1521665026397;-7.279907;77.3502;-56.55957
1521665026409;8.469978;84.840485;-57.399414
1521665026417;10.99;92.190155;-63.34961
1521665026441;1.6799928;90.649124;-70.76953
1521665026450;-0.13999939;71.26031;-61.529297
1521665026457;4.0599384;65.72901;-59.289062
1521665026470;9.589852;57.32932;-61.739258
1521665026477;7.0000033;57.889866;-60.129883
1521665026490;13.299817;53.899616;-63.0
1521665026498;12.250011;48.229675;-64.328125
1521665026510;22.609905;50.259956;-61.179688
1521665026517;18.059605;44.30974;-68.458984
1521665026539;23.099653;47.109554;-81.61914
1521665026550;28.139702;41.29996;-63.20996
1521665026558;35.839977;35.48939;-55.01953
1521665026577;19.949743;30.589901;-51.239258
1521665026590;12.809826;26.739796;-51.239258
1521665026598;11.899913;19.389685;-39.8291
1521665026611;11.829844;9.029794;-26.529785
1521665026617;13.089856;2.8699956;-20.439941
1521665026640;3.2899787;-4.829956;-7.699951
1521665026651;-1.4699707;-8.399902;-2.0299683
1521665026657;-1.6099854;-12.73999;4.199953
1521665026671;0.769989;-15.959961;8.049812
1521665026677;2.1699834;-19.03955;11.969981
1521665026691;2.6599736;-20.57959;14.979994
1521665026697;2.8699956;-21.699707;18.199741
1521665026710;1.1199952;-22.32959;22.259808
1521665026717;-3.079956;-23.589844;28.559624
1521665026733;-8.889893;-25.689941;33.460087
1521665026750;-22.469727;-35.20996;46.13006
1521665026757;-25.409668;-43.88965;53.619343
1521665026771;-30.72998;-54.039062;58.09983
1521665026778;-31.149902;-56.839844;57.96018
1521665026791;-22.259766;-57.259766;56.840057
1521665026797;-15.119873;-54.38965;52.28926
1521665026810;-7.1398926;-51.939453;48.299988
1521665026818;1.189972;-52.289062;48.019714
1521665026840;-1.2599792;-67.4082;49.279484
1521665026851;1.399994;-84.2793;53.340046
1521665026858;-6.2999268;-97.64844;56.349823
1521665026878;-3.3599854;-93.30859;49.279484
1521665026897;-13.089844;-78.67969;50.75019
1521665026910;-18.409668;-73.14844;47.6701
1521665026918;-14.48999;-71.67969;46.75994
1521665026941;-16.30957;-91.06836;45.77947
1521665026950;-18.47998;-98.69922;45.920094
1521665026958;-16.169922;-92.75;51.02949
1521665026978;-23.72998;-51.16992;56.840057
1521665026991;-18.549805;-41.229492;56.769745
1521665026997;-9.799805;-37.51953;55.859585
1521665027010;3.9199836;-37.939453;52.429886
1521665027017;8.959969;-56.76953;43.960125
1521665027040;-8.75;-58.51953;41.78922
1521665027051;-25.899902;-46.969727;46.409355
1521665027058;-32.549805;-14.279785;49.699406
1521665027071;-27.57959;-4.829956;53.689655
1521665027077;-14.48999;-5.949951;43.46989
1521665027091;10.99;-13.159912;27.649954
1521665027097;33.460087;-15.119873;19.389685
1521665027110;38.849754;-15.959961;20.509804
1521665027117;22.539593;-14.069824;23.309614
1521665027133;-10.709961;-11.059814;26.80962
1521665027151;-43.88965;-4.0599365;29.25982
1521665027158;-45.5;-3.079956;23.029829
1521665027171;-34.719727;3.779969;19.669958
1521665027177;8.750008;-8.889893;11.969981
1521665027198;26.599659;-17.219727;-1.539978
1521665027211;5.0399194;-21.97998;0.27999878
1521665027218;-28.699707;-15.75;7.419925
1521665027239;-28.55957;0.41999817;5.4599633
1521665027251;-19.179688;1.9599916;2.309998
1521665027258;-1.8199768;-1.9599915;-1.6799927
1521665027278;25.89995;-22.889648;-10.98999
1521665027298;7.349979;-26.879883;-8.119873
1521665027311;-3.9899902;-18.689941;-1.9599915
1521665027318;-14.839844;-10.219971;1.8899843
1521665027339;-13.649902;-7.3499756;-0.83999634
1521665027358;24.77983;-12.669922;-3.4299927
1521665027379;30.37994;-5.3199463;-1.0499878
1521665027399;-8.679932;-14.48999;10.70997
1521665027419;-17.569824;-28.839844;11.619884
1521665027433;-20.299805;-30.029785;12.669933
1521665027451;-7.0;-37.09961;7.2099643
1521665027458;7.419925;-38.289062;11.269786
1521665027479;3.779969;-35.90918;14.000013
1521665027498;6.5098906;-27.509766;12.039806
1521665027511;9.16993;-23.799805;13.439954
1521665027518;1.2599794;-32.339844;13.369885
1521665027534;-7.209961;-41.5791;14.000013
1521665027543;-8.189941;-49.20996;15.750014
1521665027559;-2.0999756;-36.3291;10.849863
1521665027571;8.049812;-25.899902;4.409914
1521665027579;14.139906;-18.899902;0.69999695
1521665027591;17.289583;-17.919922;-1.3999939
1521665027598;15.25978;-20.159668;-2.3099976
1521665027611;8.39991;-23.939941;-1.75
1521665027618;7.9099154;-21.909668;-1.3999939
1521665027632;8.049812;-14.139893;-6.159912
1521665027643;7.0699496;-6.4399414;-7.0699463
1521665027658;10.149912;1.7500001;-11.339844
1521665027678;15.679946;6.0899687;-16.449707
1521665027699;9.869882;18.269566;-19.389648
1521665027719;15.329848;35.27943;-19.80957
1521665027741;17.079622;43.889812;-23.659668
1521665027759;14.069838;40.3898;-32.19922
1521665027778;0.9099884;45.710133;-31.569824
1521665027799;11.409923;70.84038;-42.0
1521665027811;9.799813;76.64902;-45.0791
1521665027818;7.349979;74.12947;-46.40918
1521665027841;2.939942;79.59045;-51.30957
1521665027858;-2.0299683;113.32899;-49.20996
1521665027879;5.879885;99.04958;-53.61914
1521665027899;28.69976;57.750217;-67.96875
1521665027911;22.819866;62.85961;-75.80859
1521665027918;28.559624;77.55918;-78.75
1521665027934;23.029829;96.87964;-75.80859
1521665027951;24.289597;127.19042;-78.11914
1521665027958;19.459997;124.45993;-73.91992
1521665027979;5.9499536;105.62971;-65.37891
1521665027999;-3.9899902;104.22931;-64.46875
1521665028018;2.519959;107.17074;-67.96875
1521665028040;-1.4699707;72.30914;-63.069336
1521665028059;4.1298847;67.689964;-66.7793
1521665028078;31.28961;54.739464;-58.029297
1521665028099;30.099667;48.019714;-50.75
1521665028118;20.789589;36.32924;-45.429688
1521665028138;26.529835;24.56987;-36.11914
1521665028151;21.909708;18.619663;-26.03955
1521665028158;16.589874;9.309823;-17.569824
1521665028179;7.55994;-5.3199463;-1.0499878
1521665028198;-6.789917;-13.859863;16.799835
1521665028218;-2.9399414;-20.439941;24.500046
1521665028234;-1.1199951;-25.549805;27.089895
1521665028242;-3.0099487;-28.279785;28.349663
1521665028259;-7.699951;-33.529297;34.929817
1521665028275;-14.279785;-36.609375;40.880035
1521665028283;-22.53955;-40.529297;46.13006
1521665028299;-31.569824;-50.609375;58.02952
1521665028319;-41.229492;-67.61914;65.3794
1521665028332;-36.819336;-71.46875;64.88916
1521665028343;-33.94922;-69.78906;61.17992
1521665028359;-31.779785;-68.17969;55.15939
1521665028379;-39.26953;-75.03906;50.819527
1521665028399;-43.189453;-88.68945;60.26976
1521665028419;-35.20996;-57.75;54.319542
1521665028435;-19.529785;-46.759766;47.389828
1521665028443;-16.30957;-55.5791;44.86931
1521665028459;-38.91992;-90.71875;43.119305
1521665028479;-33.039062;-73.14844;45.42986
1521665028499;-16.519531;-41.719727;42.69938
1521665028519;2.099976;-30.939941;42.069496
1521665028535;19.669958;-58.029297;27.509817
1521665028542;13.929944;-83.92969;17.079622
1521665028559;-35.34961;-90.1582;38.00991
1521665028579;-37.729492;-33.80957;49.699406
1521665028599;2.5899663;-14.0;13.229993
1521665028619;63.13989;-13.369873;10.0798435
1521665028641;32.829224;-23.30957;17.779818
1521665028661;-53.339844;-30.799805;30.309628
1521665028680;-62.15918;-31.70996;24.56987
1521665028700;-9.0998535;-47.25;9.309823
1521665028719;29.399958;-56.489258;5.389895
1521665028739;-3.9899902;-48.649414;12.949963
1521665028760;-43.819336;-43.11914;14.139906
1521665028780;-24.639648;-38.0791;4.9699726
1521665028799;20.299843;-43.679688;3.2199714
1521665028819;46.479668;-57.259766;4.0599384
1521665028835;46.269707;-60.61914;4.8999043
1521665028842;23.099653;-64.958984;12.879894
1521665028859;-22.32959;-61.25;23.589888
1521665028879;-36.609375;-60.8291;23.939985
1521665028899;-18.269531;-52.569336;31.989805
1521665028919;14.209974;-44.65918;26.529835
1521665028935;24.429733;-42.41992;31.149961
1521665028944;17.500032;-46.689453;38.639793
1521665028959;-8.329834;-45.5;41.719883
1521665028979;1.6799928;-44.729492;34.299934
1521665028999;35.139782;-17.07959;24.429733
1521665029020;25.549852;12.809826;21.699747
1521665029035;18.269566;17.219759;20.369667
1521665029043;4.9699726;19.31986;21.419962
1521665029059;-15.539795;8.469978;17.779818
1521665029079;-19.319824;-5.1099854;8.119881
1521665029099;-12.529785;11.059825;-6.089966
1521665029119;18.829624;33.179813;-15.959961
1521665029135;39.969875;39.13003;-20.859863
1521665029142;47.949398;42.21012;-27.22998
1521665029161;50.88984;53.829304;-32.759766
1521665029180;47.949398;56.349823;-33.59961
1521665029201;24.989792;45.569508;-33.529297
1521665029220;-0.9099884;49.069523;-37.029297
1521665029236;-1.6099854;64.81885;-39.40918
1521665029242;0.20999908;74.12947;-42.069336
1521665029259;0.83999634;83.29946;-45.569336
1521665029280;5.599978;76.78964;-50.469727
1521665029300;23.44975;79.10021;-59.429688
1521665029320;27.15972;79.520134;-61.179688
1521665029335;32.4093;76.02011;-62.719727
1521665029343;30.37994;73.92048;-64.04883
1521665029361;25.409716;70.000534;-66.14844
1521665029381;7.6999545;80.98889;-70.06836
1521665029401;-4.7598877;96.25073;-66.28906
1521665029421;-6.9299316;106.53987;-53.19922
1521665029435;-9.519775;103.950005;-49.13965
1521665029442;-3.289978;99.19021;-49.0
1521665029460;1.6799928;98.280045;-57.11914
1521665029481;4.829958;115.70986;-63.069336
1521665029500;25.199755;110.18053;-58.799805
1521665029520;46.269707;97.71949;-66.7793
1521665029535;46.34002;87.70965;-70.69922
1521665029542;38.849754;82.52992;-73.63867
1521665029561;32.059692;72.59039;-56.839844
1521665029581;42.420082;55.439663;-49.41992
1521665029601;32.059692;55.229702;-61.739258
1521665029620;23.029829;40.73941;-36.819336
1521665029641;18.7598;35.000134;-30.449707
1521665029661;11.689952;31.639708;-34.299805
1521665029680;7.979984;24.009811;-29.049805
1521665029701;4.199953;17.500032;-20.369629
1521665029713;-0.13999939;11.969981;-10.079834
1521665029723;-0.9099884;7.2099643;-5.25
1521665029738;-2.0999756;0.9099884;-0.6299896
1521665029745;-2.9399414;-5.949951;2.3799443
1521665029761;-5.459961;-7.279907;5.7399926
1521665029781;-15.75;-10.5;13.719983
1521665029801;-18.199707;-17.5;21.629923
1521665029821;-20.019531;-31.429688;31.28961
1521665029836;-21.909668;-39.969727;35.699352
1521665029844;-22.75;-43.819336;38.079247
1521665029853;-21.489746;-39.759766;37.09975
1521665029863;-19.59961;-35.13965;36.679825
1521665029874;-16.939941;-32.129883;36.679825
1521665029882;-14.279785;-35.90918;36.5392
1521665029901;-21.20996;-57.539062;45.079273
1521665029920;-30.519531;-79.09961;52.219925
1521665029938;-32.479492;-76.01953;51.939648
1521665029945;-29.399902;-64.609375;53.550007
1521665029961;-14.48999;-54.179688;48.50995
1521665029980;-10.219971;-68.03906;41.159336
1521665029994;-13.159912;-77.69922;42.21012
1521665030003;-14.139893;-82.109375;48.229675
1521665030014;-24.359863;-84.978516;53.689655
1521665030022;-33.879883;-79.51953;57.18967
1521665030035;-33.59961;-66.708984;59.21995
1521665030043;-29.119629;-57.399414;57.679905
1521665030061;-3.6399536;-61.109375;43.04997
1521665030076;10.009775;-66.009766;38.35952
1521665030082;7.139896;-81.12891;39.40933
1521665030101;-19.59961;-74.05859;51.939648
1521665030121;-25.899902;-34.929688;59.710186
1521665030136;-9.659912;-32.479492;50.609566
1521665030143;10.50001;-26.109863;39.47964
1521665030161;50.609566;-37.09961;29.889704
1521665030174;41.43961;-42.13965;34.57923
1521665030182;7.139896;-55.719727;41.64957
1521665030194;-40.179688;-52.219727;50.609566
1521665030202;-62.299805;-44.16992;49.069523
1521665030214;-58.09961;-38.359375;42.979652
1521665030222;-49.13965;-34.789062;44.099777
1521665030236;-14.769775;-35.76953;39.549953
1521665030244;10.779795;-39.19922;26.949757
1521665030261;10.359873;-32.26953;25.480028
1521665030278;-3.8499756;-34.439453;32.269653
1521665030284;-16.379883;-35.13965;35.06947
1521665030295;-25.129883;-31.989746;34.929817
1521665030302;-25.05957;-34.229492;31.009825
1521665030321;-4.409912;-37.729492;28.769585
1521665030337;10.359873;-43.609375;24.989792
1521665030344;24.77983;-46.19922;20.509804
1521665030361;-7.9799805;-43.399414;22.259808
1521665030381;-28.839844;-32.40918;31.28961
1521665030394;-35.41992;-24.07959;33.670048
1521665030402;-34.299805;-19.319824;32.619263
1521665030414;-31.639648;-24.149902;30.099667
1521665030422;-28.0;-34.859375;27.789602
1521665030436;-16.449707;-44.86914;24.56987
1521665030444;-11.689941;-51.029297;24.289597
1521665030461;-12.669922;-25.409668;22.049847
1521665030481;11.549815;-11.47998;15.049819
1521665030495;25.619677;-15.889893;14.349867
1521665030502;27.230032;-22.889648;17.989779
1521665030521;20.299843;-31.149902;18.059605
1521665030537;9.519784;-32.05957;20.369667
1521665030543;10.569834;-32.129883;22.189983
1521665030554;9.029794;-35.13965;23.519575
1521665030562;-2.0999756;-31.149902;25.829638
1521665030581;-14.839844;-20.719727;18.899937
1521665030594;-2.6599731;-18.759766;15.049819
1521665030602;6.4399443;-21.839844;13.789807
1521665030621;9.379891;-23.72998;11.969981
1521665030637;6.9299345;-21.20996;11.479991
1521665030643;-1.75;-21.839844;13.089856
1521665030654;-15.539795;-22.399902;14.699965
1521665030662;-29.75;-19.949707;12.389904
1521665030681;-41.5791;-11.829834;-3.4299927
1521665030695;-28.55957;-9.72998;-6.5098877
1521665030703;-7.629883;-6.579956;-7.839966
1521665030714;5.3199487;-2.4499512;-6.5098877
1521665030722;-0.20999908;2.519959;-5.039917
1521665030737;-10.779785;7.419925;-5.039917
1521665030743;-18.689941;8.959969;-4.829956
1521665030754;-23.239746;8.39991;-4.409912
1521665030762;-23.72998;6.0199003;-6.8599854
1521665030781;-14.279785;5.7399926;-13.369873
1521665030796;-3.0099487;19.529821;-18.199707
1521665030802;10.149912;29.469782;-22.679688
1521665030814;24.429733;39.05972;-26.03955
1521665030822;38.56948;43.960125;-27.78955
1521665030836;42.840004;48.71991;-28.419922
1521665030843;33.529423;48.299988;-30.659668
1521665030856;18.7598;51.02949;-33.109375
1521665030862;8.819832;51.519726;-34.439453
1521665030875;-2.4499512;47.59979;-35.839844
1521665030882;-3.1499634;50.96015;-38.989258
1521665030896;6.5098906;45.42986;-45.149414
1521665030902;6.369998;46.89959;-44.239258
1521665030915;4.619997;53.19942;-46.19922
1521665030922;8.539803;61.17992;-52.149414
1521665030937;9.729989;67.61965;-57.3291
1521665030943;9.239999;73.35993;-59.569336
1521665030954;11.479991;86.100266;-60.479492
1521665030962;18.409702;93.23899;-61.109375
1521665030976;18.7598;89.73896;-59.91992
1521665030982;23.169966;89.18037;-60.129883
1521665030995;36.119278;75.18026;-65.30859
1521665031002;40.880035;67.76028;-70.0
1521665031015;33.739384;58.939674;-72.6582
1521665031022;26.879932;72.59039;-71.04883
1521665031037;14.699965;69.15873;-68.31836
1521665031045;5.599978;85.680336;-64.75
1521665031056;12.599865;89.73896;-66.14844
1521665031062;13.649915;89.73896;-67.33984
1521665031075;26.599659;99.53982;-64.11914
1521665031082;39.6896;93.59055;-62.5791
1521665031095;29.469782;93.10032;-56.629883
1521665031103;12.809826;91.420616;-51.09961
1521665031115;-3.079956;82.18031;-50.399414
1521665031122;-15.119873;87.1491;-50.88965
1521665031138;-17.429688;91.20968;-48.649414
1521665031143;-8.469971;100.239044;-46.549805
1521665031156;10.009775;100.520294;-47.94922
1521665031162;21.139688;93.10032;-49.629883
1521665031175;27.719778;87.36004;-51.029297
1521665031182;29.04986;86.30925;-55.01953
1521665031196;16.379913;83.789696;-63.069336
1521665031202;4.4799824;75.25057;-58.16992
1521665031216;1.8899843;60.689682;-40.80957
1521665031222;1.189972;52.28926;-29.53955
1521665031237;11.059825;50.469917;-34.719727
1521665031244;19.87992;47.6701;-31.989746
1521665031256;21.210001;43.60954;-32.40918
1521665031262;17.709993;44.38005;-37.86914
1521665031276;15.469985;40.670074;-43.399414
1521665031282;15.119887;28.769585;-38.5
1521665031295;19.039587;17.919954;-24.70996
1521665031302;25.409716;14.979994;-14.97998
1521665031315;25.199755;13.859876;-12.179932
1521665031322;20.159706;6.0899687;-6.789917
1521665031336;17.849642;-1.8199768;-4.6899414
1521665031344;17.779818;-8.959961;-3.1499634
1521665031355;16.730011;-13.159912;-1.1899719
1521665031362;17.149935;-15.119873;4.9699726
1521665031376;8.679939;-15.259766;10.289804
1521665031382;-1.3299866;-16.519531;19.389685
1521665031396;-16.169922;-19.529785;27.299856
1521665031404;-29.609863;-23.659668;33.809696
1521665031415;-36.679688;-28.34961;39.339993
1521665031423;-41.36914;-37.09961;42.979652
1521665031438;-44.379883;-47.25;45.84978
1521665031443;-43.75;-54.59961;48.159363
1521665031456;-44.44922;-61.879883;49.97968
1521665031462;-47.94922;-65.23828;50.819527
1521665031476;-36.469727;-52.91992;48.92987
1521665031483;-25.549805;-44.589844;48.090027
1521665031496;-14.139893;-40.529297;49.069523
1521665031503;-2.869995;-44.51953;48.019714
1521665031516;0.769989;-54.109375;48.090027
1521665031522;-2.2399902;-66.359375;49.699406
1521665031538;-2.0299683;-78.67969;47.529476
1521665031547;-1.3999939;-83.01953;43.04997
1521665031556;-1.1199951;-80.63867;39.61929
1521665031563;-1.3999939;-72.30859;36.18959
1521665031577;-1.3299866;-55.929688;37.170063
1521665031583;-2.3099976;-44.589844;36.39955
1521665031596;0.83999634;-32.129883;36.049942
1521665031603;4.4799824;-35.13965;35.420055
1521665031616;1.2599794;-46.61914;35.839977
1521665031623;-5.3199463;-61.109375;37.2394
1521665031638;-17.149902;-74.54883;34.649544
1521665031644;-27.019531;-76.78906;33.529423
1521665031655;-35.13965;-71.328125;36.9601
1521665031662;-35.069336;-53.19922;38.989403
1521665031676;-26.59961;-37.939453;37.589985
1521665031684;-16.169922;-26.59961;35.909313
1521665031696;0.27999878;-21.769531;36.119278
1521665031702;7.9099154;-26.59961;35.979626
1521665031715;4.3399677;-42.55957;35.979626
1521665031722;-12.389893;-54.109375;38.00991
1521665031737;-29.95996;-61.179688;39.549953
1521665031746;-41.929688;-63.0;36.049942
1521665031756;-42.76953;-52.009766;31.779844
1521665031763;-27.439941;-35.55957;30.589901
1521665031777;-3.709961;-21.629883;27.789602
1521665031783;20.64994;-8.75;20.089882
1521665031797;41.43961;-4.6899414;11.689952
1521665031803;49.139835;-12.319824;11.199962
1521665031815;22.189983;-40.59961;22.609905
1521665031823;-11.409912;-54.319336;26.46001
1521665031837;-34.36914;-61.039062;22.819866
1521665031847;-47.25;-55.439453;20.43998
1521665031856;-43.399414;-43.539062;19.669958
1521665031863;-21.139648;-30.799805;19.739782
1521665031876;0.34999847;-22.049805;15.469985
1521665031883;10.569834;-17.07959;11.619884
1521665031897;11.479991;-17.149902;11.409923
1521665031903;2.0299687;-19.179688;16.799835
1521665031916;-15.119873;-22.119629;25.199755
1521665031923;-41.36914;-27.649902;25.969774
1521665031939;-42.0;-31.84961;22.960003
1521665031947;-31.569824;-34.789062;22.11967
1521665031956;-14.209961;-36.75;18.339878
1521665031964;-2.7999878;-38.149414;12.949963
1521665031977;3.7099617;-29.95996;10.99
1521665031983;4.1298847;-22.049805;13.859876
1521665031997;-2.7999878;-18.05957;19.809607
1521665032003;-14.069824;-17.149902;22.609905
1521665032016;-24.429688;-21.419922;21.769571
1521665032023;-30.449707;-26.879883;22.11967
1521665032038;-28.34961;-27.439941;22.329632
1521665032045;-19.45996;-26.389648;18.129917
1521665032056;-13.579834;-22.609863;16.659698
1521665032062;-10.569824;-20.649902;18.409702
1521665032076;-11.339844;-21.489746;20.789589
1521665032082;-11.619873;-24.5;22.609905
1521665032097;-13.649902;-25.269531;24.289597
1521665032103;-18.969727;-23.589844;25.059618
1521665032115;-18.899902;-21.55957;25.12993
1521665032123;-13.579834;-23.589844;23.939985
1521665032138;-8.539795;-25.339844;20.509804
1521665032148;-3.8499756;-29.049805;16.519562
1521665032156;-7.909912;-34.15918;18.480015
1521665032162;-12.949951;-33.879883;19.250036
1521665032176;-14.419922;-26.45996;16.519562
1521665032182;-4.829956;-14.909912;12.250011
1521665032197;9.729989;-6.9299316;8.329842
1521665032203;21.699747;-4.829956;6.579959
1521665032215;24.849655;-9.589844;3.0099494
1521665032223;22.049847;-11.47998;-2.7299805
1521665032238;9.309823;-11.689941;-4.7598877
1521665032247;-7.0;-3.8499756;-1.3999939
1521665032256;-18.199707;6.0199003;1.189972
1521665032263;-16.09961;16.519562;-4.199951
1521665032276;-3.9899902;12.809826;-10.219971
1521665032282;9.729989;6.2299833;-15.469971
1521665032297;15.049819;-1.1199951;-18.899902
1521665032303;4.7598896;-4.9699707;-18.409668
1521665032316;-13.159912;1.7500001;-14.279785
1521665032323;-21.769531;13.369885;-11.829834
1521665032338;-20.509766;24.429733;-12.5998535
1521665032344;-13.22998;34.719856;-13.579834
1521665032367;26.879932;30.239803;-31.219727
1521665032377;42.76969;26.739796;-43.399414
1521665032384;47.389828;28.839897;-44.029297
1521665032397;41.579258;27.649954;-41.36914
1521665032403;33.03919;33.88001;-37.239258
1521665032416;29.960016;37.65932;-36.609375
1521665032424;29.399958;39.05972;-37.729492
1521665032437;31.639708;41.159336;-40.109375
1521665032445;37.86928;45.289234;-45.0791
1521665032457;45.77947;47.80975;-49.20996
1521665032464;47.03924;51.869335;-48.15918
1521665032477;37.170063;52.779495;-44.51953
1521665032483;22.609905;53.130085;-41.649414
1521665032497;1.9599916;56.630096;-40.879883
1521665032503;4.0599384;63.13989;-42.90918
1521665032516;9.16993;66.14894;-45.989258
1521665032524;10.359873;70.06889;-48.229492
1521665032538;10.0798435;71.39898;-50.3291
1521665032546;8.539803;66.988785;-51.86914
1521665032557;14.349867;63.90942;-54.66992
1521665032564;29.889704;70.84038;-57.399414
1521665032578;33.529423;74.969315;-56.41992
1521665032583;22.750042;86.8698;-50.539062
1521665032597;7.6999545;99.32888;-49.69922
1521665032604;5.179934;98.48903;-54.25
1521665032617;4.7598896;95.76049;-56.90918
1521665032624;4.829958;88.96942;-56.90918
1521665032639;-0.34999847;84.840485;-54.879883
1521665032647;-4.829956;82.45961;-51.799805
1521665032657;9.519784;86.799484;-49.979492
1521665032664;19.599646;88.2702;-50.11914
1521665032677;24.500046;95.89916;-53.61914
1521665032683;22.609905;96.73901;-55.089844
1521665032698;15.679946;99.750755;-51.799805
1521665032703;4.4799824;88.059265;-52.5
1521665032717;-2.0999756;82.18031;-51.589844
1521665032723;22.259808;99.32888;-58.09961
1521665032739;34.719856;103.73907;-62.649414
1521665032748;56.27951;114.87001;-63.41992
1521665032757;74.619705;117.53019;-79.51953
1521665032764;58.86936;110.73912;-97.64844
1521665032777;22.750042;77.13926;-90.64844
1521665032784;-4.4799805;53.759968;-69.92969
1521665032798;-9.799805;42.489418;-55.36914
1521665032804;-1.1199951;58.800026;-42.76953
1521665032817;11.129893;75.52987;-37.029297
1521665032823;24.219772;72.379456;-35.839844
1521665032838;30.239803;42.420082;-33.879883
1521665032849;24.500046;24.009811;-31.989746
1521665032858;21.419962;19.599646;-26.59961
1521665032869;15.750014;23.44975;-15.189941
1521665032891;7.979984;14.000013;-6.089966
1521665032907;8.679939;3.4299934;-5.3898926
1521665032917;11.409923;-8.399902;-0.6299896
1521665032923;6.0199003;-13.159912;2.6599736
1521665032947;-12.389893;-21.489746;17.289583
1521665032971;-15.819824;-29.53955;31.50006
1521665032981;-11.899902;-38.289062;35.000134
1521665033001;-6.9299316;-51.86914;39.40933
1521665033014;-8.329834;-57.399414;42.69938
1521665033022;-14.209961;-62.719727;46.13006
1521665033038;-17.429688;-70.69922;47.80975
1521665033042;-17.989746;-87.42969;49.489445
1521665033055;-26.949707;-90.01953;49.699406
1521665033062;-22.53955;-78.04883;50.539253
1521665033076;-15.399902;-61.59961;50.88984
1521665033082;-7.5599365;-53.19922;48.090027
1521665033095;0.48999786;-54.319336;45.63982
1521665033102;0.13999939;-63.76953;48.019714
1521665033115;-8.959961;-76.859375;51.869335
1521665033122;-20.159668;-88.68945;55.859585
1521665033138;-32.19922;-96.59961;55.36935
1521665033144;-37.729492;-94.21875;53.619343
1521665033157;-34.01953;-83.92969;54.10958
1521665033164;-21.909668;-66.56836;51.449413
1521665033177;3.779969;-49.13965;41.43961
1521665033184;17.42972;-47.80957;38.35952
1521665033198;15.539809;-62.649414;42.630043
1521665033204;-1.3299866;-80.359375;51.729687
1521665033217;-25.339844;-89.66992;53.479694
1521665033224;-47.38965;-84.06836;50.819527
1521665033237;-56.489258;-72.0293;53.269733
1521665033247;-48.15918;-53.759766;52.71016
1521665033258;-19.529785;-43.95996;42.840004
1521665033264;12.250011;-39.969727;31.149961
1521665033278;32.269653;-40.45996;25.339891
1521665033284;41.369297;-55.789062;34.929817
1521665033299;22.049847;-69.1582;45.84978
1521665033305;-13.789795;-68.109375;50.11933
1521665033317;-46.899414;-62.089844;46.969902
1521665033324;-62.509766;-57.469727;46.54998
1521665033339;-59.63965;-49.839844;49.210148
1521665033347;-35.629883;-47.179688;43.960125
1521665033358;3.779969;-41.439453;30.519588
1521665033365;25.969774;-43.88965;20.579628
1521665033378;20.929726;-46.8291;23.309614
1521665033384;-1.8199768;-50.88965;35.420055
1521665033398;-44.799805;-49.279297;48.369324
1521665033404;-52.359375;-41.929688;47.389828
1521665033417;-45.569336;-34.719727;42.55973
1521665033423;-24.84961;-27.859863;33.1095
1521665033447;28.629936;-27.22998;18.059605
1521665033457;30.659725;-31.639648;23.029829
1521665033464;14.490004;-31.84961;33.460087
1521665033477;-10.359863;-24.639648;43.119305
1521665033484;-36.189453;-31.429688;44.799973
1521665033497;-53.61914;-36.049805;40.460114
1521665033504;-50.609375;-38.429688;37.589985
1521665033518;-30.799805;-36.819336;34.299934
1521665033526;-20.649902;-32.339844;35.210094
1521665033540;-18.82959;-28.97998;38.289207
1521665033547;-26.45996;-24.779785;43.119305
1521665033557;-36.819336;-22.609863;45.710133
1521665033564;-40.94922;-21.909668;47.179867
1521665033578;-35.76953;-19.389648;49.139835
1521665033584;-24.359863;-21.839844;46.54998
1521665033598;-4.2698975;-23.939941;37.799946
1521665033604;22.329632;-23.72998;24.849655
1521665033617;38.56948;-21.699707;14.209974
1521665033624;47.46014;-10.359863;13.649915
1521665033640;42.630043;-10.569824;21.98002
1521665033647;23.589888;-12.5998535;32.130005
1521665033658;1.3299867;-22.95996;35.630016
1521665033666;-15.539795;-22.259766;35.559704
1521665033679;-21.069824;-20.089844;31.50006
1521665033685;-19.669922;-15.119873;21.909708
1521665033698;-12.039795;-5.25;12.250011
1521665033704;-0.20999908;-1.1899719;6.5098906
1521665033717;12.529797;-2.2399902;4.619997
1521665033724;19.87992;-5.459961;3.2199714
1521665033740;28.139702;-12.319824;-1.2599792
1521665033747;23.23979;-13.22998;-2.3099976
1521665033757;13.509778;-8.819824;-2.169983
1521665033764;-1.8899841;-9.659912;-2.869995
1521665033778;-13.019775;-2.0999756;-1.6099854
1521665033784;-18.759766;2.939942;-2.3799438
1521665033798;-24.149902;9.729989;-2.7999878
1521665033804;-28.55957;15.539809;-6.089966
1521665033817;-25.129883;16.86966;-12.319824
1521665033824;-11.829834;14.979994;-17.779785
1521665033841;3.8499763;12.109875;-20.019531
1521665033848;7.6999545;9.729989;-20.159668
1521665033858;-4.829956;8.959969;-19.319824
1521665033864;-10.359863;12.250011;-18.269531
1521665033878;-9.23999;16.86966;-20.509766
1521665033884;-1.2599792;20.719765;-26.949707
1521665033898;14.419935;20.01957;-34.789062
1521665033904;26.319874;18.409702;-38.009766
1521665033917;25.829638;21.139688;-39.8291
1521665033924;27.019583;27.719778;-42.979492
1521665033941;31.009825;35.769665;-44.939453
1521665033947;32.689575;44.099777;-44.729492
1521665033957;33.250126;50.329292;-42.979492
1521665033964;20.43998;46.199394;-39.05957
1521665033978;12.039806;42.21012;-39.759766
1521665033984;8.679939;37.30971;-44.16992
1521665033998;7.55994;38.079247;-48.229492
1521665034004;8.049812;41.509922;-50.469727
1521665034018;13.229993;46.969902;-51.65918
1521665034024;18.7598;52.849808;-53.759766
1521665034041;20.719765;63.979733;-54.879883
1521665034048;29.329645;75.94979;-54.80957
1521665034058;28.629936;73.35993;-53.61914
1521665034065;15.399917;69.8599;-50.189453
1521665034078;0.069999695;64.60986;-52.009766
1521665034085;-7.3499756;56.630096;-52.70996
1521665034098;-14.139893;59.00999;-50.469727
1521665034104;-9.029785;66.289566;-52.63965
1521665034118;5.7399926;70.000534;-60.61914
1521665034125;17.849642;77.06895;-66.84961
1521665034150;30.799862;97.02027;-72.728516
1521665034158;15.399917;106.95979;-68.59961
1521665034164;-0.69999695;119.70013;-62.089844
1521665034178;-9.029785;121.59077;-61.739258
1521665034185;-20.22998;117.670815;-62.789062
1521665034198;-20.929688;101.21952;-64.18945
1521665034205;-15.889893;87.70965;-66.91992
1521665034217;-7.48999;85.11979;-69.578125
1521665034224;-6.6499023;84.908844;-68.109375
1521665034251;-18.899902;107.450035;-52.569336
1521665034258;-24.359863;118.29973;-47.039062
1521665034264;-14.909912;122.709915;-46.61914
1521665034278;-0.27999878;113.539925;-51.51953
1521665034284;18.339878;102.2;-56.0
1521665034298;39.40933;77.77012;-59.219727
1521665034305;43.329266;77.9791;-65.6582
1521665034318;33.389774;78.53966;-73.009766
1521665034325;14.139906;82.3893;-69.578125
1521665034341;1.5399781;76.29941;-59.289062
1521665034347;-1.2599792;66.988785;-46.689453
1521665034358;-2.7999878;53.479694;-40.80957
1521665034365;1.3299867;46.829277;-40.739258
1521665034378;4.409914;41.369297;-42.979492
1521665034385;2.099976;38.56948;-42.13965
1521665034398;1.0499879;32.759888;-36.049805
1521665034405;-0.41999817;26.46001;-26.949707
1521665034418;-0.41999817;16.659698;-16.799805
1521665034425;5.3199487;10.70997;-13.159912
1521665034441;11.339854;1.8899843;-10.709961
1521665034448;14.069838;-4.619995;-10.289795
1521665034458;14.490004;-9.659912;-10.5
1521665034465;13.859876;-9.0998535;-12.73999
1521665034478;11.549815;-10.919922;-10.639893
1521665034485;10.919931;-15.049805;-0.69999695
1521665034498;11.339854;-17.359863;6.579959
1521665034505;9.93995;-20.439941;12.039806
1521665034518;8.259773;-26.59961;18.269566
1521665034525;6.4399443;-41.929688;25.68999
1521665034541;4.7598896;-51.44922;29.539606
1521665034548;5.1099877;-58.729492;32.619263
1521665034559;4.829958;-60.479492;34.509895
1521665034565;4.8999043;-60.689453;37.519672
1521665034578;-0.6299896;-59.70996;40.039215
1521665034585;-5.3898926;-55.789062;42.279457
1521665034598;-10.5;-56.0;46.34002
1521665034605;-18.689941;-58.029297;50.539253
1521665034619;-25.82959;-64.18945;54.529503
1521665034625;-29.75;-72.728516;56.699432
1521665034649;-30.799805;-85.81836;54.319542
1521665034658;-24.07959;-76.859375;51.02949
1521665034666;-17.429688;-67.19922;49.84003
1521665034679;-13.859863;-62.5791;51.380077
1521665034686;-17.84961;-63.41992;52.92012
1521665034699;-25.82959;-67.19922;54.179893
1521665034706;-32.129883;-70.83984;55.859585
1521665034719;-33.25;-77.0;58.02952
1521665034726;-33.80957;-86.23828;59.920147
1521665034740;-35.41992;-95.68945;57.819553
1521665034748;-30.449707;-99.04883;50.67988
1521665034759;-8.539795;-82.03906;38.00991
1521665034767;12.669933;-62.859375;33.529423
1521665034779;28.69976;-50.399414;34.089973
1521665034786;35.27943;-45.429688;38.35952
1521665034798;27.36968;-59.989258;44.799973
1521665034805;2.519959;-75.80859;47.59979
1521665034818;-18.409668;-88.33984;41.22965
1521665034825;-34.089844;-98.55859;35.699352
1521665034846;-38.359375;-75.94922;32.19934
1521665034859;-18.969727;-59.5;23.099653
1521665034866;18.409702;-36.259766;16.939972
1521665034879;32.19934;-34.5791;16.449738
1521665034886;35.349743;-36.469727;17.849642
1521665034899;33.250126;-51.589844;20.299843
1521665034908;19.179724;-67.96875;24.079636
1521665034918;1.6099855;-70.41992;27.649954
1521665034925;-17.569824;-75.66992;26.109913
1521665034941;-34.439453;-72.0293;25.269579
1521665034949;-38.0791;-66.42969;24.009811
1521665034958;-26.879883;-65.23828;21.98002
1521665034965;-13.649902;-57.11914;20.299843
1521665034988;-9.23999;-49.90918;20.43998
1521665034999;-10.8498535;-47.80957;23.730024
1521665035005;-25.339844;-47.529297;28.419975
1521665035019;-41.719727;-45.219727;30.309628
1521665035025;-44.51953;-47.38965;26.25005
1521665035049;-12.109863;-47.319336;17.63968
1521665035058;3.0099494;-48.01953;17.079622
1521665035066;7.769901;-46.40918;19.459997
1521665035079;0.27999878;-48.299805;21.419962
1521665035086;-8.609863;-51.30957;21.34965
1521665035099;-9.169922;-49.20996;16.239777
1521665035106;-4.339966;-43.11914;16.659698
1521665035120;3.2199714;-33.59961;20.01957
1521665035126;5.7399926;-29.049805;22.469769
1521665035141;0.6299896;-27.019531;24.149948
1521665035146;-4.7598877;-26.59961;23.869673
1521665035158;-5.879883;-28.20996;21.699747
1521665035166;-5.879883;-29.609863;21.769571
1521665035179;-5.1799316;-28.489746;22.469769
1521665035186;-4.409912;-25.82959;22.11967
1521665035199;-2.3099976;-21.0;21.00004
1521665035206;5.2500024;-18.689941;19.459997
1521665035220;16.449738;-16.449707;19.179724
1521665035227;25.549852;-13.299805;18.829624
1521665035241;28.419975;-12.529785;17.849642
1521665035247;23.029829;-14.3498535;19.459997
1521665035259;12.179943;-16.029785;21.769571
1521665035266;3.989991;-16.029785;21.55961
1521665035279;0.20999908;-15.329834;20.159706
1521665035286;1.7500001;-6.369995;17.569857
1521665035299;11.899913;7.4899936;13.369885
1521665035306;21.139688;12.109875;12.319836
1521665035319;27.439993;12.389904;5.5299096
1521665035326;25.269579;6.78992;-0.20999908
1521665035347;3.7099617;2.7999883;5.389895
1521665035359;-9.869873;3.359986;9.799813
1521665035366;-17.28955;5.599978;8.959969
1521665035379;-18.549805;9.239999;5.809939
1521665035386;-17.779785;15.609878;4.199953
1521665035399;-12.669922;26.319874;2.0299687
1521665035406;4.6899433;28.909721;-8.609863
1521665035418;29.04986;28.419975;-22.679688
1521665035426;47.6701;31.639708;-30.869629
1521665035450;49.210148;44.449387;-31.919922
1521665035459;47.59979;42.00016;-30.869629
1521665035467;45.359547;40.880035;-29.889648
1521665035480;45.289234;39.969875;-32.339844
1521665035486;40.809723;39.759914;-34.929688
1521665035499;29.189997;41.929844;-35.20996
1521665035506;14.069838;42.69938;-32.899414
1521665035519;7.769901;55.36935;-31.989746
1521665035526;11.339854;68.18021;-35.069336
1521665035548;16.169952;89.45966;-38.009766
1521665035559;13.229993;93.03001;-39.689453
1521665035566;13.299817;93.17063;-41.649414
1521665035579;9.029794;79.0299;-42.34961
1521665035586;5.879885;77.00059;-42.20996
1521665035599;10.359873;72.44977;-46.05957
1521665035607;12.949963;75.94979;-49.13965
1521665035619;16.169952;88.059265;-50.11914
1521665035626;22.67973;89.9499;-54.38965
1521665035649;37.09975;99.95974;-63.34961
1521665035659;57.53928;98.35036;-71.81836
1521665035666;56.769745;91.84054;-71.46875
1521665035680;39.6896;83.09048;-67.828125
1521665035686;14.419935;83.64907;-63.489258
1521665035699;-11.269775;75.809166;-60.129883
1521665035707;-29.049805;77.06895;-54.80957
1521665035719;-26.739746;83.15884;-52.63965
1521665035726;-10.219971;86.94011;-56.90918
1521665035748;21.069864;88.340515;-64.75
1521665035759;33.670048;87.43035;-68.59961
1521665035766;31.639708;81.899055;-68.59961
1521665035779;26.879932;88.690125;-61.879883
1521665035786;29.25982;87.70965;-61.66992
1521665035799;26.949757;90.86006;-62.089844
1521665035807;31.71002;95.969475;-65.51953
1521665035819;30.099667;89.31904;-68.5293
1521665035826;20.230019;89.03974;-67.05859
1521665035850;18.339878;96.53003;-60.129883
1521665035859;9.029794;100.520294;-54.25
1521665035866;12.039806;96.31909;-59.009766
1521665035879;16.379913;93.17063;-60.61914
1521665035886;16.3096;79.79943;-61.319336
1521665035900;22.399944;74.969315;-63.76953
1521665035907;20.859901;67.059105;-67.19922
1521665035919;13.509778;64.46924;-65.93945
1521665035926;11.759776;67.27004;-59.989258
1521665035949;17.42972;65.30909;-39.689453
1521665035959;21.489786;53.269733;-40.38965
1521665035966;19.250036;38.920067;-39.129883
1521665035980;19.250036;30.099667;-34.509766
1521665035986;14.490004;24.35991;-30.379883
1521665036000;3.2199714;18.409702;-19.739746
1521665036007;-3.6399536;13.1599245;-13.579834
1521665036019;-6.7199707;8.259773;-7.0
1521665036027;-8.889893;2.4499516;-0.41999817
1521665036050;-11.689941;-7.419922;8.609871
1521665036059;-10.289795;-11.47998;11.899913
1521665036066;-7.699951;-17.149902;15.189956
1521665036080;-3.079956;-23.239746;18.549839
1521665036087;1.8199769;-30.09961;22.960003
1521665036100;6.78992;-38.70996;31.149961
1521665036107;8.049812;-48.089844;33.389774
1521665036119;9.93995;-58.729492;39.26968
1521665036126;7.349979;-60.549805;41.929844
1521665036151;5.809939;-54.879883;41.579258
1521665036161;10.21998;-51.799805;43.25993
1521665036167;13.579846;-55.01953;44.449387
1521665036180;11.129893;-64.259766;45.920094
1521665036187;6.579959;-74.54883;50.539253
1521665036200;-2.9399414;-81.89844;56.909393
1521665036207;-14.699951;-81.96875;60.340073
1521665036219;-21.069824;-79.30859;64.60986
1521665036227;-27.299805;-73.98828;61.73949
1521665036249;-26.669922;-77.978516;52.219925
1521665036259;-26.45996;-83.859375;47.739437
1521665036267;-24.779785;-85.609375;44.59001
1521665036280;-23.239746;-86.37891;47.949398
1521665036287;-24.779785;-85.88867;54.88009
1521665036307;-45.429688;-81.478516;68.529816
1521665036319;-52.91992;-79.44922;70.770065
1521665036328;-52.219727;-83.36914;67.408714
1521665036350;-12.459961;-84.2793;43.539227
1521665036360;5.179934;-83.36914;41.369297
1521665036366;8.469978;-85.328125;45.079273
1521665036380;-4.6899414;-87.7793;54.809776
1521665036387;-22.95996;-85.67969;60.689682
1521665036400;-40.879883;-79.16992;62.019768
1521665036408;-53.479492;-72.09961;64.680176
1521665036419;-52.63965;-67.26953;62.019768
1521665036427;-36.189453;-61.879883;52.359573
1521665036443;-15.889893;-65.79883;41.509922
1521665036459;-19.80957;-85.259766;40.599762
1521665036467;-37.09961;-89.66992;41.78922
1521665036480;-55.229492;-78.39844;43.750164
1521665036487;-65.23828;-68.25;46.969902
1521665036500;-66.5;-55.36914;50.399605
1521665036508;-56.90918;-45.289062;47.880062
1521665036520;-39.05957;-45.84961;33.88001
1521665036527;-21.839844;-49.069336;15.609878
1521665036548;-1.6099854;-69.859375;-0.41999817
1521665036561;-1.4699707;-70.48828;4.1298847
1521665036568;-12.319824;-66.5;12.459972
1521665036581;-27.719727;-60.549805;17.779818
1521665036587;-37.939453;-57.469727;19.250036
1521665036600;-40.179688;-58.86914;16.939972
1521665036609;-41.15918;-64.18945;11.059825
1521665036620;-38.149414;-65.6582;3.2199714
1521665036627;-28.839844;-66.84961;-5.949951
1521665036649;-22.119629;-56.839844;-4.829956
1521665036661;-29.75;-46.549805;2.939942
1521665036668;-31.359863;-36.399414;5.4599633
1521665036688;-13.019775;-31.5;5.7399926
1521665036701;5.3199487;-41.089844;6.649905
1521665036708;11.969981;-46.8291;9.659921
1521665036721;-1.0499878;-51.379883;14.699965
1521665036727;-19.59961;-50.609375;19.739782
1521665036743;-30.589844;-47.38965;23.659712
1521665036760;-23.449707;-28.839844;28.980034
1521665036767;-14.97998;-18.549805;29.469782
1521665036780;-5.669922;-5.879883;25.549852
1521665036787;11.409923;2.4499516;16.730011
1521665036808;17.149935;10.779795;14.979994
1521665036820;7.55994;9.93995;14.559828
1521665036828;-4.7598877;10.21998;13.929944
1521665036850;-9.379883;10.429941;7.419925
1521665036860;-1.0499878;5.6699243;3.8499763
1521665036868;5.879885;3.5000007;0.69999695
1521665036881;1.7500001;4.1298847;-0.9099884
1521665036887;-7.5599365;11.689952;-0.9099884
1521665036908;-2.0299683;30.799862;-6.6499023
1521665036920;6.159915;33.949345;-8.119873
1521665036928;11.199962;32.689575;-7.629883
1521665036944;12.740002;29.119684;-8.189941
1521665036960;29.539606;29.119684;-18.759766
1521665036968;40.880035;35.559704;-19.25
1521665036981;46.199394;39.899563;-19.739746
1521665036987;45.84978;47.46014;-17.919922
1521665037001;41.09;56.349823;-16.519531
1521665037008;36.889786;59.500225;-16.72998
1521665037020;23.589888;59.710186;-19.879883
1521665037027;25.480028;55.789272;-27.369629
1521665037050;34.299934;54.319542;-36.049805
1521665037061;35.349743;63.34985;-36.819336
1521665037067;34.089973;71.11968;-37.939453
1521665037081;26.46001;77.42051;-38.63965
1521665037088;17.009798;77.62949;-39.689453
1521665037101;8.609871;77.62949;-41.5791
1521665037107;-2.7299805;69.78959;-43.11914
1521665037120;-10.569824;73.01032;-44.44922
1521665037127;-2.5199585;78.19005;-55.229492
1521665037148;16.589874;100.37967;-62.229492
1521665037161;17.569857;101.98905;-63.629883
1521665037167;15.959975;104.22931;-63.90918
1521665037181;17.709993;100.37967;-66.078125
1521665037188;24.849655;97.229256;-68.73828
1521665037201;35.769665;98.35036;-70.208984
1521665037208;45.149586;94.780014;-70.0
1521665037221;38.429832;88.89911;-66.359375
1521665037227;20.579628;82.73891;-63.629883
1521665037249;4.409914;95.05932;-71.18945
1521665037261;10.99;100.72928;-69.1582
1521665037281;34.299934;98.42067;-70.13867
1521665037288;27.509817;88.8288;-66.28906
1521665037301;12.109875;81.34046;-62.509766
1521665037308;-0.20999908;85.32877;-61.039062
1521665037321;-12.879883;83.71938;-57.95996
1521665037327;-17.219727;91.6296;-50.3291
1521665037344;-8.609863;90.36983;-53.05957
1521665037354;-5.949951;81.96937;-62.01953
1521665037368;10.639902;100.79959;-80.14844
1521665037381;13.1599245;126.70018;-74.759766
1521665037388;23.869673;150.70932;-73.56836
1521665037408;18.899937;123.82906;-83.509766
1521665037421;23.169966;84.559235;-84.62891
1521665037428;30.519588;49.279484;-88.19922
1521665037448;3.5000007;47.179867;-72.37891
1521665037461;-6.7199707;45.63982;-46.549805
1521665037468;-4.8999023;25.619677;-29.119629
1521665037488;15.819839;-13.299805;-11.829834
1521665037501;18.129917;-21.839844;-5.949951
1521665037509;20.369667;-18.969727;3.4299934
1521665037521;21.419962;-17.28955;9.659921
1521665037528;27.649954;-21.909668;13.299817
1521665037541;31.009825;-30.09961;16.029816
1521665037551;26.949757;-36.679688;21.34965
1521665037568;6.649905;-40.739258;29.04986
1521665037581;-5.039917;-44.029297;35.909313
1521665037588;-21.279785;-53.129883;40.73941
1521665037601;-32.05957;-62.089844;44.93962
1521665037609;-40.879883;-70.0;48.50995
1521665037629;-45.569336;-81.05859;56.349823
1521665037649;-37.09961;-78.328125;59.3596
1521665037661;-24.639648;-68.31836;58.729713
1521665037668;-13.439941;-59.0791;57.53928
1521665037681;-5.3199463;-52.779297;53.619343
1521665037688;1.3299867;-57.819336;51.239452
1521665037701;-6.8599854;-72.37891;52.0793
1521665037708;-7.9799805;-81.96875;52.639847
1521665037729;-10.429932;-99.75;58.86936
1521665037749;-2.7999878;-68.458984;50.469917
1521665037761;-3.0099487;-55.859375;45.77947
1521665037768;-6.5098877;-56.069336;43.25993
1521665037788;-25.82959;-82.87891;32.96985
1521665037808;-15.539795;-79.86914;38.989403
1521665037821;-15.329834;-66.009766;46.75994
1521665037828;-16.589844;-53.899414;53.130085
1521665037849;-18.129883;-44.729492;48.649597
1521665037861;-6.369995;-55.509766;34.01966
1521665037868;7.629886;-73.078125;18.619663
1521665037888;25.829638;-101.98828;12.949963
1521665037908;5.2500024;-71.39844;27.36968
1521665037929;0.69999695;-25.269531;39.6896
1521665037944;12.389904;-22.259766;34.859505
1521665037961;16.239777;-52.009766;23.44975
1521665037968;12.949963;-64.75;17.500032
1521665037988;-2.7299805;-64.81836;23.029829
1521665038008;-41.649414;-48.089844;35.420055
1521665038021;-42.76953;-44.16992;31.989805
1521665038029;-37.589844;-40.109375;28.769585
1521665038049;-14.0;-54.94922;18.549839
1521665038069;-23.239746;-52.779297;21.069864
1521665038088;-39.19922;-42.69922;23.939985
1521665038108;-29.75;-32.8291;27.36968
1521665038129;-20.089844;-34.36914;24.77983
1521665038144;-21.909668;-36.259766;26.25005
1521665038152;-29.399902;-38.84961;30.37994
1521665038169;-31.5;-37.44922;25.549852
1521665038188;-30.169922;-28.97998;24.849655
1521665038209;-34.719727;-25.269531;26.179737
1521665038229;-36.3291;-33.94922;24.429733
1521665038244;-34.5791;-42.069336;24.500046
1521665038252;-27.719727;-48.789062;23.589888
1521665038269;4.7598896;-41.509766;14.490004
1521665038289;13.859876;-36.11914;25.89995
1521665038308;-11.969971;-50.3291;36.18959
1521665038329;-26.80957;-55.01953;33.460087
1521665038346;-20.649902;-53.19922;30.099667
1521665038352;-9.23999;-42.279297;26.0396
1521665038368;12.250011;-37.029297;22.960003
1521665038389;33.460087;-24.07959;-0.27999878
1521665038409;34.439583;-18.409668;2.8699956
1521665038429;8.8899;-29.679688;11.059825
1521665038451;-19.389648;-24.919922;4.199953
1521665038469;-5.3898926;0.69999695;-6.2999268
1521665038490;56.139862;17.63968;-27.369629
1521665038509;53.40938;13.579846;-26.529785
1521665038530;57.469944;19.87992;-30.799805
1521665038544;58.86936;30.730038;-32.479492
1521665038553;58.23948;41.09;-32.339844
1521665038569;44.17009;57.18967;-32.969727
1521665038589;25.269579;65.100105;-40.179688
1521665038609;8.049812;72.59039;-38.149414
1521665038629;26.0396;87.50066;-46.969727
1521665038645;25.199755;89.73896;-47.59961
1521665038653;21.00004;89.31904;-49.20996
1521665038669;17.289583;87.1491;-56.0
1521665038691;33.1095;103.67071;-62.439453
1521665038710;34.22962;102.27031;-66.14844
1521665038730;7.0699496;79.170525;-75.73828
1521665038748;-15.469971;84.908844;-73.63867
1521665038752;-16.30957;99.95974;-75.38867
1521665038769;-3.5;128.6582;-76.36914
1521665038789;62.22973;154.56094;-91.69922
1521665038809;76.02011;151.6898;-79.6582
1521665038829;-19.319824;80.77991;-71.11914
1521665038851;-37.09961;49.97968;-61.80957
1521665038869;-7.629883;83.93032;-66.28906
1521665038889;31.219786;99.95974;-58.30957
1521665038910;13.019788;70.62944;-43.469727
1521665038929;10.009775;41.29996;-47.739258
1521665038948;29.679743;44.659348;-46.899414
1521665038953;34.57923;38.429832;-47.80957
1521665038971;27.439993;45.2199;-54.59961
1521665038989;5.389895;48.369324;-44.939453
1521665039009;-8.119873;27.019583;-25.05957
1521665039029;-17.359863;9.239999;-14.699951
1521665039051;-33.109375;-0.20999908;-1.1199951
1521665039071;-26.949707;-8.399902;7.139896
1521665039089;-10.8498535;-16.169922;14.559828
1521665039109;-0.83999634;-24.70996;25.619677
1521665039129;-3.3599854;-38.359375;37.380024
1521665039145;-3.289978;-43.609375;42.069496
1521665039153;-1.539978;-49.76953;46.89959
1521665039169;-0.769989;-75.87891;56.699432
1521665039190;-1.539978;-81.828125;50.609566
1521665039209;10.009775;-70.48828;53.340046
1521665039229;2.1699834;-65.44922;61.670155
1521665039245;-2.869995;-75.25;64.260254
1521665039254;-7.0699463;-96.31836;62.719963
1521665039269;-9.519775;-120.328125;47.25018
1521665039290;15.25978;-72.51953;39.899563
1521665039310;12.459972;-47.38965;51.939648
1521665039329;0.769989;-70.69922;59.079327
1521665039346;-7.209961;-88.4082;60.199448
1521665039354;-13.089844;-108.359375;57.39963
1521665039369;-37.239258;-115.98828;55.649624
1521665039390;-32.479492;-67.05859;51.449413
1521665039411;6.159915;-22.399902;43.750164
1521665039430;25.549852;-28.839844;36.5392
1521665039446;14.2797985;-48.929688;43.889812
1521665039453;-10.289795;-68.458984;54.389854
1521665039470;-43.469727;-64.259766;50.399605
1521665039490;-23.519531;-35.489258;31.71002
1521665039510;30.449764;-11.409912;23.44975
1521665039531;7.839969;-25.05957;30.730038
1521665039546;-8.259766;-30.30957;33.809696
1521665039553;-28.139648;-42.629883;35.979626
1521665039570;-45.0791;-41.929688;40.880035
1521665039590;-4.9699707;-15.75;24.849655
1521665039611;34.299934;2.2399907;13.649915
1521665039631;-7.209961;-13.369873;36.39955
1521665039646;-34.859375;-20.649902;37.30971
1521665039654;-52.219727;-24.07959;34.01966
1521665039670;-26.109863;-21.909668;13.859876
1521665039690;26.389698;0.6299896;11.199962
1521665039710;29.960016;16.86966;24.429733
1521665039731;-9.309814;4.0599384;27.929739
1521665039746;-13.019775;-4.409912;25.549852
1521665039756;-3.709961;-9.449951;20.01957
1521665039770;18.899937;-3.7799683;13.719983
1521665039790;37.86928;4.619997;14.349867
1521665039810;30.099667;-8.119873;29.539606
1521665039830;0.48999786;-18.129883;37.2394
1521665039846;-6.7199707;-17.07959;35.699352
1521665039854;1.1199952;-4.5499268;29.25982
1521665039870;24.219772;10.919931;17.569857
1521665039890;28.419975;6.5098906;12.879894
1521665039910;1.2599794;-0.769989;11.829844
1521665039930;-37.799805;5.7399926;15.609878
1521665039947;-46.759766;7.979984;13.649915
1521665039954;-42.13965;7.0699496;6.0899687
1521665039970;-13.719971;-2.9399414;-16.869629
1521665039990;-4.199951;-2.3799438;-23.09961
1521665040011;8.189949;10.0798435;-31.009766
1521665040026;16.589874;10.779795;-35.13965
1521665040032;24.429733;12.879894;-38.429688
1521665040051;26.80962;16.239777;-42.34961
1521665040070;22.469769;32.549927;-47.109375
1521665040084;20.089882;38.429832;-45.84961
1521665040093;15.750014;39.759914;-44.30957
1521665040110;7.55994;46.409355;-45.149414
1521665040131;6.159915;52.5002;-48.15918
1521665040147;5.7399926;46.059746;-51.16992
1521665040154;2.4499516;42.90934;-52.569336
1521665040165;-1.3299866;37.799946;-54.739258
1521665040172;-4.0599365;40.94937;-54.179688
1521665040191;17.42972;83.09048;-62.5791
1521665040211;54.03927;113.46961;-71.328125
1521665040231;42.34977;108.14926;-65.728516
1521665040247;20.929726;91.27999;-64.46875
1521665040253;0.769989;78.88927;-63.069336
1521665040264;-12.879883;71.8189;-61.66992
1521665040272;-26.739746;64.95947;-59.0791
1521665040291;-53.129883;67.408714;-50.539062
1521665040311;-31.779785;109.059425;-56.629883
1521665040331;4.829958;123.27047;-63.069336
1521665040346;15.049819;117.739174;-67.54883
1521665040352;14.419935;111.86022;-70.0
1521665040365;21.00004;112.55945;-70.62891
1521665040372;16.379913;100.8699;-67.96875
1521665040391;-15.819824;92.32883;-64.67969
1521665040405;-11.339844;103.18047;-55.299805
1521665040412;-7.7698975;116.969635;-48.5791
1521665040424;16.659698;123.129845;-55.15918
1521665040432;27.509817;112.13953;-61.109375
1521665040457;30.449764;99.68044;-64.39844
1521665040468;25.759813;85.88932;-67.478516
1521665040474;9.44996;88.96942;-60.129883
1521665040491;-12.389893;77.62949;-43.539062
1521665040511;-12.459961;51.380077;-41.859375
1521665040531;-8.399902;37.30971;-26.03955
1521665040546;-3.3599854;28.349663;-19.669922
1521665040554;2.8699956;17.989779;-15.609863
1521665040571;19.739782;1.2599794;-10.009766
1521665040591;25.059618;-5.3898926;-4.7598877
1521665040611;25.829638;-6.369995;0.83999634
1521665040631;17.42972;-11.199951;4.2698994
1521665040646;9.519784;-13.859863;10.70997
1521665040653;4.3399677;-16.799805;13.229993
1521665040664;1.1199952;-17.149902;14.2797985
1521665040672;-0.13999939;-16.869629;14.069838
1521665040686;0.41999817;-13.929932;11.409923
1521665040692;3.569947;-12.179932;10.0798435
1521665040705;-0.27999878;-12.25;7.979984
1521665040712;-8.889893;-11.339844;8.39991
1521665040726;-17.70996;-8.119873;10.429941
1521665040732;-22.75;-7.419922;10.779795
1521665040747;-21.769531;-8.189941;9.799813
1521665040753;-15.119873;-8.259766;7.9099154
1521665040771;-9.939941;-9.869873;8.39991
1521665040784;-7.1398926;-11.899902;9.099862
1521665040792;-5.039917;-13.299805;9.519784
1521665040811;4.7598896;-14.629883;9.239999
1521665040831;13.1599245;-14.3498535;7.839969
1521665040847;11.409923;-15.609863;7.9099154
1521665040855;6.4399443;-18.05957;8.750008
1521665040871;-8.049805;-14.559814;10.50001
1521665040891;-9.029785;-14.48999;7.769901
1521665040905;-4.4799805;-14.3498535;6.0899687
1521665040912;-4.4799805;-15.189941;4.829958
1521665040924;2.0299687;-14.839844;4.0599384
1521665040932;1.3299867;-14.769775;5.2500024
1521665040947;-0.69999695;-15.819824;7.0000033
1521665040954;-2.9399414;-16.169922;9.869882
1521665040971;-9.589844;-14.699951;13.089856
1521665040991;-8.049805;-18.689941;13.019788
1521665041011;-7.909912;-24.569824;14.629896
1521665041031;-7.3499756;-21.279785;19.179724
1521665041046;-6.369995;-22.53955;20.509804
1521665041052;-5.459961;-25.899902;21.909708
1521665041064;-5.3199463;-32.05957;23.309614
1521665041072;-5.73999;-34.859375;23.099653
1521665041091;-4.2698975;-32.19922;24.919968
1521665041111;-7.279907;-31.28955;25.480028
1521665041131;-4.6899414;-36.049805;26.319874
1521665041151;-2.5899658;-40.45996;26.46001
1521665041153;-2.5899658;-44.86914;29.329645
1521665041166;-2.2399902;-51.30957;33.389774
1521665041172;-9.939941;-61.109375;37.029438
1521665041185;-18.129883;-62.01953;37.519672
1521665041192;-21.97998;-55.859375;37.09975
1521665041206;-14.769775;-40.109375;37.729633
1521665041212;-9.029785;-33.59961;34.649544
1521665041231;0.6299896;-37.16992;31.359922
1521665041247;-0.27999878;-47.94922;33.250126
1521665041256;-8.189941;-63.90918;38.77944
1521665041264;-21.909668;-71.53906;41.64957
1521665041272;-30.72998;-71.88867;40.3898
1521665041286;-31.219727;-64.75;43.329266
1521665041292;-26.03955;-58.939453;43.67985
1521665041306;-9.23999;-49.839844;36.119278
1521665041312;-1.2599792;-42.069336;33.599735
1521665041324;18.96976;-33.739258;31.50006
1521665041332;19.949743;-38.569336;32.130005
1521665041347;10.70997;-50.539062;32.759888
1521665041355;-6.159912;-69.1582;34.719856
1521665041365;-25.47998;-76.92969;37.729633
1521665041372;-34.439453;-71.18945;36.9601
1521665041386;-31.70996;-60.479492;34.299934
1521665041393;-21.20996;-50.469727;31.569883
1521665041406;-4.199951;-40.739258;26.80962
1521665041412;15.25978;-36.469727;19.949743
1521665041425;27.299856;-39.479492;15.119887
1521665041432;29.399958;-53.899414;16.029816
1521665041447;15.959975;-70.34961;21.00004
1521665041454;-0.6299896;-77.41992;24.989792
1521665041467;-13.369873;-72.51953;26.0396
1521665041472;-17.639648;-61.529297;24.219772
1521665041486;-7.48999;-48.509766;21.34965
1521665041492;12.599865;-42.279297;17.009798
1521665041505;29.119684;-39.479492;11.829844
1521665041513;32.759888;-42.839844;7.4899936
1521665041525;28.69976;-49.279297;8.049812
1521665041532;18.339878;-57.11914;14.559828
1521665041547;-13.299805;-62.229492;26.46001
1521665041554;-34.229492;-58.16992;28.069878
1521665041566;-37.65918;-53.549805;22.960003
1521665041573;-27.439941;-44.86914;17.289583
1521665041587;-10.779785;-39.05957;12.389904
1521665041593;5.389895;-38.5;8.750008
1521665041606;15.959975;-41.229492;10.569834
1521665041612;8.819832;-48.089844;14.629896
1521665041625;-8.959961;-53.759766;17.709993
1521665041633;-22.049805;-52.63965;17.500032
1521665041648;-29.95996;-47.039062;15.750014
1521665041654;-29.259766;-38.359375;13.789807
1521665041666;-10.219971;-25.47998;11.199962
1521665041673;2.5899663;-23.72998;9.869882
1521665041686;9.799813;-24.149902;9.519784
1521665041693;5.2500024;-29.889648;10.849863
1521665041707;-6.2999268;-37.379883;13.089856
1521665041712;-17.989746;-40.45996;16.169952
1521665041725;-33.66992;-40.739258;20.43998
1521665041732;-44.589844;-35.979492;24.710007
1521665041747;-46.479492;-30.379883;24.500046
1521665041754;-37.65918;-25.129883;18.480015
1521665041765;-21.0;-21.489746;10.429941
1521665041773;-5.039917;-26.389648;3.0099494
1521665041786;0.34999847;-27.299805;2.099976
1521665041793;0.41999817;-28.489746;1.7500001
1521665041806;-4.829956;-26.59961;3.8499763
1521665041813;-10.919922;-19.03955;8.39991
1521665041825;-12.389893;-13.509766;11.129893
1521665041832;-9.589844;-6.9299316;11.759776
1521665041847;-4.2698975;-3.6399536;9.589852
1521665041854;1.1199952;-6.789917;6.159915
1521665041867;2.7999883;-12.039795;5.1099877
1521665041874;-1.0499878;-12.879883;6.159915
1521665041887;-11.969971;-9.589844;7.139896
1521665041893;-16.239746;-4.4799805;9.729989
1521665041906;-16.589844;-0.41999817;11.269786
1521665041912;-14.559814;0.41999817;10.429941
1521665041925;-10.079834;0.48999786;7.979984
1521665041932;-2.9399414;0.69999695;4.8999043
1521665041946;3.569947;0.27999878;3.0099494
1521665041956;7.629886;3.5000007;3.5000007
1521665041966;6.5098906;6.649905;4.3399677
1521665041972;-2.169983;9.729989;6.0899687
1521665041986;-9.939941;13.369885;7.4899936
1521665041993;-11.619873;14.419935;4.0599384
1521665042006;-3.709961;12.809826;-0.41999817
1521665042012;4.1298847;14.699965;-6.9299316
1521665042026;14.839857;14.069838;-9.869873
1521665042032;19.599646;16.379913;-9.589844
1521665042048;19.31986;18.899937;-9.799805
1521665042054;13.369885;20.01957;-9.659912
1521665042066;1.5399781;19.529821;-7.279907
1521665042073;-11.619873;17.219759;-4.9699707
1521665042087;-19.80957;14.490004;-4.9699707
1521665042093;-18.899902;12.109875;-7.279907
1521665042106;-4.619995;9.029794;-12.389893
1521665042112;7.0699496;10.99;-16.869629
1521665042126;14.839857;13.019788;-19.529785
1521665042132;15.539809;17.079622;-18.689941
1521665042148;13.509778;21.139688;-17.70996
1521665042154;9.379891;22.960003;-16.939941
1521665042166;1.1199952;21.699747;-14.769775
1521665042173;-6.4399414;16.659698;-13.089844
1521665042186;-10.289795;10.919931;-15.189941
1521665042193;-8.75;6.2999296;-19.03955
1521665042207;-3.1499634;5.0399194;-21.769531
1521665042212;3.149964;5.389895;-22.119629
1521665042225;2.2399907;9.16993;-18.269531
1521665042233;-4.4799805;10.21998;-14.699951
1521665042248;-11.549805;9.309823;-11.619873
1521665042256;-14.769775;8.39991;-9.869873
1521665042266;-13.299805;6.2999296;-9.449951
1521665042273;-7.629883;8.819832;-11.199951
1521665042286;1.5399781;12.179943;-15.609863
1521665042293;7.769901;16.239777;-18.689941
1521665042307;9.029794;18.689976;-17.639648
1521665042313;4.199953;16.939972;-13.509766
1521665042326;-2.169983;12.879894;-8.119873
1521665042333;-14.279785;4.829958;-3.2199707
1521665042348;-19.80957;1.399994;-2.5899658
1521665042356;-17.429688;1.399994;-3.079956
1521665042366;-9.309814;-0.27999878;-3.7799683
1521665042373;-0.69999695;0.69999695;-4.5499268
1521665042386;4.5499287;2.1699834;-5.1799316
1521665042393;4.8999043;2.3799443;-4.4799805
1521665042417;-5.5999756;0.9799957;-1.2599792
1521665042427;-10.289795;0.069999695;0.41999817
1521665042434;-13.509766;-0.13999939;1.8199769
1521665042450;-15.539795;-0.13999939;3.0099494
1521665042459;-13.159912;1.6799928;1.8199769
1521665042467;-8.819824;2.4499516;0.48999786
1521665042475;-4.409912;1.6799928;-0.13999939
1521665042487;-2.3799438;-1.3999939;0.13999939
1521665042493;-4.6899414;-3.3599854;1.189972
1521665042507;-5.879883;-3.8499756;0.9799957
1521665042513;-5.669922;-2.7299805;1.0499879
1521665042527;-5.25;-0.83999634;1.2599794
1521665042533;-3.9899902;0.48999786;1.189972
1521665042547;-1.4699707;0.41999817;0.41999817
1521665042556;1.5399781;-0.20999908;-0.48999786
1521665042567;5.4599633;-2.7299805;-2.0999756
1521665042573;5.7399926;-4.2698975;-2.5899658
1521665042587;4.829958;-4.2698975;-2.7299805
1521665042593;3.2899787;-3.079956;-3.079956
1521665042607;1.399994;-1.1899719;-3.0099487
1521665042614;0.6299896;0.769989;-1.9599915
1521665042627;0.41999817;2.3799443;-1.3999939
1521665042649;-1.6799927;2.5899663;-1.1899719
1521665042661;-4.129883;1.1199952;-0.55999756
1521665042677;-4.7598877;-1.8899841;-0.9799957
1521665042682;-4.7598877;-4.4799805;-1.3299866
1521665042697;-3.2199707;-4.619995;-2.2399902
1521665042709;-0.6299896;0.69999695;-0.9099884
