1521665869607;-3.079956;-5.3898926;1.2599794
1521665869624;7.6999545;0.34999847;1.399994
1521665869644;7.0699496;0.48999786;0.069999695
1521665869664;7.139896;-3.6399536;-0.20999908
1521665869684;12.529797;-4.5499268;-0.20999908
1521665869698;13.229993;-4.9699707;-0.9799957
1521665869707;11.549815;-5.039917;-0.6299896
1521665869732;16.589874;-4.409912;-2.4499512
1521665869741;22.049847;-2.2399902;-0.69999695
1521665869747;17.359896;-1.0499878;-1.4699707
1521665869760;14.909925;-2.7299805;-1.1199951
1521665869767;13.789807;-5.3898926;0.769989
1521665869780;14.419935;-6.089966;1.2599794
1521665869787;11.059825;-4.4799805;0.34999847
1521665869801;8.469978;-5.669922;0.34999847
1521665869807;11.409923;-7.48999;1.4699708
1521665869821;12.319836;-9.309814;3.5000007
1521665869830;12.529797;-9.0998535;5.809939
1521665869840;10.919931;-8.75;8.959969
1521665869847;11.339854;-9.519775;9.519784
1521665869860;10.289804;-10.779785;11.199962
1521665869867;7.769901;-12.949951;12.250011
1521665869881;7.2799106;-15.329834;11.059825
1521665869902;5.179934;-18.129883;14.000013
1521665869908;7.0000033;-17.919922;14.979994
1521665869924;5.6699243;-17.70996;15.819839
1521665869930;4.9699726;-17.009766;17.149935
1521665869940;3.0099494;-16.519531;18.829624
1521665869947;3.569947;-18.549805;20.64994
1521665869960;7.6999545;-22.259766;24.429733
1521665869967;13.369885;-23.799805;23.730024
1521665869980;19.179724;-25.129883;23.169966
1521665869987;26.109913;-25.82959;25.409716
1521665870001;31.50006;-26.03955;27.15972
1521665870007;31.919981;-25.549805;30.029842
1521665870023;28.839897;-26.389648;31.219786
1521665870032;24.149948;-30.519531;32.619263
1521665870040;27.649954;-33.319336;35.769665
1521665870047;35.839977;-34.719727;37.589985
1521665870064;43.539227;-35.34961;39.899563
1521665870070;48.299988;-33.739258;43.329266
1521665870083;42.840004;-31.779785;45.149586
1521665870092;35.06947;-31.429688;50.399605
1521665870103;38.920067;-33.66992;56.210175
1521665870112;41.929844;-34.719727;65.100105
1521665870129;40.3898;-38.359375;69.299355
1521665870135;32.479614;-42.34961;76.78964
1521665870152;27.649954;-46.549805;84.48892
1521665870170;22.819866;-48.089844;92.539764
1521665870179;33.1095;-50.259766;101.078896
1521665870186;39.339993;-49.489258;106.260574
1521665870200;43.329266;-51.09961;105.48908
1521665870207;37.65932;-52.0791;111.78991
1521665870222;31.849669;-52.989258;116.34073
1521665870226;23.939985;-54.94922;118.860275
1521665870239;23.589888;-57.189453;122.56929
1521665870246;31.009825;-57.88965;128.0293
1521665870259;33.179813;-59.149414;131.8809
1521665870266;27.15972;-59.84961;135.65831
1521665870280;22.750042;-59.63965;141.75215
1521665870288;18.339878;-59.779297;144.54907
1521665870302;17.989779;-62.089844;145.25221
1521665870309;19.1099;-63.279297;148.26007
1521665870322;24.429733;-65.23828;150.29135
1521665870333;26.669971;-67.759766;151.40855
1521665870341;30.37994;-69.92969;153.93202
1521665870348;31.71002;-68.59961;156.24066
1521665870361;31.569883;-67.61914;158.97116
1521665870369;30.589901;-67.61914;161.77199
1521665870382;35.210094;-68.73828;163.86967
1521665870388;29.399958;-69.509766;165.6197
1521665870401;25.549852;-68.73828;167.79161
1521665870408;28.4898;-67.759766;170.17056
1521665870423;31.849669;-67.89844;170.17056
1521665870430;28.069878;-67.478516;172.40887
1521665870441;19.669958;-67.05859;175.06908
1521665870448;13.509778;-66.7793;177.9402
1521665870461;10.639902;-66.7793;179.27226
1521665870467;9.239999;-65.30859;178.50272
1521665870481;7.6999545;-62.36914;174.93234
1521665870488;0.83999634;-62.509766;179.83086
1521665870501;2.3799443;-63.489258;177.59254
1521665870507;4.7598896;-63.629883;177.65895
1521665870523;11.339854;-63.55957;175.49095
1521665870532;14.559828;-61.45996;175.28001
1521665870543;12.740002;-62.089844;174.58078
1521665870548;14.769789;-62.439453;173.6003
1521665870562;9.659921;-63.839844;171.08073
1521665870568;1.3299867;-64.88867;167.02208
1521665870582;-0.6299896;-64.46875;169.19008
1521665870590;-2.7999878;-63.13965;167.86192
1521665870603;-2.7999878;-61.879883;167.1588
1521665870609;0.83999634;-60.61914;164.92047
1521665870624;6.0899687;-59.289062;162.18997
1521665870632;7.629886;-59.0791;159.95164
1521665870641;9.239999;-59.289062;154.2797
1521665870648;8.189949;-60.129883;150.77963
1521665870661;6.5098906;-61.319336;149.09993
1521665870668;9.519784;-60.969727;147.00224
1521665870681;11.899913;-58.029297;141.88887
1521665870688;12.740002;-56.41992;133.90828
1521665870702;11.339854;-55.859375;137.61928
1521665870709;11.759776;-54.94922;135.5919
1521665870724;10.149912;-55.15918;132.43951
1521665870729;10.149912;-54.94922;128.31055
1521665870742;15.750014;-53.549805;123.69039
1521665870748;14.559828;-50.399414;116.34073
1521665870761;10.289804;-45.5;107.2391
1521665870768;2.1699834;-39.759766;80.63928
1521665870781;12.109875;-46.549805;94.85033
1521665870788;5.879885;-42.55957;85.1901
1521665870802;6.78992;-39.129883;81.47913
1521665870808;7.2099643;-33.179688;71.46929
1521665870823;10.009775;-26.389648;60.899643
1521665870829;19.949743;-20.57959;50.88984
1521665870841;28.069878;-15.889893;38.920067
1521665870848;27.789602;-12.319824;27.929739
1521665870861;22.049847;-7.279907;11.759776
1521665870868;18.7598;-2.6599731;-0.41999817
1521665870882;13.439954;3.149964;-9.659912
1521665870889;11.689952;9.16993;-18.47998
1521665870902;15.750014;13.019788;-27.22998
1521665870908;11.829844;15.959975;-36.679688
1521665870924;6.78992;16.659698;-44.729492
1521665870929;1.4699708;17.849642;-53.549805
1521665870942;-5.3199463;20.01957;-61.66992
1521665870948;-13.369873;22.67973;-67.61914
1521665870961;-18.689941;25.199755;-73.7793
1521665870968;-19.319824;28.069878;-78.958984
1521665870981;-14.699951;32.19934;-87.359375
1521665870988;-15.539795;33.599735;-92.328125
1521665871002;-9.379883;34.36927;-97.29883
1521665871008;-7.699951;35.630016;-103.94922
1521665871024;-15.119873;37.30971;-108.14844
1521665871036;-16.029785;39.40933;-110.94922
1521665871053;-9.309814;40.52945;-114.6582
1521665871063;-8.399902;40.460114;-116.828125
1521665871084;-16.029785;45.84978;-123.33984
1521665871089;-23.449707;52.849808;-127.958984
1521665871101;-30.169922;55.439663;-129.5
1521665871107;-35.279297;55.15939;-128.02734
1521665871127;-35.839844;54.389854;-131.10938
1521665871140;-42.13965;55.649624;-130.26953
1521665871147;-44.379883;59.14964;-131.59766
1521665871160;-45.219727;63.34985;-135.02734
1521665871167;-44.09961;67.54934;-138.25
1521665871180;-34.229492;67.340355;-138.17969
1521665871190;-25.549805;64.95947;-138.10938
1521665871202;-22.119629;62.719963;-141.95703
1521665871209;-27.299805;62.579338;-142.51953
1521665871224;-42.55957;63.90942;-143.00781
1521665871230;-46.19922;68.03958;-142.16797
1521665871242;-35.069336;72.94;-145.17969
1521665871249;-22.889648;71.32867;-147.27734
1521665871263;-14.139893;66.5005;-143.07812
1521665871270;-13.579834;64.53955;-144.75781
1521665871282;-19.59961;65.52003;-146.50781
1521665871289;-35.13965;69.299355;-147.20703
1521665871302;-51.799805;72.86969;-146.78906
1521665871309;-52.289062;74.40877;-146.36719
1521665871324;-41.299805;75.94979;-145.25
1521665871330;-25.339844;77.55918;-145.17969
1521665871342;-19.669922;75.809166;-146.92969
1521665871350;-20.439941;72.729065;-145.94922
1521665871362;-29.609863;73.85017;-145.52734
1521665871370;-30.169922;76.15878;-146.15625
1521665871382;-27.78955;72.729065;-148.8164
1521665871390;-42.41992;69.8599;-149.02734
1521665871404;-41.229492;75.670494;-147.0664
1521665871411;-33.25;80.63928;-144.96875
1521665871424;-29.889648;77.00059;-143.70703
1521665871432;-32.19922;70.84038;-143.35938
1521665871442;-21.769531;75.039635;-144.33984
1521665871449;-18.409668;76.859955;-147.6289
1521665871462;-22.609863;76.36972;-151.89844
1521665871469;-27.719727;76.36972;-155.75
1521665871482;-37.379883;75.389244;-155.11719
1521665871490;-38.779297;74.76033;-150.5664
1521665871503;-33.319336;74.899;-147.48828
1521665871509;-24.779785;72.44977;-147.83984
1521665871531;0.20999908;77.279884;-146.64844
1521665871543;-0.27999878;73.70954;-145.10938
1521665871549;-4.0599365;69.930214;-143.21875
1521665871562;-8.329834;66.920425;-138.52734
1521665871569;-9.029785;62.510002;-133.6289
1521665871582;-8.889893;58.800026;-128.86719
1521665871590;-3.7799683;56.909393;-125.859375
1521665871603;6.2999296;58.170143;-121.0293
1521665871610;8.329842;60.47972;-117.73828
1521665871624;3.569947;58.170143;-113.88867
1521665871631;-0.34999847;56.06955;-107.30859
1521665871643;-5.1799316;55.509975;-106.958984
1521665871651;-4.7598877;50.539253;-89.5293
1521665871662;-14.839844;50.469917;-84.06836
1521665871670;-18.269531;40.73941;-91.978516
1521665871682;-17.009766;43.539227;-81.68945
1521665871689;-10.149902;46.619316;-71.18945
1521665871704;-6.9299316;40.3898;-73.5
1521665871710;-5.25;38.00991;-69.29883
1521665871731;2.309998;32.619263;-60.05957
1521665871744;9.869882;30.519588;-57.259766
1521665871750;3.989991;29.04986;-48.5791
1521665871763;0.48999786;25.68999;-43.11914
1521665871769;1.0499879;17.63968;-38.359375
1521665871782;5.809939;15.329848;-30.869629
1521665871791;16.029816;12.039806;-27.719727
1521665871804;22.469769;11.199962;-22.75
1521665871809;20.43998;8.329842;-18.269531
1521665871832;3.9199836;4.199953;-4.619995
1521665871842;-2.2399902;-0.13999939;2.3799443
1521665871850;-1.4699707;-6.4399414;7.979984
1521665871862;-1.0499878;-11.619873;14.209974
1521665871869;0.9799957;-13.859863;23.099653
1521665871882;7.769901;-13.22998;35.979626
1521665871889;7.419925;-14.769775;40.460114
1521665871903;7.839969;-19.80957;42.55973
1521665871910;6.649905;-24.219727;48.579285
1521665871931;11.199962;-31.779785;61.039295
1521665871944;15.959975;-33.529297;67.828636
1521665871950;26.319874;-37.239258;71.26031
1521665871963;24.149948;-38.569336;78.119736
1521665871970;30.16998;-42.979492;81.40882
1521665871983;29.609919;-46.339844;92.39914
1521665871990;31.71002;-50.95996;102.54961
1521665872004;26.0396;-57.75;111.930534
1521665872010;22.11967;-57.189453;124.950165
1521665872033;17.709993;-61.80957;135.5919
1521665872042;25.829638;-61.80957;143.0803
1521665872049;28.139702;-64.75;144.06079
1521665872063;31.219786;-68.38867;150.29135
1521665872069;24.77983;-69.859375;159.04149
1521665872083;18.339878;-73.14844;165.27205
1521665872090;15.959975;-75.80859;170.52213
1521665872104;17.009798;-78.46875;178.56912
1521665872109;21.279825;-77.41992;182.702
1521665872130;36.119278;-77.48828;186.13174
1521665872142;32.96985;-79.44922;190.12009
1521665872149;28.069878;-80.56836;194.25296
1521665872162;21.419962;-82.38867;199.15147
1521665872170;16.449738;-85.53906;203.0695
1521665872182;14.839857;-87.63867;207.76097
1521665872190;19.459997;-88.478516;211.6126
1521665872203;19.87992;-87.078125;213.29231
1521665872210;26.529835;-84.62891;212.45245
1521665872234;13.089856;-83.509766;212.94073
1521665872243;6.649905;-83.509766;211.47197
1521665872250;1.8899843;-85.11914;211.1204
1521665872262;5.809939;-84.978516;211.26103
1521665872270;9.589852;-82.87891;210.28055
1521665872282;8.539803;-82.80859;207.13206
1521665872289;3.5000007;-82.5293;205.24141
1521665872303;6.369998;-81.68945;202.86246
1521665872310;4.2698994;-82.38867;200.20227
1521665872334;2.4499516;-81.89844;196.13971
1521665872342;3.7099617;-80.42969;191.31151
1521665872349;7.349979;-79.0293;187.18254
1521665872362;10.919931;-79.30859;184.38171
1521665872369;14.839857;-79.16992;179.13164
1521665872383;17.009798;-77.13867;174.7214
1521665872389;12.039806;-74.68945;172.06122
1521665872403;12.459972;-70.62891;170.65884
1521665872410;12.599865;-68.59961;168.8424
1521665872434;9.309823;-70.208984;161.70168
1521665872442;7.0000033;-72.44922;156.59222
1521665872450;1.3299867;-73.42969;147.56084
1521665872462;2.8699956;-69.43945;143.92015
1521665872469;10.0798435;-64.46875;140.06854
1521665872482;14.349867;-59.5;135.09972
1521665872489;11.969981;-56.41992;127.39941
1521665872503;12.669933;-54.66992;117.45988
1521665872510;10.289804;-55.01953;107.03011
1521665872525;9.589852;-52.91992;95.76049
1521665872547;25.199755;-49.0;83.15884
1521665872563;39.759914;-30.519531;59.079327
1521665872569;43.189617;-17.009766;42.979652
1521665872581;38.079247;-9.659912;20.43998
1521665872589;29.469782;-7.209961;7.9099154
1521665872602;21.34965;-4.6899414;-4.4799805
1521665872608;13.439954;0.069999695;-15.119873
1521665872621;8.469978;6.579959;-25.619629
1521665872629;5.389895;12.879894;-35.069336
1521665872641;-0.41999817;17.989779;-45.289062
1521665872648;-9.799805;21.699747;-54.179688
1521665872662;-12.809814;24.56987;-62.509766
1521665872668;-16.30957;27.299856;-75.31836
1521665872681;-17.149902;28.769585;-82.73828
1521665872690;-15.469971;30.099667;-89.25
1521665872704;-11.619873;32.479614;-95.96875
1521665872710;-8.189941;35.000134;-101.7793
1521665872734;5.3199487;38.77944;-112.55859
1521665872743;6.0899687;39.969875;-115.63867
1521665872750;7.2799106;41.29996;-119.208984
1521665872763;8.469978;41.159336;-122.359375
1521665872770;5.3199487;40.809723;-124.80859
1521665872783;5.1099877;41.43961;-125.78906
1521665872790;2.2399907;45.149586;-129.21875
1521665872813;-1.1199951;50.88984;-131.8789
1521665872832;-16.939941;49.909367;-131.8789
1521665872844;-22.189941;50.88984;-133.97656
1521665872851;-24.28955;52.0793;-134.60938
1521665872863;-29.189941;53.340046;-133.48828
1521665872871;-25.47998;56.630096;-131.66797
1521665872884;-23.239746;58.729713;-132.57812
1521665872891;-30.09961;59.00999;-131.25
1521665872911;-28.0;63.13989;-138.10938
1521665872926;-25.129883;58.44944;-138.52734
1521665872935;-25.619629;56.979706;-138.8789
1521665872951;-25.82959;61.38988;-140.48828
1521665872964;-32.339844;62.7893;-138.52734
1521665872970;-38.63965;63.55981;-139.08984
1521665872983;-27.299805;67.408714;-140.97656
1521665872991;-11.899902;67.96926;-143.5
1521665873005;-10.219971;64.04932;-146.64844
1521665873019;-18.05957;65.86964;-145.94922
1521665873032;-25.339844;70.55913;-145.66797
1521665873037;-44.51953;70.000534;-144.1289
1521665873054;-58.30957;68.80911;-141.32812
1521665873058;-55.509766;72.30914;-141.75
1521665873065;-48.15918;73.779854;-143.35938
1521665873084;-30.589844;68.94974;-141.95703
1521665873090;-28.0;68.10989;-144.75781
1521665873102;-35.13965;67.61965;-144.0586
1521665873109;-42.979492;67.54934;-141.39844
1521665873124;-48.15918;66.7798;-140.20703
1521665873129;-33.319336;67.47903;-136.70703
1521665873141;-17.07959;69.43998;-140.48828
1521665873150;-2.869995;69.299355;-139.85938
1521665873162;3.6399543;66.639175;-138.8789
1521665873169;-2.7299805;64.81885;-140.0664
1521665873182;-8.819824;63.840084;-138.8789
1521665873191;-18.409668;61.109608;-134.60938
1521665873212;-36.95996;57.259983;-129.91797
1521665873227;-32.899414;59.639874;-127.53906
1521665873235;-25.549805;63.279537;-129.5664
1521665873251;-30.869629;64.88916;-127.53906
1521665873272;-26.80957;62.369377;-126.83984
1521665873284;-27.299805;59.14964;-124.87891
1521665873291;-27.719727;59.079327;-119.34961
1521665873312;-28.34961;55.300014;-113.958984
1521665873331;-4.5499268;56.000214;-108.63867
1521665873344;8.119881;49.699406;-121.0293
1521665873351;4.1298847;56.27951;-98.13867
1521665873371;4.199953;46.13006;-106.18945
1521665873384;0.69999695;43.889812;-96.59961
1521665873391;3.8499763;41.85953;-87.5
1521665873404;5.179934;39.199368;-87.708984
1521665873411;10.919931;39.6896;-84.9082
1521665873431;15.959975;36.9601;-72.51953
1521665873444;11.059825;31.989805;-67.61914
1521665873451;5.2500024;28.909721;-56.20996
1521665873464;2.5899663;23.44975;-49.69922
1521665873471;-6.2299805;19.31986;-41.649414
1521665873484;-2.3099976;15.679946;-36.11914
1521665873491;5.5299096;14.209974;-30.029785
1521665873511;15.959975;10.919931;-22.679688
1521665873534;18.269566;5.0399194;-12.73999
1521665873551;12.809826;-3.3599854;-0.55999756
1521665873572;0.13999939;-9.449951;14.2797985
1521665873592;15.750014;-6.159912;30.939999
1521665873611;11.269786;-12.319824;38.920067
1521665873634;12.669933;-19.45996;49.63007
1521665873644;16.239777;-22.609863;54.949425
1521665873651;22.049847;-26.319824;59.429913
1521665873664;22.399944;-29.259766;67.12942
1521665873671;25.409716;-34.229492;69.930214
1521665873684;28.069878;-38.0791;75.31893
1521665873691;29.609919;-42.069336;89.18037
1521665873711;41.78922;-49.90918;104.57892
1521665873727;42.630043;-50.679688;115.56924
1521665873744;30.37994;-56.489258;129.0801
1521665873752;30.099667;-57.189453;137.47865
1521665873764;30.519588;-60.969727;143.84984
1521665873771;32.479614;-66.7793;147.42021
1521665873791;30.16998;-70.76953;167.02208
1521665873811;18.7598;-70.48828;181.29964
1521665873827;16.449738;-71.609375;186.13174
1521665873844;22.960003;-72.23828;193.27248
1521665873851;23.44975;-76.228516;195.09282
1521665873864;24.639694;-79.30859;197.6827
1521665873871;27.089895;-79.44922;200.90149
1521665873884;24.989792;-80.14844;202.22964
1521665873891;22.11967;-80.63867;204.96014
1521665873911;17.149935;-77.76953;210.84305
1521665873927;20.369667;-78.11914;213.43294
1521665873944;19.250036;-78.46875;215.88219
1521665873951;15.609878;-78.11914;217.28065
1521665873964;10.21998;-77.76953;216.37048
1521665873971;4.7598896;-77.978516;213.92122
1521665873984;5.809939;-78.88867;212.80011
1521665873991;6.78992;-78.609375;209.37038
1521665874011;13.789807;-76.859375;201.31947
1521665874034;10.569834;-69.509766;189.97945
1521665874052;1.0499879;-66.56836;185.3622
1521665874071;-0.34999847;-67.61914;177.65895
1521665874091;-16.589844;-62.439453;166.6705
1521665874112;-16.72998;-58.029297;156.86957
1521665874125;-8.75;-54.94922;151.90074
1521665874144;6.369998;-52.70996;136.7091
1521665874151;3.7099617;-53.40918;131.252
1521665874171;-0.9799957;-55.01953;119.48919
1521665874184;0.55999756;-54.179688;115.63955
1521665874191;3.6399543;-52.359375;109.82896
1521665874212;7.839969;-45.149414;99.95974
1521665874227;11.689952;-40.66992;92.04953
1521665874244;21.210001;-35.34961;74.40877
1521665874251;19.1099;-31.989746;65.3794
1521665874264;6.9299345;-25.619629;50.96015
1521665874272;7.839969;-19.319824;43.25993
1521665874291;9.379891;-9.589844;24.710007
1521665874312;7.139896;-3.1499634;4.6899433
1521665874327;3.989991;-0.6299896;-5.3199463
1521665874336;1.6099855;2.3799443;-14.699951
1521665874351;-6.9299316;7.839969;-30.519531
1521665874371;-12.389893;15.889907;-48.01953
1521665874391;-11.409912;19.459997;-62.15918
1521665874412;-15.679932;22.67973;-74.68945
1521665874433;-15.539795;24.989792;-84.978516
1521665874452;-9.519775;28.4898;-93.86914
1521665874472;2.519959;35.139782;-106.259766
1521665874492;13.439954;41.64957;-120.46875
1521665874512;-4.619995;40.52945;-124.80859
1521665874527;-19.03955;39.61929;-125.29883
1521665874536;-23.659668;41.019688;-127.18945
1521665874552;-22.32959;48.579285;-132.64844
1521665874572;3.5000007;56.210175;-140.5586
1521665874592;-28.55957;58.30979;-136.98828
1521665874612;-44.44922;59.849834;-135.9375
1521665874627;-33.25;61.109608;-137.40625
1521665874635;-20.509766;62.579338;-140.6289
1521665874652;-23.09961;65.6587;-141.75
1521665874672;-30.589844;65.86964;-144.54688
1521665874692;-35.489258;69.299355;-148.11719
1521665874712;-25.339844;69.02006;-142.65625
1521665874732;-34.5791;73.07868;-140.48828
1521665874752;-35.76953;73.50056;-146.22656
1521665874772;-48.789062;75.389244;-148.1875
1521665874792;-44.51953;81.05921;-146.01953
1521665874812;-43.11914;80.4303;-144.89844
1521665874834;-32.969727;78.95958;-143.07812
1521665874852;-39.339844;75.389244;-146.64844
1521665874872;-40.739258;76.71933;-139.92969
1521665874892;-21.699707;72.79938;-140.0
1521665874913;3.0799568;81.34046;-140.5586
1521665874928;0.41999817;78.469345;-144.19922
1521665874938;3.359986;73.92048;-145.59766
1521665874953;-4.829956;66.289566;-137.40625
1521665874972;-11.899902;61.109608;-130.19922
1521665874992;-2.0999756;65.23878;-126.83984
1521665875012;-7.9799805;67.54934;-124.25
1521665875031;-12.389893;66.01027;-122.708984
1521665875035;-6.9299316;62.510002;-122.63867
1521665875052;-24.28955;57.18967;-109.759766
1521665875072;-23.519531;59.920147;-92.81836
1521665875092;-20.57959;55.789272;-92.39844
1521665875112;-14.419922;51.869335;-83.71875
1521665875133;-4.0599365;49.000187;-74.26953
1521665875152;4.2698994;38.989403;-64.67969
1521665875172;14.909925;35.139782;-50.3291
1521665875192;21.139688;27.509817;-39.549805
1521665875212;16.169952;16.730011;-25.82959
1521665875229;14.839857;9.519784;-18.969727
1521665875236;14.209974;7.979984;-11.059814
1521665875253;11.689952;1.7500001;-0.41999817
1521665875273;1.399994;-6.2299805;16.519562
1521665875292;-2.5899658;-11.899902;36.32924
1521665875312;-2.169983;-15.259766;43.329266
1521665875328;0.55999756;-16.799805;48.229675
1521665875337;-0.9799957;-19.949707;50.049995
1521665875352;6.369998;-31.07959;60.689682
1521665875372;15.679946;-42.20996;72.79938
1521665875393;20.230019;-58.029297;87.50066
1521665875412;30.730038;-53.759766;106.04964
1521665875429;29.609919;-60.26953;105.13947
1521665875437;34.089973;-63.069336;111.7196
1521665875453;37.65932;-68.17969;130.47855
1521665875472;25.199755;-75.87891;142.65842
1521665875492;10.99;-80.56836;163.93999
1521665875514;8.39991;-84.2793;184.79968
1521665875529;8.539803;-85.328125;190.40134
1521665875537;6.7199736;-86.37891;195.65141
1521665875553;9.729989;-89.17969;197.1905
1521665875573;5.5299096;-86.79883;199.08116
1521665875593;6.2999296;-84.69922;198.38193
1521665875613;8.750008;-84.0;196.90924
1521665875629;5.599978;-84.06836;195.0225
1521665875636;-4.619995;-83.509766;193.13185
1521665875653;-5.879883;-82.109375;189.77242
1521665875668;2.4499516;-82.109375;188.44037
1521665875675;9.099862;-83.578125;187.25285
1521665875693;7.4899936;-88.4082;183.04967
1521665875713;9.659921;-90.36914;180.95197
1521665875734;33.809696;-93.93945;182.49106
1521665875749;51.309765;-94.42969;185.22157
1521665875755;63.55981;-93.51953;185.70985
1521665875774;51.8;-90.08984;185.15126
1521665875794;96.53003;-89.94922;188.72162
1521665875808;112.000854;-89.66992;189.63179
1521665875816;106.88948;-84.76953;191.45213
1521665875829;71.46929;-77.06836;193.34279
1521665875837;19.389685;-69.92969;198.45224
1521665875848;-30.659668;-66.009766;206.01096
1521665875857;-43.75;-67.26953;205.65938
1521665875867;-43.819336;-68.80859;205.03047
1521665875876;-40.45996;-70.69922;200.83118
1521665875893;-38.429688;-71.88867;196.21002
1521665875898;-39.129883;-71.81836;190.95993
1521665875908;-39.40918;-71.39844;185.43251
1521665875916;-36.399414;-70.76953;175.28001
1521665875930;-39.129883;-69.71875;161.97902
1521665875938;-37.589844;-68.03906;150.92026
1521665875954;0.069999695;-61.59961;115.430565
1521665875968;19.599646;-55.649414;102.40898
1521665875979;37.729633;-48.089844;85.81901
1521665875989;41.85953;-38.63965;69.78959
1521665875997;40.599762;-28.419922;57.32932
1521665876008;31.779844;-20.369629;43.119305
1521665876016;22.329632;-13.22998;29.539606
1521665876031;17.779818;-7.279907;15.959975
1521665876039;12.879894;-1.3299866;1.399994
1521665876054;-3.289978;12.039806;-27.439941
1521665876073;-15.119873;29.960016;-59.289062
1521665876094;-7.9799805;39.47964;-84.48828
1521665876113;-1.1199951;46.969902;-107.728516
1521665876129;-1.6099854;52.849808;-116.478516
1521665876138;-1.9599915;57.96018;-126.13867
1521665876153;12.599865;59.639874;-138.10938
1521665876173;40.039215;50.67988;-152.73828
1521665876193;3.5000007;57.819553;-163.23828
1521665876214;4.6899433;65.100105;-162.1875
1521665876230;6.859988;64.11963;-165.82812
1521665876235;12.389904;58.6594;-162.25781
1521665876250;33.250126;54.88009;-163.16797
1521665876255;24.56987;56.000214;-170.44922
1521665876274;-33.179688;61.880116;-157.28906
1521665876287;-50.75;64.60986;-156.3086
1521665876295;-24.28955;67.19973;-156.02734
1521665876314;-10.5;60.40941;-156.44922
1521665876329;-1.8899841;58.02952;-152.10938
1521665876335;-2.3099976;58.23948;-155.53906
1521665876348;-10.8498535;54.319542;-156.16797
1521665876355;-26.109863;50.11933;-150.70703
1521665876367;-37.51953;50.96015;-145.3164
1521665876375;-30.029785;52.569534;-145.03906
1521665876394;-13.299805;48.369324;-139.71875
1521665876414;-10.569824;51.02949;-138.25
1521665876474;-26.109863;50.819527;-137.26953
1521665876481;-32.8291;49.84003;-130.75781
1521665876493;-29.53955;56.559784;-127.81836
1521665876514;-27.649902;49.489445;-125.78906
1521665876530;-27.509766;48.92987;-124.87891
1521665876535;-32.26953;50.539253;-122.078125
1521665876553;-51.86914;51.519726;-115.84961
1521665876579;-42.34961;59.00999;-116.05859
1521665876593;-36.88965;55.439663;-115.5
1521665876620;-31.359863;53.759968;-115.7793
1521665876643;-29.819824;54.250206;-115.98828
1521665876653;-24.779785;56.139862;-116.96875
1521665876655;-18.199707;62.369377;-116.54883
1521665876672;-18.759766;64.398926;-117.109375
1521665876675;-16.09961;61.039295;-117.17969
1521665876694;-12.109863;58.800026;-115.56836
1521665876712;-11.269775;56.420135;-114.58984
1521665876715;-12.879883;56.420135;-112.978516
1521665876739;-19.949707;58.519753;-112.13867
1521665876753;-17.639648;62.929924;-106.11914
1521665876773;-11.969971;59.920147;-103.458984
1521665876794;-11.199951;59.14964;-102.89844
1521665876813;-15.399902;61.670155;-91.48828
1521665876834;-7.1398926;55.36935;-101.98828
1521665876860;-0.13999939;53.96993;-93.44922
1521665876879;4.2698994;51.659374;-88.26953
1521665876900;13.089856;49.559757;-82.59961
1521665876913;6.2299833;39.05972;-67.19922
1521665876939;4.8999043;32.339966;-52.989258
1521665876946;3.2199714;29.04986;-48.089844
1521665876960;-0.13999939;26.879932;-37.44922
1521665876979;11.199962;15.329848;-20.22998
1521665877000;24.219772;6.78992;-6.089966
1521665877020;22.539593;1.7500001;0.27999878
1521665877043;24.219772;-3.5699463;3.7099617
1521665877050;17.779818;-9.309814;6.159915
1521665877057;20.01957;-10.709961;25.12993
1521665877074;21.769571;-12.5998535;29.889704
1521665877094;18.059605;-21.699707;44.239426
1521665877114;14.909925;-27.78955;53.059772
1521665877116;15.750014;-33.66992;60.82933
1521665877139;22.11967;-41.36914;74.34041
1521665877154;20.789589;-45.70996;89.879585
1521665877173;30.519588;-54.739258;87.21941
1521665877176;32.4093;-53.8291;105.35041
1521665877194;37.2394;-65.93945;115.98916
1521665877211;41.509922;-65.51953;136.92004
1521665877215;40.250153;-69.71875;143.0803
1521665877240;33.250126;-74.19922;161.35011
1521665877254;34.36927;-78.04883;177.3113
1521665877273;33.88001;-82.03906;191.94041
1521665877293;25.759813;-84.76953;201.81166
1521665877313;28.210014;-87.56836;212.31183
1521665877330;32.619263;-87.7793;217.70253
1521665877335;33.599735;-87.63867;221.34322
1521665877354;22.189983;-87.84961;228.69098
1521665877366;11.339854;-88.05859;230.30038
1521665877381;6.2299833;-88.54883;231.4215
1521665877386;8.819832;-88.26953;232.75354
1521665877401;22.259808;-87.28906;232.89026
1521665877420;26.949757;-86.30859;227.92143
1521665877444;18.689976;-86.16992;225.33156
1521665877453;8.39991;-87.078125;217.5619
1521665877456;10.569834;-87.078125;215.74156
1521665877474;10.0798435;-84.69922;209.15944
1521665877491;14.490004;-82.31836;205.8
1521665877495;8.049812;-81.54883;201.31947
1521665877513;-8.679932;-81.19922;199.01085
1521665877516;-16.30957;-80.98828;198.65927
1521665877540;8.8899;-81.828125;194.11234
1521665877554;15.469985;-79.79883;185.3622
1521665877567;14.2797985;-78.18945;178.29178
1521665877577;3.989991;-78.328125;173.52998
1521665877594;3.149964;-74.478516;164.29156
1521665877613;5.809939;-70.208984;162.68216
1521665877616;6.7199736;-64.75;157.08052
1521665877640;-2.3099976;-57.95996;141.68184
1521665877654;25.759813;-47.38965;114.45009
1521665877670;33.529423;-39.129883;101.21952
1521665877675;32.19934;-29.679688;87.07879
1521665877693;32.339966;-20.509766;75.670494
1521665877696;27.36968;-14.909912;62.159416
1521665877714;28.000053;-11.199951;49.97968
1521665877716;30.519588;-8.75;37.170063
1521665877740;28.769585;-0.34999847;9.799813
1521665877750;21.069864;5.809939;-1.4699707
1521665877755;8.329842;11.339854;-12.669922
1521665877774;-13.089844;20.01957;-42.979492
1521665877794;-18.899902;22.67973;-67.54883
1521665877814;-27.509766;29.960016;-87.28906
1521665877831;-30.799805;33.88001;-96.25
1521665877836;-29.679688;37.799946;-103.38867
1521665877860;-15.469971;40.73941;-117.5293
1521665877879;-16.72998;41.78922;-131.03906
1521665877901;-24.989746;47.179867;-143.42969
1521665877914;7.419925;50.75019;-154.76953
1521665877940;-0.48999786;48.439636;-154.5586
1521665877951;-11.059814;48.579285;-157.07812
1521665877955;-29.75;48.019714;-157.00781
1521665877971;-40.039062;51.02949;-154.97656
1521665877975;-36.75;53.899616;-156.9375
1521665877994;-28.139648;55.439663;-157.00781
1521665877996;-9.869873;61.880116;-158.40625
1521665878008;-12.5998535;66.70949;-158.89844
1521665878017;-24.429688;67.89895;-156.72656
1521665878041;-51.379883;61.52953;-150.07812
1521665878054;-69.578125;65.02979;-148.67969
1521665878071;-56.34961;67.689964;-146.22656
1521665878075;-38.359375;68.60013;-146.78906
1521665878094;-26.59961;71.539604;-146.85938
1521665878096;-11.619873;74.82869;-146.15625
1521665878112;-17.919922;70.62944;-145.8086
1521665878116;-20.509766;65.86964;-149.44922
1521665878141;-26.45996;64.398926;-145.66797
1521665878150;-21.069824;64.398926;-146.15625
1521665878155;-7.209961;65.30909;-143.70703
1521665878171;-5.949951;64.95947;-140.27734
1521665878175;-17.5;67.47903;-139.08984
1521665878192;-23.30957;72.379456;-137.26953
1521665878196;-30.72998;70.139206;-137.6875
1521665878212;-49.69922;64.260254;-136.84766
1521665878216;-51.589844;64.46924;-136.42969
1521665878241;-33.59961;65.23878;-140.48828
1521665878251;-25.129883;66.5005;-140.13672
1521665878255;-16.379883;70.06889;-137.47656
1521665878271;-4.409912;70.488815;-135.09766
1521665878276;1.6099855;66.85011;-135.44922
1521665878292;4.5499287;62.159416;-135.3086
1521665878296;7.769901;58.6594;-136.07812
1521665878312;9.729989;55.229702;-136.98828
1521665878316;9.239999;54.529503;-136.77734
1521665878341;-5.1799316;59.639874;-133.6289
1521665878351;-12.949951;62.30004;-131.3164
1521665878355;-18.549805;65.30909;-128.3789
1521665878374;-20.299805;66.289566;-125.578125
1521665878394;-13.929932;66.56886;-122.708984
1521665878414;-19.389648;65.3794;-122.28906
1521665878431;-19.03955;65.52003;-119.34961
1521665878436;-18.689941;66.07863;-117.458984
1521665878447;-17.989746;64.04932;-114.16992
1521665878455;-17.84961;60.759995;-111.01953
1521665878467;1.4699708;55.01974;-118.64844
1521665878475;1.8199769;63.979733;-96.80859
1521665878502;2.3799443;55.090054;-106.958984
1521665878511;-0.48999786;50.189644;-110.17969
1521665878524;10.149912;51.519726;-96.17969
1521665878543;10.149912;46.619316;-93.86914
1521665878560;1.5399781;32.339966;-61.879883
1521665878568;-4.409912;26.109913;-51.86914
1521665878582;-4.829956;22.049847;-44.09961
1521665878587;-0.069999695;19.459997;-37.09961
1521665878603;7.979984;17.289583;-28.0
1521665878621;15.819839;7.2799106;-15.539795
1521665878644;17.149935;2.6599736;-8.119873
1521665878652;33.179813;-3.919983;-0.769989
1521665878656;32.19934;-7.839966;1.6099855
1521665878672;26.179737;-10.8498535;8.39991
1521665878676;28.069878;-10.919922;24.989792
1521665878694;36.259903;-11.199951;32.829224
1521665878697;31.149961;-14.629883;37.799946
1521665878714;23.169966;-18.409668;44.239426
1521665878717;16.379913;-20.929688;51.939648
1521665878741;4.199953;-26.80957;63.2102
1521665878751;2.4499516;-29.049805;71.46929
1521665878756;3.0799568;-31.359863;77.90879
1521665878768;3.9199836;-34.089844;87.01043
1521665878775;6.2299833;-37.939453;94.780014
1521665878788;13.719983;-41.439453;101.360146
1521665878795;8.819832;-41.36914;111.649284
1521665878809;10.779795;-50.469727;112.20984
1521665878815;13.929944;-50.88965;127.610344
1521665878832;21.55961;-55.5791;132.86139
1521665878837;32.899536;-61.94922;138.2521
1521665878860;42.34977;-66.21875;157.01021
1521665878880;35.699352;-72.44922;176.68237
1521665878901;35.909313;-75.66992;194.5303
1521665878909;36.819473;-78.328125;201.53041
1521665878915;33.250126;-79.44922;207.13206
1521665878941;26.109913;-80.98828;213.63997
1521665878952;28.210014;-82.94922;215.60094
1521665878956;25.549852;-85.11914;217.63222
1521665878969;19.389685;-84.55859;222.04245
1521665878979;16.3096;-83.01953;223.72215
1521665878992;12.599865;-82.73828;223.93309
1521665878997;14.349867;-82.66992;225.40187
1521665879012;31.079649;-80.91992;225.19093
1521665879017;35.210094;-82.66992;224.00342
1521665879042;29.329645;-84.41992;221.90181
1521665879052;18.129917;-83.92969;221.06197
1521665879056;12.669933;-85.11914;219.65959
1521665879072;19.529821;-83.64844;218.68301
1521665879076;35.420055;-80.98828;217.63222
1521665879094;47.109554;-80.63867;215.39
1521665879097;52.359573;-80.21875;213.29231
1521665879117;35.139782;-75.66992;213.29231
1521665879142;0.48999786;-78.75;213.36263
1521665879152;7.769901;-78.46875;211.88994
1521665879156;13.299817;-76.08984;208.31958
1521665879172;3.4299934;-74.96875;207.69066
1521665879176;-3.0099487;-73.63867;205.94063
1521665879193;-4.4799805;-71.958984;199.2921
1521665879197;-9.449951;-72.0293;192.9209
1521665879213;-18.759766;-71.18945;189.00288
1521665879217;-20.57959;-70.69922;183.2606
1521665879242;-42.839844;-69.64844;167.22911
1521665879252;-41.509766;-67.54883;160.51025
1521665879257;-35.839844;-64.75;151.0609
1521665879268;-29.819824;-59.359375;140.77167
1521665879275;-16.799805;-52.989258;128.5918
1521665879289;-6.089966;-45.569336;117.11027
1521665879295;4.1298847;-38.989258;105.0008
1521665879309;12.669933;-33.319336;92.11984
1521665879316;19.87992;-27.78955;78.04942
1521665879332;24.849655;-22.95996;65.02979
1521665879337;29.889704;-17.639648;50.88984
1521665879348;32.4093;-11.409912;35.48939
1521665879355;32.96985;0.20999908;17.359896
1521665879368;32.829224;8.539803;6.0199003
1521665879375;28.559624;14.839857;-6.0198975
1521665879402;20.929726;19.809607;-16.799805
1521665879406;9.93995;23.099653;-26.03955
1521665879424;-14.419922;30.029842;-49.69922
1521665879453;-35.76953;42.630043;-77.9082
1521665879457;-36.88965;45.920094;-87.7793
1521665879469;-39.339844;50.819527;-99.11914
1521665879501;-40.319336;56.48947;-118.859375
1521665879522;-12.389893;57.819553;-134.1875
1521665879553;12.949963;61.52953;-147.0664
1521665879560;10.21998;59.779522;-155.95703
1521665879569;2.309998;57.750217;-154.48828
1521665879584;5.5299096;55.509975;-159.59766
1521665879589;6.78992;53.130085;-159.25
1521665879596;17.009798;54.670128;-161.5586
1521665879621;-8.329834;60.969955;-161.76953
1521665879632;-26.879883;64.95947;-157.77734
1521665879637;-39.759766;65.30909;-155.11719
1521665879649;-62.15918;62.43969;-150.5
1521665879656;-60.759766;64.04932;-146.36719
1521665879670;-48.719727;68.4595;-149.02734
1521665879683;-47.529297;68.94974;-147.41797
1521665879700;-17.84961;77.62949;-148.46875
1521665879723;-23.869629;70.97905;-145.94922
1521665879751;-28.909668;69.51029;-149.3086
1521665879759;-30.30957;70.000534;-144.75781
1521665879781;-17.429688;73.01032;-145.8086
1521665879792;-13.159912;79.658806;-143.77734
1521665879797;-25.689941;79.37951;-146.01953
1521665879810;-38.149414;76.229095;-145.8789
1521665879816;-43.95996;77.90879;-146.01953
1521665879839;-50.679688;80.4303;-142.3789
1521665879852;-48.509766;80.28967;-140.0
1521665879857;-36.399414;82.11;-139.71875
1521665879873;-14.209961;87.21941;-139.85938
1521665879877;-15.679932;86.23894;-141.39844
1521665879893;-20.369629;83.44009;-143.14844
1521665879897;-17.989746;82.67055;-143.21875
1521665879910;-14.069824;80.50061;-143.70703
1521665879916;-17.149902;78.95958;-142.09766
1521665879939;-14.069824;75.60018;-136.91797
1521665879953;-2.869995;75.31893;-133.69922
1521665879957;4.7598896;76.510345;-133.34766
1521665879972;4.0599384;77.62949;-133.69922
1521665879979;4.0599384;77.42051;-133.69922
1521665879993;1.3299867;76.36972;-133.27734
1521665879997;3.0799568;74.76033;-132.92969
1521665880014;3.6399543;72.23883;-130.47656
1521665880018;4.8999043;71.189995;-127.958984
1521665880043;9.099862;71.04937;-123.12891
1521665880049;7.2099643;71.46929;-124.5293
1521665880056;2.309998;72.86969;-122.21875
1521665880069;-0.48999786;72.44977;-120.609375
1521665880076;0.769989;66.70949;-124.66992
1521665880089;-3.4299927;68.80911;-112.208984
1521665880099;-2.0299683;65.799324;-111.01953
1521665880112;-1.75;61.460194;-111.578125
1521665880115;-6.159912;61.109608;-103.25
1521665880139;-3.919983;56.420135;-96.80859
1521665880152;1.9599916;55.36935;-86.79883
1521665880159;-2.7999878;50.259956;-75.17969
1521665880172;-9.519775;40.73941;-68.17969
1521665880175;-13.509766;37.939594;-57.95996
1521665880192;-10.8498535;33.88001;-53.8291
1521665880197;-15.959961;34.15931;-43.189453
1521665880218;-17.639648;22.469769;-27.369629
1521665880242;1.8199769;10.919931;-10.709961
1521665880253;13.439954;4.9699726;-10.079834
1521665880257;17.079622;-1.3299866;-4.409912
1521665880273;14.000013;-5.879883;0.769989
1521665880278;6.0199003;-9.659912;7.769901
1521665880293;5.5299096;-12.879883;17.569857
1521665880298;14.490004;-14.909912;27.929739
1521665880318;25.480028;-20.159668;40.880035
1521665880342;21.909708;-30.589844;55.509975
1521665880353;21.629923;-36.189453;66.43019
1521665880357;21.419962;-41.719727;73.70954
1521665880370;25.619677;-46.40918;81.129524
1521665880376;35.27943;-54.109375;87.36004
1521665880389;43.46989;-56.979492;94.7097
1521665880396;43.889812;-57.469727;104.86017
1521665880410;62.159416;-65.0293;102.69023
1521665880416;58.939674;-61.039062;123.62008
1521665880433;57.96018;-68.17969;123.40914
1521665880438;45.98943;-72.16992;133.63094
1521665880450;49.559757;-73.91992;142.17014
1521665880456;49.559757;-74.89844;155.54143
1521665880470;38.289207;-79.23828;160.86182
1521665880476;37.729633;-82.31836;162.81888
1521665880503;39.199368;-80.63867;180.18243
1521665880522;46.34002;-81.89844;190.47165
1521665880553;43.04997;-83.578125;196.70221
1521665880559;40.599762;-83.43945;201.74135
1521665880570;44.93962;-82.73828;202.37027
1521665880581;50.75019;-80.91992;205.65938
1521665880590;56.000214;-78.75;208.60083
1521665880597;47.03924;-76.578125;209.93288
1521665880619;19.529821;-75.66992;214.40952
1521665880642;19.039587;-73.7793;218.0502
1521665880659;25.059618;-69.43945;218.6127
1521665880674;18.829624;-67.26953;220.7807
1521665880678;7.2799106;-66.708984;222.60104
1521665880693;-0.20999908;-67.89844;223.72215
1521665880698;2.309998;-69.1582;222.3901
1521665880720;25.059618;-73.708984;221.47993
1521665880742;34.299934;-71.75;218.0502
1521665880753;23.379927;-71.88867;218.68301
1521665880758;17.709993;-72.86914;217.06972
1521665880771;11.619884;-77.208984;215.88219
1521665880777;16.169952;-79.6582;216.09314
1521665880792;11.759776;-78.81836;212.7298
1521665880797;5.2500024;-77.69922;210.21024
1521665880811;-7.909912;-74.68945;208.18286
1521665880817;-12.809814;-72.79883;206.2922
1521665880841;-54.739258;-73.28906;198.52255
1521665880863;-63.839844;-73.7793;182.90903
1521665880884;-65.23828;-65.86914;163.3814
1521665880902;-46.26953;-50.259766;137.54897
1521665880911;-32.479492;-43.11914;125.0908
1521665880917;-18.339844;-36.88965;113.04969
1521665880952;25.12993;-14.769775;58.02952
1521665880957;32.759888;-7.909912;43.46989
1521665880974;35.909313;-0.9099884;29.750055
1521665880978;33.529423;4.619997;17.63968
1521665880994;28.4898;9.799813;6.2299833
1521665880999;24.009811;13.719983;-5.459961
1521665881019;13.719983;21.55961;-32.05957
1521665881042;1.399994;33.179813;-56.55957
1521665881050;-11.829834;42.630043;-72.30859
1521665881061;-19.179688;48.019714;-80.56836
1521665881074;-25.899902;51.939648;-88.61914
1521665881079;-30.519531;54.179893;-96.458984
1521665881099;-34.929688;56.769745;-111.1582
1521665881119;-29.679688;63.630123;-125.08984
1521665881142;-4.2698975;69.299355;-133.83984
1521665881150;14.490004;71.04937;-137.6875
1521665881161;40.52945;69.648964;-140.20703
1521665881170;59.289288;65.52003;-150.21875
1521665881177;57.050022;61.880116;-157.91797
1521665881190;57.96018;59.3596;-163.51953
1521665881197;57.119358;55.57931;-167.57812
1521665881211;59.500225;49.489445;-164.28906
1521665881217;69.09037;48.159363;-166.17969
1521665881234;78.04942;49.000187;-166.66797
1521665881239;67.689964;50.049995;-166.66797
1521665881260;6.5098906;53.479694;-156.86719
1521665881283;-58.029297;50.96015;-146.29688
1521665881302;-64.958984;57.32932;-142.3086
1521665881311;-56.979492;63.2102;-140.48828
1521665881317;-42.0;71.04937;-141.11719
1521665881343;-38.779297;74.12947;-140.27734
1521665881362;-52.219727;71.04937;-142.44922
1521665881370;-59.0791;66.01027;-141.11719
1521665881381;-54.109375;61.94945;-136.5664
1521665881394;-32.129883;63.34985;-139.01953
1521665881398;-14.3498535;67.408714;-137.96875
1521665881420;-4.619995;68.60013;-136.98828
1521665881443;-13.789795;59.56956;-133.48828
1521665881450;-23.589844;54.949425;-134.32812
1521665881457;-30.869629;52.989456;-131.17969
1521665881470;-27.859863;51.170116;-128.86719
1521665881477;-16.799805;51.449413;-128.44922
1521665881494;-9.72998;51.659374;-127.67969
1521665881499;-6.579956;54.949425;-123.4082
1521665881520;-10.149902;55.01974;-126.06836
1521665881544;-25.05957;52.849808;-123.96875
1521665881550;-28.839844;53.829304;-123.05859
1521665881558;-28.069824;52.71016;-121.0293
1521665881570;-26.669922;52.5002;-122.91992
1521665881578;-26.25;56.420135;-125.43945
1521665881599;-19.389648;56.06955;-121.6582
1521665881619;-21.139648;55.929897;-123.12891
1521665881654;-15.119873;56.909393;-125.43945
1521665881661;-12.809814;57.39963;-128.3789
1521665881674;-8.329834;59.21995;-128.23828
1521665881679;-2.6599731;60.899643;-127.75
1521665881699;-8.959961;60.199448;-127.958984
1521665881720;-13.789795;59.920147;-122.708984
1521665881744;-18.05957;55.300014;-114.44922
1521665881760;-11.47998;56.979706;-102.61914
1521665881779;-11.689941;61.73949;-88.68945
1521665881791;-20.369629;56.000214;-96.66992
1521665881798;-37.029297;50.329292;-94.21875
1521665881811;-46.899414;48.50995;-77.2793
1521665881818;-46.899414;40.31949;-70.76953
1521665881834;-32.339844;35.769665;-68.25
1521665881839;-31.569824;40.52945;-40.25
1521665881861;-19.879883;27.230032;-32.26953
1521665881883;-3.919983;18.059605;-26.03955
1521665881900;9.16993;16.659698;-19.739746
1521665881912;26.319874;11.339854;-12.669922
1521665881918;29.81988;7.9099154;-9.449951
1521665881951;31.849669;2.729981;-7.699951
1521665881963;28.4898;-13.929932;21.210001
1521665881979;31.079649;-13.789795;31.219786
1521665881999;19.87992;-18.689941;42.55973
1521665882021;9.099862;-25.619629;52.5002
1521665882044;5.879885;-36.049805;65.52003
1521665882059;14.209974;-44.86914;78.32872
1521665882080;39.47964;-50.75;94.989
1521665882100;35.000134;-59.149414;109.340675
1521665882120;29.04986;-60.969727;139.93181
1521665882144;22.329632;-72.0293;151.54918
1521665882159;25.68999;-77.55859;170.72916
1521665882180;25.759813;-81.478516;179.76054
1521665882201;32.059692;-82.458984;189.06929
1521665882220;27.859915;-86.30859;199.99132
1521665882240;28.279839;-84.76953;204.40155
1521665882245;27.230032;-83.859375;206.43283
1521665882259;32.899536;-84.48828;211.96025
1521665882271;30.939999;-85.18945;213.56966
1521665882278;30.799862;-86.86914;218.40176
1521665882291;28.559624;-87.078125;221.62056
1521665882298;10.21998;-87.56836;224.90967
1521665882312;7.9099154;-89.03906;226.87064
1521665882318;6.369998;-90.78906;228.62067
1521665882341;34.01966;-92.46875;227.43315
1521665882351;45.079273;-92.39844;224.97998
1521665882366;45.149586;-90.578125;224.35107
1521665882382;40.039215;-87.5;222.3198
1521665882385;37.65932;-87.63867;219.59319
1521665882404;40.17984;-91.76953;216.02283
1521665882422;66.289566;-89.38867;210.5618
1521665882425;66.35988;-87.078125;209.02272
1521665882440;57.750217;-81.89844;208.81177
1521665882452;32.059692;-74.4082;207.47972
1521665882462;20.929726;-73.84961;207.9016
1521665882480;36.259903;-75.59961;201.88197
1521665882500;47.80975;-69.509766;195.15923
1521665882512;30.309628;-62.509766;191.94041
1521665882519;24.429733;-56.76953;189.35054
1521665882541;15.189956;-53.549805;181.79182
1521665882560;24.079636;-51.44922;166.52988
1521665882572;19.389685;-46.899414;157.92036
1521665882579;11.479991;-40.80957;146.65067
1521665882602;2.2399907;-31.70996;123.760704
1521665882622;16.239777;-26.529785;105.77033
1521665882625;28.980034;-21.55957;86.5905
1521665882652;35.06947;-16.09961;70.06889
1521665882662;24.989792;3.9199836;23.23979
1521665882684;-0.9799957;9.869882;-1.4699707
1521665882702;-17.149902;12.179943;-28.419922
1521665882721;-34.01953;18.409702;-56.76953
1521665882741;-41.509766;24.289597;-69.01953
1521665882752;-39.479492;36.18959;-93.30859
1521665882759;-34.15918;37.170063;-101.63867
1521665882772;-23.09961;36.609512;-111.1582
1521665882779;-21.629883;36.819473;-121.58984
1521665882792;-30.029785;37.65932;-128.3789
1521665882799;-34.649414;40.880035;-134.53906
1521665882813;-37.939453;45.710133;-140.5586
1521665882819;-36.539062;47.179867;-142.3789
1521665882834;-16.30957;49.97968;-145.94922
1521665882840;-2.4499512;51.099804;-152.94922
1521665882864;-14.97998;52.0793;-157.14844
1521665882883;-48.649414;52.359573;-159.17969
1521665882903;-47.109375;52.569534;-157.35938
1521665882913;-38.63965;58.02952;-163.79688
1521665882919;-33.529297;60.969955;-162.11719
1521665882953;-47.109375;67.47903;-162.95703
1521665882959;-75.73828;67.76028;-156.16797
1521665882980;-67.12891;73.92048;-157.5664
1521665883001;-20.78955;75.94979;-158.26953
1521665883021;-16.30957;76.64902;-153.85938
1521665883041;-26.879883;73.430244;-150.07812
1521665883052;-39.689453;69.51029;-151.47656
1521665883059;-37.729492;70.488815;-149.02734
1521665883072;-24.07959;70.488815;-148.46875
1521665883083;-9.029785;67.340355;-147.0
1521665883101;0.9799957;74.12947;-140.41797
1521665883121;-12.459961;67.059105;-138.73828
1521665883141;-26.45996;65.02979;-137.6875
1521665883152;-26.669922;69.09037;-134.46875
1521665883159;-23.30957;68.25052;-133.13672
1521665883182;-29.53955;67.89895;-128.44922
1521665883201;-35.13965;70.000534;-129.77734
1521665883221;-42.839844;70.770065;-128.58984
1521665883241;-41.719727;73.28962;-128.3789
1521665883246;-40.039062;72.17047;-127.46875
1521665883259;-25.199707;73.07868;-126.13867
1521665883280;-17.429688;73.01032;-125.578125
1521665883301;-12.389893;74.40877;-126.34961
1521665883321;-15.329834;67.96926;-120.18945
1521665883341;-16.30957;68.7388;-117.80859
1521665883354;-7.419922;67.340355;-113.18945
1521665883359;-1.75;68.94974;-113.53906
1521665883372;-4.0599365;68.94974;-112.76953
1521665883380;-8.189941;68.38919;-110.109375
1521665883392;-11.969971;67.47903;-108.078125
1521665883407;-13.089844;63.420162;-105.83984
1521665883423;-13.019775;59.779522;-102.12891
1521665883426;-8.049805;58.590065;-97.43945
1521665883453;-2.4499512;56.27951;-91.2793
1521665883463;-1.1199951;55.649624;-74.828125
1521665883473;0.27999878;50.539253;-80.009766
1521665883492;-4.2698975;44.029465;-69.859375
1521665883503;-1.8899841;41.43961;-67.61914
1521665883521;-5.1799316;37.30971;-57.88965
1521665883542;-12.039795;33.389774;-52.009766
1521665883552;-12.809814;20.64994;-35.069336
1521665883560;-6.9299316;15.679946;-25.129883
1521665883573;-3.2199707;15.119887;-19.319824
1521665883581;-11.339844;12.809826;-15.049805
1521665883600;-15.329834;1.6799928;5.2500024
1521665883622;2.5899663;-6.9299316;10.21998
1521665883642;15.959975;-11.829834;11.759776
1521665883646;25.059618;-16.239746;16.730011
1521665883662;36.5392;-7.9799805;35.06947
1521665883665;35.349743;-10.919922;35.630016
1521665883682;34.089973;-17.429688;39.47964
1521665883685;32.479614;-23.379883;44.099777
1521665883703;45.359547;-36.399414;47.949398
1521665883722;39.899563;-34.089844;58.23948
1521665883742;29.25982;-32.40918;67.059105
1521665883746;18.689976;-31.429688;75.45956
1521665883761;-6.369995;-44.939453;89.25068
1521665883773;-8.469971;-49.069336;107.03011
1521665883780;0.83999634;-54.45996;111.36999
1521665883793;3.149964;-58.44922;123.96969
1521665883800;9.309823;-65.37891;128.09961
1521665883814;12.949963;-66.14844;137.34193
1521665883820;14.139906;-67.759766;143.99046
1521665883842;10.429941;-79.58984;165.47908
1521665883863;16.029816;-82.94922;174.93234
1521665883866;23.659712;-86.93945;181.0223
1521665883883;28.210014;-91.69922;187.74113
1521665883886;34.649544;-95.68945;197.61238
1521665883904;36.469864;-97.78906;204.19061
1521665883914;31.50006;-99.259766;215.74156
1521665883920;30.589901;-102.61914;220.36273
1521665883962;38.500145;-103.31836;226.17142
1521665883967;31.919981;-100.51953;230.79257
1521665883981;25.199755;-100.44922;233.52309
1521665884002;26.739796;-97.71875;231.21056
1521665884022;15.819839;-96.109375;227.92143
1521665884042;12.039806;-94.63867;226.31204
1521665884047;12.740002;-93.51953;223.02293
1521665884061;23.23979;-92.259766;221.2729
1521665884081;32.899536;-88.26953;214.34311
1521665884103;27.089895;-86.23828;207.97191
1521665884122;32.4093;-81.54883;196.90924
1521665884142;28.980034;-80.84961;196.56158
1521665884147;32.549927;-78.46875;193.69044
1521665884162;20.369667;-74.05859;184.38171
1521665884181;23.029829;-68.94922;171.4323
1521665884202;23.309614;-58.16992;158.40866
1521665884222;-21.909668;-43.609375;137.40834
1521665884242;-32.05957;-39.40918;132.43951
1521665884247;-23.519531;-35.90918;121.87006
1521665884261;-18.969727;-25.339844;90.930374
1521665884281;-33.319336;-11.689941;66.56886
1521665884303;-37.86914;5.809939;40.73941
1521665884322;-45.5;18.199741;14.559828
1521665884342;-46.969727;25.619677;-8.119873
1521665884354;-42.979492;37.09975;-37.939453
1521665884361;-38.429688;42.34977;-49.979492
1521665884373;-32.479492;46.75994;-61.529297
1521665884380;-25.619629;49.97968;-73.21875
1521665884394;-19.03955;52.92012;-83.64844
1521665884401;-17.569824;54.389854;-91.83984
1521665884414;-19.25;55.15939;-99.328125
1521665884420;-18.899902;56.420135;-107.728516
1521665884441;-13.789795;58.519753;-121.09961
1521665884454;2.519959;57.96018;-128.3789
1521665884460;8.750008;57.050022;-130.6875
1521665884474;2.8699956;57.259983;-130.61719
1521665884480;-4.9699707;59.429913;-131.59766
1521665884507;-11.689941;62.159416;-135.51953
1521665884524;13.579846;60.61937;-141.04688
1521665884529;40.599762;56.979706;-143.07812
1521665884550;47.03924;53.689655;-144.26953
1521665884561;-28.0;61.039295;-136.42969
1521665884574;-36.95996;61.109608;-135.9375
1521665884581;-14.769775;60.550034;-135.65625
1521665884593;6.159915;60.759995;-138.94922
1521665884601;12.949963;63.630123;-141.25781
1521665884623;-1.3999939;69.22904;-134.39844
1521665884626;-24.359863;71.60992;-131.38672
1521665884654;-46.759766;73.35993;-127.39844
1521665884662;-38.429688;70.55913;-126.76953
1521665884683;-3.2199707;69.51029;-129.00781
1521665884685;-0.20999908;68.25052;-129.07812
1521665884703;-1.2599792;72.65875;-126.34961
1521665884705;-2.869995;75.45956;-125.71875
1521665884724;-8.679932;72.30914;-127.04883
1521665884726;-15.329834;67.27004;-127.04883
1521665884743;-26.879883;61.73949;-126.76953
1521665884754;-14.209961;61.250233;-124.66992
1521665884761;-11.899902;62.579338;-126.13867
1521665884781;-20.439941;72.10016;-126.34961
1521665884794;-23.239746;72.17047;-127.958984
1521665884801;-30.869629;69.51029;-126.83984
1521665884821;-32.339844;68.25052;-130.61719
1521665884842;-24.639648;69.36967;-131.3164
1521665884849;-19.319824;70.90874;-133.76953
1521665884857;-15.819824;73.92048;-134.67969
1521665884866;-17.639648;76.578705;-134.04688
1521665884889;-23.72998;75.18026;-132.29688
1521665884896;-25.969727;71.39898;-129.84766
1521665884911;-24.569824;69.51029;-130.6875
1521665884923;-12.809814;69.36967;-131.25
1521665884928;-0.27999878;70.90874;-135.44922
1521665884954;7.419925;75.52987;-138.10938
1521665884974;4.3399677;71.189995;-136.5664
1521665884981;6.369998;70.55913;-133.83984
1521665885001;2.729981;67.12942;-127.88867
1521665885024;2.729981;68.529816;-123.54883
1521665885027;-2.0299683;66.70949;-121.58984
1521665885054;-4.8999023;65.3794;-117.458984
1521665885062;-3.5699463;62.929924;-109.54883
1521665885065;-3.0099487;58.02952;-105.83984
1521665885084;-1.9599915;56.139862;-101.078125
1521665885086;-4.129883;55.300014;-95.759766
1521665885103;0.20999908;49.139835;-96.38867
1521665885105;4.0599384;51.099804;-82.03906
1521665885123;16.589874;37.799946;-71.958984
1521665885144;17.149935;30.939999;-62.36914
1521665885147;15.189956;24.35991;-56.20996
1521665885162;19.389685;14.839857;-52.63965
1521665885182;36.5392;9.519784;-23.30957
1521665885203;42.979652;-0.55999756;-23.519531
1521665885223;37.589985;-10.009766;-7.7698975
1521665885244;35.909313;-12.949951;-5.669922
1521665885247;35.48939;-17.779785;1.7500001
1521665885262;43.539227;-17.219727;18.96976
1521665885281;37.589985;-16.09961;26.669971
1521665885294;27.719778;-19.389648;34.649544
1521665885301;19.599646;-25.409668;40.17984
1521665885321;19.599646;-34.36914;53.619343
1521665885343;28.000053;-36.95996;71.959526
1521665885355;22.049847;-40.179688;86.02995
1521665885369;23.169966;-43.819336;91.97921
1521665885375;23.659712;-45.569336;104.71954
1521665885394;33.460087;-49.69922;129.22072
1521665885411;33.179813;-52.569336;138.95132
1521665885421;26.739796;-63.489258;152.7406
1521665885443;28.419975;-65.23828;159.7407
1521665885446;29.81988;-66.56836;165.69002
1521665885461;32.549927;-68.109375;188.93256
1521665885482;26.109913;-70.48828;202.93277
1521665885502;12.949963;-74.759766;212.59308
1521665885528;26.80962;-79.79883;219.38225
1521665885551;38.289207;-77.69922;221.47993
1521665885563;38.429832;-77.41992;225.68312
1521665885565;39.26968;-77.9082;226.80032
1521665885582;35.909313;-78.75;227.08159
1521665885602;53.759968;-80.708984;226.1011
1521665885628;54.460167;-77.06836;228.55035
1521665885652;50.259956;-74.26953;226.6597
1521665885663;44.17009;-72.51953;222.18307
1521665885666;38.989403;-74.4082;221.69087
1521665885684;42.13981;-74.828125;221.62056
1521665885686;52.149612;-72.51953;217.63222
1521665885708;40.039215;-63.979492;211.33134
1521665885724;33.250126;-63.839844;208.04224
1521665885744;38.14956;-67.12891;205.65938
1521665885747;44.029465;-69.01953;203.0695
1521665885764;41.43961;-64.75;192.78027
1521665885782;34.719856;-52.779297;186.4794
1521665885802;18.549839;-46.479492;173.31905
1521665885822;23.869673;-46.61914;156.79926
1521665885842;14.979994;-42.34961;148.81866
1521665885845;-4.0599365;-37.239258;141.95918
1521665885868;-8.399902;-24.359863;127.75097
1521665885888;-6.8599854;-16.169922;107.450035
1521665885910;6.5098906;-11.969971;83.57876
1521665885922;-2.5899658;-1.3999939;49.279484
1521665885952;-5.3898926;3.989991;35.839977
1521665885963;-12.879883;9.589852;11.899913
1521665885966;-17.569824;11.899913;0.83999634
1521665885982;-19.109863;12.529797;-11.829834
1521665885985;-21.909668;13.299817;-26.529785
1521665886003;-42.839844;20.64994;-51.239258
1521665886022;-47.319336;24.56987;-68.03906
1521665886025;-48.36914;26.949757;-73.078125
1521665886044;-54.179688;30.16998;-86.0293
1521665886047;-51.589844;30.239803;-93.16992
1521665886055;-50.539062;31.429747;-106.53906
1521665886066;-54.66992;36.32924;-121.23828
1521665886083;-58.379883;43.46989;-140.0
1521665886104;-21.55957;46.269707;-151.33984
1521665886123;0.55999756;47.880062;-159.52734
1521665886125;-2.3099976;46.829277;-165.40625
1521665886144;-9.449951;46.479668;-168.48828
1521665886147;-17.429688;50.67988;-177.51953
1521665886155;-11.969971;51.239452;-182.0
1521665886166;3.989991;51.659374;-184.79688
1521665886183;23.379927;48.299988;-182.34766
1521665886203;-0.9799957;52.92012;-181.71875
1521665886223;-18.759766;53.759968;-176.75
1521665886225;-34.5791;54.670128;-174.64844
1521665886248;-43.11914;58.44944;-172.89844
1521665886264;-45.569336;55.229702;-161.0
1521665886284;-65.23828;65.93995;-157.07812
1521665886302;-80.708984;69.22904;-152.94922
1521665886323;-51.799805;69.78959;-150.5
1521665886340;-34.229492;62.019768;-144.54688
1521665886345;-9.799805;59.21995;-139.78906
1521665886362;5.809939;58.86936;-139.85938
1521665886382;-3.1499634;59.21995;-136.21875
1521665886402;4.4799824;56.909393;-127.609375
1521665886422;6.5098906;48.50995;-118.859375
1521665886443;-4.129883;52.569534;-115.14844
1521665886464;-29.679688;52.569534;-112.34961
1521665886483;-53.969727;61.17992;-109.759766
1521665886508;-49.629883;60.40941;-102.54883
1521665886530;-39.26953;63.34985;-98.13867
1521665886552;-33.739258;62.369377;-97.01953
1521665886562;-33.59961;62.369377;-101.7793
1521665886565;-33.45996;62.719963;-104.29883
1521665886576;-30.869629;61.250233;-105.13867
1521665886585;-29.049805;57.259983;-100.86914
1521665886603;-2.869995;57.259983;-99.81836
1521665886616;0.13999939;54.250206;-96.109375
1521665886630;0.41999817;53.059772;-100.79883
1521665886664;1.1199952;55.439663;-104.43945
1521665886667;-2.2399902;53.340046;-103.38867
1521665886690;-12.319824;47.46014;-97.64844
1521665886704;-10.289795;45.009937;-93.16992
1521665886717;-6.579956;44.72966;-92.81836
1521665886727;-4.5499268;44.86931;-92.04883
1521665886740;-3.5;41.579258;-98.2793
1521665886745;-9.869873;47.529476;-85.259766
1521665886763;-12.879883;35.48939;-92.75
1521665886783;2.5899663;35.420055;-81.26953
1521665886804;0.13999939;35.06947;-78.958984
1521665886823;-6.579956;32.549927;-67.54883
1521665886844;-11.129883;27.859915;-59.70996
1521665886870;-3.1499634;25.12993;-49.76953
1521665886888;-3.709961;22.049847;-40.80957
1521665886910;-7.5599365;15.119887;-27.369629
1521665886917;-5.879883;10.849863;-18.82959
1521665886931;-0.20999908;5.6699243;-11.829834
1521665886949;7.6999545;-0.069999695;3.779969
1521665886970;0.48999786;-6.4399414;9.309823
1521665886984;2.8699956;-13.649902;25.199755
1521665887004;41.09;-11.269775;39.40933
1521665887023;36.049942;-12.809814;37.799946
1521665887026;20.369667;-16.869629;46.969902
1521665887049;11.199962;-27.159668;65.30909
1521665887060;19.669958;-35.20996;67.340355
1521665887065;26.599659;-39.339844;76.578705
1521665887083;32.339966;-39.969727;94.56908
1521665887085;36.889786;-44.09961;97.02027
1521665887100;35.699352;-46.549805;103.600395
1521665887105;37.729633;-48.36914;118.29973
1521665887123;33.88001;-51.30957;127.75097
1521665887125;34.089973;-58.30957;129.63869
1521665887150;44.38005;-60.899414;157.85005
1521665887164;40.31949;-68.17969;179.5496
1521665887180;40.809723;-70.55859;185.15126
1521665887185;46.34002;-72.728516;189.00288
1521665887203;46.409355;-74.54883;196.6319
1521665887205;49.279484;-75.03906;203.49138
1521665887223;48.579285;-76.509766;206.2922
1521665887226;43.539227;-77.69922;211.54228
1521665887250;30.730038;-77.2793;220.43304
1521665887264;20.230019;-79.86914;227.7808
1521665887283;31.359922;-81.33984;230.79257
1521665887304;43.119305;-75.38867;231.00352
1521665887323;17.779818;-72.6582;227.85112
1521665887340;8.539803;-76.64844;227.1519
1521665887345;17.009798;-77.55859;224.90967
1521665887364;53.759968;-78.609375;216.30017
1521665887384;37.029438;-71.53906;209.93288
1521665887396;24.500046;-63.76953;208.81177
1521665887419;15.609878;-63.279297;208.18286
1521665887432;28.559624;-69.228516;206.63986
1521665887458;52.149612;-70.48828;204.6828
1521665887473;35.210094;-66.98828;198.10068
1521665887490;-0.13999939;-56.279297;188.93256
1521665887504;-1.539978;-54.739258;185.29189
1521665887506;12.740002;-50.88965;172.76044
1521665887530;10.289804;-46.549805;163.86967
1521665887560;-23.659668;-37.09961;145.11159
1521665887567;-40.879883;-29.53955;129.50197
1521665887584;-50.259766;-23.169922;111.299675
1521665887607;-33.529297;-16.869629;86.799484
1521665887623;-30.09961;-11.199951;65.02979
1521665887626;-34.509766;-7.279907;50.88984
1521665887650;-32.129883;3.0099494;25.480028
1521665887664;-30.799805;9.869882;3.8499763
1521665887681;-25.129883;10.779795;-8.819824
1521665887685;-13.859863;11.689952;-21.069824
1521665887701;-13.089844;13.089856;-33.59961
1521665887706;-19.879883;15.679946;-46.479492
1521665887721;-19.389648;20.719765;-63.069336
1521665887726;-12.5998535;22.609905;-71.88867
1521665887750;8.539803;23.519575;-82.458984
1521665887760;10.50001;23.589888;-89.66992
1521665887765;4.829958;23.659712;-94.14844
1521665887784;-18.129883;29.189997;-104.859375
1521665887804;-41.719727;33.460087;-108.708984
1521665887824;-40.59961;39.969875;-116.759766
1521665887841;-49.55957;40.809723;-116.478516
1521665887846;-57.189453;46.199394;-118.509766
1521665887869;-78.18945;52.779495;-121.0293
1521665887889;-62.719727;61.109608;-126.208984
1521665887911;-31.639648;64.81885;-128.44922
1521665887918;-7.839966;67.89895;-133.0
1521665887931;-2.4499512;68.67044;-137.82812
1521665887964;-26.03955;66.7798;-142.16797
1521665887967;-27.439941;66.639175;-141.46875
1521665887981;-27.78955;64.398926;-140.76953
1521665887985;-18.759766;62.64965;-138.52734
1521665888004;5.179934;70.000534;-140.76953
1521665888018;-7.699951;67.96926;-138.03906
1521665888028;-19.80957;66.07863;-135.16797
1521665888051;-40.94922;69.930214;-136.63672
1521665888064;-29.189941;67.89895;-134.60938
1521665888081;-21.0;66.920425;-132.08984
1521665888085;2.2399907;72.79938;-128.02734
1521665888104;4.8999043;71.11968;-127.88867
1521665888107;-9.589844;65.93995;-128.3086
1521665888121;-11.899902;64.398926;-125.29883
1521665888126;-16.029785;63.13989;-123.828125
1521665888151;-24.919922;60.340073;-125.92969
1521665888161;-23.029785;58.30979;-123.61914
1521665888165;-19.669922;54.949425;-120.11914
1521665888181;-18.619629;56.769745;-118.29883
1521665888185;-18.689941;57.53928;-117.5293
1521665888204;-17.429688;55.929897;-117.03906
1521665888206;-18.199707;56.000214;-117.87891
1521665888224;-21.55957;57.819553;-119.978516
1521665888226;-23.589844;59.500225;-121.6582
1521665888251;-7.9799805;59.849834;-120.11914
1521665888261;-4.619995;58.590065;-117.73828
1521665888265;-4.409912;60.82933;-114.6582
1521665888281;-7.209961;61.670155;-112.83984
1521665888286;-7.629883;58.44944;-112.0
1521665888302;-8.539795;57.050022;-111.08984
1521665888306;-8.189941;58.519753;-111.71875
1521665888322;-11.549805;57.119358;-111.92969
1521665888326;-11.409912;56.420135;-111.29883
1521665888351;0.20999908;57.609592;-110.03906
1521665888361;2.5899663;57.819553;-108.84961
1521665888366;1.4699708;58.170143;-109.4082
1521665888384;3.779969;55.090054;-108.359375
1521665888397;3.0099494;56.699432;-106.53906
1521665888405;0.13999939;57.18967;-105.48828
1521665888418;1.9599916;57.609592;-106.259766
1521665888425;1.8199769;58.170143;-106.18945
1521665888441;3.0799568;57.469944;-105.62891
1521665888446;0.6299896;58.519753;-104.578125
1521665888458;-2.3799438;58.170143;-102.4082
1521665888465;-5.459961;58.09983;-99.53906
1521665888478;-4.9699707;57.609592;-95.759766
1521665888485;-9.029785;57.119358;-94.63867
1521665888513;-6.2299805;53.340046;-92.67969
1521665888521;-13.089844;53.059772;-83.509766
1521665888530;-25.82959;48.159363;-85.328125
1521665888535;-39.899414;49.279484;-70.76953
1521665888553;-52.779297;39.40933;-64.75
1521665888561;-58.589844;27.15972;-40.039062
1521665888565;-59.569336;19.87992;-32.479492
1521665888578;-56.069336;13.019788;-25.969727
1521665888585;-48.229492;8.469978;-21.839844
1521665888611;-10.149902;7.9099154;-8.259766
1521665888619;1.8199769;5.389895;-2.3099976
1521665888632;16.659698;1.6099855;1.5399781
1521665888662;40.3898;-6.579956;9.099862
1521665888669;54.460167;-12.809814;28.210014
1521665888690;54.529503;-21.839844;37.029438
1521665888708;40.52945;-28.97998;55.509975
1521665888719;36.750137;-34.649414;57.119358
1521665888725;28.69976;-32.759766;69.15873
1521665888742;24.710007;-34.929688;74.76033
1521665888747;18.96976;-39.19922;86.02995
1521665888758;19.949743;-40.80957;99.119896
1521665888765;19.389685;-48.229492;101.50077
1521665888778;17.149935;-51.799805;111.57897
1521665888785;18.689976;-55.229492;124.67087
1521665888798;20.01957;-61.45996;130.27151
1521665888807;21.139688;-63.55957;143.22093
1521665888821;31.639708;-69.78906;146.36942
1521665888830;37.2394;-72.6582;156.79926
1521665888870;47.739437;-73.5;164.29156
1521665888881;52.149612;-77.48828;170.17056
1521665888894;54.670128;-83.71875;187.67082
1521665888902;50.88984;-87.98828;193.4092
1521665888911;51.939648;-94.5;210.90945
1521665888919;57.469944;-92.75;215.39
1521665888925;56.27951;-90.78906;218.81973
1521665888959;47.319515;-88.12891;222.46042
1521665888969;22.819866;-86.79883;226.24173
1521665888978;6.5098906;-89.31836;227.08159
1521665888994;9.93995;-89.73828;225.26125
1521665889000;13.649915;-88.61914;223.15965
1521665889013;18.199741;-85.88867;222.46042
1521665889032;18.129917;-84.2793;221.2729
1521665889054;15.189956;-84.41992;218.54239
1521665889062;15.819839;-85.11914;211.6829
1521665889066;27.859915;-88.05859;209.37038
1521665889082;42.76969;-88.89844;206.01096
1521665889086;58.800026;-82.66992;198.03036
1521665889103;53.40938;-78.609375;195.65141
1521665889107;47.319515;-76.578125;195.86235
1521665889123;32.479614;-75.73828;194.25296
1521665889127;18.269566;-76.509766;192.29199
1521665889152;41.29996;-78.259766;185.50282
1521665889162;31.009825;-76.08984;180.11212
1521665889166;11.549815;-71.81836;181.51057
1521665889182;-5.3898926;-67.33984;180.81134
1521665889186;-29.53955;-62.859375;173.11201
1521665889208;-115.14844;-65.58984;165.76033
1521665889223;-93.16992;-68.25;154.8422
1521665889227;-52.91992;-65.93945;140.90839
1521665889252;-12.179932;-50.189453;121.94038
1521665889262;6.2299833;-39.61914;110.25084
1521665889266;24.35991;-30.869629;102.40898
1521665889278;31.149961;-24.639648;92.04953
1521665889285;41.22965;-22.399902;79.940056
1521665889299;44.93962;-23.589844;68.10989
1521665889305;39.339993;-25.549805;52.779495
1521665889319;29.189997;-26.319824;35.769665
1521665889325;23.659712;-22.819824;24.289597
1521665889342;29.399958;-16.379883;13.509778
1521665889348;41.64957;-9.23999;4.9699726
1521665889359;55.01974;-0.69999695;-1.8199768
1521665889365;54.460167;7.0699496;-9.169922
1521665889379;38.56948;10.0798435;-14.909912
1521665889385;13.089856;10.99;-23.09961
1521665889400;-7.629883;8.679939;-30.379883
1521665889409;-19.319824;6.78992;-40.039062
1521665889432;-37.239258;10.21998;-52.149414
1521665889436;-46.969727;14.699965;-54.45996
1521665889463;-47.529297;21.069864;-57.679688
1521665889473;-44.16992;27.789602;-62.509766
1521665889481;-49.55957;31.429747;-63.839844
1521665889494;-58.44922;30.939999;-71.11914
1521665889502;-56.34961;30.029842;-77.62891
1521665889509;-46.05957;31.849669;-85.609375
1521665889532;-20.019531;36.819473;-91.62891
1521665889563;-7.9799805;49.139835;-99.04883
1521665889570;-17.359863;52.569534;-104.08984
1521665889579;-17.5;55.15939;-107.86914
1521665889586;-23.449707;56.559784;-108.98828
1521665889610;-34.5791;58.30979;-108.009766
1521665889628;-62.229492;72.52008;-110.109375
1521665889642;-70.76953;77.69981;-110.31836
1521665889648;-71.39844;78.60997;-112.9082
1521665889659;-55.089844;80.56897;-119.208984
1521665889666;-51.51953;84.35025;-120.609375
1521665889679;-54.59961;85.11979;-121.51953
1521665889690;-60.61914;83.86001;-121.37891
1521665889702;-66.28906;87.21941;-122.84961
1521665889708;-70.978516;92.04953;-126.06836
1521665889728;-44.239258;96.87964;-132.78906
1521665889751;-13.159912;94.21947;-136.70703
1521665889759;-11.059814;91.97921;-131.73828
1521665889770;-11.339844;92.7507;-133.90625
1521665889783;-14.069824;94.430405;-135.58984
1521665889787;-21.769531;95.82885;-137.47656
1521665889802;-28.139648;97.71949;-141.04688
1521665889808;-21.0;103.03985;-145.8086
1521665889820;-4.339966;106.6805;-149.58984
1521665889826;-1.75;101.50077;-142.72656
1521665889852;2.3799443;95.69018;-136.70703
1521665889861;-0.9099884;103.319145;-135.51953
1521665889866;-14.419922;103.38946;-141.04688
1521665889879;-27.439941;101.98905;-141.46875
1521665889886;-24.70996;100.37967;-139.29688
1521665889899;-4.199951;104.22931;-142.23828
1521665889906;8.469978;111.7196;-146.85938
1521665889919;3.0099494;115.780174;-144.82812
1521665889933;-2.5199585;116.69034;-135.9375
1521665889947;-20.369629;115.28994;-133.0
1521665889970;-33.739258;117.11027;-135.51953
1521665889989;-28.279785;115.70986;-137.61719
1521665890009;0.27999878;120.53998;-142.09766
1521665890019;-1.3999939;124.950165;-145.45703
1521665890025;-3.2199707;126.13963;-151.26953
1521665890042;-4.199951;123.760704;-154.0
1521665890045;-10.779785;122.6396;-154.0
1521665890063;-13.579834;126.06932;-154.90625
1521665890068;-13.159912;129.56837;-154.83984
1521665890083;-14.769775;128.52148;-154.0
1521665890087;-12.25;126.06932;-151.19922
1521665890109;-3.919983;129.29103;-146.4375
1521665890124;-13.369873;128.0293;-144.82812
1521665890128;-24.84961;125.44041;-140.90625
1521665890152;-52.359375;105.35041;-129.00781
1521665890163;-52.429688;98.42067;-119.2793
1521665890167;-49.839844;91.420616;-108.078125
1521665890183;-42.629883;82.949844;-98.76953
1521665890188;-32.61914;71.88921;-102.759766
1521665890203;-13.579834;74.05916;-82.458984
1521665890208;-13.299805;80.85022;-53.759766
1521665890228;-12.5998535;54.10958;-49.55957
1521665890252;17.289583;40.94937;-49.069336
1521665890263;36.5392;42.13981;-42.76953
1521665890267;49.069523;34.22962;-49.76953
1521665890283;62.929924;32.619263;-38.70996
1521665890287;69.15873;30.799862;-34.719727
1521665890303;68.10989;25.68999;-37.16992
1521665890308;67.61965;23.029829;-32.549805
1521665890329;65.59034;19.039587;-32.549805
1521665890352;80.56897;3.0799568;-26.319824
1521665890363;84.908844;0.83999634;-25.549805
1521665890367;83.09048;-0.20999908;-21.069824
1521665890379;77.90879;-0.069999695;-19.669922
1521665890387;67.76028;0.48999786;-18.05957
1521665890399;59.849834;1.2599794;-16.09961
1521665890406;52.569534;1.1199952;-14.559814
1521665890420;41.43961;3.0099494;-13.299805
1521665890426;26.25005;6.0199003;-13.369873
1521665890443;14.069838;5.599978;-12.949951
1521665890448;4.409914;4.199953;-6.089966
1521665890461;-1.4699707;2.2399907;-2.2399902
1521665890467;-14.069824;-1.2599792;-2.5899658
1521665890480;-25.409668;-4.7598877;2.0299687
1521665890487;-17.009766;-7.5599365;-2.869995
1521665890513;-21.34961;-6.2299805;5.7399926
1521665890533;-34.509766;-1.4699707;7.0000033
1521665890563;-47.45996;-3.3599854;15.889907
1521665890569;-34.36914;-9.379883;16.169952
1521665890580;-22.95996;-6.8599854;17.849642
1521665890587;-18.549805;-5.73999;17.500032
1521665890604;-17.70996;-4.9699707;18.339878
1521665890608;-21.629883;-6.0198975;20.369667
1521665890620;-27.509766;-6.789917;21.909708
1521665890630;-32.61914;-9.029785;20.859901
1521665890652;-38.149414;-14.629883;23.939985
1521665890664;-32.549805;-17.639648;24.56987
1521665890669;-16.659668;-20.089844;28.279839
1521665890684;-10.8498535;-20.509766;29.469782
1521665890688;-4.829956;-17.07959;27.36968
1521665890703;0.41999817;-12.879883;26.389698
1521665890708;-6.089966;-10.569824;27.299856
1521665890730;-20.369629;-2.2399902;36.119278
