1521666109488;-0.17714691;0.059962273;0.105703354
1521666109502;0.07513809;-0.3293686;-0.1552391
1521666109509;0.07137871;-0.7187042;0.09191704
1521666109522;-0.07088089;-0.24035263;-0.18984985
1521666109530;-0.12213135;0.30851746;-0.43081665
1521666109542;-0.09947014;0.7732239;-0.030358315
1521666109549;-0.10241127;0.8294678;0.2465744
1521666109569;0.031471252;-0.057225227;0.47945404
1521666109589;0.25435638;-0.5860748;0.31237793
1521666109609;-0.1662941;0.5027771;0.03564644
1521666109622;-0.06772423;0.960907;0.06502342
1521666109630;0.13927078;0.7328186;0.16864395
1521666109650;0.49519348;-0.6157837;0.05438614
1521666109674;0.19071198;-0.124687195;0.010246754
1521666109686;0.011649609;0.65083313;0.061541557
1521666109693;-0.09369087;1.2007753;0.15750504
1521666109706;0.007153988;1.271515;0.4717102
1521666109713;0.082675934;0.61763;0.6655121
1521666109727;0.35099792;-0.6716461;0.13597107
1521666109733;0.31398773;-0.56411743;-0.076070786
1521666109746;0.18413925;0.020124435;-0.24252701
1521666109753;0.053759575;0.62879944;-0.013890028
1521666109772;-0.028482437;1.176056;0.32841492
1521666109776;-0.14738464;1.2742921;0.36932373
1521666109787;0.04731369;0.9197998;0.11010933
1521666109793;0.24461746;-0.02691269;0.18497086
1521666109806;0.4048462;-0.4669037;0.2909851
1521666109813;0.3271103;-0.46671295;0.097135544
1521666109827;0.074380875;-4.8065186E-4;0.029856205
1521666109833;-0.0064520836;0.5644531;0.43980408
1521666109846;-0.036967278;1.1744081;0.4524765
1521666109853;-0.017739773;1.1536866;0.76805115
1521666109874;0.40048218;-0.103321075;0.31033325
1521666109892;0.5049896;-0.41838837;-0.18613815
1521666109912;0.11331749;0.49858093;0.41335297
1521666109932;-0.13549042;1.1426698;0.7601929
1521666109956;0.4445114;-0.4566574;-0.24734116
1521666109980;-0.6837158;0.50712585;-1.4036865
1521666110004;-1.1889038;1.0459901;-1.388855
1521666110018;-0.8793335;1.031128;-0.8482666
1521666110026;-0.22272873;-0.76109314;-0.61195374
1521666110033;-0.26166534;-1.37677;-0.4467392
1521666110052;-0.7521515;-0.5391083;-0.39491272
1521666110079;-0.93525696;1.5271913;0.537796
1521666110088;-0.7904358;1.9446412;1.4067079
1521666110093;-0.6304016;1.659485;1.5489808
1521666110107;-0.43936157;0.92663574;0.9797363
1521666110113;-0.16929245;-0.48719025;0.30884552
1521666110126;-0.04518032;-1.4510193;-0.15950394
1521666110133;-0.37730408;-1.210022;-0.26772308
1521666110146;-0.5652313;-0.53926086;-0.25265503
1521666110153;-0.7485504;0.7889099;-0.5507355
1521666110174;-0.7607727;1.8742982;0.6620636
1521666110192;-0.05657673;-1.1140747;-0.38262177
1521666110212;0.10402489;-2.2509766;-1.8814087
1521666110226;-0.446167;-1.1282654;-1.6410828
1521666110233;-0.9010773;0.636673;-1.0329895
1521666110252;-1.477478;3.53534;0.44216156
1521666110279;-1.2971802;2.76825;1.1478578
1521666110292;0.40589905;-1.9287109;0.20865631
1521666110310;0.63923645;-3.7350464;-0.8230438
1521666110315;0.002858162;-2.9864502;-1.6853638
1521666110327;-0.33086395;-1.5973511;-1.796875
1521666110333;-1.285614;0.85580444;-1.6699524
1521666110352;-1.6687927;5.0085473;0.5523834
1521666110372;-0.4500351;3.1441047;0.9766693
1521666110376;0.8878174;-0.6067505;1.6982728
1521666110387;0.43523407;-3.7908936;-0.11916542
1521666110393;0.4878769;-3.7774048;-0.09672356
1521666110407;-1.9441223;0.47660828;-2.2265625
1521666110413;-2.1519165;2.8353887;-0.58810425
1521666110426;-1.2979431;3.4367683;0.83203125
1521666110433;-0.29131317;1.8039552;0.36846924
1521666110447;0.637558;-1.6195679;-0.53952026
1521666110453;0.5855713;-3.9070435;-0.4735794
1521666110478;-1.7540894;-1.0748901;-0.81829834
1521666110490;-2.2598877;1.1687013;-0.9902344
1521666110495;-1.9331665;2.6765752;-0.6742554
1521666110507;-1.2355652;2.3181157;0.08833122
1521666110515;-0.8657074;0.8278198;0.025519371
1521666110528;-0.3290329;-1.4128723;-0.5824585
1521666110534;-0.60461426;-2.4118042;-1.6229248
1521666110547;-1.3764954;-1.7114563;-1.513916
1521666110554;-1.956543;0.018556595;-0.3242569
1521666110572;-1.9639282;1.7560731;0.06674385
1521666110577;-1.8538818;2.629334;-0.50975037
1521666110591;-1.2857666;1.8842775;-1.2875061
1521666110596;-0.9548645;-0.4113922;-1.430542
1521666110607;-1.0832214;-2.0838013;-1.0168762
1521666110614;-1.2087402;-1.8581543;-1.2288818
1521666110627;-2.4959717;2.1212773;-0.23335266
1521666110635;-2.0565186;3.8186653;0.8450775
1521666110647;-1.2676392;3.4724739;1.8291017
1521666110655;-0.026052952;0.73638916;1.532715
1521666110679;-0.27650452;-3.8013916;-3.0703735
1521666110691;-0.82432556;-3.2677612;-3.0562134
1521666110696;-2.1299438;-0.66619873;-2.1716309
1521666110708;-2.6190796;2.3837895;-1.3352661
1521666110714;-2.2860107;4.5323505;-0.079027176
1521666110728;-2.0942993;5.5526147;1.4073182
1521666110735;-1.5254211;4.048586;2.5890508
1521666110748;-0.7023773;1.0516969;1.7864076
1521666110755;0.13363647;-2.5373535;-2.0769043
1521666110777;-0.5706482;-7.754883;-3.3242188
1521666110788;-1.4789124;-4.425049;-2.423706
1521666110794;-1.9770203;-0.4794922;-1.97406
1521666110807;-2.2440796;3.5323493;-1.0710754
1521666110814;-2.788025;7.4503207;0.41754913
1521666110827;-2.4641113;8.446297;3.389344
1521666110834;-1.7530518;5.8487573;5.0507836
1521666110847;-0.87805176;2.719849;1.693268
1521666110854;-0.9047699;-5.2452393;-5.635254
1521666110873;-1.6949158;-5.640869;-4.6124268
1521666110887;-2.12146;-1.6565857;-3.2097778
1521666110896;-1.8085327;1.7135011;-1.2571106
1521666110908;-2.5941162;5.515139;0.69459534
1521666110915;-2.4958496;7.393558;2.5593266
1521666110937;-1.185791;5.9292016;3.4699104
1521666110945;-0.7722168;2.9646;2.025391
1521666110958;-0.48728943;-4.533325;-3.7388916
1521666110989;-1.9835815;-5.1967773;-4.8240967
1521666111001;-2.270813;3.0813606;-2.3023071
1521666111012;-2.2103882;0.8461151;5.9062524
1521666111032;-1.0366821;-4.3737793;3.5059822
1521666111052;-2.0073853;-7.142212;0.51768494
1521666111071;-2.3184814;-5.215576;0.14339447
1521666111074;-2.8043213;-2.9577026;2.546143
1521666111087;-1.6016235;-2.0811157;3.5828254
1521666111093;-1.0995789;-3.4840088;5.009402
1521666111106;-0.23760986;-6.1862793;4.9329853
1521666111113;-0.71214294;-7.781616;3.8358772
1521666111126;-1.5966797;-6.439209;2.1807866
1521666111136;-2.0482178;-4.5235596;1.1408693
1521666111152;-2.307312;-3.4734497;0.59103394
1521666111156;-1.402832;-4.7507324;0.65597534
1521666111178;-0.31123352;-8.5;3.418885
1521666111192;-0.4254303;-8.643066;3.7838752
1521666111195;-0.9588165;-6.807007;2.950745
1521666111207;-2.0721436;-4.4884033;2.754395
1521666111217;-2.6014404;-3.409912;2.5785527
1521666111227;-1.4742126;-4.170044;1.4036866
1521666111234;-0.3875351;-2.4556274;-5.055542
1521666111247;-0.58865356;-4.5511475;-4.5529785
1521666111254;-0.7784271;-4.9522705;-3.5985718
1521666111271;-1.1208801;-3.3288574;-2.657959
1521666111276;-1.8063354;-1.2015076;-0.79371643
1521666111292;-0.86099243;-0.39385223;0.3345642
1521666111297;-0.944458;-0.48381805;0.4924698
1521666111308;0.1769867;-3.4419556;-0.39574432
1521666111313;0.14839172;-4.366333;-1.8992004
1521666111327;0.035349846;-3.9248047;-2.7905273
1521666111334;-0.96588135;-1.8492126;-1.554657
1521666111348;-1.0931396;0.26517487;0.19324875
1521666111356;-1.2409363;1.5663148;1.3363954
1521666111377;0.1986885;0.20973969;3.3032844
1521666111388;1.5394593;-2.6044312;3.057862
1521666111394;1.2041627;-3.4734497;2.3452153
1521666111407;0.5979614;-2.0321655;1.846985
1521666111414;-0.7419739;0.8274689;0.8598175
1521666111428;-1.2052917;3.2862556;0.64915466
1521666111435;-1.5357971;3.915406;1.4653322
1521666111448;-0.8594513;3.1199958;1.7306215
1521666111454;0.29029846;0.47331238;1.9212037
1521666111480;1.1170045;-2.9536743;1.8680421
1521666111490;0.76760864;-1.1629639;1.5148317
1521666111496;-0.62135315;2.5626836;2.1029058
1521666111509;-1.9742126;5.8596215;2.7307134
1521666111516;-2.0412598;7.3630404;3.1937263
1521666111528;-1.302063;6.763797;4.3913593
1521666111533;1.1936647;1.3508607;4.449587
1521666111548;2.0352788;-2.6210938;1.2760316
1521666111554;1.9613038;-3.9155884;-0.61576843
1521666111581;-0.38084412;2.7564092;2.627808
1521666111592;-1.5338745;5.503176;2.492066
1521666111597;-1.9141235;7.060428;2.5277715
1521666111608;-0.9686737;7.050052;4.260744
1521666111616;1.130768;5.2204614;6.2824736
1521666111629;3.3331916;0.9234772;5.287478
1521666111637;3.2791755;-2.2210083;1.7990419
1521666111649;3.2108161;-1.9688416;0.71250916
1521666111656;1.7945558;0.34432983;1.2764283
1521666111681;-1.553833;5.6602807;1.2131654
1521666111692;-0.78530884;5.379885;1.177826
1521666111697;0.8905792;2.5689092;3.3483284
1521666111709;4.142214;1.7369081;5.329348
1521666111716;4.8219013;1.5852662;4.149782
1521666111734;1.8503724;3.55066;1.144745
1521666111748;0.8439331;4.347048;1.8564149
1521666111754;2.7136235;3.4843147;3.7758186
1521666111781;3.3920295;4.1380634;2.7880254
1521666111792;2.6123662;4.5461445;2.398377
1521666111797;1.8515016;4.670656;2.8485112
1521666111809;1.4355775;4.324465;3.0808113
1521666111816;1.8373109;3.5678718;3.2861335
1521666111829;2.469788;3.620118;4.007448
1521666111836;2.9415898;3.670838;3.944886
1521666111851;2.8126225;3.9666145;2.8087163
1521666111856;2.4950566;4.383669;2.43158
1521666111881;2.4588017;3.6453254;3.5527961
1521666111892;2.4754643;3.439637;3.0001228
1521666111897;2.2307744;3.391297;2.3944097
1521666111909;2.0472417;3.1312873;1.75058
1521666111916;2.07721;2.865662;1.3616334
1521666111929;1.8562318;2.8161626;1.6090394
1521666111936;1.4032594;3.043702;2.1615605
1521666111949;1.3027345;2.7687383;2.5570683
1521666111956;1.6971742;1.4457399;2.9547124
1521666111981;1.7170106;0.44099426;2.7852178
1521666111992;0.055160522;1.4466249;1.9958192
1521666111997;-0.37043762;2.5370488;1.9623414
1521666112009;-0.28579712;3.1528938;1.9228822
1521666112016;0.28125;2.8935552;1.7050477
1521666112032;1.2274476;1.4331056;1.6389467
1521666112034;1.6501466;0.39579773;1.7520753
1521666112047;1.0416261;0.28244781;1.1899415
1521666112054;0.01619625;0.47016907;1.2332765
1521666112080;-1.052948;2.2797856;1.969452
1521666112092;-0.962265;2.9779058;1.9841005
1521666112097;0.17606735;1.9812318;1.6624452
1521666112119;1.9076844;-1.0739136;1.3875734
1521666112132;1.2001954;-1.1747742;1.576996
1521666112137;-0.034261703;-0.66249084;1.9383546
1521666112149;-0.9480133;0.7943573;2.3873296
1521666112156;-1.5333862;2.4442143;2.6320195
1521666112177;0.9055786;0.26604462;2.1603398
1521666112188;1.7067872;-1.2613525;0.5706787
1521666112195;1.7798158;-1.1759338;0.62553406
1521666112208;0.31834412;-1.3480835;0.90315247
1521666112215;-2.1766968;1.6986085;1.6130372
1521666112228;-1.9584656;2.3318486;2.2640386
1521666112236;-1.0048828;1.5219117;2.0663457
1521666112248;1.374695;-1.8774719;2.0620122
1521666112255;2.18335;-3.1620483;0.21526718
1521666112281;-0.1424675;-2.027649;0.7630005
1521666112288;-1.8753357;-0.05385971;0.75367737
1521666112295;-2.7791748;1.6947023;1.0907899
1521666112308;-2.9973145;2.6926885;2.0052495
1521666112315;-2.178833;1.840149;3.0946662
1521666112329;-0.8608246;-0.08832359;2.1315923
1521666112336;0.22931671;-3.517456;0.65138245
1521666112348;0.6907654;-5.311157;-1.204773
1521666112355;-0.13566971;-4.770508;-0.5554962
1521666112374;-3.1587524;0.7641144;0.8653259
1521666112396;-3.3916016;3.9680183;2.5751958
1521666112409;-2.1984253;2.9789433;3.7025764
1521666112439;0.8579712;-5.058838;1.0330201
1521666112447;-1.2095642;-3.8650513;-0.27253723
1521666112459;-3.94104;1.9544679;0.2927475
1521666112482;-2.4077759;1.7781678;1.9417115
1521666112489;-0.1949997;-1.9917908;2.8182378
1521666112496;1.69516;-5.539917;1.029297
1521666112508;1.3397218;-5.7753906;-1.208252
1521666112515;-1.2801208;-2.8787231;-1.1853333
1521666112529;-2.833252;0.058781624;0.018675804
1521666112538;-3.7088623;2.6080327;0.8122406
1521666112561;-2.4611816;0.99998474;2.2589116
1521666112592;1.5617372;-6.135132;0.47473907
1521666112596;-1.2801208;-2.4614868;-1.2171936
1521666112609;-2.5493774;0.7438507;-0.8995819
1521666112616;-3.4431152;3.08191;-0.04844284
1521666112629;-2.5742798;2.728272;2.0076299
1521666112636;-1.9801025;1.4675294;2.6060185
1521666112649;-0.37617493;-1.6526794;1.0631715
1521666112656;0.8535156;-5.081421;0.1483078
1521666112681;-2.3050537;0.4821167;0.3759842
1521666112698;-1.9566956;0.6143036;0.218956
1521666112709;-1.4675598;-0.868927;0.119039536
1521666112716;-0.671402;-2.118225;-0.23714066
1521666112729;-0.4050293;-2.3912964;-0.0552845
1521666112736;-1.5802612;-0.21982193;0.6377106
1521666112749;-2.2769165;1.3897401;1.9677736
1521666112757;-2.5753784;1.6085206;2.042481
1521666112771;-1.9398804;0.074100494;0.41357422
1521666112777;-1.5531006;-2.37323;-1.3717957
1521666112790;-0.7629547;-4.163574;-2.3220825
1521666112796;0.0815773;-4.881714;-1.2522888
1521666112809;-1.906189;-1.1697998;-1.750061
1521666112816;-2.869995;1.7886964;-0.5799103
1521666112829;-2.9997559;3.5338752;0.76246643
1521666112836;-2.614502;3.689698;1.4954835
1521666112849;-2.2333374;0.7368469;2.6114507
1521666112857;-0.78733826;-2.3978271;-0.23846054
1521666112871;0.027487278;-6.1069336;-2.5808105
1521666112877;-0.7870331;-6.1383057;-2.333496
1521666112892;-2.8520508;1.4306947;-0.13097382
1521666112897;-3.786377;3.8913581;1.0512697
1521666112909;-3.60083;4.9160175;1.7615663
1521666112916;-2.7923584;3.3969734;2.4895024
1521666112929;-2.2106323;0.22619247;1.4969789
1521666112936;-0.44285583;-3.1795044;-2.6003418
1521666112949;0.25138855;-7.119629;-3.277832
1521666112956;-1.0346985;-5.328491;-1.9624939
1521666113002;-3.218628;5.4599633;0.90338135
1521666113010;-2.1975708;3.4317024;2.646912
1521666113015;-1.4899597;0.90667725;1.8518373
1521666113029;0.4569702;-3.1411743;-1.4649658
1521666113035;1.0612794;-7.0930176;-2.5488281
1521666113048;-0.5762024;-5.2686768;-2.2838745
1521666113055;-1.3244019;-1.5597839;-2.1409302
1521666113078;-1.9292297;1.4109803;-1.6174011
1521666113090;-2.2408447;4.5690937;0.9390106
1521666113095;-1.5340271;2.8142705;1.8168641
1521666113108;-0.65011597;0.008734703;0.9693146
1521666113115;0.2359581;-4.909546;-2.0703735
1521666113131;-0.7077637;-3.9978638;-2.911316
1521666113135;-1.1128845;-1.9416809;-2.5026855
1521666113148;-1.3701172;-0.17346573;-1.8937378
1521666113155;-1.3744202;1.0939027;-1.221344
1521666113178;-0.9755707;1.2329713;-1.3865356
1521666113183;-0.45632935;-0.5855713;-1.3171387
1521666113199;-0.09712601;-3.4188843;-0.82992554
1521666113215;-0.7828064;-1.7844543;-2.4246826
1521666113228;-1.0185547;-1.3176575;-1.908905
1521666113238;-0.53590393;-1.5383301;-1.7991028
1521666113259;-0.32453156;-2.3220215;-0.9286194
1521666113277;-1.241272;-1.6802979;-1.9550476
1521666113289;-1.2554626;-1.6199036;-2.2523804
1521666113295;-0.84336853;-2.371704;-2.1791382
1521666113309;-0.22762299;-3.5097046;-1.9469299
1521666113315;-0.10616684;-3.6478271;-2.0022583
1521666113329;-0.6136627;-2.5634155;-1.5687256
1521666113335;-1.3451233;-1.1768494;-0.89797974
1521666113348;-1.4797058;-0.6441498;0.035001755
1521666113355;-1.1569519;-1.1577454;-0.0050907135
1521666113379;-0.6211395;-1.8208313;-1.0844116
1521666113389;-0.252594;-2.0698242;-1.1226501
1521666113396;-0.4760666;-1.4919739;-0.48778534
1521666113408;-0.5843353;-1.0776062;-0.22125626
1521666113415;-0.631485;-0.9566803;-0.14416885
1521666113429;-1.1567688;-0.37295532;-0.12557983
1521666113435;-1.0625305;-0.31492615;0.7055359
1521666113449;-1.1864929;-0.36820984;1.6290895
1521666113456;-0.8825531;-0.7602997;1.9030153
1521666113479;-0.66548157;-0.07186699;0.7725067
1521666113489;-0.71687317;0.288208;0.6896515
1521666113495;-0.9180603;1.0484315;0.493927
1521666113509;-0.98399353;1.3415834;0.46967316
1521666113515;-0.8699341;0.9645691;0.43558502
1521666113529;-0.7223511;0.4934311;0.110954285
1521666113535;-0.14966202;-1.1445923;0.6615448
1521666113548;0.6500702;-2.6087646;1.0794374
1521666113555;0.33861542;-1.5840454;1.4253541
1521666113579;-1.4892273;4.651613;2.766419
1521666113589;-1.1162109;4.104372;2.2773442
1521666113596;-0.27124023;2.8886724;0.9044647
1521666113608;0.41205597;-0.110227585;1.1756898
1521666113616;2.1007695;-3.3753052;1.8353273
1521666113629;1.6979982;-1.8496094;1.688141
1521666113636;0.49044037;2.0227666;1.8861085
1521666113648;-0.45970917;4.163332;2.9932866
1521666113655;-1.0962219;5.7797875;3.8361213
1521666113678;1.2053224;3.1677864;4.0668964
1521666113690;1.8265077;-0.38550568;1.5530092
1521666113695;3.07013;-2.2180786;0.42915344
1521666113708;4.0429707;-2.0170898;1.3822328
1521666113716;1.5087587;1.6645509;1.2086183
1521666113730;-0.26335907;4.18799;1.7110902
1521666113736;-0.8233795;5.834475;2.571961
1521666113748;-0.6480408;7.1254916;4.241213
1521666113756;-0.13925934;8.001472;4.7996845
1521666113777;3.2819831;1.9047548;3.174012
1521666113789;4.0810566;0.80685425;1.0359803
1521666113796;2.1877446;0.96066284;0.5856018
1521666113809;0.03969097;2.5734258;1.1206361
1521666113816;-0.6628113;3.6813362;2.2184453
1521666113830;0.13781357;3.9805305;3.0713508
1521666113836;1.2890321;4.0600605;3.7771003
1521666113849;2.9190068;4.3153095;2.9578252
1521666113856;3.0746467;4.2523212;1.3169557
1521666113877;1.5928651;3.6799934;2.2103276
1521666113900;0.9672241;4.24988;3.3480842
1521666113916;2.67096;3.8386238;4.0983906
1521666113940;2.695496;3.9636848;2.870545
1521666113958;1.8695985;4.3222675;2.7730718
1521666113978;2.0534062;4.526613;2.2323003
1521666113999;2.3383183;3.842469;2.4190068
1521666114011;1.9028932;3.2387092;2.2850957
1521666114018;1.5002137;2.6453252;2.3939214
1521666114037;1.5817872;0.89219666;2.4337773
1521666114051;1.2396852;1.1454469;2.1618657
1521666114057;0.7710571;1.7995301;1.4049073
1521666114077;-0.10185814;2.8473516;1.4245912
1521666114100;0.965271;1.4774171;2.3370976
1521666114116;0.73735046;0.3019638;1.559784
1521666114140;-0.78956604;0.6374359;1.1194154
1521666114159;-0.91612244;1.425232;1.464203
1521666114178;1.6401063;-0.13267899;2.6151128
1521666114190;1.9300233;-0.49978638;2.2730718
1521666114196;1.127472;-0.5560303;1.9817506
1521666114209;-0.4369812;0.27655792;2.0524297
1521666114216;-1.6591797;1.5670472;2.2448125
1521666114229;-2.5042725;3.1650398;2.393067
1521666114237;-2.369751;3.8169563;2.454102
1521666114249;1.9784547;-1.4223328;2.7000737
1521666114256;2.46106;-2.5823975;0.70170593
1521666114276;-1.0414734;-2.196228;0.41963196
1521666114290;-2.9107666;-0.14855957;1.1220704
1521666114296;-3.3372803;1.503235;1.7014161
1521666114309;-2.861145;2.2498784;1.9301759
1521666114316;-0.8815155;0.475708;1.8104554
1521666114331;1.1668702;-2.2976685;1.5985719
1521666114337;1.5783387;-3.5531006;-0.05942726
1521666114349;0.041057587;-3.866272;-0.7998657
1521666114356;-2.005005;-1.782135;-0.5870056
1521666114377;-3.8325195;1.9786378;1.1717225
1521666114391;-3.4365234;2.733399;1.7143556
1521666114397;-1.9595642;1.6457521;1.8422242
1521666114409;0.13434601;-1.2558289;1.6242677
1521666114419;1.2370301;-4.6881104;-0.2590561
1521666114432;1.0008546;-6.2365723;-1.8616638
1521666114439;-0.9851837;-3.8078003;-1.3536682
1521666114459;-4.062134;2.087647;1.4697877
1521666114479;-4.1835938;4.352419;2.0344243
1521666114484;-1.98703;2.622437;3.9271247
1521666114499;1.0425416;-7.855713;-0.23946762
1521666114519;-1.8448181;-4.557251;-2.5802002
1521666114532;-3.6741943;-0.41225433;-0.96195984
1521666114539;-4.456665;2.7342534;-0.6819916
1521666114551;-4.2530518;5.02698;-0.22241211
1521666114558;-3.1636353;4.9715595;2.2831426
1521666114582;-0.17359161;-2.3144531;3.9411018
1521666114599;0.7555084;-8.694336;-5.369629
1521666114612;-2.170227;-3.8144531;-3.0020142
1521666114619;-3.5280151;0.2994461;-0.90112305
1521666114632;-4.029297;3.2078865;-0.9004822
1521666114639;-3.5596924;4.7420673;-0.86761475
1521666114652;-2.9004517;4.826174;2.4620366
1521666114659;-1.401062;2.6284184;5.6982446
1521666114678;0.3708496;-3.4747314;4.1191425
1521666114683;0.80155945;-8.41333;-2.9562988
1521666114699;-2.3408813;-2.5401;-0.3759842
1521666114712;-3.8461914;3.4750373;-0.2378273
1521666114719;-4.1480713;5.496218;0.24446487
1521666114732;-3.862671;5.7662377;1.9395448
1521666114739;-2.500122;2.7119145;5.3501
1521666114752;-1.5559692;-0.8373413;5.0891137
1521666114759;-0.38723755;-6.588745;-0.8812866
1521666114778;-0.93426514;-6.8310547;-6.3951416
1521666114799;-2.215149;0.75772095;-2.8302612
1521666114811;-3.3101196;3.7935798;-0.79855347
1521666114818;-2.880371;6.8729277;0.599411
1521666114831;-3.0841675;7.925052;3.2873542
1521666114838;-3.494995;5.1458764;6.7751493
1521666114851;-1.7612915;-1.1695862;5.978762
1521666114858;0.16643143;-7.86145;-0.34187317
1521666114877;-0.61076355;-6.795288;-7.234009
1521666114891;-0.019402027;-3.9033203;-7.9089355
1521666114897;-2.612793;0.7116394;-3.2901
1521666114910;-3.3964233;3.6420906;0.57470703
1521666114917;-3.242981;5.734011;2.6246343
1521666114931;-4.668457;1.2951356;5.874148
1521666114937;-1.8795166;-2.921692;1.102234
1521666114950;-0.33953094;-6.0637207;-4.595703
1521666114957;-0.8047333;-7.90625;-6.3413086
1521666114982;-2.9348755;-0.6702118;-3.2804565
1521666114993;-3.5164795;2.138123;-1.8538208
1521666115010;-4.1604004;2.8872075;-0.19987488
1521666115017;-3.889038;0.88249207;1.6313783
1521666115032;-1.2676086;-4.7713623;-0.7147522
1521666115039;-1.4839172;-4.5336914;-2.7096558
1521666115058;-2.4870605;-1.2773438;-2.3711548
1521666115082;-3.3034668;-0.40795898;-2.619995
1521666115099;-2.307373;-3.5062256;-0.6348114
1521666115120;-2.6741333;-2.72052;-0.21796036
1521666115140;-2.2956543;-0.9252472;-1.9032288
1521666115160;-0.90023804;-4.3476562;-3.7792969
1521666115182;-1.9585876;-3.4001465;-1.5044861
1521666115199;-2.3412476;-1.4655457;-0.39791107
1521666115219;-1.8078918;-0.8721924;0.9264221
1521666115232;-1.0740356;-1.3576355;0.10522652
1521666115240;-0.7272949;-1.2140198;-1.8196106
1521666115252;-0.6295929;-1.4578857;-2.5013428
1521666115259;-0.398674;-2.3086548;-1.9475098
1521666115278;-0.7246094;-2.5039062;-1.4941406
1521666115283;-0.98706055;-1.9050598;-1.1555176
1521666115301;-1.5979309;-0.15063095;1.8537294
1521666115312;-1.1935425;0.10779381;2.80127
1521666115320;-1.031189;0.15344238;2.1776738
1521666115332;-0.92541504;0.19770432;0.8396759
1521666115339;-0.5646515;-0.07109642;-0.39504242
1521666115352;-0.5144806;0.04186058;-1.0298157
1521666115359;-0.6600952;0.58192444;-0.6092987
1521666115380;-0.48330688;2.8419805;2.1054082
1521666115391;-0.08477402;2.1609502;3.1416633
1521666115399;0.78286743;0.38694763;3.0238655
1521666115412;1.0563966;-0.5571289;2.395081
1521666115419;0.62867737;0.5853882;1.068329
1521666115439;-0.76449585;3.773072;0.0864315
1521666115452;-1.2718811;4.738039;0.9807129
1521666115459;-0.9150696;4.9521503;1.8516237
1521666115478;-0.25717163;3.941346;2.8577886
1521666115483;0.8482971;2.3166509;3.8795173
1521666115499;1.6129457;0.823822;2.427979
1521666115512;0.75050354;2.4475102;1.8787538
1521666115519;-0.5323181;3.9766853;1.9518434
1521666115532;-0.9040375;4.654299;1.7640382
1521666115541;-0.80067444;4.91321;1.9209291
1521666115559;1.5490724;2.3633428;2.9322515
1521666115579;2.0769048;1.0612794;2.9568486
1521666115584;1.8615724;1.9585878;2.377747
1521666115601;-0.7477112;3.8834846;1.8645631
1521666115621;2.044312;1.6912233;1.8078614
1521666115640;3.0133674;2.065003;2.0057378
1521666115660;-0.103401184;4.7213154;1.2999574
1521666115682;-0.12709045;5.266482;2.4750981
1521666115699;3.2847297;1.7532655;3.012513
1521666115712;3.9766853;1.0680848;2.4498906
1521666115719;2.7948613;1.3147889;1.0633851
1521666115732;1.1044008;2.0394902;0.9098358
1521666115739;-0.09635544;3.2996223;1.4960634
1521666115752;0.092092514;4.143923;2.0869756
1521666115757;1.0198365;4.2685566;2.5647588
1521666115782;3.4114387;4.022341;2.6611333
1521666115800;1.6109315;2.6774907;1.6390992
1521666115820;0.67012024;1.4243776;2.2502446
1521666115842;2.3357549;1.5145265;2.174622
1521666115861;0.77948;3.547486;1.8203737
1521666115881;0.20365524;3.5731208;2.6458745
1521666115898;1.6310731;1.2036439;2.4533696
1521666115919;1.8552247;-0.4666977;1.5936891
1521666115932;0.14648056;-0.3182907;0.8311615
1521666115940;-0.9647064;0.825531;1.0794679
1521666115959;-1.1025391;2.9919438;1.9369203
1521666115979;0.3173294;2.2583623;2.3504033
1521666115984;1.4108278;0.94947815;2.2235723
1521666116000;0.21027756;-0.8293457;0.3136902
1521666116021;-2.0219116;0.15284348;1.0006105
1521666116041;-1.149231;0.62065125;1.8500062
1521666116058;1.1726991;-0.6903076;0.65534973
1521666116082;-1.6445007;1.2234803;0.9689026
1521666116100;-1.6029358;1.5421754;2.250794
1521666116118;1.132599;-2.7365723;-0.13104248
1521666116131;1.496338;-3.5140991;-0.38428497
1521666116139;-0.06537819;-2.2218018;0.39220428
1521666116152;-1.3740234;0.13812637;1.0393068
1521666116159;-2.6066284;2.3488164;1.5595704
1521666116181;-2.011963;3.0120857;1.3687745
1521666116199;2.3900762;-5.7039795;-0.765625
1521666116212;2.672974;-6.7854004;-2.420288
1521666116219;-0.23215485;-3.965271;-0.94107056
1521666116239;-3.2261353;2.1688237;1.0067445
1521666116252;-3.6323242;4.417116;1.7066652
1521666116260;-2.9678955;4.8287373;2.316773
1521666116279;-1.429657;2.1742558;3.1075447
1521666116285;0.47499847;-2.0394287;1.370392
1521666116300;-0.902298;-4.3790283;-1.6322021
1521666116312;-3.051941;-0.04986286;-0.41990662
1521666116319;-3.8804932;2.5342412;0.33576202
1521666116339;-3.05365;4.2271748;2.0968022
1521666116352;-1.6715698;1.3179933;2.1810918
1521666116359;0.91056824;-4.430542;1.1201783
1521666116379;2.4006963;-8.4021;-1.2904663
1521666116385;0.32136536;-7.0093994;-2.3743896
1521666116401;-3.619873;1.158722;-0.42282867
1521666116420;-4.188843;5.1182885;1.9080812
1521666116438;-1.6519165;0.61860657;1.9316102
1521666116458;2.8210454;-9.241455;-3.0099487
1521666116480;1.2485658;-6.7019043;-2.4968872
1521666116485;-1.6299744;-1.6793823;-1.3890076
1521666116498;-4.326538;5.5362573;0.9218292
1521666116511;-3.7582397;6.026492;4.1485615
1521666116518;-3.0896606;2.52533;4.05884
1521666116540;1.5847474;-9.549561;-3.3987427
1521666116551;2.160828;-10.356201;-3.5107422
1521666116560;-0.627121;-5.03125;-1.9627075
1521666116578;-3.4390259;4.35779;0.15499115
1521666116601;-3.340332;7.1101108;2.476624
1521666116621;-0.9020233;-2.0475464;1.0810548
1521666116641;2.4843755;-10.627686;-2.6586914
1521666116652;-1.2542725;-4.8328857;-2.3770752
1521666116661;-3.05719;0.80371094;-0.6626892
1521666116681;-4.3548584;6.257327;1.5132753
1521666116699;-2.8000488;1.8544618;3.0859382
1521666116719;0.8009491;-8.797363;-2.7549438
1521666116732;0.68385315;-8.154785;-3.3849487
1521666116739;-2.8538208;1.3406984;-0.036628723
1521666116752;-3.4398804;3.608338;1.2460939
1521666116759;-4.232666;4.9834003;2.1268315
1521666116780;-3.937439;3.4457405;2.559815
1521666116785;-2.1882935;-0.5909271;-0.27563477
1521666116798;-0.45044708;-7.8062744;-3.77063
1521666116821;-2.208435;-0.88868713;-1.1938782
1521666116840;-3.781433;4.558962;0.99838257
1521666116859;-3.2947388;2.1869512;3.2406013
1521666116880;0.16734314;-5.873169;-2.588684
1521666116899;-0.9368439;-5.3808594;-3.4906616
1521666116912;-1.7840881;-1.3125916;-2.100708
1521666116919;-2.5202026;1.534546;-1.080719
1521666116932;-3.5164795;3.4715583;-0.45294952
1521666116940;-3.3082886;3.2326667;0.8054962
1521666116952;-2.1714478;0.024472237;1.9934083
1521666116959;-0.9615326;-3.6606445;1.0706483
1521666116981;-0.29083252;-6.1992188;-3.2617798
1521666116986;-1.5566101;-3.5862427;-3.0392456
1521666117002;-2.3742676;-0.679245;-2.1447754
1521666117021;-1.5251465;-2.1104736;-1.9250488
1521666117042;-1.0866699;-3.5559082;-1.2988586
1521666117061;-1.6312256;-2.1795044;-0.55023193
1521666117082;-1.5938416;-2.0931396;-0.68304443
1521666117086;-1.0961304;-2.8516846;-1.6425781
1521666117102;-0.8020172;-2.8964844;-1.8989868
1521666117121;-1.3279419;-1.5460205;-1.5914001
1521666117141;-1.2027893;-2.199463;0.14351654
1521666117160;-1.1385193;-2.0405273;-0.49495697
1521666117181;-0.7667999;-2.1937866;-0.42417908
1521666117186;-0.60887146;-2.334961;-0.13225555
1521666117199;-1.3881226;0.24963379;-0.020215034
1521666117221;-1.5160217;0.86961365;1.1068116
1521666117241;-0.41146088;-1.8667603;1.3908693
1521666117260;-0.44620514;-1.8757629;0.5961914
1521666117281;-1.6570129;1.7147828;0.78897095
1521666117299;-2.1765747;3.1790168;0.87379456
1521666117319;-0.60661316;-0.37296295;0.91296387
1521666117332;0.10038757;-2.298706;0.5722351
1521666117340;0.3936844;-2.335205;0.5296173
1521666117359;-1.2779846;2.1447148;2.2593389
1521666117379;-1.7210999;3.4962776;2.9099736
1521666117384;-1.7330627;4.314577;3.3383186
1521666117402;0.19713974;1.3792726;1.9932863
1521666117422;1.5066835;-0.05811882;0.99342346
1521666117442;-0.49991608;3.7681282;2.5039067
1521666117462;-0.05921173;5.0258813;3.5538337
1521666117488;1.7141114;3.2547615;3.825135
1521666117502;2.4719853;0.8978119;1.469391
1521666117522;1.1020509;2.7431035;1.3724672
1521666117542;0.035933495;4.200075;2.183289
1521666117562;1.725403;3.1298835;2.7084355
1521666117581;2.2454839;2.8298955;2.4787602
1521666117600;0.8155365;3.8340461;2.1401372
1521666117620;1.5082093;3.701844;3.6547859
1521666117641;2.6907353;3.2722175;3.2403572
1521666117652;1.7898561;4.1016865;2.518311
1521666117661;1.0241395;4.5083027;2.7258306
1521666117682;1.6059877;4.7303486;3.090821
1521666117700;2.803101;3.8903205;3.3276374
1521666117719;1.596985;3.538819;2.8414922
1521666117741;1.2322694;2.6007085;3.4270637
1521666117761;1.8368531;1.9510804;2.9901128
1521666117780;1.7648927;2.0109258;2.3250127
1521666117784;1.4609987;2.0994267;2.0952764
1521666117801;0.45920563;2.910706;2.1646123
1521666117821;0.29496765;2.7522588;2.3269048
1521666117841;0.69480896;1.6714479;2.192017
1521666117861;0.18402863;1.1062928;1.3285524
1521666117882;-0.48239136;1.8313295;1.3884279
1521666117886;-0.54460144;2.0801396;1.709076
1521666117898;-0.10728836;1.997986;2.240601
1521666117903;0.5502014;1.2605897;2.2747808
1521666117922;1.1701967;-0.010080099;2.379273
1521666117935;0.18314362;0.6104889;1.5207216
1521666117943;-0.89315796;1.6548768;1.3228761
1521666117962;-0.8588867;2.763184;1.9109193
1521666117982;0.72454834;1.525818;2.646729
1521666117986;1.8850709;0.437088;2.6802373
1521666117998;2.0760503;0.22374344;1.4544374
1521666118003;1.2049562;-0.40176392;0.9759064
1521666118020;-1.7936096;1.2509767;1.2985231
1521666118041;-2.1738892;1.9430848;1.880829
1521666118061;0.9981842;-1.9851074;0.27755737
1521666118081;2.303101;-3.3938599;0.10978317
1521666118083;0.78126526;-2.8411255;0.16003418
1521666118099;-2.7718506;0.8742981;-0.26320648
1521666118104;-3.7770386;2.6176763;0.57688904
1521666118122;-2.2175293;1.2390748;0.3509903
1521666118141;1.5216981;-5.384033;-0.7839966
1521666118160;-0.7675781;-2.9317627;-0.9870148
1521666118181;-3.7940674;2.6504521;0.8274536
1521666118200;-3.6347046;3.9663093;0.9206238
1521666118222;-0.57455444;-1.6484985;1.3419496
1521666118242;1.0010682;-6.998535;-3.1378174
1521666118261;-2.5045166;-0.8207855;-0.4020462
1521666118281;-3.3544312;2.4116826;0.023636818
1521666118286;-4.0386963;4.5986347;0.5979004
1521666118302;-3.3200684;4.2645283;2.3476567
1521666118321;0.7132721;-5.180908;-3.3251343
1521666118342;-2.7098389;-2.732483;-2.1886597
1521666118361;-4.5891113;4.2735615;-0.55329895
1521666118382;-4.5615234;6.1883574;-0.0638752
1521666118387;-3.7193604;5.276736;1.5177613
1521666118402;-0.8178711;-4.9344482;1.2573243
1521666118422;-0.092515945;-8.081055;-5.010376
1521666118438;-2.623413;-2.5794678;-2.6780396
1521666118443;-3.4146118;1.9212343;-0.5987091
1521666118458;-3.9013672;4.805422;0.015579224
1521666118463;-4.3013916;6.263797;0.9198303
1521666118480;-3.3202515;5.0640893;3.5807502
1521666118484;-2.7028809;1.6088563;4.0927753
1521666118497;-0.41677094;-6.7052;0.20994568
1521666118503;1.6732179;-11.455322;-6.00354
1521666118522;-1.4587097;-3.1071167;-2.5805664
1521666118541;-3.7321167;4.420656;0.9883423
1521666118560;-5.1348877;4.0842304;3.9252937
1521666118582;-2.7198486;-1.7487793;1.5793458
1521666118587;0.072546005;-9.687988;-2.72052
1521666118602;0.7989502;-8.55127;-6.3309326
1521666118622;-2.2130127;1.5044252;-2.2945557
1521666118642;-3.4400635;6.5671415;1.5387269
1521666118662;-5.7843018;4.1867695;4.232424
1521666118682;-2.951477;0.18234253;-0.0040836334
1521666118687;-1.0252686;-5.302002;-3.1290894
1521666118697;0.36182404;-9.003906;-4.3013916
1521666118703;0.53907776;-7.9241943;-5.341797
1521666118722;-2.293457;1.07959;-2.663391
1521666118738;-2.5648804;3.2056282;-1.28656
1521666118743;-3.1279907;4.3410664;-0.29288483
1521666118756;-3.326355;3.3637092;0.67245483
1521666118763;-2.3734741;0.6020355;1.0317079
1521666118786;-1.0498352;-2.6255493;-3.4717407
1521666118799;-1.5865784;-1.4881592;-3.333496
1521666118804;-1.6121826;-1.0298767;-3.0961914
1521666118818;-1.4959106;-1.4346008;-2.4485474
1521666118823;-0.9887085;-2.261963;-1.5881348
1521666118836;-0.42959595;-2.3544312;-1.1635742
1521666118843;-1.2463989;-1.0021973;-0.6520691
1521666118858;-1.8895874;-0.062755585;-0.0830307
1521666118864;-1.9194031;-0.110048294;-0.43011475
1521666118887;-0.9536743;-1.9170837;-2.7403564
1521666118897;-0.41188812;-3.1801758;-3.2196655
1521666118903;-0.37947083;-3.4447021;-2.930725
1521666118917;-0.90567017;-2.8931885;-2.456726
1521666118924;-1.2157288;-2.3410034;-1.8899841
1521666118937;-1.3114624;-2.111145;-1.5258179
1521666118943;-1.1195984;-1.9595642;-0.8830414
1521666118956;-0.89009094;-1.6572571;-0.8518524
1521666118964;-0.80807495;-1.5253296;-1.2744446
1521666118988;-0.92471313;-1.1945801;-1.4048767
1521666119001;-0.4952469;-2.4388428;-1.0704651
1521666119021;-0.76852417;-1.4142151;0.083862305
1521666119041;-0.63819885;-0.67266846;-0.51724243
1521666119062;-0.119693756;-1.1213684;-0.7871094
1521666119082;-0.1139946;-1.1307983;-0.78862
1521666119087;0.024788857;-0.6498413;-0.93218994
1521666119097;-0.08200073;-0.3482437;-0.6282959
1521666119103;-0.27947998;0.069244385;0.40148926
1521666119116;-0.517395;0.41446686;1.5541688
1521666119123;-0.58470154;0.3884201;2.393372
1521666119141;-0.35462952;-0.22045135;2.0809941
1521666119158;-0.36727142;-0.27899933;1.1211549
1521666119163;-0.31632996;-0.38095856;0.6533966
1521666119182;-0.8747864;1.6733705;-0.21847916
1521666119202;-0.7458496;2.337525;0.9652405
1521666119221;-0.16615677;1.9360048;2.4428716
1521666119241;-0.30317688;1.728058;2.221375
1521666119261;-0.5462494;2.5711675;1.1659852
1521666119288;0.36288452;0.7038727;1.2976686
1521666119297;1.0637819;0.34830475;1.707184
1521666119303;1.2888185;1.1101075;2.4858403
1521666119317;0.8269501;3.004151;3.0704963
1521666119323;0.08892441;4.4902363;3.3308723
1521666119337;-0.0908165;5.1306176;2.9311528
1521666119344;-0.010783672;5.04407;2.33429
1521666119364;0.44252777;4.3851337;1.7476808
1521666119382;1.1274415;3.564637;1.7266542
1521666119385;2.723206;1.4965822;2.787171
1521666119402;1.0054933;3.3750007;2.2169805
1521666119416;-0.01738882;4.2039814;2.004273
1521666119423;-0.5104675;4.522707;1.8400575
1521666119435;0.10542107;4.117922;1.9037172
1521666119443;1.4526063;2.8974004;2.4076543
1521666119456;2.20398;2.7295537;2.0725102
1521666119463;1.1355897;3.1804206;1.3040162
1521666119482;0.083501816;3.3670661;1.4526674
1521666119483;0.0021471977;3.233094;2.1561284
1521666119502;1.7563478;2.1087651;2.9728398
1521666119522;1.5173646;3.6852424;1.703705
1521666119542;0.7393799;4.5654316;2.8711553
1521666119562;1.5837098;3.8612068;3.1213386
1521666119581;2.537537;2.9931035;3.028138
1521666119584;2.6356816;2.6581426;2.719483
1521666119601;0.90974426;2.9718022;2.0661016
1521666119622;0.734375;3.4927375;3.0286262
1521666119641;1.7577516;3.0217292;3.1587532
1521666119654;1.8484803;2.4895024;2.9422612
1521666119663;1.3876954;2.2305303;2.3439946
1521666119688;0.04873371;1.987671;2.372498
1521666119699;0.4582672;1.7756654;2.4743657
1521666119704;0.85206604;1.2397462;2.7263799
1521666119717;1.0288087;0.9165344;2.488648
1521666119724;0.64889526;1.0149232;1.5881349
1521666119737;0.061844826;1.1504823;1.3080751
1521666119744;-0.53253174;1.3250734;1.7189943
1521666119757;-0.86961365;1.5854188;2.0693974
1521666119765;-0.6340637;1.6335756;1.788849
1521666119781;0.30902863;1.0837098;2.2801518
1521666119785;1.0555726;0.56448364;2.5098271
1521666119796;1.0160218;0.31221008;1.9351197
1521666119803;0.4354782;0.21552658;1.4657289
1521666119816;-0.58039856;0.42520905;1.3707887
1521666119823;-1.3802185;1.0115663;1.3927919
1521666119837;-1.1869507;0.81285095;1.7290651
1521666119843;-0.007249832;0.011118174;2.066834
1521666119856;1.0939027;-0.5121002;2.0835576
1521666119863;1.5376283;-0.42141724;1.5311586
1521666119883;-0.5770111;0.7663269;1.248932
1521666119902;-1.944458;2.0273442;2.2678838
1521666119922;0.7701721;-1.4316101;1.0663453
1521666119942;0.101932526;-2.7678833;0.19786835
1521666119955;-1.3155823;-1.5615234;0.23207855
1521666119963;-2.3810425;-0.17083359;0.4821396
1521666119983;-2.4451294;1.0932618;1.3451539
1521666120000;-1.2842407;1.3308412;1.0297242
1521666120005;-0.094581604;-0.6702118;1.3377992
1521666120018;0.46486664;-2.289978;0.7907562
1521666120024;-0.01931429;-3.1989746;-0.34784698
1521666120038;-1.1040039;-2.9749756;-0.24182129
1521666120045;-2.31958;-1.169342;0.0891037
1521666120060;-2.9682617;0.36616516;0.2147789
1521666120065;-2.8630981;1.0138551;0.28491974
1521666120089;-0.64190674;-0.31131744;1.1268312
1521666120099;-0.52841187;-1.3912659;-0.06926918
1521666120104;-0.585968;-2.8395386;-0.79522705
1521666120117;-1.5508728;-1.9981995;-0.675354
1521666120123;-2.5162354;-0.7662506;-0.1756134
1521666120137;-3.3947144;1.1516725;1.0035707
1521666120144;-2.8362427;1.1966859;0.761261
1521666120156;-1.7574463;-0.26940155;0.97946167
1521666120163;-0.5817566;-2.8476562;0.6557312
1521666120187;-0.4560547;-3.4072266;-1.8421326
1521666120198;-2.0625;-1.2278137;-0.51579285
1521666120203;-3.138733;1.1683656;0.072034836
1521666120216;-3.4575195;2.573792;-0.12690353
1521666120223;-3.0462646;2.5456548;0.4729309
1521666120242;-0.20043945;-2.8674927;1.4809877
1521666120262;0.0555048;-4.6208496;-2.8537598
1521666120283;-2.866455;1.0883485;0.44960022
1521666120301;-3.6079102;2.938233;0.3360901
1521666120306;-3.5734253;3.1269538;-0.1944542
1521666120318;-2.1992188;0.64920044;0.6933136
1521666120325;-0.020488739;-4.1688232;1.6180421
1521666120342;1.2172548;-7.244995;-0.13049316
1521666120343;0.7342529;-6.414551;-2.9262085
1521666120362;-3.7023315;3.3862922;0.9173584
1521666120382;-3.8973389;4.5078144;1.4404298
1521666120386;-4.0336914;4.397707;2.2539678
1521666120402;-1.4584045;-3.0864258;2.155579
1521666120422;-0.5049286;-6.88501;-4.2821045
1521666120435;-1.0713806;-4.6210938;-4.676758
1521666120445;-2.5910645;-0.65016174;-1.648529
1521666120455;-3.3184204;2.7430425;0.156044
1521666120463;-3.6271362;4.876833;1.0228273
1521666120484;-3.2800903;3.2025154;1.803589
1521666120501;-2.739563;0.67985535;1.8181459
1521666120506;-1.1390076;-4.026245;0.22054672
1521666120521;0.10625839;-7.9648438;-3.2172852
1521666120523;0.43628693;-8.132324;-5.25708
1521666120537;-0.8048248;-4.6051025;-2.3894653
1521666120543;-1.8410034;-0.64997864;-0.34358978
1521666120556;-2.5357666;2.270142;0.36598206
1521666120563;-3.1661377;4.5098896;0.8731079
1521666120584;-2.7495117;4.345583;2.6712651
1521666120602;-1.7002258;-3.3244019;0.8667755
1521666120607;-0.29221344;-7.741577;-1.9167786
1521666120620;-0.9606018;-7.244995;-4.4262695
1521666120623;-1.6531067;-4.309204;-4.0269775
1521666120642;-2.204956;-0.86065674;-2.022705
1521666120647;-2.8233032;1.8754579;-1.2033386
1521666120660;-2.6117554;2.429627;-0.9653473
1521666120663;-2.2147217;0.86831665;0.029459
1521666120690;-0.65644836;-3.894165;-0.5416107
1521666120701;-1.2059937;-4.3791504;-2.1409302
1521666120706;-2.0100098;-2.578064;-2.7192993
1521666120717;-2.6785278;-0.8956299;-1.6282349
1521666120725;-2.4160156;-0.6738739;-1.3117981
1521666120737;-2.2971802;-1.0691223;-1.6641235
1521666120743;-1.6640625;-1.5745544;-2.039795
1521666120755;-1.3708191;-1.8638;-1.5592346
1521666120763;-1.586853;-1.493103;-0.88790894
1521666120784;-1.8035583;-1.3120728;-1.1994934
1521666120802;-1.1311951;-3.258484;-2.0917969
1521666120807;-1.1395874;-3.2718506;-2.069275
1521666120817;-1.1401367;-3.0222168;-2.9699707
1521666120824;-1.471283;-1.645813;-1.7702942
1521666120837;-1.8489685;-0.9112549;-0.8160553
1521666120844;-2.2129517;-0.59132385;-0.7852173
1521666120856;-2.2042847;-0.9928589;-0.7975769
1521666120865;-1.6982727;-2.243164;-1.1027527
1521666120882;-0.889328;-3.8277588;-1.3751831
1521666120886;-0.3054886;-4.5718994;-2.2868652
1521666120897;0.049876213;-4.3807373;-2.9781494
1521666120905;-0.4210434;-2.9788208;-2.508789
1521666120917;-1.0009155;-1.0904236;-1.494751
1521666120925;-1.3010559;-0.098846436;-0.47676086
1521666120937;-1.4989624;0.23011017;0.26792908
1521666120945;-1.5775757;-0.5463867;1.17157
1521666120962;-0.76220703;-2.302246;0.8694458
1521666120965;-0.5489044;-2.8999023;-0.07892227
1521666120985;-0.7858124;-0.7727051;0.16846466
1521666120998;-1.2026062;0.7421112;0.1601448
1521666121006;-1.212616;1.2092592;0.20471573
1521666121018;-0.79537964;0.47428894;0.09457016
1521666121024;-0.13754272;-1.1555176;-0.4416275
1521666121037;0.39782715;-2.7323608;-0.02029419
1521666121044;-0.011568785;-1.1321411;1.9683229
1521666121058;-1.1148376;1.238556;1.6303712
1521666121064;-1.757843;2.945374;1.8286744
1521666121084;-1.3744507;2.7155766;2.4184575
1521666121101;-0.69854736;0.6183624;0.44300842
1521666121106;0.25077057;-2.0911865;-1.2810669
1521666121118;0.52038574;-2.701477;-0.5080719
1521666121127;0.46600342;-0.8135376;0.8225403
1521666121139;-0.36080933;1.8225099;1.8363343
1521666121146;-1.5203552;3.8743293;2.71637
1521666121159;-1.7374573;4.8916035;3.4492805
1521666121166;-1.0343628;4.65674;3.9597175
1521666121190;1.336609;0.58847046;3.3298957
1521666121201;2.526795;-2.4377441;1.3728029
1521666121206;2.6492925;-1.4595032;-0.34721375
1521666121218;1.243622;1.0323488;0.7595825
1521666121226;-0.42095184;3.4285285;2.4290776
1521666121237;-1.2775574;4.810915;3.004029
1521666121244;-1.568573;5.56177;2.988892
1521666121257;-0.6768341;5.5908227;3.1904914
1521666121263;1.0899965;4.1104755;3.6165168
1521666121284;2.6752934;1.1425477;1.2596742
1521666121299;0.8023224;2.3460698;1.0748292
1521666121306;-0.7828064;3.3800056;1.1154481
1521666121318;-1.480133;3.9637458;1.0743715
1521666121326;-0.604187;3.2772224;1.7683412
1521666121339;1.4047548;1.9983217;3.4287117
1521666121345;3.1179817;1.7157289;3.9261482
1521666121358;2.893189;2.3609014;2.721558
1521666121365;1.573517;3.6622322;1.4882509
1521666121391;-0.44275665;5.2401147;3.1096199
1521666121401;-0.110227585;5.1773705;3.6423347
1521666121406;1.2606202;4.1420918;4.008547
1521666121418;3.0480354;3.082032;4.1186543
1521666121425;3.5877082;2.629212;3.101258
1521666121438;2.5832524;2.7573857;1.9286805
1521666121446;1.210663;3.2248542;1.8282167
1521666121461;0.2530136;3.8566902;2.4837651
1521666121466;0.48042297;4.46216;2.7650762
1521666121491;2.9184575;3.8786628;3.7969978
1521666121502;2.7067266;3.2664802;2.6877446
1521666121507;1.5991822;3.1262214;2.8660893
1521666121521;1.0056459;2.9484258;3.2996833
1521666121526;0.74916077;3.0077522;3.1969612
1521666121538;1.2668153;2.9595342;3.111634
1521666121545;1.8516847;3.106202;2.8629155
1521666121558;2.0814214;2.969849;2.5829473
1521666121564;1.8554078;2.6644902;2.5152593
1521666121587;0.78248596;2.2817998;2.5698857
1521666121601;0.49977875;2.1411138;2.6297612
1521666121604;0.6549225;1.8938295;2.627686
1521666121618;0.78533936;1.6163942;2.7361455
1521666121625;0.7229614;1.5895692;2.1804204
1521666121636;0.46305084;1.3277894;1.6649781
1521666121643;0.26394653;1.4588624;1.7212526
1521666121657;-0.22498322;1.5618898;1.8016053
1521666121663;-0.4044571;1.5775453;1.710663
1521666121692;0.34090424;1.2271425;2.660523
1521666121702;0.7005615;0.45763397;2.4268193
1521666121704;0.9322357;-0.07283974;1.936432
1521666121717;0.64245605;-0.027891159;1.3969423
1521666121725;-1.0487366;1.2124635;1.3271791
1521666121737;-1.5970764;2.1246953;1.7303773
1521666121744;-1.2995605;2.3493657;2.210816
1521666121757;-0.12940216;1.5893556;2.9694219
1521666121764;1.1716005;0.37670898;2.9807744
1521666121790;1.2947084;-1.7466431;0.947937
1521666121802;-0.19098663;-1.1879883;0.6916046
1521666121807;-1.660675;0.043084145;1.3942567
1521666121819;-2.5355835;1.6121217;1.9645997
1521666121826;-2.8267822;3.02649;2.4432378
1521666121839;-2.0809326;3.365113;2.6829228
1521666121846;-0.27560425;1.3228151;1.8538209
1521666121859;2.2000737;-2.3450317;0.96606445
1521666121867;3.3660285;-5.0494385;-0.11454964
1521666121902;-3.3495483;0.13098145;0.32110596
1521666121907;-4.218628;2.5986943;1.014618
1521666121919;-3.8688354;3.7705085;1.5108949
1521666121926;-2.630371;2.5462651;1.6252137
1521666121942;0.13210678;-0.6076355;1.6149293
1521666121946;1.6465455;-6.5649414;-0.89463806
1521666121959;-0.92445374;-4.2685547;-1.013031
1521666121966;-2.8031616;-1.1313171;-0.5605774
1521666121985;-4.6313477;2.2096562;1.0755311
1521666121999;-3.411255;1.9413148;1.1074525
1521666122004;-1.6555481;-0.39496613;1.2113343
1521666122018;0.57455444;-3.9142456;0.9443512
1521666122024;0.82221985;-4.546509;-0.7628021
1521666122038;-1.1754761;-3.2109985;-0.53219604
1521666122046;-2.958496;-0.98114014;0.44500732
1521666122058;-4.0906982;0.8360138;0.5585327
1521666122064;-4.2940674;1.174286;0.69784546
1521666122088;-1.5831909;-3.0820312;0.1470604
1521666122102;-0.27379608;-4.29895;-0.45589447
1521666122106;-0.3322525;-3.326233;0.0064139366
1521666122118;-1.8703308;-0.83699036;0.13829422
1521666122125;-2.9788208;1.5228883;-0.24011993
1521666122138;-3.446228;2.7071538;0.4266281
1521666122146;-3.64563;2.3867192;1.2084352
1521666122158;-2.2063599;-0.51612854;1.3222047
1521666122164;-0.40084076;-4.344116;0.6150818
1521666122191;-1.2971497;-1.8443604;0.5223694
1521666122202;-2.6304932;1.3858949;1.4096681
1521666122207;-2.9489136;3.1765144;1.100464
1521666122222;-3.105957;3.271485;1.2117311
1521666122226;-2.8500366;2.4983525;0.80422974
1521666122239;-0.6981201;-1.8952332;-0.2121582
1521666122247;1.3956605;-7.1689453;-0.1264267
1521666122262;1.3356324;-7.517212;-1.6813049
1521666122267;-0.1931076;-4.3477783;-1.6137695
1521666122289;-2.918335;3.017701;1.9367067
1521666122298;-2.9042969;4.3079853;1.8771669
1521666122304;-2.7995605;3.6326911;2.4987798
1521666122317;-2.625061;1.7989198;2.231995
1521666122324;-0.31549072;-4.234497;0.37556458
1521666122338;1.4699403;-9.656006;-1.9734802
1521666122344;0.6382599;-7.92688;-3.5322876
1521666122358;-1.2351685;-4.076416;-1.6891785
1521666122364;-2.4816284;0.053873062;0.008482933
1521666122389;-3.6363525;4.5948505;2.1557012
1521666122402;-3.9799194;3.9643562;2.3317876
1521666122408;-3.3121948;1.3230287;1.6700441
1521666122419;-2.3313599;-2.6515503;0.964386
1521666122426;-1.2505493;-5.883545;-0.7586365
1521666122442;-1.3791504;-6.2547607;-2.7163696
1521666122446;-2.4260864;-3.6466675;-2.4994507
1521666122468;-3.0792236;2.007691;0.10613632
1521666122491;-2.6704712;2.924317;-1.6717834
1521666122502;-1.6546326;0.52090454;-0.9745941
1521666122507;-0.19162369;-3.1523438;0.30514526
1521666122519;0.38728333;-4.607666;0.13561249
1521666122528;-1.4293823;-2.2000122;-0.8119507
1521666122540;-2.7839355;0.8792267;-0.25971222
1521666122546;-3.2356567;2.884522;0.38880157
1521666122559;-3.7357178;3.467408;0.9373932
1521666122566;-3.487732;1.9327089;0.99946594
1521666122591;0.3140335;-5.326172;-2.4509277
1521666122608;0.50805664;-4.0163574;-2.651062
1521666122619;-0.85876465;-0.64901733;-1.4537354
1521666122627;-2.6206665;3.3799446;-0.048472404
1521666122649;-2.9016724;0.65779114;-0.18504715
1521666122662;-1.6140137;-2.5948486;-1.5809326
1521666122666;-0.90782166;-4.668091;-2.6870728
1521666122686;-1.152771;-2.3359375;-3.421936
1521666122699;-1.7844849;-0.3605423;-3.0324707
1521666122705;-2.0614624;0.41640472;-3.0325928
1521666122719;-1.8450012;-0.049407005;-2.779541
1521666122729;-1.4278259;-1.2841797;-2.029541
1521666122741;-1.0314331;-2.8068848;-1.5280762
1521666122746;-1.2406616;-2.8156128;-1.800415
1521666122759;-1.7282715;-1.8162842;-2.0316772
1521666122766;-2.0704346;-0.9427643;-1.8406372
1521666122788;-2.020935;-0.6509247;-1.6584778
1521666122802;-1.1630859;-1.6329651;-1.9772339
1521666122807;-1.0704956;-1.8899536;-2.0984497
1521666122820;-1.124939;-1.623291;-2.1427002
1521666122827;-1.1897278;-1.663971;-1.7557373
1521666122838;-1.2408752;-2.0412598;-1.2565613
1521666122845;-0.9798279;-2.3630981;-1.5615234
1521666122860;-0.8509369;-2.7442017;-1.7100525
1521666122866;-0.63957214;-2.439209;-1.6997375
1521666122891;-1.0813904;-1.0605774;-1.3547668
1521666122907;-1.044342;-0.49382782;-1.2944336
1521666122919;-0.63105774;-1.4057007;-0.45080566
1521666122926;-0.20411682;-1.9976807;0.5411072
1521666122938;0.077028275;-2.3987427;0.6524353
1521666122944;0.35671234;-2.623169;0.47929382
1521666122958;-0.14367676;-1.592102;0.5503082
1521666122967;-0.44504547;-0.49996948;0.8326111
1521666122992;-0.97480774;0.40486145;0.51190186
1521666123007;-0.15375137;-1.7444458;-0.32938385
1521666123019;0.41609192;-3.0914307;0.15579224
1521666123026;0.024585247;-2.2270508;0.7827759
1521666123042;-0.45038605;-0.12505722;1.370392
1521666123045;-1.0817566;1.8272096;1.9985658
1521666123061;-1.6727295;2.8766484;2.691834
1521666123065;-1.5156555;2.8435063;2.9544683
1521666123092;0.61665344;-2.5193481;0.80404663
1521666123102;0.21722412;-1.346344;0.34526825
1521666123107;-0.21193695;0.72595215;0.95539856
1521666123118;-0.93078613;2.754395;2.2242436
1521666123125;-1.403656;4.269655;2.761475
1521666123138;-1.2140503;4.283205;3.1698616
1521666123145;-0.25115967;2.5249028;2.6237798
1521666123158;1.1710817;-0.618103;1.5551759
1521666123165;2.5817266;-2.522766;1.295746
1521666123192;0.44859314;1.3101197;2.198731
1521666123202;-0.9936218;4.229006;3.0176399
1521666123207;-1.5903015;5.657595;3.6937263
1521666123220;-1.9263306;6.432132;4.389284
1521666123227;-0.91407776;5.8870873;4.4730244
1521666123241;0.5740204;3.7924812;3.6802986
1521666123248;2.2653813;1.3528749;2.9824834
1521666123261;4.3186054;-0.8309021;1.8596498
1521666123268;3.9533088;-1.1019592;1.2147218
1521666123291;-0.34593964;3.8156135;2.6660771
1521666123301;-1.0830383;6.0621367;3.010804
1521666123307;0.03718376;5.408816;3.5812385
1521666123321;2.0631108;3.6478279;4.303835
1521666123325;3.6847541;2.5889287;3.9389656
1521666123339;3.2474372;2.2607427;2.8176274
1521666123346;1.6641542;2.5676885;2.0126348
1521666123359;0.27594757;3.137696;2.1651006
1521666123367;-0.115242004;3.0117195;2.7048955
1521666123391;2.139954;3.0326545;3.905152
1521666123402;2.5341191;3.816651;3.302491
1521666123408;2.3927007;4.425905;2.4855962
1521666123419;1.6784364;4.78467;2.5021367
1521666123427;1.1227113;4.6540546;2.6332402
1521666123439;1.5273439;3.4844368;3.3542488
1521666123445;2.181519;2.6874394;3.6903083
1521666123458;2.3468022;2.7254033;3.0615242
1521666123468;2.0653691;2.8806157;2.341248
1521666123492;1.2242738;3.9495246;2.7659917
1521666123502;1.2072755;4.2701435;3.1475837
1521666123507;1.6404115;4.1638203;3.39441
1521666123519;2.1323857;3.7256477;3.5131233
1521666123527;2.1788945;3.227845;3.0426643
1521666123540;1.6171571;1.8583986;2.222962
1521666123547;1.2304078;1.7234193;2.2703862
1521666123559;0.8563843;2.1893315;2.1997685
1521666123567;0.78302;2.8054204;2.1904302
1521666123589;1.1781923;3.3624885;2.677796
1521666123601;1.2105409;3.0254524;2.4857793
1521666123607;1.0603029;2.3854985;2.2292485
1521666123628;0.8047943;0.7755585;2.122498
1521666123638;0.33486176;0.912323;1.9358522
1521666123645;-0.067712784;1.2829896;1.9298707
1521666123658;-0.2544403;1.787079;2.2052007
1521666123668;-0.18019867;2.0106206;2.3963017
1521666123692;0.46598053;1.5333863;1.8979188
1521666123707;0.2306366;0.4356842;0.9753113
1521666123721;-0.40703583;0.24240112;1.2590944
1521666123727;-0.7261963;0.42662048;1.6945192
1521666123740;-1.1290894;1.0586854;1.9411317
1521666123747;-0.8322449;1.464264;1.9366151
1521666123760;0.13828659;1.2461244;1.8706361
1521666123768;0.28173065;0.43698883;1.9151613
1521666123792;-0.99468994;0.07543373;1.6766969
1521666123802;-1.7834167;0.30945587;1.2095033
1521666123808;-1.543457;-0.10599136;0.8905029
1521666123822;-1.06604;-0.60150146;0.1951065
1521666123828;0.35126495;-1.7191162;0.013481855
1521666123841;1.807129;-2.4681396;0.4395218
1521666123848;1.128357;-1.3378296;0.51257324
1521666123861;-0.27726746;0.056295395;0.4903717
1521666123868;-1.7519226;1.6363221;0.68959045
1521666123888;-3.456482;4.1082783;1.7038575
1521666123902;-2.8504639;3.2601326;1.32193
1521666123908;-1.2702637;0.9282379;1.722809
1521666123921;0.7950897;-3.5501099;0.48426056
1521666123928;2.1958623;-6.609619;-1.8034363
1521666123948;-2.1334229;-2.052124;-0.23711395
1521666123961;-3.631958;1.2262269;0.3615265
1521666123968;-4.5665283;4.090456;0.52388
1521666123991;-0.63941956;0.08175278;2.3166509
1521666124001;1.7894593;-6.0111084;-0.53356934
1521666124006;2.8665776;-8.461426;-3.5793457
1521666124019;-0.28827667;-5.719116;-1.960144
1521666124031;-2.8069458;-0.94696045;0.049703598
1521666124046;-4.7227783;5.252932;0.5079956
1521666124059;-4.211548;5.7591577;1.9848939
1521666124066;-2.7425537;3.6535041;3.7727668
1521666124091;2.214478;-7.901367;-2.0617065
1521666124107;-1.4659729;-4.3149414;-1.927124
1521666124120;-2.9958496;0.031661034;-0.47533417
1521666124127;-4.152954;2.5802007;0.039945602
1521666124141;-4.724365;3.5157478;1.1452943
1521666124147;-3.5702515;2.5325322;1.6952516
1521666124160;-1.4383545;-1.9629517;1.366913
1521666124167;0.6300049;-6.941162;0.3223343
1521666124192;-1.5354004;-3.0372925;-3.0939941
1521666124208;-4.489502;3.3358772;1.3728334
1521666124228;-4.508911;1.2484742;1.1447145
1521666124241;-2.2350464;-5.0651855;0.92904663
1521666124248;-0.363266;-9.452148;-2.015442
1521666124261;0.22414398;-9.844482;-6.2335205
1521666124269;-0.5882263;-5.5827637;-5.77063
1521666124292;-3.3685303;3.9701545;0.096027374
1521666124308;-4.3131104;7.514774;1.1758119
1521666124329;-4.0198975;3.2308967;5.6788354
1521666124349;-0.6186981;-7.4122314;-1.9225464
1521666124368;-0.49599457;-7.0318604;-5.7313232
1521666124389;-1.2638245;-2.7511597;-2.8833008
1521666124393;-2.1921997;1.414673;-1.3207703
1521666124408;-3.3448486;6.5791044;-0.013252258
1521666124422;-2.842041;7.025638;1.1136476
1521666124428;-2.6605225;4.138674;2.9725347
1521666124441;-0.56030273;-6.624756;-1.9212646
1521666124448;-0.21041489;-9.530762;-5.4277344
1521666124468;-2.2271729;-1.6860046;-3.4822388
1521666124491;-3.1827393;4.5389423;-1.071991
1521666124502;-3.16333;5.0767846;0.10579491
1521666124509;-2.3135986;2.884461;1.879944
1521666124522;-1.2228394;-0.78131104;1.2684327
1521666124529;-0.03788662;-5.046875;-1.4614868
1521666124542;-0.28222656;-5.9331055;-4.5390625
1521666124549;-1.6456604;-3.52771;-4.047119
1521666124562;-2.3590088;-0.9035187;-2.6726074
1521666124569;-2.4248047;0.5486908;-2.3043213
1521666124588;-1.5534668;0.17557907;-1.9958801
1521666124601;-0.46004486;-1.9682617;-0.983078
1521666124607;-0.36048126;-2.8549805;-1.104187
1521666124619;-0.86857605;-2.15448;-1.9262695
1521666124627;-1.5601196;-0.86361694;-1.7486572
1521666124639;-1.8372498;-0.4957962;-2.1137695
1521666124648;-1.4892883;-1.4071045;-2.9261475
1521666124660;-0.9072418;-2.6882324;-3.4608154
1521666124667;-1.10849;-1.8347778;-2.6611938
1521666124692;-2.2280884;-0.35355377;-2.0007324
1521666124709;-1.8179321;-2.3511353;-1.4820557
1521666124722;-0.9958191;-3.4034424;-1.3672485
1521666124729;-0.5896759;-3.293457;-2.131836
1521666124742;-0.4883194;-2.5130615;-2.2747803
1521666124749;-0.8106842;-1.3832092;-1.8248291
1521666124762;-1.1419678;-0.87901306;-1.5384216
1521666124769;-1.3672485;-0.7387085;-1.5267639
1521666124811;-1.5377197;-1.1788635;-1.4090881
1521666124822;0.3729248;-3.789734;-0.6869049
1521666124828;-0.021001339;-2.4657593;-0.7931366
1521666124839;-0.66290283;-0.6148071;-0.43170166
1521666124847;-1.2788696;1.202057;-0.3268051
1521666124861;-1.4555054;2.0520024;0.09084892
1521666124869;-1.5057068;1.8963319;0.58000183
1521666124889;0.4760208;-2.414795;0.73742676
1521666124901;0.28007507;-1.7116699;0.872345
1521666124907;-0.28479767;0.29535675;1.6008607
1521666124920;-0.8375702;1.7839051;2.2407231
1521666124928;-1.2270813;2.6187139;1.899109
1521666124940;-1.2125244;2.5966802;1.0224305
1521666124947;-0.6366577;1.0735475;0.7399597
1521666124960;-0.14312363;-0.6572876;0.7518616
1521666124967;0.16762924;-1.0606384;0.9286194
1521666124989;-0.025859833;-0.327919;0.89320374
1521666124994;-0.3369217;1.1579896;1.6660768
1521666125008;-1.3711853;3.2202766;2.7391362
1521666125022;-1.0396729;3.116822;2.240662
1521666125028;-0.5096588;1.4959108;1.5516969
1521666125041;0.07062912;-0.68014526;0.80259705
1521666125048;0.8972168;-2.065918;-0.020968437
1521666125061;1.7728883;-2.5994263;0.49025726
1521666125068;0.4365387;0.5477905;1.6467286
1521666125090;-1.2512512;5.1638207;3.9755256
1521666125109;-1.2801819;6.3710966;5.018679
1521666125121;1.916504;-0.4150467;1.469513
1521666125128;4.5907;-3.4476929;0.12080002
1521666125141;5.1376977;-2.7197266;0.7984619
1521666125149;2.356934;0.5393219;1.7760926
1521666125161;-0.06096649;3.9375007;2.3751836
1521666125168;-1.3078003;5.758303;2.9761968
1521666125188;-1.8786926;7.114261;3.1589973
1521666125193;-1.2302246;8.262703;3.4246223
1521666125211;3.4160774;2.9646;3.373963
1521666125222;5.7330346;0.9744415;2.6909795
1521666125229;4.840334;0.43962097;1.468445
1521666125242;2.1809087;1.1122743;1.3723756
1521666125249;-0.56381226;2.830872;2.252503
1521666125262;-2.029358;4.3068867;2.9934087
1521666125269;-1.9480896;5.3304467;3.0181892
1521666125292;1.4006349;3.8568733;3.448365
1521666125309;3.9789436;1.7085572;1.9823915
1521666125322;2.019898;1.6995546;1.2156373
1521666125329;-0.06732559;2.6755986;1.8892823
1521666125349;0.41378784;4.383791;3.4082038
1521666125362;2.2918706;4.2581806;3.4210212
1521666125370;3.312989;4.1325703;2.696961
1521666125388;2.6228032;3.7570808;1.9732362
1521666125393;1.491028;3.5967414;2.2866826
1521666125410;0.5652313;3.1700447;3.3402717
1521666125430;2.099732;3.559388;2.9148564
1521666125449;1.93808;4.029909;2.3188481
1521666125462;1.308899;3.9699104;2.5437627
1521666125471;0.8305054;3.655213;2.839295
1521666125492;1.4160157;2.8752446;2.7952886
1521666125510;1.8770753;2.5761724;2.4153447
1521666125522;1.2298585;2.6044316;2.143372
1521666125529;0.76776123;2.7321782;1.9960939
1521666125541;0.45529175;2.6023564;2.19867
1521666125549;0.7533417;2.2988286;2.311524
1521666125562;0.93362427;2.1946416;2.1926885
1521666125569;1.0682985;2.0434575;1.9200441
1521666125589;0.6664276;2.163941;1.9046632
1521666125594;0.32904816;2.2668462;1.9525148
1521666125610;0.077222824;1.9393617;2.4980474
1521666125629;0.70181274;0.99398804;2.2661748
1521666125650;0.35861206;0.9505615;1.4298097
1521666125670;-0.5142517;1.5182496;1.7114869
1521666125690;-0.5549011;1.8630067;2.0037236
1521666125694;-0.61950684;1.9778749;2.094666
1521666125711;0.655838;0.14332199;1.7801515
1521666125729;0.351326;-0.66438293;0.73947144
1521666125750;-1.4889526;1.2108155;0.90808105
1521666125762;-1.7590942;2.002442;1.6773378
1521666125768;-1.5126343;2.3661504;2.084107
1521666125789;-0.455101;1.6460878;2.375977
1521666125794;0.98757935;-0.4386673;2.4078374
1521666125811;-0.7087097;-1.913269;0.50961304
1521666125830;-3.000183;1.182129;0.9101105
1521666125849;-1.8877258;2.334229;1.6010743
1521666125862;0.0025815964;0.7286682;1.7183229
1521666125869;1.5787355;-1.7843323;1.1239015
1521666125890;1.9420167;-3.5906372;-0.26348114
1521666125895;0.3603592;-3.6791382;-0.67503357
1521666125911;-3.3007812;-0.18496323;0.521698
1521666125922;-3.703003;1.6940309;0.83818054
1521666125932;-3.847107;3.101197;1.0621034
1521666125942;-3.1586914;3.3139656;0.9870453
1521666125951;-0.9545746;0.9548645;2.028687
1521666125970;1.3886415;-5.517334;-0.57518005
1521666125990;0.19324875;-5.1938477;-2.494995
1521666125994;-1.8573914;-3.715149;-1.6479492
1521666126009;-4.4624023;1.9292299;0.25907135
1521666126021;-4.340454;3.639344;1.1142274
1521666126028;-1.2089844;0.77923584;2.5350957
1521666126041;0.41685486;-2.2824707;0.8061981
1521666126048;1.4905397;-5.6608887;-1.9819031
1521666126062;-0.053891182;-5.4473877;-1.635498
1521666126069;-2.460083;-2.3687134;-0.8344879
1521666126088;-4.5511475;2.4248662;0.6480408
1521666126108;-2.8070068;2.721497;1.6340638
1521666126122;-0.42819214;-0.88586426;2.8139653
1521666126128;1.5394288;-5.680664;1.0623475
1521666126148;-0.716568;-4.425537;-2.7821045
1521666126162;-2.6956787;-0.9824219;-0.7511749
1521666126168;-3.9718628;1.8151551;0.15005112
1521666126188;-4.7282715;4.1274433;1.2526551
1521666126202;-3.1955566;1.7828065;2.5213017
1521666126209;-1.0802002;-2.6001587;3.1107185
1521666126221;0.30179596;-6.6556396;-0.046520233
1521666126231;0.523468;-6.772339;-4.8881836
1521666126250;-3.3704224;2.2940068;0.28726196
1521666126271;-4.069214;3.8920295;0.7489624
1521666126290;-2.9197998;1.9197389;2.0540776
1521666126295;-1.5412598;-1.3329773;2.7261357
1521666126311;-0.7744751;-4.0773926;-2.5041504
1521666126331;-3.3132324;0.801239;-0.49391174
1521666126351;-3.6434326;3.2548835;-0.316185
1521666126370;-0.98576355;-2.1568604;0.3415985
1521666126390;0.5187988;-4.866089;0.8030853
1521666126395;0.7676544;-5.4188232;-0.45791626
1521666126410;-2.3882446;1.4258729;-2.0040283
1521666126428;-3.3486938;4.704714;0.4168167
1521666126448;-3.046875;1.8146669;0.70228577
1521666126461;-2.0181885;-2.6383057;1.0760804
1521666126468;-0.59036255;-6.1000977;0.28993988
1521666126489;-1.6887817;-4.043091;-3.364746
1521666126494;-2.6530762;-0.9683838;-2.5894775
1521666126509;-3.2372437;1.8940736;-2.0109863
1521666126521;-3.1767578;1.7160035;-2.0404663
1521666126528;-2.2966309;-0.24523926;-1.4881592
1521666126541;-1.7440796;-2.8222656;0.0921402
1521666126548;-1.6202087;-4.258301;0.6067352
1521666126562;-1.9281006;-3.4594727;-1.3240967
1521666126568;-2.8051147;-2.1237183;-2.6047363
1521666126589;-3.336914;-1.0562134;-2.310608
1521666126594;-3.1454468;-0.91744995;-2.4541626
1521666126610;-2.118103;-2.390625;-4.0637207
1521666126621;-1.4989014;-2.9239502;-3.1982422
1521666126629;-1.4029846;-2.4951782;-1.9446411
1521666126650;-2.0982666;-1.5856628;-1.1465454
1521666126671;-2.5220337;-2.0941772;-1.809021
1521666126691;-1.8484497;-2.239502;-2.1345825
1521666126711;-1.6992493;-1.2093201;-2.0963135
1521666126730;-1.181427;-3.369751;-2.0367432
1521666126751;-1.248291;-3.3276978;-1.2295532
1521666126771;-1.7377625;-0.6289673;-1.2979736
1521666126790;-1.8742065;0.045334816;-1.01828
1521666126794;-1.3645325;-0.48587036;-1.1283569
1521666126811;-0.24715042;-2.7838745;-1.1290894
1521666126832;-0.43696594;-2.2085571;-0.6422272
1521666126842;-0.8774414;-1.154419;-0.13293457
1521666126850;-1.1489258;-0.25554657;0.5991516
1521666126870;-1.0411682;0.19384384;1.6821595
1521666126891;-0.6369934;-0.85902405;0.08301735
1521666126911;-0.2221489;-0.96276855;-0.34007263
1521666126922;-0.37378693;-0.023318768;0.43962097
1521666126932;-0.8365936;2.2738042;1.346222
1521666126951;-0.6648865;1.8867189;2.2778325
1521666126971;0.4131546;-0.90467834;1.5155641
1521666126992;0.6502228;-1.6601868;1.3306276
1521666126996;0.124565125;-0.30241394;1.0431215
1521666127012;-0.9675751;2.5277715;1.7165529
1521666127032;-1.2909241;3.816529;2.1823735
1521666127051;0.22937393;1.468567;2.0486455
1521666127071;2.097962;-1.2993774;1.3315736
1521666127090;1.1027223;0.7136078;0.60243225
1521666127094;0.60920715;2.2459111;1.0483094
1521666127111;-0.6968994;4.882204;2.9183965
1521666127131;1.0143434;3.4630134;3.0131843
1521666127151;3.5876472;-0.62190247;1.8778383
1521666127172;0.05165577;3.700257;2.5672002
1521666127190;-0.90719604;4.9990253;2.9671636
1521666127194;-0.51239014;5.79114;3.3906868
1521666127211;2.6984258;3.2230232;3.606202
1521666127232;3.9438484;1.2226259;0.9115753
1521666127252;0.12502289;2.848084;1.6997682
1521666127272;-1.0380554;4.239626;2.6425786
1521666127291;-0.107584;4.2895527;2.955567
1521666127296;1.7253114;3.621949;3.1708992
1521666127309;2.5247197;3.2942512;2.197022
1521666127331;-0.06945038;3.054322;2.254517
1521666127342;-0.9517212;3.040467;2.065003
1521666127349;-0.70469666;2.4005132;1.9570924
1521666127372;1.2107545;2.3529668;2.5468144
1521666127388;0.66212463;3.9129035;1.9014283
1521666127393;0.12613297;4.42737;2.3369145
1521666127409;0.20145798;3.6314094;2.888062
1521666127422;0.7397461;3.029908;2.7308965
1521666127429;1.2550355;2.4275517;2.6288457
1521666127442;1.5386354;2.2506108;2.5605474
1521666127449;1.1266176;2.5933232;2.2738652
1521666127462;0.62280273;2.9935308;2.3557744
1521666127470;0.46004486;3.5227668;2.532044
1521666127491;0.8532257;3.9730842;2.0375981
1521666127509;1.5551149;3.2828987;2.1843877
1521666127522;1.300171;2.8414311;2.1544805
1521666127529;1.0168763;2.365601;2.0974126
1521666127551;0.7247925;2.158997;2.042542
1521666127571;1.0245363;2.351685;2.1026006
1521666127591;0.99923706;1.8664247;1.8520204
1521666127612;0.19100952;1.8480226;1.4414064
1521666127632;0.37149048;1.7850953;1.8891908
1521666127652;0.8136139;1.0477296;2.1196904
1521666127671;0.17933273;1.0052186;1.4523927
1521666127691;-0.18911743;1.2099305;1.293152
1521666127695;-0.3733673;1.2410585;1.5874635
1521666127710;0.08145332;0.8303528;2.1585698
1521666127729;0.31261444;0.12533951;1.9826356
1521666127751;-0.39659882;0.4172821;1.4361879
1521666127771;-0.895401;0.41625214;2.2033696
1521666127790;-0.30588531;0.13056183;2.523438
1521666127794;0.24206543;-0.6088104;2.3368535
1521666127808;0.6432953;-1.1411133;1.8463746
1521666127813;0.3675995;-0.89756775;1.4098817
1521666127832;-1.6525574;0.66452026;1.259369
1521666127852;-0.49056244;-0.2687912;2.2627568
1521666127869;1.1990663;-2.9909668;0.3007126
1521666127892;0.85105896;-3.090271;0.1277504
1521666127897;-0.4480896;-2.2001343;0.53463745
1521666127908;-1.7678223;-0.45863342;0.7196655
1521666127914;-2.5614014;1.5680543;1.0620424
1521666127932;-1.5334167;2.4394536;2.0466924
1521666127952;1.4359742;-2.6141357;1.540497
1521666127970;0.09340668;-5.2855225;-0.5349579
1521666127989;-1.4998779;-3.5637817;0.007631302
1521666127993;-2.9498901;-1.0585022;0.5268707
1521666128006;-3.3069458;1.4020692;1.3143922
1521666128013;-2.8570557;3.1824958;1.4412538
1521666128030;0.7879791;0.09486961;1.907715
1521666128051;1.0880433;-5.118164;-0.7820282
1521666128065;-3.097046;-2.83667;-0.10644722
1521666128073;-4.4265137;-0.17605972;0.002109766
1521666128092;-4.3862305;1.8900148;0.5666809
1521666128096;-3.6062012;2.5767827;1.34433
1521666128110;0.8014374;-1.9144287;1.5677797
1521666128128;1.5945741;-5.166382;-1.2427368
1521666128133;0.35861206;-5.6846924;-1.8082886
1521666128152;-3.5333862;-1.7705994;0.4129486
1521666128165;-4.640503;0.917572;0.39868927
1521666128173;-4.2717285;1.9871522;0.8763275
1521666128188;-3.0114746;2.184754;2.8006597
1521666128193;-1.8031311;0.684494;2.910706
1521666128212;0.16383362;-4.599121;-1.7515869
1521666128226;-1.1702576;-4.511963;-0.69010925
1521666128233;-2.682434;-2.9713745;0.7464447
1521666128252;-4.375122;0.99580383;0.44891357
1521666128264;-4.043457;1.6321107;1.1966249
1521666128273;-2.7546387;0.83354187;2.0393682
1521666128288;-0.33848572;-2.0650024;2.7572026
1521666128293;-0.06331825;-4.4171143;-1.9422607
1521666128312;-3.5688477;0.108724594;0.31944275
1521666128332;-4.8205566;3.757569;0.719574
1521666128351;-2.7247314;0.22616196;2.7416997
1521666128372;1.4971925;-8.3498535;-1.3016052
1521666128392;1.6925355;-8.080322;-3.2720337
1521666128397;-0.731369;-4.024658;-1.7262878
1521666128412;-3.5984497;3.5120857;0.3062439
1521666128426;-4.274292;5.7532983;1.0981141
1521666128433;-4.1523438;5.851687;2.0263066
1521666128446;-3.0464478;2.3527226;3.6094978
1521666128453;-1.5811462;-2.7213135;3.1578376
1521666128471;1.6561891;-10.682617;-4.1763916
1521666128492;-0.71728516;-6.4606934;-2.9573364
1521666128497;-2.8970947;-1.053009;-0.66023254
1521666128512;-3.779358;4.557619;1.7504274
1521666128531;-2.781128;-0.3816223;3.069947
1521666128552;-1.0055542;-7.893799;-2.9459229
1521666128572;-3.4348755;-2.9852905;-1.6231384
1521666128592;-4.3587646;1.0871888;-0.6042938
1521666128606;-4.4085693;1.7716981;-0.76286316
1521666128613;-3.4854126;0.20936584;-0.30085754
1521666128630;-1.8315735;-4.4282227;-0.6743622
1521666128652;-2.053894;-3.6625366;-2.203247
1521666128672;-3.2595215;0.33659363;-0.89915466
1521666128692;-3.090271;0.7878113;-1.075592
1521666128697;-2.970642;-0.05445099;-0.8100128
1521666128711;-1.455658;-3.1833496;-0.11660385
1521666128726;-1.4861755;-2.930481;-0.8372345
1521666128733;-2.1607056;-1.4299316;-1.1368713
1521666128748;-2.4493408;-1.2307434;-0.914505
1521666128753;-1.8065186;-2.428772;-1.8009644
1521666128768;-0.94059753;-4.194458;-2.633728
1521666128773;-0.3975067;-4.5460205;-2.6070557
1521666128789;-0.76597595;-2.895935;-2.0800781
1521666128794;-1.4622803;-1.0965271;-1.462738
1521666128810;-2.3734741;0.1869278;-1.0037231
1521666128831;-1.4555664;-3.2971802;-1.4601135
1521666128852;-0.2902298;-4.8547363;-2.157898
1521666128865;-0.7675171;-2.8912354;-1.4849243
1521666128873;-0.98887634;-1.2073975;-0.83657837
1521666128892;-1.5438843;-0.0251894;-0.510025
1521666128897;-1.7352905;0.4581604;-0.2803192
1521666128909;-1.460144;-0.21638489;-0.31401825
1521666128914;-1.0374451;-1.4781189;-0.18580627
1521666128928;-0.5045471;-2.220642;-0.1321373
1521666128933;-0.2109108;-2.7667847;-0.07040596
1521666128948;-0.3283081;-2.2391968;-0.1737442
1521666128953;-0.6137085;-1.1143494;0.102954865
1521666128965;-0.83792114;-0.2017746;0.52565
1521666128973;-0.8956299;0.49363708;0.43566132
1521666128998;-0.20888901;-0.8828583;-0.31681824
1521666129007;0.104572296;-1.3356628;0.4224167
1521666129013;0.060759544;-0.9851074;1.2126161
1521666129027;0.061286926;-0.37239075;1.756836
1521666129033;-0.2930603;0.56111145;1.7793885
1521666129047;-0.59529114;1.266388;2.2800908
1521666129053;-0.51638794;1.1659547;2.5700078
1521666129067;-0.18154907;0.46009827;1.9304506
1521666129074;0.13879013;-0.5279236;1.100403
1521666129092;0.43395996;-1.2982788;1.0435792
1521666129097;0.17793274;-0.21434402;0.92393494
1521666129111;-0.17931747;2.1359868;1.2191774
1521666129131;0.7287903;2.1527715;3.0794685
1521666129151;2.2376103;-1.1993713;0.6734009
1521666129171;0.9209595;-0.6137543;2.2929082
1521666129191;-0.8437958;1.9403077;2.5126958
1521666129195;-2.2890625;5.2639184;2.3212895
1521666129211;0.3295288;4.0690937;3.2908332
1521666129231;2.9882207;-0.8919525;0.807724
1521666129251;1.4886476;0.15107727;0.9277344
1521666129271;-1.8257141;3.8420417;2.2033696
1521666129289;-2.2003784;4.696413;2.6297002
1521666129294;-1.0446472;4.93091;3.9529426
1521666129307;0.9169922;4.028322;5.0018334
1521666129313;2.662415;2.752442;4.494997
1521666129326;3.3327644;1.4093629;2.6211553
1521666129333;2.5300298;0.9134979;1.2381288
1521666129352;-0.7052307;2.4201055;1.9472963
1521666129371;-1.3611145;3.3587654;2.3276372
1521666129376;-1.2201538;4.1452656;2.8782964
1521666129398;2.0603642;3.0939949;3.1089485
1521666129409;3.266236;1.6853029;2.3682866
1521666129414;3.187989;1.599518;2.3121343
1521666129427;-0.33764648;2.879212;1.9927675
1521666129434;-1.3334656;3.866883;2.4040532
1521666129446;-0.8274536;4.300661;3.0322273
1521666129453;0.9398804;4.0117207;3.446839
1521666129469;2.7885137;3.2310188;3.19336
1521666129474;3.839051;2.756043;2.6793218
1521666129491;2.7791142;2.6445928;1.8309327
1521666129493;0.9366455;2.8408208;1.7495729
1521666129512;-0.24587631;3.4046028;3.0344856
1521666129532;2.3530889;3.232972;3.3381965
1521666129552;2.5325933;3.4943855;2.1384282
1521666129572;0.15473938;3.6696174;2.2120976
1521666129592;-0.0749588;3.4696052;2.5469975
1521666129593;0.6285248;3.3643196;2.4464726
1521666129609;1.856598;2.8467412;2.3884892
1521666129614;2.577271;2.1892095;2.4247441
1521666129631;1.1312867;1.9461061;2.0109258
1521666129646;-0.19230652;2.2697148;2.158753
1521666129653;0.19073486;2.5747075;2.3108525
1521666129671;1.2309877;2.464478;1.8702394
1521666129692;1.1573793;1.9423829;1.724518
1521666129693;0.6405487;1.872986;1.6216127
1521666129712;-0.09202957;1.8685304;1.7203065
1521666129732;0.26524353;1.7422792;1.6248475
1521666129752;1.0951539;0.9051666;1.7491456
1521666129772;0.1668396;1.0298463;1.0718995
1521666129799;-0.6109619;2.0205083;1.3766786
1521666129812;-0.64826965;2.6425786;1.574524
1521666129817;-0.2960434;2.7015996;1.5521547
1521666129831;0.6105957;2.0334477;1.5858461
1521666129836;1.2263185;0.8464203;1.8275453
1521666129850;1.2042848;-0.027869225;1.3250123
1521666129855;0.3010788;0.07181549;0.524353
1521666129869;-0.45108795;0.28182983;0.74053955
1521666129873;-0.9129486;1.8413392;1.5028993
1521666129900;0.64533997;2.0864873;1.8368226
1521666129909;0.96720886;1.632599;0.86738586
1521666129914;0.5363617;0.86460876;0.19279099
1521666129928;-0.24217606;0.33167267;0.4296341
1521666129934;-0.6591034;0.3438263;0.84213257
1521666129947;-0.84591675;0.44154358;1.1165773
1521666129954;-0.47032166;0.49916077;1.0173036
1521666129967;0.36935425;0.11276817;0.60321045
1521666129974;0.8671417;-0.7654724;-0.006927252
1521666129997;0.010663986;-0.87257385;-0.37678528
1521666130018;-1.6637268;1.2955323;0.31339264
1521666130032;-0.9367523;1.283722;0.86268616
1521666130052;0.8185272;-0.90112305;-0.026576519
1521666130072;-0.5516968;-0.78819275;0.4955597
1521666130099;-2.251831;1.849701;0.9050598
1521666130112;0.14456558;-0.021700382;0.60258484
1521666130132;0.67419434;-2.527893;-0.02227211
1521666130145;-0.7108307;-1.486969;0.23564911
1521666130153;-1.7985535;0.004661083;0.9271698
1521666130167;-2.4437256;1.4882509;1.5092775
1521666130173;-2.6055908;2.7547612;1.4375001
1521666130199;-1.1917725;1.2770387;0.22134781
1521666130209;0.87887573;-1.6916809;0.2722473
1521666130214;1.9869386;-5.0493164;-0.120983124
1521666130227;1.1624147;-5.524048;-1.4302673
1521666130234;-0.83535767;-3.2664185;-1.4352417
1521666130248;-2.3430176;-0.7320862;-0.4458847
1521666130254;-3.2457886;1.7062684;0.28432465
1521666130267;-3.638977;4.005129;0.67092896
1521666130274;-3.3640747;4.87903;1.2666932
1521666130291;-2.2200928;3.4069831;2.3695073
1521666130295;-0.52841187;0.30588531;2.7499394
1521666130309;1.1105348;-6.70105;-2.28479
1521666130314;1.1858217;-6.6503906;-2.237732
1521666130328;-1.838623;-3.1583862;-1.7062378
1521666130334;-3.293457;0.3694458;-1.1808167
1521666130352;-3.73938;5.1098657;-0.02050829
1521666130366;-2.4725342;4.701418;1.2724
1521666130373;-0.75346375;1.367859;2.450379
1521666130399;2.8662114;-7.97937;-1.6380005
1521666130409;1.0642396;-7.345459;-1.9935608
1521666130416;-1.5549622;-3.0949707;-1.5865173
1521666130428;-3.0272827;0.84347534;-0.9891052
1521666130435;-4.013794;3.6787727;-0.16583252
1521666130448;-4.1903076;5.7324243;0.72468567
1521666130454;-3.5651245;5.464724;1.9333497
1521666130470;-2.147461;2.0891728;3.4157722
1521666130473;-0.12168121;-2.5423584;1.0556337
1521666130499;1.2745973;-9.1604;-2.3346558
1521666130511;-1.6096191;-4.760742;-1.589447
1521666130516;-3.3226929;-0.38182068;-0.87861633
1521666130527;-4.1639404;2.5605474;-0.64727783
1521666130534;-4.7145996;4.6104755;0.17531586
1521666130547;-4.3389893;5.074099;0.9764404
1521666130556;-2.0030518;-1.267273;0.33392334
1521666130572;-0.1195488;-5.852295;-1.1707458
1521666130574;0.16095734;-7.4644775;-2.262207
1521666130594;-3.0256348;-0.35279846;-1.2383728
1521666130607;-3.7911377;2.6877446;-0.36865234
1521666130614;-4.298218;4.652956;0.2406578
1521666130627;-4.2071533;4.7530537;0.3510971
1521666130633;-3.612915;2.6945195;0.6287842
1521666130646;-2.3407593;-0.43990326;-1.0092773
1521666130655;-0.39640045;-5.040283;-2.0194092
1521666130668;0.44659424;-7.0128174;-1.6595154
1521666130675;-0.8197937;-4.2338867;-1.2130737
1521666130699;-3.24646;2.585877;0.3589859
1521666130709;-3.571228;4.347292;1.0904542
1521666130716;-3.703003;4.915285;1.5728761
1521666130728;-3.4716187;3.313172;0.8213806
1521666130735;-1.9119263;-0.54122925;-1.1938171
1521666130748;-0.30981445;-4.723755;-2.722412
1521666130756;0.4524231;-6.5561523;-2.7581177
1521666130769;-0.20808792;-4.395996;-2.366272
1521666130774;-1.8173523;-0.60876465;-1.626709
1521666130799;-3.1273804;3.7438972;1.6264039
1521666130811;-2.3985596;1.8028871;1.7736818
1521666130816;-1.3556519;-1.0345459;0.034986496
1521666130828;-0.6405945;-3.8736572;-1.9179382
1521666130835;-0.50305176;-4.7175293;-3.0853882
1521666130848;-1.0141602;-2.6756592;-3.19635
1521666130855;-1.7381897;-0.34061432;-2.859314
1521666130868;-2.0474854;0.95680237;-2.5066528
1521666130876;-1.8544006;1.3281251;-2.1923828
1521666130894;-0.1869545;-2.1328735;-1.8845825
1521666130910;0.14872742;-3.6379395;-1.1910706
1521666130913;-0.57351685;-3.2365723;-0.71473694
1521666130926;-1.4625244;-1.5696411;-0.72924805
1521666130935;-2.1947021;0.12163544;-1.0875854
1521666130946;-2.699829;0.9181366;-1.5111694
1521666130954;-2.262146;0.058065414;-2.057251
1521666130967;-1.2574463;-1.6820984;-2.7562866
1521666130976;-0.37242126;-3.1861572;-3.367981
1521666130993;-0.45812225;-2.6082153;-1.6498108
1521666131008;-1.735321;-0.55918884;-1.5019226
1521666131015;-1.6571045;-1.3761902;-1.8240967
1521666131028;-1.408081;-1.9963379;-2.0836182
1521666131036;-1.1028442;-2.6942139;-2.1889648
1521666131048;-0.71795654;-2.63385;-3.05719
1521666131053;-0.9260254;-1.8989563;-2.840454
1521666131067;-0.99975586;-1.4743347;-1.6556702
1521666131073;-0.8929596;-1.624054;-0.86190796
1521666131097;-1.2237854;-1.5061035;-0.80937195
1521666131109;-1.2858887;-1.5083313;-0.6064453
1521666131117;-1.3157654;-1.4101868;-0.6656494
1521666131128;-1.2026062;-1.4290466;-0.9410858
1521666131135;-0.870697;-1.1747131;-1.2041321
1521666131147;-1.0136719;-0.8550415;-1.1419373
1521666131155;-0.87120056;-0.6798401;-0.99183655
1521666131168;-0.57806396;-0.7771759;-0.7552643
1521666131175;-0.4139862;-1.4503479;-0.11221886
1521666131197;-0.26662445;-1.6664124;-0.070934296
1521666131208;-0.26288605;-1.5698547;0.5015259
1521666131214;-0.4958954;-0.847641;0.9296875
1521666131228;-0.90870667;0.21104431;0.6717377
1521666131234;-0.98083496;1.2160646;0.52168274
1521666131248;-0.73794556;1.046692;1.2133485
1521666131255;-0.31435394;0.119968414;1.1683961
1521666131267;-0.041544914;-0.5740967;0.74147034
1521666131273;-0.09197426;-0.3683777;0.6149597
1521666131294;0.03861904;0.35765076;1.4506227
1521666131309;-0.13289261;1.2504274;1.8395387
1521666131316;-0.1410141;1.3680726;2.2418218
1521666131329;-0.19997025;1.8374025;1.933777
1521666131336;-0.053943634;2.193421;1.9203798
1521666131349;-0.08815956;1.8354188;1.7639161
1521666131353;0.045298576;1.745453;1.2838136
1521666131367;-0.026259422;2.3338017;0.82888794
1521666131374;-0.14939117;2.7053838;1.3534547
1521666131399;0.3057251;2.813294;2.9171758
1521666131408;0.7710266;2.380982;3.3834846
1521666131415;1.1631166;2.067078;3.8135383
1521666131428;1.6945802;1.918213;3.1964118
1521666131434;2.127625;1.3509828;2.356812
1521666131447;2.1337285;0.98902893;1.2244569
1521666131454;1.9127504;1.1420594;0.91215515
1521666131467;1.3296815;2.2447515;1.3989564
1521666131473;0.59202576;3.312867;1.9956971
1521666131492;0.33271027;4.458376;2.5560918
1521666131497;0.9404907;5.475344;3.352906
1521666131509;1.219452;5.763064;3.4785163
1521666131516;1.4770509;5.339602;3.2274177
1521666131528;2.07721;4.119997;2.612183
1521666131537;2.735413;2.0585942;2.1826177
1521666131548;2.8788457;1.1302491;1.9717714
1521666131556;1.8473207;2.1870732;1.5703431
1521666131571;0.58106995;3.15149;1.6966554
1521666131576;0.086322784;3.9539192;2.0813603
1521666131601;0.32022095;5.28052;2.6568608
1521666131612;2.191895;2.9879766;3.6193244
1521666131616;3.9889534;1.39563;3.9096687
1521666131628;3.4879158;1.6930238;2.4664922
1521666131635;1.7409364;2.1047368;1.3049012
1521666131646;0.29846954;2.7738652;1.5668947
1521666131655;-0.65237427;3.9384162;2.4724736
1521666131668;-0.49583435;5.1651635;3.094178
1521666131673;0.43447113;5.6735864;3.3612068
1521666131695;3.253785;1.6459962;3.0453498
1521666131708;1.6553346;1.2291871;1.7743226
1521666131714;0.11880875;1.4048158;1.5222474
1521666131727;-0.68855286;2.3788457;1.8225099
1521666131734;-0.7948456;4.031252;2.2289433
1521666131747;0.034630775;5.2816186;2.7224126
1521666131756;1.2976686;4.9489765;3.5554206
1521666131767;2.5087895;4.128542;3.877076
1521666131774;2.2497563;3.5451057;2.896912
1521666131800;0.23537827;2.0732427;1.6390382
1521666131809;-0.22589493;2.1777349;2.0395513
1521666131815;0.037005424;2.778626;2.2711186
1521666131828;0.6812744;3.6154182;2.3907475
1521666131835;1.5168763;4.1433125;2.8351445
1521666131848;2.072205;4.0603046;2.841126
1521666131855;1.7519838;3.6087654;2.6010747
1521666131868;0.94718933;3.0242317;2.2551274
1521666131874;0.376976;2.417481;1.7989808
1521666131900;0.50268555;2.1777349;1.7778932
1521666131912;1.3978273;2.5247197;2.0055547
1521666131914;1.4058534;2.7863164;1.8270875
1521666131927;1.0913392;2.8710942;1.6903077
1521666131934;0.5823364;2.735352;1.6929933
1521666131947;0.38728333;2.448914;1.5697328
1521666131954;0.22769547;2.1444707;1.5023195
1521666131967;0.48103333;1.9967958;1.2897035
1521666131975;0.7346039;1.843567;1.3671571
1521666131992;1.0499879;1.4488527;1.7366945
1521666131994;1.1050111;1.3794557;1.7319337
1521666132008;0.53408813;1.5200807;1.7356874
1521666132014;0.30436707;1.4805604;1.7977601
1521666132027;0.030621529;1.5977174;1.737549
1521666132035;-0.119155884;1.6463014;1.5132753
1521666132047;0.16339493;1.6256715;1.1940919
1521666132054;0.25608826;1.409607;1.284546
1521666132067;0.24621964;1.1950685;1.4440919
1521666132075;0.064208984;1.1161195;1.3282777
1521666132092;-0.21979904;1.1515809;1.7781068
1521666132096;-0.5787201;1.0654298;1.8355104
1521666132111;-0.38155365;0.94773865;2.096314
1521666132116;0.07526398;0.4684677;2.6040044
1521666132128;0.36077118;0.08016586;2.4594731
1521666132136;0.27313232;-0.25792694;1.3426515
1521666132149;0.03134346;-0.24308395;0.8543854
1521666132156;-0.67178345;0.80433655;1.5196534
1521666132169;-1.4883728;2.2639165;1.7240297
1521666132176;-1.661377;2.4651494;1.1850587
1521666132201;0.04386711;0.0962677;1.7858888
1521666132210;0.81225586;-1.5965576;1.3881227
1521666132216;0.64567566;-2.3706665;0.70536804
1521666132229;-0.42276;-1.79245;0.08288956
1521666132237;-1.6427002;-0.65818787;0.3059616
1521666132250;-2.5101929;0.53105164;0.68774414
1521666132256;-2.5299072;1.6338502;0.8081665
1521666132269;-1.7727661;1.778412;0.72854614
1521666132276;-0.46157837;0.7005615;0.9825287
1521666132300;1.0956727;-2.4128418;-0.046164513
1521666132312;0.3246765;-2.7163696;-0.7635956
1521666132314;-0.9139099;-2.3779297;-0.7497711
1521666132328;-1.6779175;-1.7710876;0.2844391
1521666132334;-2.0807495;-0.3889084;0.8491211
1521666132348;-2.6695557;1.4009401;0.53723145
1521666132354;-2.0754395;1.6633912;1.0566102
1521666132368;0.11270714;-0.6467285;0.9432831
1521666132375;1.3898011;-3.2832031;0.3344345
1521666132399;-0.41184235;-4.3342285;-1.0464783
1521666132409;-2.0213623;-2.1451416;-0.5556946
1521666132415;-3.314392;0.2930603;0.36693573
1521666132427;-3.6500854;2.3511968;0.97416687
1521666132434;-3.414856;3.736695;1.5308229
1521666132448;-2.5375366;3.509095;2.1523442
1521666132456;-0.61079407;0.7983856;2.4785771
1521666132467;1.294983;-3.2902222;1.6316835
1521666132474;1.2196656;-5.982544;-0.82437134
1521666132501;-2.692749;-2.913208;0.05053425
1521666132509;-3.918274;-0.1804161;0.924057
1521666132516;-4.193115;2.0845952;0.72247314
1521666132528;-3.8204346;3.424073;1.3512574
1521666132536;-2.9320068;3.2499397;2.563538
1521666132547;-1.2059021;1.154358;2.4415288
1521666132554;-0.013633728;-2.727417;1.2622682
1521666132567;0.15396118;-5.088379;-0.40348816
1521666132576;-1.4591064;-3.6226196;-0.95451355
1521666132601;-4.2058105;1.7864686;-0.034119606
1521666132612;-4.545166;3.288758;-0.4595642
1521666132614;-3.9711914;2.2397466;-0.13207626
1521666132628;-2.3012085;-0.3701172;0.06812477
1521666132637;-0.80844116;-3.3986816;-0.4581375
1521666132648;0.033880234;-5.150635;-1.37677
1521666132656;-0.8772125;-4.0423584;-1.1899414
1521666132669;-2.385437;-1.761383;-0.23228836
1521666132676;-3.043396;0.72628784;0.2776413
1521666132701;-3.9874878;3.3867195;0.29364777
1521666132712;-3.4813232;2.4200444;1.1034852
1521666132716;-2.4828491;0.22109222;1.4146119
1521666132732;-0.5722656;-4.314209;0.3522644
1521666132738;0.30109406;-6.3085938;-1.6683655
1521666132752;-0.97135925;-4.5058594;-2.5159302
1521666132757;-2.357666;-2.1229248;-1.1891174
1521666132772;-3.1809692;0.79148865;-0.6053467
1521666132777;-3.6760864;2.7270513;-1.3750305
1521666132801;-3.4397583;2.5798345;0.4114914
1521666132812;-1.2113037;-3.5216064;1.1574403
1521666132817;-1.0654907;-5.0406494;-1.7037964
1521666132838;-2.72229;-2.5498047;-1.7471313
1521666132851;-2.9976196;-0.8980713;-1.3535461
1521666132856;-3.3323975;0.7898102;-2.0234985
1521666132869;-3.5099487;2.0573735;-2.3969727
1521666132876;-3.5285034;2.447144;-1.6351013
1521666132897;-2.2996826;-0.7380066;0.14964676
1521666132909;-1.6662292;-3.6775513;-0.3725891
1521666132915;-1.463623;-4.48645;-2.7567139
1521666132928;-1.9871826;-3.4641113;-4.0771484
1521666132935;-2.5646973;-1.5623474;-2.7177734
1521666132948;-2.8948975;0.5601654;-1.5976562
1521666132955;-2.8255615;1.6905824;-1.1435852
1521666132968;-2.963562;1.6116945;-0.28787994
1521666132975;-2.5791626;0.68414307;0.19059753
1521666133000;-1.7970276;-2.1465454;-2.1537476
1521666133017;-1.3673096;-3.6656494;-3.7961426
1521666133029;-1.1992188;-3.5656738;-3.204956
1521666133036;-1.2391968;-2.494995;-3.2487183
1521666133049;-2.0593262;-0.27638245;-1.2453308
1521666133057;-2.5275269;0.5171356;-0.29138947
1521666133069;-2.423706;-0.09519005;-0.22914886
1521666133077;-1.9104004;-1.0735779;-1.1955566
1521666133101;-1.2160339;-2.7618408;-2.9276733
1521666133118;-1.6463013;-1.4546814;-3.0165405
1521666133130;-1.6694946;-1.1637573;-2.4075928
1521666133137;-1.7164917;-1.0734863;-1.8337708
1521666133150;-1.535675;-1.3471069;-1.5261841
1521666133156;-1.2805176;-2.048584;-1.6345825
1521666133169;-0.80270386;-2.9691772;-2.197998
1521666133175;-0.8232727;-3.0629883;-2.2509766
1521666133201;-1.5052795;-1.042633;-1.9661865
1521666133212;-1.7602539;-0.5848694;-1.5106506
1521666133218;-1.7671509;-0.4876709;-0.8140106
1521666133228;-1.6984558;-0.6583557;-0.735199
1521666133235;-1.1685791;-1.898468;-1.2276611
1521666133248;-0.7431946;-2.9381714;-1.1858826
1521666133255;-0.28536987;-3.576416;-1.366394
1521666133268;-0.47335052;-2.2945557;-1.6470642
1521666133275;-0.7308502;-1.0574646;-0.73872375
1521666133298;-1.1744995;0.08716965;0.2375145
1521666133303;-1.3802795;0.78108215;0.7400055
1521666133316;0.20349121;-2.5492554;0.48477936
1521666133328;0.11198807;-2.9839478;0.42977905
1521666133335;0.1626358;-2.484375;0.21276474
1521666133351;-0.43299103;-0.6289978;0.2686615
1521666133358;-1.2412109;1.2379152;0.7851105
1521666133371;-1.0166016;1.4790345;1.2902833
1521666133378;-0.71325684;1.285309;1.505829
1521666133402;0.35855865;-0.6308594;1.2357789
1521666133412;1.0043947;-1.861084;0.57232666
1521666133417;0.8675537;-1.4545288;0.5061493
1521666133438;-1.1896057;1.964203;1.7226869
1521666133450;-1.7817383;3.0672004;1.492035
1521666133457;-1.9678955;3.4771736;1.7092286
1521666133470;-1.337738;2.8972783;2.4516606
1521666133479;-0.15687943;1.524994;3.2804573
1521666133502;1.1060487;0.89276123;0.98101807
1521666133517;-1.4662476;4.7132587;2.7274785
1521666133537;-1.6151123;6.434207;4.3208027
1521666133550;0.3185959;4.496462;5.4270043
1521666133557;1.9955751;2.3837895;5.546389
1521666133581;2.051148;1.7683412;1.1045228
1521666133598;0.17896652;2.5050664;0.9196625
1521666133612;-2.375183;6.1001005;1.511139
1521666133617;-2.1603394;5.5744653;2.3114018
1521666133629;-1.0393982;3.1644905;4.074709
1521666133636;0.96829224;1.3841554;4.1715107
1521666133650;1.8537294;0.78330994;2.627686
1521666133657;0.7481384;0.81282043;1.6262208
1521666133670;-0.3434677;1.3118287;1.8645021
1521666133675;-1.219696;2.4357915;2.2758794
1521666133702;-1.0285339;5.181399;2.7055058
1521666133716;1.4187928;5.218386;4.1101093
1521666133738;0.743103;3.96399;3.4342659
1521666133758;-0.10935593;2.5712285;2.8788457
1521666133771;0.5048523;2.3403935;2.6652226
1521666133778;1.1383058;2.7034917;2.542542
1521666133800;1.712494;4.10071;3.5844123
1521666133811;0.85517883;4.634157;3.9469612
1521666133818;0.17893982;4.37842;3.6348884
1521666133829;-0.69996643;4.1783466;3.516297
1521666133835;-0.7980957;3.479798;2.2146
1521666133851;-0.12756729;2.3733525;1.5940553
1521666133857;0.7687073;0.6386566;1.8832704
1521666133871;1.076111;-0.42704773;2.393311
1521666133878;-0.024950027;-0.22833252;2.448792
1521666133901;-1.7745361;1.4258729;2.8997808
1521666133912;-2.2382202;2.2531743;2.782166
1521666133918;-1.6016235;2.4497685;2.7349858
1521666133938;0.04258156;1.366028;3.207276
1521666133950;-0.08900833;-0.30304718;5.0006127
1521666133958;-1.4443054;0.026384354;4.9572773
1521666133979;-3.2704468;1.5367433;3.8208625
1521666134000;-0.17457962;1.0341798;2.007691
1521666134017;1.2825319;-0.77049255;0.2901001
1521666134030;-0.3726349;-0.6773987;-0.29690552
1521666134036;-1.9138794;0.09453392;-0.5749359
1521666134049;-2.449463;0.23612595;-0.23933792
1521666134056;-1.212738;-1.3101807;0.28165436
1521666134069;0.37721252;-2.0809937;0.014247894
1521666134076;0.7268524;-2.6751099;0.95292664
1521666134099;-1.2418213;-1.7731323;2.1231084
1521666134118;3.2219856;2.9962773;7.8143344
1521666134131;4.371584;2.0260015;6.180545
1521666134138;6.9786406;-0.49534607;2.5731206
1521666134152;10.0363865;-2.64917;1.3565675
1521666134158;11.627452;-2.5714722;3.3341072
1521666134171;9.510507;0.031175137;5.1684594
1521666134178;4.8898945;4.6436787;8.208748
1521666134202;4.262697;4.873171;8.603279
1521666134217;12.339123;-1.5379944;0.7077179
1521666134231;14.447035;-3.986206;3.1330574
1521666134237;10.57789;-3.7241821;6.833743
1521666134249;4.929323;-0.9336395;7.5456576
1521666134257;4.4243183;0.35777283;7.3266635
1521666134271;9.033212;1.0265199;6.546878
1521666134276;11.003673;0.5893402;3.8811042
1521666134302;10.263437;-2.2338867;-0.22032166
1521666134312;9.79786;-2.8151855;1.8716127
1521666134318;8.426521;-1.644043;4.3327656
1521666134332;6.7995634;-0.15398788;5.431277
1521666134339;6.951419;-0.11608696;6.6799345
1521666134351;7.3913608;-0.2892456;6.9105253
1521666134356;7.187015;-0.342453;5.7761254
1521666134371;7.3509555;-1.0565491;4.6177998
1521666134378;7.6412387;-1.8130493;3.3536384
1521666134398;7.599979;-2.121582;3.0037239
1521666134403;6.4681425;-2.0976562;2.9797978
1521666134417;5.102053;-0.06583214;3.2135017
1521666134429;-3.9101562;-2.5165405;2.1655278
1521666134437;-4.3896484;-2.4788208;3.5262458
1521666134449;-4.678467;-2.4193726;4.8256855
1521666134457;-4.8952637;-2.4831543;5.2227807
1521666134469;-4.91626;-2.3266602;5.136721
1521666134478;-5.112793;-2.0830688;3.9913337
1521666134498;-4.734741;-2.1020508;1.9092408
1521666134503;-3.9642944;-2.197754;0.1888237
1521666134518;-3.8782349;-2.060608;-0.045456886
1521666134532;-4.2956543;-1.712738;0.8856354
1521666134539;-4.787964;-1.1436462;1.4899904
1521666134552;-4.963745;-0.9361725;2.0689702
1521666134559;-4.8302;-0.71920776;1.8701478
1521666134572;-4.1622314;-0.89753723;2.1471562
1521666134579;-3.517456;-1.0716248;2.4151006
1521666134598;-2.965271;-1.3337097;2.0492558
1521666134603;-2.515442;-1.4940491;2.6474614
1521666134621;-3.1540527;-1.8164978;5.714968
1521666134633;-3.6100464;-0.8476105;4.9627705
1521666134643;-2.9111938;-0.1246624;2.9198613
1521666134658;-1.6818542;-0.028063774;1.1791078
1521666134665;-0.40200806;-0.316864;1.5792238
1521666134678;0.3846817;-0.83966064;3.059571
1521666134700;0.23474121;-0.3816986;4.036745
