1521665482735;2.95752;-6.927124;-5.8096924
1521665482755;3.1465461;-6.946289;-5.9748535
1521665482775;3.0340583;-6.912842;-5.960449
1521665482795;3.1058357;-6.7907715;-6.149536
1521665482816;3.1441658;-6.3720703;-5.742676
1521665482840;3.3283699;-6.123169;-5.8049316
1521665482851;3.2901008;-6.123169;-5.8911133
1521665482859;3.3403327;-6.1829834;-5.9053955
1521665482872;3.2326667;-6.2644043;-5.9437256
1521665482879;3.1297615;-6.350464;-6.1087646
1521665482893;2.95752;-6.431885;-6.1016846
1521665482901;2.91919;-6.314575;-6.0441895
1521665482913;2.8665776;-6.2285156;-6.3432617
1521665482919;2.7852178;-6.281128;-6.2165527
1521665482944;2.6488042;-6.604126;-6.376831
1521665482952;2.3616948;-6.3601074;-6.2165527
1521665482960;2.1511235;-6.230835;-5.668579
1521665482972;1.9788514;-6.2285156;-5.6517334
1521665482979;1.9094545;-6.1470947;-5.7139893
1521665482993;1.84964;-6.2858887;-5.9556885
1521665482999;2.1750493;-6.807495;-5.991577
1521665483012;2.4023442;-7.257324;-6.477295
1521665483019;2.2707524;-7.2764893;-6.699829
1521665483044;1.7012941;-6.4294434;-6.1256104
1521665483054;1.6773683;-6.4438477;-5.8408203
1521665483064;1.988434;-6.7070312;-5.402954
1521665483074;2.1583257;-7.2478027;-5.623047
1521665483080;2.26117;-7.420044;-6.149536
1521665483094;2.160706;-7.293213;-6.642456
1521665483100;1.6988832;-6.9869385;-6.553833
1521665483111;1.3710634;-6.503662;-6.400757
1521665483118;1.0695802;-6.281128;-6.2644043
1521665483133;1.2562257;-7.039673;-6.6088867
1521665483138;1.6342775;-8.123535;-6.7860107
1521665483150;1.7443544;-8.946533;-6.970215
1521665483157;1.6606141;-9.286377;-6.7285156
1521665483171;1.0169374;-8.34375;-7.041992
1521665483177;0.16031647;-7.350708;-6.6088867
1521665483193;-0.32541656;-6.3601074;-6.718994
1521665483197;-0.6963043;-5.7020264;-7.503784
1521665483211;-0.67237854;-6.123169;-8.219238
1521665483217;-0.17228317;-7.558838;-8.245605
1521665483246;0.559906;-10.308105;-8.583008
1521665483253;0.110069275;-10.839355;-8.762451
1521665483260;-0.42113495;-10.088135;-8.3532715
1521665483273;-0.8805542;-9.422852;-8.130615
1521665483280;-0.8853302;-9.001709;-7.374634
1521665483294;-0.97387695;-8.750488;-7.36499
1521665483299;-0.9499359;-8.178467;-8.020508
1521665483315;-0.9188385;-7.970459;-7.7526855
1521665483322;-0.8446655;-8.463379;-6.927124
1521665483343;-0.5216217;-10.674316;-7.3482666
1521665483353;-0.15792465;-11.133789;-8.324463
1521665483360;-0.021535397;-9.839111;-9.415527
1521665483373;-0.16510391;-8.678711;-8.848633
1521665483379;-0.33499146;-8.192871;-7.6569824
1521665483392;-0.2512436;-8.67627;-6.6447754
1521665483400;-0.057427406;-9.243408;-6.9223633
1521665483413;0.25842285;-9.717041;-7.5875244
1521665483420;0.60298157;-9.963623;-7.781372
1521665483444;1.0025636;-9.346191;-7.9799805
1521665483453;1.122223;-8.867676;-7.9417725
1521665483460;1.43808;-8.779053;-7.503784
1521665483473;1.653412;-8.458496;-6.9415283
1521665483480;1.7754518;-8.224121;-7.2023926
1521665483493;1.8352662;-8.118652;-6.8601074
1521665483501;1.947754;-8.118652;-6.4246826
1521665483513;2.2922978;-8.451416;-6.3743896
1521665483520;2.6392827;-8.458496;-6.312256
1521665483541;3.5987556;-7.939331;-6.218872
1521665483554;4.0151386;-7.5109863;-5.9245605
1521665483561;4.0916767;-6.78125;-5.453125
1521665483573;4.244753;-6.4989014;-5.149292
1521665483580;4.4769306;-6.5443115;-4.787964
1521665483593;4.914797;-6.5108643;-4.5270996
1521665483601;5.046389;-5.869507;-4.4362793
1521665483614;5.235476;-5.2019043;-4.201782
1521665483621;5.563235;-4.9960938;-3.9241943
1521665483643;5.989138;-4.737671;-3.194397
1521665483653;6.156619;-4.9554443;-4.0892334
1521665483660;6.32178;-5.0249023;-4.0629883
1521665483673;5.919802;-4.149048;-4.0079346
1521665483680;5.6613793;-3.567688;-3.6610107
1521665483693;5.7331567;-3.3187866;-2.916809
1521665483701;5.6494164;-2.852234;-2.675171
1521665483714;5.9340844;-2.428711;-3.0292969
1521665483720;6.699832;-2.897705;-2.435852
1521665483746;6.7404814;-3.5916138;-1.9573059
1521665483752;6.738162;-3.7926025;-2.3640747
1521665483760;6.3601103;-2.7421265;-2.3353882
1521665483773;5.9484887;-1.9046631;-2.3425293
1521665483780;5.900637;-1.3878174;-2.2850952
1521665483793;5.931765;-0.7513428;-1.8639832
1521665483801;6.625613;-0.8159485;-1.5026855
1521665483813;8.389168;-2.4765625;-0.8566284
1521665483820;8.207283;-2.2564087;-1.0360718
1521665483845;7.293216;-1.6558228;-0.8470459
1521665483854;7.2573276;-1.258606;-0.8470459
1521665483861;7.582767;-0.7824402;-0.9954071
1521665483874;8.147469;-0.33738708;-0.9236145
1521665483881;8.5900955;-0.3158493;-0.8829498
1521665483894;8.592537;-0.47138214;-0.7896271
1521665483901;8.661873;-0.5288086;-0.41873932
1521665483914;8.630867;-0.5431671;-0.10767555
1521665483921;8.458504;-0.5144501;-0.2009964
1521665483946;8.901131;-0.1531372;-0.3397751
1521665483954;9.130868;0.29910278;-0.43309784
1521665483961;9.363046;1.2346803;-0.70347595
1521665483974;9.590341;1.7969972;-0.7800598
1521665483981;9.808114;2.0362554;-0.39959717
1521665483995;9.891854;2.0505986;0.043070793
1521665484000;9.83912;1.9046632;0.41156006
1521665484014;9.705087;2.002747;0.53837585
1521665484021;9.702889;2.210938;0.29192352
1521665484041;10.049814;3.0364387;0.67715454
1521665484053;10.12623;2.9670415;1.0049745
1521665484060;10.284189;2.8330693;1.0695802
1521665484073;10.301035;2.4813237;0.9499359
1521665484081;10.169443;2.419129;0.8494415
1521665484094;10.07374;2.3999639;0.8446655
1521665484100;9.812753;2.4693608;0.59820557
1521665484113;9.721932;2.7158208;0.44506073
1521665484120;9.671639;2.6703496;0.3278122
1521665484143;9.643075;2.0578008;-0.011964083
1521665484153;9.664559;1.8855287;-0.026320934
1521665484184;9.736337;1.653412;-0.1268158
1521665484205;9.736337;1.3136598;-0.28713226
1521665484216;9.678964;1.1246034;-0.32302856
1521665484230;9.42994;1.0360719;-0.45941925
1521665484255;9.597421;1.5242006;-0.67477417
1521665484259;9.626229;1.6223146;-0.68673706
1521665484272;9.571298;1.1341859;-0.96669006
1521665484279;9.580819;0.79919434;-1.0528259
1521665484292;9.528085;0.48812866;-1.1126404
1521665484299;9.51368;0.21295929;-0.8949127
1521665484312;9.432382;0.15792465;-0.6460571
1521665484319;9.236093;0.22013855;-0.7082672
1521665484335;9.193124;0.23210144;-0.732193
1521665484341;9.130868;0.2656021;-1.0504456
1521665484354;8.927498;0.19860077;-1.4883118
1521665484361;8.685799;0.102890015;-1.7993774
1521665484375;8.365242;-0.043070793;-1.670166
1521665484381;8.197762;-0.28713226;-1.4763489
1521665484393;8.128426;-0.727417;-1.4835205
1521665484401;8.401131;-1.287323;-1.1820374
1521665484414;8.654793;-1.7036743;-1.1629028
1521665484421;8.618904;-1.8257141;-1.4883118
1521665484445;8.11866;-1.9668884;-2.6488037
1521665484453;7.771854;-1.7467346;-3.0149536
1521665484461;7.5971713;-1.4428711;-2.9718628
1521665484473;7.5037875;-1.5888062;-2.5770264
1521665484481;7.822025;-2.0027466;-2.297058
1521665484493;8.980232;-3.225525;-2.1558838
1521665484502;8.7649;-3.586792;-2.8952637
1521665484514;8.125984;-3.4001465;-3.7806396
1521665484521;7.3889194;-3.0029907;-4.3500977
1521665484546;7.2573276;-3.0603638;-3.9313965
1521665484554;7.8651156;-3.574829;-3.725586
1521665484560;8.484871;-4.141968;-3.637085
1521665484575;8.700203;-4.7999268;-4.029419
1521665484581;8.192879;-5.053589;-4.5893555
1521665484594;7.341068;-4.73291;-4.7401123
1521665484601;6.3624296;-4.1011963;-4.5391846
1521665484614;6.015506;-3.7590942;-4.23999
1521665484621;6.161502;-3.9863892;-4.302246
1521665484642;7.855594;-5.7354736;-5.546509
1521665484654;8.594978;-6.7285156;-6.130371
1521665484661;8.19532;-6.888916;-5.687622
1521665484674;6.965457;-6.206909;-5.1636963
1521665484681;5.7690454;-4.857422;-4.656372
1521665484693;4.845461;-3.6131592;-3.94812
1521665484701;4.5631123;-3.0292969;-3.3283691
1521665484715;5.785769;-4.5439453;-3.3355713
1521665484721;6.5323515;-6.3242188;-4.819092
1521665484742;7.0683627;-8.381836;-5.6207275
1521665484754;5.6756616;-7.838867;-5.869507
1521665484761;4.6468525;-6.1087646;-5.438843
1521665484774;3.847657;-4.675537;-4.237671
1521665484782;3.6059577;-4.0151367;-3.4767456
1521665484794;4.074953;-4.3740234;-3.067566
1521665484801;4.6396503;-5.199585;-3.5389404
1521665484814;5.280886;-6.8912354;-4.871704
1521665484821;6.092044;-8.43457;-6.2141113
1521665484846;4.6970234;-8.391602;-7.053955
1521665484855;3.65857;-7.135376;-6.00354
1521665484862;2.7014775;-6.0130615;-4.8741455
1521665484875;2.1199956;-5.3239746;-4.6778564
1521665484882;2.6990972;-6.0130615;-4.199341
1521665484895;3.61316;-7.2478027;-3.4887085
1521665484903;4.201784;-8.549316;-4.3668213
1521665484915;4.5701923;-9.305664;-5.833618
1521665484922;3.9863899;-8.984863;-6.0944824
1521665484946;1.9692689;-6.78125;-4.618042
1521665484955;2.084107;-6.8027344;-4.141968
1521665484962;2.723023;-7.7095947;-4.3812256
1521665484975;3.354737;-8.401123;-4.8477783
1521665484982;3.2685554;-8.503906;-5.5632324
1521665484996;2.868958;-8.47998;-5.769043
1521665485002;2.388001;-7.994385;-5.438843
1521665485015;1.6965028;-7.4439697;-5.321533
1521665485022;1.6175233;-7.3674316;-5.5584717
1521665485046;2.084107;-8.405762;-5.6589355
1521665485055;2.533997;-8.999268;-6.2165527
1521665485062;2.615296;-9.116455;-5.831299
1521665485076;2.141541;-8.647461;-5.3120117
1521665485081;1.6103517;-7.963257;-5.249756
1521665485094;1.122223;-6.9989014;-4.787964
1521665485101;0.61016846;-6.6328125;-4.6922607
1521665485115;0.67715454;-7.324341;-4.64917
1521665485121;1.1820375;-8.049316;-4.3620605
1521665485146;2.3329473;-9.798584;-6.381592
1521665485155;2.4741216;-9.669189;-6.1782227
1521665485162;1.8328859;-8.549316;-5.7834473
1521665485175;0.31824493;-6.431885;-4.4816895
1521665485182;-0.22492218;-6.180542;-4.2926025
1521665485195;-0.33738708;-6.7453613;-4.5750732
1521665485203;-0.2392807;-7.7072754;-4.8884277
1521665485216;0.20817184;-9.114258;-5.2785645
1521665485222;0.8494415;-10.040283;-5.9198
1521665485246;1.0360719;-9.17627;-7.020508
1521665485256;0.5742645;-8.018311;-6.529907
1521665485262;0.09331894;-7.001343;-5.749878
1521665485275;-0.39720154;-6.422241;-5.2521973
1521665485282;-0.8853302;-6.6065674;-4.876465
1521665485294;-1.0360718;-7.470337;-4.6588135
1521665485301;-0.97387695;-8.3220215;-4.929199
1521665485315;-0.8326874;-8.841309;-5.953247
1521665485321;-0.68434143;-9.075928;-6.769287
1521665485344;-0.56469727;-8.544678;-6.33374
1521665485355;-0.62213135;-8.264648;-6.21167
1521665485362;-0.7441559;-7.9727783;-6.008301
1521665485375;-0.937973;-7.9488525;-6.156616
1521665485382;-1.0384827;-8.034912;-5.7403564
1521665485395;-1.2705688;-8.118652;-5.3933105
1521665485401;-1.9118652;-8.293457;-6.553833
1521665485415;-1.7156372;-8.776855;-6.539551
1521665485421;-1.2897034;-9.50415;-6.4438477
1521665485442;-0.86380005;-9.91333;-6.8242188
1521665485455;-1.1940002;-8.963379;-7.104248
1521665485462;-1.4332886;-8.712158;-6.261963
1521665485475;-1.6438599;-8.953857;-5.4675293
1521665485482;-1.8616028;-9.453857;-5.414917
1521665485495;-1.9979858;-9.686035;-6.2165527
1521665485503;-1.8998718;-9.774658;-7.128174
1521665485516;-1.7252197;-9.86792;-7.7526855
1521665485522;-1.5242004;-10.171875;-7.731201
1521665485542;-1.4284973;-10.408691;-7.558838
1521665485556;-1.4691772;-11.023682;-6.932007
1521665485562;-1.4811401;-11.009277;-6.4366455
1521665485575;-1.6653748;-10.492432;-5.991577
1521665485582;-1.7946167;-9.934814;-5.567993
1521665485595;-2.0601807;-9.50415;-5.927002
1521665485603;-2.124817;-9.327148;-6.6375732
1521665485616;-1.2227173;-10.533203;-7.592407
1521665485623;-0.6675873;-11.124023;-7.9345703
1521665485642;-0.43788147;-11.009277;-7.9106445
1521665485655;-0.90927124;-9.805664;-6.0585938
1521665485661;-1.217926;-9.566406;-5.3048096
1521665485674;-1.3064575;-9.358154;-5.1325684
1521665485687;-1.1317749;-9.255371;-5.6278076
1521665485706;0.20817184;-10.145508;-6.965454
1521665485723;1.4141542;-10.375244;-8.264648
1521665485745;0.9427643;-8.219238;-6.364868
1521665485763;0.3756714;-7.1520996;-4.5462646
1521665485776;0.24645996;-7.5565186;-4.307007
1521665485782;0.5814514;-8.216797;-4.7735596
1521665485795;1.4261171;-8.877197;-5.4819336
1521665485802;2.1248174;-9.152344;-5.80249
1521665485816;2.8354497;-9.037598;-6.3911133
1521665485822;2.945557;-8.298096;-6.932007
1521665485842;2.9335942;-6.8745117;-6.527588
1521665485856;2.5004888;-6.192505;-3.9888306
1521665485863;3.0269172;-7.104248;-4.07251
1521665485876;3.4456184;-7.685669;-4.4171143
1521665485883;3.6466072;-7.412964;-5.067993
1521665485896;3.7758186;-6.2524414;-5.3623047
1521665485903;3.7710578;-5.175659;-4.4744873
1521665485916;3.6466072;-4.6588135;-3.9649048
1521665485923;3.7638557;-4.618042;-3.732788
1521665485945;5.122927;-5.6589355;-4.024658
1521665485956;5.9126;-6.1087646;-4.060547
1521665485963;5.7954125;-5.6278076;-3.6107178
1521665485976;5.331179;-4.6132812;-3.4001465
1521665485981;4.895632;-3.6657715;-3.251831
1521665485996;4.8669453;-2.947937;-2.4023438
1521665486002;5.3144555;-2.536377;-1.7993774
1521665486016;6.1782255;-2.8354492;-2.6895142
1521665486022;7.3076205;-3.4240723;-3.4073486
1521665486042;8.224129;-3.5963745;-3.6155396
1521665486056;7.8436313;-2.5842285;-2.6273193
1521665486063;6.9678984;-1.6629944;-2.4837036
1521665486076;6.3481474;-0.8087616;-1.7299805
1521665486083;7.032474;-0.90448;-1.7204285
1521665486096;8.417732;-1.600769;-1.5002747
1521665486102;9.767343;-2.4454346;-1.3997803
1521665486116;9.662118;-2.4813232;-2.4789429
1521665486122;8.752937;-2.012329;-3.0005493
1521665486143;6.738162;-0.5934143;-1.5960083
1521665486155;6.5969267;-0.06939125;-1.5098572
1521665486163;7.2764926;-0.011964083;-1.7993774
1521665486176;8.618904;-0.7848358;-1.5553284
1521665486183;9.858407;-1.5601196;-1.2275085
1521665486196;9.810555;-1.7180176;-1.0671692
1521665486203;8.980232;-1.3232117;-1.1748657
1521665486225;8.085213;-0.99780273;-1.31604
1521665486230;7.786136;-0.7657013;-1.31604
1521665486245;8.908455;-0.27278137;-1.0958862
1521665486262;9.559335;0.055034637;-1.3375854
1521665486276;9.621346;0.67477417;-1.4595947
1521665486282;9.46827;0.6699829;-0.9834442
1521665486296;9.432382;0.63887024;-0.6891327
1521665486302;9.79371;0.6173401;-0.81355286
1521665486323;9.846444;1.1509401;-0.6460571
1521665486345;9.896493;1.4739686;-0.20338821
1521665486356;9.910897;1.4284974;-0.033498764
1521665486363;10.037851;1.3327943;-0.090927124
1521665486376;10.009043;1.1150514;-0.3924179
1521665486383;9.810555;0.7896271;-0.71066284
1521665486396;9.71705;0.58384705;-1.0935059
1521665486403;9.585458;0.6125488;-1.160492
1521665486425;9.702889;0.72502136;-0.9451599
1521665486443;9.745858;0.7441559;-1.0073547
1521665486456;9.7602625;0.26320648;-0.7393799
1521665486463;9.597421;0.10767555;-0.92601013
1521665486483;9.250497;-0.13160324;-1.3256226
1521665486496;9.085458;-0.16270828;-1.414154
1521665486503;8.944344;-0.071783066;-1.435669
1521665486516;8.841316;0.04785633;-1.4715576
1521665486523;8.585213;0.19860077;-1.5696716
1521665486543;8.850838;-0.1770668;-1.5864258
1521665486555;9.176278;-1.2418518;-1.3926086
1521665486562;9.01368;-1.5553284;-1.3926086
1521665486576;8.671394;-1.6031799;-1.5648804
1521665486582;8.288582;-1.5625;-1.8041687
1521665486595;7.6881137;-1.2322998;-2.0482178
1521665486603;7.43201;-0.8063812;-2.289917
1521665486616;7.501468;-0.45463562;-1.8951111
1521665486622;7.6617465;-0.48334503;-1.8065796
1521665486645;8.523201;-1.8735657;-2.320984
1521665486656;8.55909;-2.7373657;-2.289917
1521665486662;8.190437;-3.2948608;-2.909668
1521665486676;7.6665072;-3.4959106;-3.421692
1521665486682;7.1042514;-3.4312744;-3.5389404
1521665486696;6.7596464;-3.0340576;-4.0581055
1521665486702;7.298099;-2.732544;-4.6707764
1521665486716;8.178474;-2.8139038;-4.1514893
1521665486722;8.606941;-2.6536255;-3.9194336
1521665486745;8.097176;-2.8426514;-3.6226807
1521665486756;6.553836;-3.1297607;-3.3068237
1521665486762;6.6519804;-3.9265747;-3.7782593
1521665486776;7.3004184;-4.6085205;-4.0079346
1521665486782;7.752689;-4.6850586;-4.9362793
1521665486796;7.855594;-4.5080566;-5.9245605
1521665486803;7.298099;-4.244751;-5.6158447
1521665486823;5.8383813;-3.6346436;-4.7615967
1521665486845;7.1688266;-5.6781006;-3.928955
1521665486856;7.628299;-6.33374;-4.9578857
1521665486863;7.8962436;-6.845825;-5.8216553
1521665486876;7.214359;-6.6831055;-5.529785
1521665486883;5.8193383;-5.3933105;-4.9003906
1521665486896;4.6276875;-3.991211;-4.7281494
1521665486903;3.9983528;-3.3379517;-5.0703125
1521665486916;4.491213;-3.7854004;-5.091919
1521665486923;5.8839135;-5.675659;-5.084717
1521665486945;7.1688266;-7.836426;-6.7333984
1521665486956;6.1854277;-7.6066895;-7.5253906
1521665486963;4.6658955;-6.388794;-6.654419
1521665486976;3.4265144;-5.0129395;-5.3048096
1521665486983;2.7062383;-4.910034;-5.156494
1521665486996;3.7136238;-6.465332;-5.2425537
1521665487003;4.7784443;-7.85083;-6.068115
1521665487016;5.142092;-8.937012;-7.2764893
1521665487023;4.5008564;-9.049561;-7.7718506
1521665487045;2.3042607;-6.5443115;-5.984375
1521665487056;1.6797487;-6.2595215;-5.118164
1521665487063;1.5888063;-6.5634766;-4.7161865
1521665487076;2.26117;-7.5755615;-5.591919
1521665487083;3.139344;-8.609375;-6.7165527
1521665487096;3.4360359;-8.657227;-7.369873
1521665487103;2.8354497;-8.102051;-7.286133
1521665487116;1.997986;-7.1137695;-6.6519775
1521665487123;1.447632;-6.9559326;-5.9676514
1521665487144;1.0791627;-7.8292236;-5.692505
1521665487156;1.6965028;-8.664307;-6.2355957
1521665487163;2.1583257;-9.030273;-6.735718
1521665487176;2.2181401;-8.403564;-6.8673096
1521665487183;1.6917115;-6.98938;-6.206909
1521665487196;1.1126405;-6.0513916;-5.5751953
1521665487203;0.78723145;-5.876709;-5.0321045
1521665487223;0.60298157;-7.546875;-5.4555664
1521665487246;1.2442628;-8.580566;-6.0872803
1521665487263;1.615143;-8.501465;-6.6567383
1521665487276;1.7634889;-7.939331;-6.3863525
1521665487283;1.5098573;-7.001343;-6.2332764
1521665487305;0.63648987;-5.654175;-5.3790283
1521665487324;-0.007178426;-6.0130615;-5.1278076
1521665487343;0.5024872;-9.202637;-5.3120117
1521665487363;1.6558229;-10.291504;-7.862793
1521665487383;0.8661957;-7.7957764;-6.0872803
1521665487405;-0.55752563;-5.130127;-5.1445312
1521665487423;-0.62213135;-7.539673;-4.290283
1521665487445;0.6819458;-10.671875;-8.5373535
1521665487464;-0.0047855377;-8.245605;-7.0826416
1521665487483;-1.2442627;-6.4414062;-5.496216
1521665487505;-1.7706604;-8.355713;-4.637207
1521665487526;-0.69151306;-10.255615;-7.685669
1521665487546;-0.8111572;-9.516113;-7.8483887
1521665487556;-1.0193176;-8.4609375;-7.5755615
1521665487563;-1.160492;-7.8914795;-7.0898438
1521665487576;-1.2275085;-8.276611;-6.515625
1521665487583;-0.99780273;-9.17627;-6.364868
1521665487603;-0.64126587;-11.090576;-6.453369
1521665487623;-1.4332886;-10.083252;-7.6689453
1521665487644;-1.3088684;-9.626221;-8.520752
1521665487666;-0.8183441;-10.997314;-6.819458
1521665487685;-1.7898254;-10.308105;-6.33374
1521665487705;-1.6725769;-10.07373;-6.6711426
1521665487726;-0.35891724;-11.016357;-8.0563965
1521665487745;0.1004982;-10.956543;-8.152344
1521665487763;-0.72262573;-9.434814;-6.0825195
1521665487783;-0.65083313;-9.42041;-4.9003906
1521665487803;0.20578003;-9.786621;-6.6088867
1521665487824;1.0121461;-9.29834;-7.097046
1521665487846;1.3974;-8.458496;-6.7404785
1521665487865;1.5194398;-8.22876;-5.1325684
1521665487883;1.3423463;-7.630615;-4.876465
1521665487905;2.1965947;-7.554077;-4.8621826
1521665487925;2.6775517;-6.6639404;-5.295288
1521665487943;2.8665776;-6.273926;-5.3981934
1521665487948;3.057984;-6.0513916;-4.6085205
1521665487965;3.316407;-6.16626;-4.6778564
1521665487984;4.082155;-6.293091;-4.9243164
1521665488005;4.0079365;-5.1588135;-4.1011963
1521665488025;3.0556037;-3.0962524;-3.093872
1521665488044;3.5867927;-3.4193115;-2.644043
1521665488049;4.582155;-4.067749;-2.4334717
1521665488064;7.159305;-6.135132;-4.6516113
1521665488084;7.912967;-4.926758;-4.4266357
1521665488104;5.508181;-2.1917725;-2.8163452
1521665488124;6.2906523;-0.7728729;-0.4905243
1521665488145;8.0588455;-1.464386;-0.92601013
1521665488150;9.348641;-2.093689;-2.289917
1521665488164;9.118905;-2.447815;-3.2973022
1521665488184;6.8817167;-0.96669006;-2.8067627
1521665488206;7.582767;-0.77526855;-3.0460205
1521665488224;10.384775;-2.289917;-2.359314
1521665488244;9.7483;-1.9668884;-2.6344604
1521665488248;8.448982;-1.148529;-2.6871338
1521665488265;6.745364;0.3900299;-2.1535034
1521665488285;8.547127;0.7896271;-1.6031799
1521665488305;10.5642185;-0.81355286;-2.2061768
1521665488325;9.29371;-1.0863342;-2.093689
1521665488344;7.848392;-0.27516937;-1.9812317
1521665488365;8.451424;0.16031647;-1.935791
1521665488372;9.913339;1.1557313;-1.660614
1521665488385;9.752938;1.7778627;-1.423706
1521665488404;9.537606;1.270569;-0.63887024
1521665488424;9.939706;0.65322876;-1.1341858
1521665488445;9.956307;0.73698425;-1.2921143
1521665488450;9.827157;0.9547272;-1.3830261
1521665488465;9.650155;1.2466432;-1.0336914
1521665488484;9.671639;1.4643861;-1.1174316
1521665488505;9.521005;1.3088685;-1.4907227
1521665488524;9.518563;0.7896271;-1.6438599
1521665488545;9.607186;0.55513;-1.6199341
1521665488548;9.772225;0.38523865;-1.7084656
1521665488565;9.398934;0.56469727;-1.7539368
1521665488585;9.382089;0.2895279;-1.4978943
1521665488606;9.286386;-0.016749382;-1.7706604
1521665488626;9.135751;-0.22492218;-2.081726
1521665488646;9.080575;-0.1004982;-1.641449
1521665488664;8.987312;-0.4139557;-1.1557312
1521665488685;8.977791;-1.0839233;-1.7946167
1521665488706;8.580574;-1.3734741;-2.5603027
1521665488725;7.9847445;-1.0695801;-2.366455
1521665488746;7.8819613;-1.3112488;-2.0793457
1521665488766;8.599617;-2.289917;-2.4837036
1521665488785;8.518318;-2.8761597;-3.2924805
1521665488805;6.6855497;-1.8448486;-2.9957886
1521665488825;8.712166;-3.6849365;-3.5317993
1521665488845;9.599862;-4.199341;-3.4815063
1521665488850;9.343759;-4.3931885;-4.2280273
1521665488866;6.9510527;-3.7040405;-3.6155396
1521665488886;5.6182885;-2.0721436;-2.8426514
1521665488906;7.398563;-2.947937;-3.479126
1521665488926;9.492196;-5.850342;-4.9506836
1521665488947;7.240604;-5.922119;-5.623047
1521665488965;4.8741474;-3.852417;-4.378784
1521665488985;5.1612573;-2.9311523;-4.106079
1521665489005;7.9847445;-6.130371;-4.9052734
1521665489026;5.5943627;-6.022705;-5.807373
1521665489045;4.2352314;-4.644409;-5.350342
1521665489047;3.3642585;-3.5341797;-5.2043457
1521665489066;5.3215356;-4.3428955;-4.3309326
1521665489086;7.2836947;-6.2332764;-6.45813
1521665489105;5.603884;-6.8530273;-5.907837
1521665489118;4.2543964;-6.0010986;-5.826416
1521665489128;3.500672;-5.5560303;-5.5943604
1521665489145;4.074953;-5.888672;-5.3120117
1521665489166;5.2641625;-6.9630127;-6.3601074
1521665489186;3.8308723;-6.5251465;-5.745117
1521665489206;2.3712773;-5.5943604;-5.429199
1521665489226;2.6846929;-6.807495;-6.484497
1521665489245;4.8621845;-8.786377;-7.640259
1521665489250;5.3383813;-9.025635;-8.102051
1521665489259;4.613283;-8.448975;-7.786133
1521665489268;3.316407;-6.9559326;-6.649536
1521665489286;1.229889;-4.776001;-4.2735596
1521665489306;0.8183441;-5.446045;-4.536743
1521665489326;2.888123;-8.606934;-6.553833
1521665489346;3.9529426;-9.99707;-8.034912
1521665489347;4.182619;-10.016113;-8.707275
1521665489366;2.1846318;-6.5443115;-6.793213
1521665489386;1.0719606;-5.8360596;-4.948242
1521665489405;1.5672914;-7.8029785;-5.194702
1521665489426;1.7371827;-8.906006;-6.400757
1521665489446;0.73698425;-7.4105225;-5.900635
1521665489466;0.20817184;-7.750244;-5.730713
1521665489485;1.2179261;-9.26001;-6.230835
1521665489505;0.009571075;-7.331543;-5.2905273
1521665489526;-1.3280029;-6.654419;-5.0080566
1521665489544;-1.4404602;-7.8986816;-5.2928467
1521665489547;-0.63648987;-9.339111;-5.7929688
1521665489566;0.70347595;-10.669434;-6.862549
1521665489586;-0.04785633;-8.463379;-5.9820557
1521665489606;-1.5648804;-6.314575;-5.2593994
1521665489626;-1.9788513;-7.616333;-5.675659
1521665489645;-1.0935059;-9.434814;-6.446167
1521665489647;-0.14835358;-10.925537;-6.907959
1521665489666;0.10767555;-10.327393;-8.0563965
1521665489686;-1.0480347;-8.070801;-6.7333984
1521665489706;-0.43788147;-9.688477;-7.219116
1521665489725;0.16510391;-10.690918;-7.3028564
1521665489746;-0.24645996;-9.848633;-6.9749756
1521665489749;-0.83747864;-8.85083;-6.6447754
1521665489766;-1.3543091;-8.858154;-6.1973877
1521665489786;-0.3397751;-10.377441;-8.200195
1521665489799;0.38045502;-10.923096;-8.846191
1521665489807;0.89730835;-11.052246;-8.657227
1521665489820;0.8949127;-10.85376;-7.6210938
1521665489827;0.29192352;-9.827148;-7.250244
1521665489844;-0.28713226;-9.274414;-6.635254
1521665489849;-0.8039856;-8.958496;-5.781006
1521665489860;-1.1629028;-9.116455;-5.9053955
1521665489867;-0.9427643;-8.999268;-6.5562744
1521665489880;-0.3780594;-9.111816;-7.4678955
1521665489887;0.44745636;-9.95166;-8.51123
1521665489901;1.4428712;-11.016357;-9.183594
1521665489907;2.2779546;-11.531006;-9.085449
1521665489920;2.2229009;-9.444336;-7.5635986
1521665489927;1.2514344;-7.862793;-6.300293
1521665489946;0.35891724;-6.86499;-4.991333
1521665489947;-0.1770668;-6.8912354;-4.2663574
1521665489960;-0.27038574;-7.831665;-4.7281494
1521665489967;0.6939087;-8.575684;-5.941284
1521665489986;2.9622808;-9.688477;-7.312378
1521665490006;3.5987556;-7.5373535;-7.0946045
1521665490026;2.5387578;-5.7834473;-4.8095703
1521665490052;2.0697637;-6.561035;-4.553467
1521665490066;4.314211;-9.094971;-5.110962
1521665490086;6.02991;-8.369873;-4.7664795
1521665490100;5.166018;-6.0825195;-4.3573
1521665490108;4.048586;-3.921814;-4.0653076
1521665490120;2.91919;-2.3353882;-4.472168
1521665490127;2.3832402;-1.5433655;-4.395508
1521665490146;4.4649677;-3.6849365;-3.6538086
1521665490150;4.4649677;-3.6849365;-4.4744873
1521665490166;7.5540805;-5.7331543;-5.9365234
1521665490186;4.4051533;-3.6011963;-4.041382
1521665490199;3.3834236;-2.8497925;-3.1848145
1521665490207;3.670533;-3.1680908;-2.979004
1521665490226;7.4727817;-5.1540527;-2.675171
1521665490246;8.537361;-5.130127;-3.321228
1521665490249;8.2168045;-3.7304077;-3.6155396
1521665490266;5.646975;-0.10767555;-2.3640747
1521665490280;5.4364038;0.8111572;-1.4069519
1521665490287;6.302615;0.6939087;-0.7130585
1521665490306;9.279305;-0.7130585;-0.2895279
1521665490321;10.224375;-1.7276001;-1.0599976
1521665490327;9.822518;-2.1223755;-1.2466431
1521665490348;7.609134;-1.1461487;-0.90448
1521665490359;7.2502475;-0.65802;-1.0695801
1521665490367;7.9082065;-0.5670929;-1.2538147
1521665490380;9.623788;-0.39959717;-1.2011719
1521665490387;9.547128;0.04067707;-0.8733673
1521665490406;8.465584;0.19142532;-0.57188416
1521665490420;8.298103;0.016749382;-1.2131348
1521665490427;8.693123;-0.62690735;-2.0219116
1521665490451;9.51368;-1.4093628;-1.6845398
1521665490461;9.446786;-1.0432434;-1.3471375
1521665490467;9.111825;-0.43788147;-0.99780273
1521665490480;8.872566;0.11485481;-0.7776642
1521665490487;8.963387;0.5910187;-0.81355286
1521665490500;9.260018;0.85183716;-1.119812
1521665490507;9.566415;0.7920227;-1.0528259
1521665490521;9.896493;0.5694885;-0.72979736
1521665490527;10.078379;0.35652924;-0.19142532
1521665490552;9.834481;0.8614044;0.29670715
1521665490560;9.731454;1.162903;0.28474426
1521665490567;9.676522;1.4883119;-0.011964083
1521665490580;9.652596;1.7706605;-0.2392807
1521665490588;9.767343;1.9046632;-0.34217072
1521665490600;9.95411;1.8065797;-0.15792465
1521665490607;10.088144;1.505066;0.63887024
1521665490621;9.906259;1.4189149;0.38285065
1521665490627;9.752938;1.2155458;0.1268158
1521665490650;9.571298;1.3902284;-0.17467499
1521665490660;9.547128;1.574463;-0.15074539
1521665490667;9.587899;1.7180177;0.1268158
1521665490680;9.781747;1.6653749;0.46420288
1521665490687;9.889413;1.5768434;0.4043808
1521665490700;9.894296;1.3782655;0.23688889
1521665490707;9.80079;1.0719606;0.071783066
1521665490726;9.521005;0.83987427;-0.33020782
1521665490750;9.561532;0.96191406;-0.071783066
1521665490760;9.7483;1.1174318;-0.07417679
1521665490767;9.848641;1.1485292;0.043070793
1521665490781;9.918221;1.0001832;0.15792465
1521665490788;9.860604;0.8542328;0.102890015
1521665490801;9.678964;0.8111572;-0.14356613
1521665490807;9.427499;0.7058716;-0.44506073
1521665490820;9.016122;0.5359802;-0.8039856
1521665490827;9.087899;0.49291992;-0.6628113
1521665490854;9.532968;0.32302856;-0.17228317
1521665490860;9.626229;0.28234863;-0.045463562
1521665490867;9.358163;0.2512436;-0.04067707
1521665490885;8.9824295;0.17945862;-0.30867004
1521665490888;8.64283;-0.01914215;-0.76091003
1521665490901;8.539803;-0.2153511;-0.9547272
1521665490907;8.477547;-0.40917206;-0.97387695
1521665490921;8.396248;-0.30149078;-0.95233154
1521665490928;8.77198;-0.16988754;-0.4307022
1521665490953;8.661873;-0.11724663;-0.0885334
1521665490961;8.625984;-0.5814514;-0.67237854
1521665490968;8.614021;-1.2657776;-1.2275085
1521665490981;8.532722;-1.8328857;-1.5098572
1521665490988;8.314949;-1.8520203;-1.8257141
1521665491002;8.025398;-1.4787598;-1.8639832
1521665491008;7.910648;-1.1437683;-1.6773682
1521665491021;7.786136;-1.0097656;-1.6462402
1521665491027;7.791019;-1.189209;-1.8927002
1521665491052;8.267097;-2.7062378;-2.3234253
1521665491061;8.250252;-3.5198364;-3.4240723
1521665491068;8.078133;-3.53656;-3.6298828
1521665491081;7.6163363;-3.4360352;-3.4336548
1521665491087;7.5301547;-3.4504395;-3.4934692
1521665491100;7.5468783;-3.4575806;-3.7543335
1521665491108;7.905887;-3.9337769;-3.7184448
1521665491121;8.226326;-4.3428955;-4.0341797
1521665491128;7.9776645;-4.529541;-4.3668213
1521665491151;6.4246855;-3.7854004;-3.251831
1521665491161;5.9963403;-3.5892334;-3.074768
1521665491168;6.407962;-4.48645;-2.4789429
1521665491181;7.235843;-5.4938965;-2.8641968
1521665491188;7.805301;-6.4174805;-4.024658
1521665491201;7.676151;-7.116211;-4.9243164
1521665491207;6.573001;-6.970215;-5.3431396
1521665491220;5.142092;-5.8719482;-5.2736816
1521665491228;4.4888935;-5.2235107;-3.9002686
1521665491252;4.30945;-5.407715;-3.2374878
1521665491262;5.0296655;-6.149536;-3.7304077
1521665491270;5.266604;-7.1520996;-5.0391846
1521665491282;5.3574243;-8.425049;-6.876953
1521665491289;3.8189094;-8.080322;-7.223877
1521665491302;3.2015388;-7.7407227;-6.6639404
1521665491307;2.4550176;-7.0516357;-5.8552246
1521665491321;1.8544313;-6.515625;-5.5010986
1521665491327;1.7922059;-6.422241;-5.300049
1521665491350;2.83783;-8.295898;-4.4577637
1521665491360;3.0842903;-8.901123;-5.4196777
1521665491367;3.0867317;-8.829346;-6.907959
1521665491381;2.7134404;-8.269531;-7.522949
1521665491388;2.0601811;-7.388916;-6.718994
1521665491401;1.43808;-6.7070312;-6.142334
1521665491408;1.299286;-6.3481445;-4.859741
1521665491421;1.0217286;-6.2021484;-4.376465
1521665491428;1.1198121;-6.843384;-4.9698486
1521665491449;2.1630864;-8.212158;-5.67334
1521665491461;2.5172124;-8.781494;-6.422241
1521665491468;2.6895146;-8.415527;-6.350464
1521665491482;2.318604;-7.659424;-6.3601074
1521665491488;1.9740602;-7.2382812;-6.69751
1521665491501;1.9597169;-6.769287;-5.9628906
1521665491508;1.466797;-6.8912354;-5.244995
1521665491521;1.6940919;-7.5134277;-4.9172363
1521665491528;1.4595948;-7.747925;-5.1468506
1521665491553;1.1604921;-7.56604;-6.2475586
1521665491562;1.0217286;-7.2478027;-6.3624268
1521665491567;1.2873231;-8.197754;-6.8530273
1521665491581;1.7563173;-9.020752;-6.238037
1521665491588;1.7060548;-9.197998;-6.7022705
1521665491600;1.3782655;-9.018311;-6.9223633
1521665491607;0.7393799;-8.075684;-6.060913
1521665491623;0.04067707;-7.2094727;-5.2666016
1521665491628;-0.44506073;-6.8936768;-4.7927246
1521665491653;-0.79919434;-8.231201;-5.0894775
1521665491661;-0.79919434;-9.767334;-6.1398926
1521665491668;0.7178345;-10.372803;-7.7574463
1521665491681;0.92123413;-10.0354;-8.573242
1521665491688;0.62690735;-8.9609375;-7.8795166
1521665491702;0.1387825;-7.862793;-6.5179443
1521665491709;-0.5814514;-7.0635986;-5.156494
1521665491723;-1.0911255;-7.3291016;-4.3309326
1521665491727;-1.6103516;-8.003906;-4.3166504
1521665491753;-0.18663788;-10.784424;-8.496826
1521665491762;0.31824493;-11.128906;-9.45874
1521665491769;0.43309784;-10.621582;-8.43457
1521665491782;-0.16749573;-9.717041;-6.927124
1521665491790;-0.70347595;-9.075928;-5.637451
1521665491802;-1.394989;-8.487305;-5.199585
1521665491809;-1.97406;-8.812744;-5.2402344
1521665491822;-2.012329;-9.628662;-5.812134
1521665491829;-1.4595947;-10.274658;-7.211914
1521665491850;-0.41156006;-11.191162;-9.42041
1521665491861;-0.3637085;-11.305908;-9.2578125
1521665491869;-0.55033875;-11.069092;-8.080322
1521665491882;-0.8542328;-10.726807;-6.7165527
1521665491889;-1.2825317;-10.545166;-6.1279297
1521665491900;-1.5433655;-10.202881;-6.357666
1521665491909;-1.7180176;-9.690918;-7.046753
1521665491920;-1.7491455;-9.547119;-7.3363037
1521665491929;-1.7323914;-9.590332;-7.1568604
1521665491952;-1.0719604;-10.24585;-7.204712
1521665491961;0.14356613;-11.456787;-7.463135
1521665491969;0.5335846;-11.243652;-7.166504
1521665491982;0.4163437;-10.561768;-6.9798584
1521665491990;-0.01914215;-9.322266;-7.11145
1521665492003;-0.5862274;-8.010986;-7.058716
1521665492012;-0.91404724;-7.8029785;-6.635254
1521665492022;-0.62213135;-8.640381;-6.357666
1521665492029;-0.0382843;-9.535156;-6.123169
1521665492053;0.9451599;-9.9157715;-6.546753
1521665492062;1.2490236;-9.162109;-5.869507
1521665492068;1.2490236;-8.583008;-5.429199
1521665492081;1.3303834;-8.27417;-5.4196777
1521665492090;1.3088685;-7.685669;-5.7403564
1521665492101;1.4572145;-7.470337;-6.2667236
1521665492108;1.7969972;-7.532593;-6.4940186
1521665492122;2.1056523;-7.4942627;-6.3743896
1521665492128;2.110413;-7.1951904;-6.173462
1521665492154;2.4023442;-6.831421;-5.3239746
1521665492162;2.4358525;-6.5012207;-4.883667
1521665492169;2.59137;-6.699829;-4.821533
1521665492182;3.0675666;-6.9749756;-4.6324463
1521665492189;3.5030525;-6.4989014;-4.4697266
1521665492202;3.5796516;-5.8862305;-4.5200195
1521665492210;3.524598;-4.9195557;-4.397949
1521665492222;3.582032;-4.4074707;-4.15625
1521665492230;3.8237312;-4.067749;-3.744751
1521665492253;5.115847;-5.1278076;-3.94812
1521665492262;5.8599877;-5.522583;-4.5750732
1521665492268;6.3624296;-5.687622;-5.0463867
1521665492282;6.4366484;-4.9195557;-4.8669434
1521665492288;5.7690454;-3.8284912;-4.0390625
1521665492301;5.0799584;-2.8187256;-3.5054321
1521665492308;4.936281;-2.2922974;-2.751709
1521665492322;5.300051;-2.0195312;-1.6031799
1521665492328;6.0944853;-2.0650024;-1.8448486
1521665492353;8.420174;-3.3834229;-3.7471313
1521665492361;9.092538;-3.8045654;-3.8691406
1521665492368;8.9060135;-3.340332;-3.6011963
1521665492381;8.07325;-2.6464233;-2.9335938
1521665492388;7.3818393;-1.7826233;-2.3807983
1521665492402;7.044437;-1.012146;-1.9668884
1521665492408;7.2310824;-0.23688889;-2.22052
1521665492422;9.492196;-0.8111572;-0.96429443
1521665492428;9.8679285;-1.0671692;-1.148529
1521665492454;8.736092;-0.6460571;-1.8161316
1521665492462;8.365242;-0.4043808;-1.6629944
1521665492469;8.19532;-0.13639069;-1.4404602
1521665492482;8.702644;-0.28234863;-2.1176147
1521665492489;9.626229;-1.0480347;-1.7467346
1521665492501;10.001963;-0.9810486;-1.0958862
1521665492508;9.186044;-0.6436615;-1.0863342
1521665492522;8.405769;-0.19142532;-1.2562256
1521665492529;7.556522;0.3756714;-0.89012146
1521665492545;7.570804;0.57666016;-0.38523865
1521665492550;7.8962436;0.9116516;-0.40677643
1521665492563;8.599617;0.7130585;-0.66519165
1521665492569;9.310311;0.05264187;-0.7465515
1521665492581;9.578378;-0.34695435;-0.18424606
1521665492589;9.157235;-0.5048828;-0.0502491
1521665492601;8.690681;-0.4139557;0.023928165
1521665492621;8.635506;-0.29192352;-0.090927124
1521665492632;8.960945;0.27278137;-0.47616577
1521665492654;9.370126;2.0003667;-0.045463562
1521665492663;9.552011;2.2372441;0.42591858
1521665492671;9.714852;2.4669805;0.3541336
1521665492683;9.621346;2.7875981;-0.04067707
1521665492690;9.664559;2.9862065;-0.31106567
1521665492703;9.683602;2.9096684;-0.29192352
1521665492710;9.752938;2.907227;-0.026320934
1521665492724;9.824716;2.8067632;0.13639069
1521665492731;10.198008;2.7756352;0.55752563
1521665492751;9.96827;2.9335942;0.34456635
1521665492763;9.803231;3.196778;-0.028713703
1521665492770;9.671639;3.2757576;-0.23449326
1521665492783;9.719491;3.0675666;-0.122032166
1521665492789;9.616708;2.9503179;-0.13399506
1521665492803;9.681161;2.6895146;-0.09810448
1521665492809;9.894296;2.3521123;0.1004982
1521665492823;9.712411;2.1678472;0.13399506
1521665492828;9.599862;2.1965947;-0.21774673
1521665492850;9.327157;2.05304;-1.2275085
1521665492862;9.375009;1.8041688;-1.3710632
1521665492869;9.341561;1.5170289;-1.2298889
1521665492882;9.47535;1.4907228;-1.0552063
1521665492889;9.578378;1.2466432;-0.5479431
1521665492902;9.547128;1.2370607;-0.52641296
1521665492911;9.30079;1.3303834;-0.79919434
1521665492923;9.138192;1.2538148;-1.0647888
1521665492929;8.870125;1.2035829;-1.1317749
1521665492954;8.525398;1.1054689;-1.4955139
1521665492964;8.697762;0.93559265;-1.2729797
1521665492971;8.786385;0.5096588;-1.0289001
1521665492984;8.826912;0.26320648;-0.9834442
1521665492991;8.717049;0.055034637;-1.2466431
1521665493004;8.420174;0.0047855377;-1.7299805
1521665493010;7.948856;0.007178426;-2.1223755
1521665493023;7.5804477;-0.071783066;-2.1535034
1521665493029;7.293216;-0.44745636;-2.2229004
1521665493053;8.116219;-1.4069519;-2.2468262
1521665493062;8.724129;-2.2252808;-2.0386353
1521665493070;9.068612;-2.6990967;-2.1104126
1521665493083;8.56617;-2.7421265;-2.5291748
1521665493090;7.1065707;-2.189392;-3.2207031
1521665493102;6.9176054;-2.0889282;-3.6418457
1521665493110;7.6378207;-2.359314;-3.6394653
1521665493123;8.657234;-3.144165;-3.479126
1521665493129;9.389413;-3.6275024;-3.61792
1521665493150;8.465584;-3.644226;-4.1395264
1521665493162;7.42493;-3.378662;-3.625122
1521665493169;6.711795;-2.8928833;-3.1273804
1521665493182;6.4127226;-2.8426514;-3.2901
1521665493189;6.958255;-3.428894;-3.282898
1521665493202;7.645023;-4.3237305;-4.1203613
1521665493209;7.979984;-5.2976074;-5.110962
1521665493222;7.886722;-5.869507;-5.699585
1521665493229;7.228641;-5.8096924;-5.7595215
1521665493251;6.1207304;-4.8358154;-4.6204834
1521665493263;5.95801;-4.579834;-4.1849365
1521665493269;6.118411;-4.945923;-4.256714
1521665493282;6.5395536;-5.541748;-4.464966
1521665493290;6.927127;-6.29541;-4.6324463
1521665493303;6.6855497;-6.647217;-4.7664795
1521665493309;5.862307;-6.0897217;-5.072754
1521665493322;3.9768684;-4.5845947;-4.7976074
1521665493330;3.6657722;-4.460205;-4.1658936
1521665493356;4.448244;-6.1590576;-3.9672852
1521665493364;4.998537;-7.3028564;-4.5343018
1521665493371;5.2569604;-8.224121;-6.1446533
1521665493383;5.2569604;-8.563721;-7.0516357
1521665493390;4.5511494;-7.908203;-6.403076
1521665493404;3.3379524;-6.6328125;-5.441162
1521665493412;2.3234258;-5.479492;-4.8933105
1521665493424;1.713257;-5.149292;-4.7784424
1521665493431;1.8376771;-5.725952;-4.1610107
1521665493455;3.2015388;-8.283936;-4.756836
1521665493465;3.5461433;-8.92749;-6.5179443
1521665493472;3.4312751;-8.611572;-7.6210938
1521665493484;2.6751714;-7.5755615;-6.996582
1521665493489;1.7467347;-6.522827;-5.9820557
1521665493503;1.2849427;-6.584961;-5.565674
1521665493510;1.4548341;-7.250244;-4.622925
1521665493523;1.5529176;-7.685669;-4.8933105
1521665493530;1.682129;-8.288574;-6.1949463
1521665493555;0.99061584;-6.8099365;-5.338379
1521665493564;0.5168457;-6.0585938;-5.352661
1521665493570;0.28474426;-6.2165527;-5.51062
1521665493583;0.63887024;-7.0706787;-6.1470947
1521665493590;1.270569;-8.547119;-6.8553467
1521665493603;1.6366884;-9.109375;-7.458374
1521665493611;1.466797;-9.1501465;-7.6689453
1521665493624;1.0887147;-7.927368;-7.02771
1521665493630;0.4307022;-6.596924;-6.1518555
1521665493651;-0.110069275;-6.3624268;-5.4747314
1521665493663;-0.18424606;-6.907959;-5.256958
1521665493670;-0.057427406;-8.185791;-6.5515137
1521665493683;0.56230164;-9.489746;-7.393799
1521665493690;0.8231201;-9.966064;-7.053955
1521665493703;0.30149078;-9.240967;-6.762085
1521665493710;-0.13399506;-7.7790527;-6.1782227
1521665493723;-0.83747864;-6.4174805;-5.8742676
1521665493730;-1.2131348;-6.104004;-5.060791
1521665493751;-1.9836426;-6.7835693;-5.5010986
1521665493763;-1.935791;-7.7526855;-6.53479
1521665493770;-1.0624084;-10.080811;-7.0875244
1521665493783;-1.217926;-10.291504;-7.0683594
1521665493790;-1.5648804;-9.429932;-6.6591797
1521665493803;-2.1104126;-8.271973;-6.422241
1521665493811;-2.5124512;-7.4870605;-6.0753174
1521665493823;-2.6583862;-7.0826416;-6.3911133
1521665493830;-2.6966553;-7.4105225;-7.27417
1521665493851;-1.3016663;-11.107422;-7.61145
1521665493863;-0.79919434;-11.887451;-8.403564
1521665493870;-1.0145264;-10.97583;-8.602051
1521665493883;-1.7993774;-9.573486;-7.458374
1521665493890;-2.366455;-8.518311;-6.084839
1521665493903;-2.9072266;-7.855591;-5.706787
1521665493911;-3.2661743;-8.075684;-6.2786865
1521665493923;-2.7230225;-9.353516;-7.3913574
1521665493930;-1.8544312;-10.987793;-8.788818
1521665493950;-1.179657;-12.825439;-9.248047
1521665493963;-1.6797485;-12.641113;-8.224121
1521665493971;-2.1583252;-11.849121;-7.515747
1521665493983;-2.6081543;-10.916016;-7.1329346
1521665493990;-2.6966553;-10.308105;-6.9869385
1521665494003;-2.6655884;-9.324707;-8.377197
1521665494011;-2.8187256;-9.358154;-8.200195
1521665494023;-2.3258057;-10.370361;-7.951294
1521665494030;-1.631897;-11.519043;-8.154541
1521665494055;-0.71066284;-12.3515625;-8.214355
1521665494065;-0.6316986;-11.741455;-7.3674316
1521665494071;-0.9930115;-10.40625;-6.9630127
1521665494085;-1.2969055;-9.3845215;-6.965454
1521665494091;-1.2729797;-8.487305;-6.9821777
1521665494106;-1.2490234;-8.0373535;-6.970215
1521665494111;-0.71066284;-8.276611;-6.919922
1521665494125;-0.17467499;-8.520752;-6.7644043
1521665494131;0.22253036;-8.788818;-6.0944824
1521665494156;0.5910187;-8.946533;-5.7905273
1521665494164;0.6125488;-8.544678;-5.706787
1521665494174;0.54556274;-8.078125;-5.630249
1521665494184;0.6628113;-7.735962;-6.204468
1521665494191;0.9930115;-7.4559326;-6.647217
1521665494205;1.3902284;-7.116211;-6.654419
1521665494211;1.5648805;-6.9487305;-6.4246826
1521665494224;1.7611085;-6.1207275;-5.326416
1521665494231;1.899872;-6.3217773;-4.725708
1521665494252;2.2037358;-6.403076;-3.883545
1521665494265;2.3736577;-6.29541;-4.9554443
1521665494271;3.069947;-6.242798;-5.350342
1521665494284;3.8332527;-6.2978516;-4.8669434
1521665494291;4.0461445;-5.9293213;-4.6922607
1521665494305;3.9265754;-5.060791;-4.730591
1521665494313;3.639466;-4.086914;-4.479248
1521665494325;3.759095;-3.6729736;-3.902649
1521665494331;4.2160664;-4.0390625;-2.7373657
1521665494356;5.639773;-5.0201416;-3.4504395
1521665494365;6.826663;-5.460327;-4.218506
1521665494371;7.374637;-4.4433594;-4.7161865
1521665494385;6.711795;-3.1177979;-4.15625
1521665494391;5.5153832;-1.8616028;-3.0771484
1521665494404;4.543947;-0.64126587;-2.536377
1521665494411;4.484133;-0.18185425;-1.5122375
1521665494425;5.7379174;-0.76330566;-0.93559265
1521665494432;7.448856;-1.8687744;-0.70347595
1521665494456;9.401376;-2.663208;-4.9746094
1521665494464;7.7885776;-1.4667969;-3.7734375
1521665494471;6.4174833;-0.6053772;-1.5457458
1521665494484;6.0633574;-0.09571266;-0.42113495
1521665494491;6.5826445;-0.16749573;-0.34217072
1521665494505;7.822025;-0.22492218;-0.22731781
1521665494511;8.917976;0.10767555;-1.0719604
1521665494525;8.896492;0.25842285;-2.6607666
1521665494530;8.48951;-0.04785633;-2.7947998
1521665494551;6.8410673;-0.33499146;-2.0003662
1521665494565;8.52076;0.4139557;-0.5335846
1521665494571;9.908456;0.46180725;0.5216217
1521665494585;9.932382;0.60058594;-0.47616577
1521665494592;9.552011;0.87098694;-1.6366882
1521665494605;9.037606;1.1150514;-1.698883
1521665494612;8.812752;1.220337;-1.6175232
1521665494625;8.970467;1.6677858;-1.1270142
1521665494631;9.305673;1.8592225;-0.79919434
1521665494652;10.437265;1.7036744;-0.023928165
1521665494664;10.545176;1.8616029;0.27038574
1521665494670;10.334482;2.2181401;0.44745636
1521665494683;10.054453;2.7062383;0.7824402
1521665494690;10.078379;2.703858;0.6460571
1521665494703;10.2985935;2.5076299;0.5072632
1521665494711;10.315439;2.2587895;0.04785633
1521665494724;10.212412;1.9908143;0.016749382
1521665494732;10.054453;1.7611085;0.10767555
1521665494751;9.686044;1.3064576;-0.32541656
1521665494764;9.7483;1.0432435;-0.54556274
1521665494771;9.662118;0.69869995;-0.7585144
1521665494783;9.549569;0.35173798;-0.93559265
1521665494790;9.334237;0.0885334;-1.1246033
1521665494803;9.269784;0.13639069;-1.1533203
1521665494811;9.331796;0.16988754;-0.9762573
1521665494824;9.238534;0.17228317;-0.96429443
1521665494831;9.164315;0.2153511;-1.2275085
1521665494851;8.946541;0.011964083;-1.2944946
1521665494864;8.858162;-0.22970963;-1.4165344
1521665494871;8.836678;-0.26320648;-1.5816345
1521665494883;9.135751;-0.42591858;-1.1030884
1521665494891;9.379647;-0.6077728;-0.97865295
1521665494903;9.465829;-0.73698425;-0.96429443
1521665494913;9.006356;-0.6795502;-1.1629028
1521665494924;8.530281;-0.46420288;-1.5577087
1521665494931;8.137947;-0.32541656;-1.76828
1521665494953;8.333992;-0.7465515;-2.2946777
1521665494965;8.917976;-1.2681885;-1.9477539
1521665494971;9.140389;-1.6247253;-1.945343
1521665494983;8.932381;-1.9692688;-2.3042603
1521665494991;8.585213;-2.1176147;-2.4023438
1521665495003;8.245613;-2.289917;-2.119995
1521665495012;8.063728;-2.143921;-2.1965942
1521665495024;8.11866;-1.8280945;-2.0673828
1521665495031;8.252693;-1.8328857;-1.8257141
1521665495052;8.437019;-2.63208;-2.928772
1521665495064;8.437019;-3.225525;-3.0436401
1521665495071;8.348396;-3.732788;-3.4312744
1521665495084;7.9847445;-3.459961;-3.6322632
1521665495091;7.467899;-3.0005493;-3.378662
1521665495103;7.30286;-2.6966553;-2.821106
1521665495111;7.255008;-2.3640747;-2.8163452
1521665495125;8.515877;-3.8428345;-2.543518
1521665495131;8.812752;-4.6157227;-3.5796509
1521665495152;8.515877;-5.661377;-4.9315186
1521665495165;7.6306186;-5.1779785;-4.6730957
1521665495172;6.7932158;-4.5462646;-4.661133
1521665495185;6.7285185;-4.1083984;-3.814148
1521665495192;6.6783476;-3.7543335;-3.0340576
1521665495205;6.802737;-3.9696655;-2.9144287
1521665495212;7.240604;-4.7999268;-3.036438
1521665495226;7.4536166;-5.711548;-3.2159424
1521665495232;7.051639;-6.3935547;-4.175415
1521665495256;5.7690454;-6.2332764;-5.5584717
1521665495266;5.020144;-5.749878;-5.2091064
1521665495272;4.5654316;-5.268921;-5.036865
1521665495285;4.505617;-5.0822754;-4.9387207
1521665495293;4.8693867;-5.47229;-4.448242
1521665495304;5.558474;-6.2475586;-4.359619
1521665495312;6.0513945;-6.958252;-4.5582275
1521665495326;5.9484887;-7.19751;-4.883667
1521665495331;5.0870385;-6.685547;-5.4196777
1521665495356;3.7567146;-5.14209;-4.9172363
1521665495365;3.689698;-4.8621826;-4.7807617
1521665495372;4.613283;-5.927002;-4.675537
1521665495385;5.469973;-7.03479;-4.0198975
1521665495392;5.596804;-7.420044;-4.8549805
1521665495405;5.077517;-7.3028564;-5.4364014
1521665495412;4.048586;-6.307373;-5.0080566
1521665495425;3.2326667;-5.3359375;-4.187378
1521665495432;2.79242;-4.7042236;-3.972046
1521665495456;3.651429;-6.0561523;-4.9506836
1521665495466;5.1995873;-8.116211;-5.5178223
1521665495472;6.1398954;-9.602295;-6.4558105
1521665495485;6.300296;-9.726807;-7.6210938
1521665495492;5.192385;-8.561279;-6.9559326
1521665495505;3.5652473;-6.9415283;-5.2235107
1521665495512;2.2946782;-5.4555664;-4.022217
1521665495525;1.5098573;-4.383545;-3.8165283
1521665495532;1.3375856;-4.3573;-3.2853394
1521665495552;2.4334722;-7.5109863;-4.2304688
1521665495565;3.6370857;-9.597412;-5.230591
1521665495573;4.1993427;-10.540283;-6.6783447
1521665495585;2.5076299;-8.487305;-7.1520996
1521665495592;1.5146486;-6.8291016;-5.953247
1521665495606;0.7728729;-5.8240967;-5.268921
1521665495612;0.4689865;-5.761841;-4.283081
1521665495626;0.3278122;-6.515625;-3.8571777
1521665495632;0.5072632;-7.4368896;-5.0463867
1521665495651;0.9116516;-8.4296875;-6.45105
1521665495665;1.1987916;-9.3342285;-6.977417
1521665495672;0.72262573;-9.126221;-6.958252
1521665495685;0.3038864;-8.468018;-7.408081
1521665495691;0.5335846;-8.508789;-7.173584
1521665495705;0.79919434;-8.92041;-6.077759
1521665495712;0.5216217;-8.929932;-5.611084
1521665495725;0.023928165;-8.34375;-5.465088
1521665495732;-0.5144501;-7.6641846;-5.3311768
1521665495752;-1.1413574;-7.31958;-5.2282715
1521665495765;-1.7180176;-8.046875;-5.173218
1521665495773;-1.3902283;-9.152344;-6.307373
1521665495792;-0.48574066;-9.480225;-8.19043
1521665495805;-0.7202301;-9.044678;-7.89624
1521665495813;-1.6677856;-7.5994873;-6.3026123
1521665495826;-2.0984497;-7.673706;-5.9676514
1521665495832;-2.170288;-8.106689;-5.704468
1521665495853;-1.9644775;-8.559082;-5.958008
1521665495866;-1.3615112;-8.673828;-6.8146973
1521665495873;-1.5553284;-8.121094;-6.8361816
1521665495886;-1.7539368;-7.8149414;-6.5897217
1521665495893;-1.631897;-7.9560547;-6.4055176
1521665495906;-1.2729797;-7.9417725;-6.293091
1521665495913;-1.2633972;-7.9799805;-6.8530273
1521665495932;-1.1365662;-8.30542;-6.8099365
1521665495953;-1.533783;-8.027832;-6.4414062
1521665495966;-2.1463013;-8.248047;-6.1470947
1521665495973;-1.9908142;-8.611572;-7.008545
1521665495986;-1.7180176;-9.451416;-6.862549
1521665495993;-1.4595947;-9.994629;-6.8146973
1521665496006;-1.4763489;-10.193359;-6.958252
1521665496013;-1.7563171;-9.91333;-7.609131
1521665496026;-2.0482178;-10.0354;-7.920166
1521665496031;-1.9644775;-10.281738;-7.7766113
1521665496052;-1.8974915;-10.564209;-7.2382812
1521665496066;-2.1774292;-10.530762;-6.9869385
1521665496073;-2.232483;-10.499512;-6.9031982
1521665496086;-1.9884338;-11.052246;-7.2023926
1521665496093;-1.4955139;-11.444824;-7.286133
1521665496106;-1.1557312;-11.442383;-8.082764
1521665496113;-1.0552063;-10.985352;-8.666748
1521665496133;-1.3471375;-9.925293;-7.9368896
1521665496156;-1.2657776;-10.411133;-6.596924
1521665496173;-0.122032166;-11.298828;-7.288452
1521665496186;0.3780594;-11.349121;-7.685669
1521665496193;0.67237854;-11.069092;-8.216797
1521665496212;0.559906;-9.240967;-7.912964
1521665496226;0.11724663;-8.238281;-7.432007
1521665496232;-0.2679901;-7.6138916;-6.223633
1521665496253;-0.42113495;-7.7095947;-5.3239746
1521665496266;1.0743715;-8.841309;-5.2282715
1521665496272;1.4811403;-8.494385;-5.9173584
1521665496286;1.8280946;-7.951294;-6.135132
1521665496292;1.9597169;-7.388916;-6.1064453
1521665496305;2.129578;-7.0563965;-5.958008
1521665496312;2.4167485;-7.058716;-5.7475586
1521665496335;2.5794072;-6.9223633;-5.2425537
1521665496338;2.349732;-6.4820557;-4.737671
1521665496354;2.0266728;-6.2834473;-4.1203613
1521665496366;1.8089601;-5.4866943;-3.6777344
1521665496372;2.0410771;-5.7235107;-3.94812
1521665496392;3.455201;-6.800293;-4.7209473
1521665496406;3.897889;-6.123169;-4.644409
1521665496413;3.8906868;-5.0057373;-4.3573
1521665496426;3.8380744;-3.9888306;-3.9457397
1521665496433;3.720826;-3.3307495;-3.074768
1521665496456;4.1801777;-3.6777344;-2.2444458
1521665496466;5.3526635;-4.819092;-2.859375
1521665496473;6.9248075;-5.769043;-3.8237305
1521665496486;7.96326;-5.958008;-4.472168
1521665496493;5.82886;-2.1917725;-3.713623
1521665496513;4.1228046;-0.4139557;-1.1748657
1521665496526;4.486452;0.016749382;-0.22492218
1521665496533;6.0441923;-0.24885178;-0.67477417
1521665496552;8.48951;-2.119995;-2.0219116
1521665496566;11.27003;-4.022217;-2.8330688
1521665496573;9.087899;-2.998169;-3.163269
1521665496593;5.848025;-1.0384827;-2.3568726
1521665496606;5.7187524;-0.1890297;-2.143921
1521665496613;6.8122587;-0.078962326;-1.7467346
1521665496633;9.750741;-0.7010956;-0.25842285
1521665496654;9.310311;0.0765686;-0.76808167
1521665496665;8.556648;0.15792465;-1.081543
1521665496672;8.03492;0.18424606;-1.6199341
1521665496686;8.338875;0.3038864;-1.4691772
1521665496694;8.970467;0.28474426;-1.3208313
1521665496706;9.587899;0.34934998;-0.93559265
1521665496713;9.348641;1.4691774;-0.5168457
1521665496734;9.291268;1.7586976;-0.7537384
1521665496756;9.604745;2.2324834;-0.32541656
1521665496766;9.750741;2.6488042;0.122032166
1521665496773;9.8679285;3.031678;0.51205444
1521665496786;9.8366785;3.0962532;0.8614044
1521665496793;9.846444;2.9934087;1.1006776
1521665496806;9.83204;2.7517095;1.220337
1521665496813;9.805673;2.7062383;1.0336915
1521665496826;9.889413;2.6823125;0.8805542
1521665496833;9.891854;2.742127;0.5670929
1521665496854;9.889413;2.6632085;0.52641296
1521665496874;9.78663;2.4932866;0.4139557
1521665496894;9.812753;2.5363774;0.016749382
1521665496913;9.655038;2.1367803;-0.2392807
1521665496926;9.87745;1.8113405;-0.021535397
1521665496933;9.920419;1.3303834;0.11485481
1521665496956;9.554452;0.937973;-0.30867004
1521665496974;9.401376;0.9499359;-0.5431671
1521665496994;9.2099695;0.86380005;-0.9308014
1521665497014;9.248055;0.47138214;-0.7178345
1521665497034;9.324716;0.17945862;-0.7561188
1521665497053;9.174081;0.08135414;-1.0719604
1521665497058;8.996834;0.007178426;-1.4021912
1521665497074;8.508797;0.090927124;-1.4093628
1521665497094;8.336433;0.0047855377;-1.2825317
1521665497114;8.712166;-0.47616577;-0.7465515
1521665497134;8.204842;-0.71066284;-0.39481354
1521665497156;7.482303;-0.9762573;-0.6436615
1521665497166;7.7957797;-1.6438599;-1.4452515
1521665497173;7.764652;-1.7802429;-2.2444458
1521665497193;7.7813754;-2.0482178;-1.8305054
1521665497214;7.214359;-2.4885254;-1.6917114
1521665497234;7.67139;-4.2974854;-2.4406738
1521665497253;7.8459506;-4.787964;-3.2542114
1521665497258;7.2956576;-4.6085205;-4.201782
1521665497274;6.0059843;-3.6920776;-3.6681519
1521665497294;6.0897245;-4.4553223;-3.0029907
1521665497312;7.247806;-6.1470947;-4.840576
1521665497333;6.226077;-5.807373;-6.3552246
1521665497356;4.263918;-3.794983;-4.97937
1521665497373;3.4599617;-4.376465;-3.6155396
1521665497393;4.2878437;-8.542236;-6.8242188
1521665497413;3.6538093;-8.377197;-7.286133
1521665497433;1.9022828;-5.591919;-6.199707
1521665497453;1.4213258;-5.161255;-5.4890137
1521665497458;1.3662721;-5.599121;-5.369385
1521665497474;3.0101326;-8.80542;-6.388794
1521665497494;3.4719856;-10.049805;-7.944092
1521665497515;1.4045717;-6.8553467;-6.934326
1521665497535;0.7345886;-6.4989014;-6.8099365
1521665497554;1.1054689;-7.578003;-6.33374
1521665497559;1.4332887;-8.712158;-6.8099365
1521665497574;1.6653749;-9.355713;-7.1760254
1521665497594;0.22013855;-8.341309;-4.8095703
1521665497615;-0.2512436;-9.307861;-5.5512695
1521665497635;0.8590088;-9.243408;-9.181152
1521665497653;0.72979736;-7.7574463;-8.135498
1521665497658;0.24406433;-6.6903076;-6.8936768
1521665497675;-0.99061584;-5.6446533;-5.319214
1521665497695;-1.4476318;-6.572998;-5.807373
1521665497706;-1.0001831;-7.446411;-6.0944824
1521665497714;-0.63648987;-8.123535;-7.269287
1521665497734;-0.16749573;-8.104248;-8.046875
1521665497754;-0.10528374;-8.17627;-7.35791
1521665497759;-0.30149078;-7.489502;-6.5203857
1521665497773;-0.8661957;-6.3863525;-5.6087646
1521665497793;-1.3232117;-6.010742;-4.876465
1521665497814;-1.6462402;-6.750122;-5.907837
1521665497834;-0.62213135;-9.45874;-6.692627
1521665497854;-0.5168457;-9.925293;-6.86499
1521665497857;-1.0169373;-8.525391;-6.230835
1521665497875;-2.30188;-6.6375732;-5.034424
1521665497895;-2.7636719;-7.4033203;-5.9365234
1521665497915;-1.7563171;-9.83667;-9.248047
1521665497934;-1.7491455;-10.059326;-8.137939
1521665497954;-2.1846313;-9.097412;-7.161621
1521665497957;-2.7230225;-8.156982;-6.3671875
1521665497974;-2.6296997;-8.384277;-5.496216
1521665497994;-1.9094543;-8.9921875;-7.5565186
1521665498014;-1.9908142;-9.434814;-8.484863
1521665498034;-2.0219116;-10.494873;-7.28125
1521665498055;-2.5698853;-10.473145;-6.642456
1521665498074;-2.4406738;-10.28418;-7.532593
1521665498095;-1.7467346;-10.650391;-9.379639
1521665498114;-1.7515259;-11.174316;-9.432373
1521665498134;-2.340149;-11.576416;-6.539551
1521665498155;-2.347351;-11.578857;-5.8981934
1521665498157;-2.22052;-10.595215;-5.8719482
1521665498174;-1.7922058;-8.415527;-6.8864746
1521665498193;-0.7704773;-8.781494;-8.159424
1521665498214;0.16988754;-10.442139;-7.908203
1521665498234;0.043070793;-10.018555;-6.300293
1521665498258;-0.34695435;-8.705078;-5.1660156
1521665498275;-0.028713703;-8.102051;-6.4174805
1521665498295;0.6460571;-7.420044;-6.6831055
1521665498315;1.4452516;-7.0826416;-4.876465
1521665498334;2.01471;-7.432007;-3.78302
1521665498356;1.8687745;-6.9415283;-4.2783203
1521665498361;2.0482183;-6.4749756;-4.555908
1521665498375;2.26117;-5.680542;-4.7042236
1521665498395;3.227906;-6.060913;-5.390991
1521665498415;4.0653095;-6.1016846;-4.0581055
1521665498435;4.1467304;-4.9937744;-4.0772705
1521665498456;4.2304707;-4.560669;-3.694458
1521665498461;4.170656;-3.871582;-3.1656494
1521665498475;4.776003;-3.694458;-3.2350464
1521665498495;6.0466337;-4.572632;-4.5773926
1521665498516;6.958255;-4.960205;-3.2757568
1521665498534;5.2761254;-2.0338745;-2.5411377
1521665498555;5.5751977;-2.2468262;-1.9094543
1521665498560;6.618533;-2.2061768;-1.5314026
1521665498570;7.948856;-2.397583;-2.124817
1521665498577;8.721687;-2.6607666;-2.6201172
1521665498595;7.6306186;-1.4380798;-3.2470093
1521665498615;6.2165556;-0.23210144;-2.4526367
1521665498636;8.64283;-2.0338745;-1.4021912
1521665498654;9.645272;-1.7252197;-1.4332886
1521665498659;9.38453;-1.3112488;-2.30188
1521665498676;7.829227;0.24406433;-1.9812317
1521665498695;7.6474643;1.3782655;-1.5170288
1521665498715;10.219736;1.261017;0.37327576
1521665498735;10.262705;0.9427643;-1.8568115
1521665498755;7.8125033;0.59820557;-1.3232117
1521665498776;8.623543;2.2229009;-0.7345886
1521665498795;9.987557;3.6346443;0.014356852
1521665498815;9.561532;3.8763435;0.27278137
1521665498834;9.190682;2.7397466;0.28234863
1521665498855;9.721932;2.5363774;-0.21295929
1521665498876;10.049814;3.012513;-0.22253036
1521665498896;9.707528;3.0771492;-0.26320648
1521665498916;9.700448;2.4215093;-0.6939087
1521665498936;9.7290125;2.0099492;-1.1437683
1521665498956;9.678964;1.6845399;-1.3830261
1521665498976;9.580819;1.6414491;-1.2897034
1521665498996;9.4443445;1.7993776;-1.5553284
1521665499015;9.30787;1.4620057;-1.6342773
1521665499036;9.164315;1.1389772;-1.5266113
1521665499055;8.975349;0.9810486;-1.394989
1521665499061;8.937019;0.8733673;-1.4117432
1521665499076;8.587654;0.69151306;-1.5481262
1521665499095;8.068367;0.48812866;-1.8783569
1521665499116;7.805301;0.22492218;-1.7706604
1521665499136;7.7048373;-0.5742645;-1.4667969
1521665499162;7.2956576;-1.3040771;-1.3543091
1521665499176;7.3315463;-1.9046631;-2.3544922
1521665499196;8.274178;-2.87854;-4.022217
1521665499208;8.6045;-3.5389404;-3.3092651
1521665499219;8.104256;-3.1082764;-2.7589111
1521665499229;7.412967;-2.9144287;-2.5913696
1521665499237;7.341068;-3.4240723;-2.7636719
1521665499255;7.9273715;-4.168213;-3.4647827
1521665499257;8.532722;-4.8477783;-4.1610107
1521665499275;8.393806;-4.991333;-4.553467
1521665499293;7.0491977;-4.390747;-4.6875
1521665499298;6.1782255;-3.9265747;-4.4171143
1521665499316;6.4055204;-5.460327;-3.8500366
1521665499333;6.6088896;-6.331299;-4.0772705
1521665499342;6.3409452;-6.7333984;-5.091919
1521665499354;5.824099;-6.9941406;-5.4938965
1521665499358;5.070315;-6.422241;-5.4101562
1521665499376;3.6920784;-4.9960938;-4.941162
1521665499396;3.2422493;-4.8430176;-4.338135
1521665499416;3.8811042;-6.9104004;-4.7089844
1521665499436;3.4671638;-7.07312;-6.072876
1521665499456;2.7660527;-6.0322266;-5.8623047
1521665499461;2.445435;-5.5321045;-5.7211914
1521665499476;2.330567;-6.2524414;-4.902832
1521665499496;2.888123;-8.164307;-5.4627686
1521665499516;2.191773;-8.102051;-5.764282
1521665499536;1.9094545;-8.637939;-4.752075
1521665499555;1.8616029;-9.028076;-5.1014404
1521665499560;1.89032;-8.755127;-6.0705566
1521665499573;1.60318;-8.535156;-6.5131836
1521665499578;1.4811403;-8.637939;-6.2021484
1521665499596;0.7944031;-7.855591;-6.118408
1521665499616;0.11964035;-8.788818;-4.8310547
1521665499636;0.15074539;-9.92041;-6.438965
1521665499661;0.16749573;-8.097168;-6.984619
1521665499670;-0.0765686;-7.2071533;-6.5490723
1521665499677;-0.31106567;-6.3743896;-6.0130615
1521665499696;-0.96191406;-6.111206;-4.833496
1521665499710;-1.1652832;-6.4486084;-4.5511475
1521665499717;-1.160492;-7.0826416;-4.572632
1521665499736;-0.2536316;-8.425049;-5.972412
1521665499756;0.1004982;-8.523193;-6.2786865
1521665499759;0.18424606;-8.18335;-6.730957
1521665499769;0.071783066;-7.501465;-6.434204
1521665499777;-0.34217072;-6.599365;-5.7546387
1521665499796;-0.7967987;-7.0946045;-4.1036377
1521665499816;-0.85183716;-8.865234;-5.1134033
1521665499836;-1.0839233;-8.908447;-6.4820557
1521665499856;-1.3040771;-8.700195;-6.4605713
1521665499857;-1.7515259;-8.532715;-5.8814697
1521665499876;-1.8448486;-9.942139;-5.946045
1521665499889;-2.4765625;-11.030762;-6.25
1521665499897;-3.1322021;-10.839355;-5.903076
1521665499916;-4.2232666;-8.977783;-5.781006
1521665499936;-4.464966;-9.583252;-6.1207275
1521665499957;-3.713623;-10.420654;-8.489502
1521665499976;-3.890686;-10.461182;-8.35083
1521665499996;-4.307007;-9.686035;-6.958252
1521665500009;-4.4266357;-8.937012;-7.1593018
1521665500017;-4.4385986;-8.482422;-7.1209717
1521665500036;-3.8691406;-9.516113;-7.288452
1521665500056;-3.5532837;-9.9921875;-7.912964
1521665500061;-3.4815063;-10.088135;-8.027832
1521665500070;-3.2901;-10.427734;-7.838867
1521665500077;-3.105835;-10.090332;-7.293213
1521665500090;-3.0842896;-9.523193;-7.546875
1521665500097;-2.967041;-9.0686035;-7.8842773
1521665500110;-2.3544922;-9.985107;-7.9034424
1521665500117;-2.005127;-10.628906;-7.932129
1521665500130;-1.6103516;-10.82251;-8.192871
1521665500137;-1.493103;-10.2771;-8.0876465
1521665500156;-1.6797485;-9.74585;-7.2094727
1521665500157;-1.847229;-9.377441;-6.381592
1521665500176;-1.4715576;-8.96582;-6.338501
1521665500196;-0.40677643;-9.45874;-7.058716
1521665500216;0.3397751;-9.140381;-7.0826416
1521665500236;0.5790558;-8.4729;-6.5179443
1521665500263;0.74894714;-8.458496;-5.7857666
1521665500272;0.8542328;-8.3532715;-5.3742676
1521665500278;0.9164429;-8.250244;-4.984131
1521665500290;1.0097657;-7.6186523;-4.8980713
1521665500297;1.0767518;-6.8361816;-5.22583
1521665500316;2.2205205;-7.2214355;-5.4675293
1521665500330;3.3187873;-8.19043;-5.041626
1521665500337;3.3594978;-7.7766113;-5.2785645
1521665500360;2.9814458;-5.8240967;-4.5247803
1521665500376;2.6392827;-4.8286133;-3.656189
1521665500396;3.5198371;-5.3933105;-3.4695435
1521665500416;5.008059;-6.3601074;-3.8428345
1521665500436;5.8599877;-6.529907;-3.9265747
1521665500455;5.4722924;-5.2593994;-3.529358
1521665500457;4.9434834;-3.7232056;-2.9622803
1521665500471;4.706667;-3.1417236;-2.1367798
1521665500477;4.5654316;-2.555481;-1.7204285
1521665500496;5.685305;-2.947937;-1.600769
1521665500509;6.5634794;-3.4312744;-2.0960693
1521665500517;7.360233;-4.2974854;-3.421692
1521665500529;8.269539;-4.821533;-3.7375488
1521665500537;8.333992;-4.036621;-3.5341797
1521665500556;6.946292;-2.435852;-2.163086
1521665500570;6.314578;-1.6438599;-2.1415405
1521665500577;6.9367704;-1.5385742;-2.093689
1521665500590;7.5732455;-1.435669;-1.9381714
1521665500598;8.168953;-1.1174316;-1.8065796
1521665500610;8.472908;-0.65322876;-1.533783
1521665500617;8.2168045;-0.19620895;-1.3064575
1521665500636;7.690433;0.22731781;-0.48095703
1521665500656;7.7382846;0.016749382;-0.58862305
1521665500661;8.357918;-0.42113495;0.057427406
1521665500671;8.939461;-0.78723145;0.14356613
1521665500677;9.075936;-0.96429443;-0.4139557
1521665500695;9.068612;-0.74894714;-0.8231201
1521665500697;8.757576;-0.32302856;-0.83987427
1521665500710;8.281502;0.11485481;-0.9164429
1521665500717;8.104256;0.8470459;-0.90448
1521665500730;8.24073;1.3710634;-0.8279114
1521665500737;8.798347;1.5625001;-0.43788147
1521665500762;9.79371;1.3447572;-0.5312042
1521665500770;9.846444;1.172455;-0.5479431
1521665500777;9.848641;1.1700746;-0.34695435
1521665500790;9.54493;1.8161317;-0.24406433
1521665500797;9.676522;2.2396245;-0.10767555
1521665500810;9.803231;2.4813237;-0.062212944
1521665500817;10.0642185;2.572266;0.033498764
1521665500831;10.322519;2.3975835;0.32541656
1521665500837;10.353525;2.1630864;0.5335846
1521665500862;10.028086;2.0769658;0.014356852
1521665500870;9.80079;2.021912;-0.16031647
1521665500877;9.712411;1.9046632;-0.19620895
1521665500890;9.695565;1.9118654;-0.2512436
1521665500897;9.7099695;1.8831483;-0.3062744
1521665500910;9.743417;1.8017884;-0.26081085
1521665500918;9.812753;1.741974;-0.12921143
1521665500930;9.817636;1.7060548;-0.13399506
1521665500937;9.674081;1.7754518;-0.25602722
1521665500955;9.563973;1.7586976;-0.35652924
1521665500958;9.437264;1.8113405;-0.43309784
1521665500971;9.437264;1.5840455;-0.40917206
1521665500977;9.401376;1.5098573;-0.31824493
1521665500990;9.343759;1.0887147;-0.28234863
1521665500997;9.434823;0.732193;-0.18185425
1521665501011;9.4633875;0.49770355;-0.2512436
1521665501017;9.678964;0.55033875;-0.26081085
1521665501030;9.523202;0.68673706;-0.30867004
1521665501037;9.198007;0.6556244;-0.55033875
1521665501063;8.61158;0.23210144;-0.98583984
1521665501070;8.858162;-0.13160324;-0.8494415
1521665501077;9.008798;-0.23210144;-0.8494415
1521665501090;9.398934;-0.21295929;-0.8039856
1521665501097;9.410897;-0.21295929;-0.6436615
1521665501110;9.116464;-0.12921143;-0.65322876
1521665501118;8.738533;-0.110069275;-0.8279114
1521665501131;8.472908;-0.39720154;-0.8996887
1521665501138;8.597176;-1.2418518;-1.2729797
1521665501163;9.044686;-2.4334717;-2.0003662
1521665501171;8.781502;-2.3114624;-2.5100708
1521665501179;8.822273;-1.9788513;-2.3234253
1521665501191;8.599617;-1.5577087;-1.9477539
1521665501197;8.475349;-1.258606;-1.7036743
1521665501211;8.446541;-1.2322998;-2.005127
1521665501218;8.369881;-1.7084656;-2.270752
1521665501231;8.07325;-3.2063599;-3.2350464
1521665501238;7.92493;-3.2063599;-3.37146
1521665501263;7.4703403;-4.0151367;-3.5509033
1521665501271;7.5804477;-4.0581055;-3.0628052
1521665501277;7.3961215;-4.11084;-2.9694824
1521665501291;7.259769;-4.1228027;-3.3451538
1521665501298;6.9941435;-4.0461426;-3.6035767
1521665501311;6.7214384;-4.1011963;-3.548523
1521665501318;6.5131865;-4.3356934;-3.3762207
1521665501331;6.44617;-4.5845947;-3.4575806
1521665501338;6.618533;-5.0249023;-3.5581055
1521665501365;6.6711454;-5.4675293;-4.0341797
1521665501372;6.2619658;-5.369385;-4.022217
1521665501378;5.570437;-4.8621826;-3.201538
1521665501391;4.864504;-4.249634;-3.2877197
1521665501398;4.921999;-4.448242;-2.9814453
1521665501411;5.5034204;-5.130127;-1.8951111
1521665501417;5.527346;-5.5632324;-2.1798096
1521665501431;5.6446557;-6.0825195;-3.282898
1521665501438;5.5345483;-6.5371094;-3.4575806
1521665501456;4.84778;-6.369629;-3.7016602
1521665501458;4.2998066;-6.2667236;-4.4433594
1521665501470;4.0581074;-6.69751;-4.6013184
1521665501477;3.7518928;-6.5562744;-5.611084
1521665501491;3.6753547;-6.4294434;-5.5130615
1521665501497;3.3834236;-6.515625;-4.4266357
1521665501510;2.8234868;-6.2858887;-3.9744263
1521665501517;2.3712773;-6.5706787;-4.048584
1521665501531;2.2444463;-7.585205;-3.78302
1521665501538;2.337769;-8.664307;-4.1228027
1521665501563;2.7684941;-10.159912;-7.269287
1521665501572;2.8737798;-10.0234375;-7.262207
1521665501579;2.2946782;-8.757568;-6.427002
1521665501592;1.4524232;-7.211914;-5.599121
1521665501599;0.68673706;-6.00354;-4.711426
1521665501612;0.24406433;-5.5943604;-4.338135
1521665501619;0.39959717;-6.7716064;-2.916809
1521665501633;0.48574066;-8.542236;-2.9694824
1521665501639;0.92123413;-10.152588;-4.833496
1521665501662;1.7563173;-10.475586;-7.4750977
1521665501671;1.3136598;-9.169189;-7.2597656
1521665501679;0.60298157;-7.589966;-6.3409424
1521665501692;-0.06460571;-6.395996;-5.7331543
1521665501699;-1.0480347;-6.9056396;-3.9816284
1521665501713;-1.0958862;-8.348389;-4.6898193
1521665501719;-0.6316986;-9.779297;-5.2402344
1521665501732;-0.12921143;-10.791504;-6.0872803
1521665501738;-0.15074539;-10.793945;-7.61145
1521665501761;-0.89012146;-8.202393;-7.1448975
1521665501771;-1.1246033;-8.26001;-5.8742676
1521665501778;-1.3112488;-8.602051;-4.737671
1521665501791;-1.7730713;-8.774414;-5.1899414
1521665501798;-1.8305054;-8.84375;-6.0059814
1521665501811;-1.9956055;-8.764893;-5.63501
1521665501818;-2.2133179;-8.482422;-5.402954
1521665501832;-2.3305664;-8.542236;-5.122925
1521665501838;-2.555481;-8.922607;-5.5751953
1521665501863;-1.6462402;-11.217529;-6.812256
1521665501872;-0.9499359;-11.911377;-7.623413
1521665501879;-0.9068756;-11.602783;-7.7838135
1521665501891;-1.4907227;-10.427734;-6.9869385
1521665501898;-2.2755737;-9.20752;-6.00354
1521665501911;-2.8833008;-8.67627;-5.7738037
1521665501919;-3.459961;-9.769775;-6.312256
1521665501933;-2.7373657;-10.98291;-7.5301514
1521665501937;-1.7419739;-12.08374;-8.575684
1521665501963;-1.5960083;-12.0979;-7.889038
1521665501972;-2.1942139;-10.990234;-7.2525635
1521665501978;-2.732544;-10.138184;-6.477295
1521665501992;-2.9503174;-10.088135;-6.065796
1521665501998;-2.5722656;-10.643066;-5.781006
1521665502011;-2.1463013;-10.956543;-6.4438477
1521665502019;-1.5218201;-11.344238;-7.640259
1521665502033;-1.0312805;-11.442383;-8.369873
1521665502040;-0.8494415;-11.06665;-8.365234
1521665502061;-1.4835205;-9.798584;-7.6378174
1521665502071;-1.5935974;-9.583252;-6.685547
1521665502078;-1.3830261;-9.693115;-6.238037
1521665502091;-0.933197;-9.674072;-6.156616
1521665502098;-0.52641296;-9.652588;-6.2906494
1521665502111;-0.11724663;-9.7578125;-6.4677734
1521665502118;0.34695435;-9.925293;-6.970215
1521665502131;0.71543884;-9.918213;-7.393799
1521665502138;0.86380005;-9.767334;-7.4296875
1521665502159;0.8326874;-7.7646484;-5.5250244
1521665502171;0.56230164;-7.1257324;-4.5750732
1521665502178;0.55752563;-6.838623;-4.1011963
1521665502191;0.7513428;-7.0875244;-4.079712
1521665502198;1.3232118;-7.927368;-4.4433594
1521665502212;2.1128545;-8.432129;-5.2163086
1521665502218;2.6655889;-8.597168;-6.046631
1521665502232;3.0651863;-8.463379;-6.427002
1521665502238;3.1322029;-7.697632;-6.04895
1521665502261;2.3521123;-5.2736816;-4.397949
1521665502272;2.3042607;-4.9052734;-3.644226
1521665502278;2.4287114;-4.8430176;-3.4624023
1521665502292;3.012513;-5.637451;-4.024658
1521665502299;4.340578;-7.4224854;-5.0703125
1521665502312;6.546756;-9.729004;-5.4866943
1521665502319;8.972908;-11.8515625;-4.814331
1521665502332;8.968269;-10.736572;-4.5965576
1521665502339;6.1662626;-6.238037;-4.998535
1521665502361;2.3114629;-0.7967987;-2.6416626
1521665502372;1.2657777;0.8279114;-1.0647888
1521665502378;2.407166;0.3780594;-1.4524231
1521665502391;4.809572;-2.0841064;-2.38562
1521665502398;8.535164;-5.8719482;-3.7088623
1521665502412;12.57423;-9.571289;-5.2736816
1521665502418;11.971202;-7.984741;-8.188232
1521665502432;7.7382846;-4.8477783;-7.1832275
1521665502439;4.5845966;-3.2470093;-3.979248
1521665502462;1.0217286;-1.1772461;-2.3616943
1521665502471;1.60318;-1.7036743;-3.0460205
1521665502478;3.8500373;-3.2230835;-2.2827148
1521665502492;7.202396;-5.084717;-1.7419739
1521665502498;9.987557;-6.7333984;-2.840271
1521665502512;10.143076;-5.6063232;-5.458008
1521665502518;7.9896274;-3.1417236;-5.8742676
1521665502532;6.0466337;-1.5481262;-4.036621
1521665502538;4.917238;-0.937973;-2.474121
1521665502564;6.250003;-0.6556244;-1.0504456
1521665502572;8.420174;-0.86380005;-0.32541656
1521665502580;10.00416;-1.2825317;-0.69151306
1521665502594;10.365488;-1.1676941;-1.5002747
1521665502600;8.477547;-0.023928165;-0.9882355
1521665502612;7.609134;0.16988754;-0.6699829
1521665502619;7.893924;0.3637085;-0.46180725
1521665502633;8.901131;0.5216217;-0.2392807
1521665502639;9.879891;0.5670929;0.007178426
1521665502663;10.11915;1.2490236;-0.46420288
1521665502672;9.750741;1.0958863;-1.15094
1521665502680;9.355721;0.8087616;-1.2801514
1521665502693;9.243417;0.7130585;-1.1126404
1521665502700;9.245858;0.91404724;-0.85183716
1521665502713;9.501718;1.0863343;-0.2679901
1521665502719;9.626229;1.3782655;-0.20817184
1521665502733;9.693124;1.5026857;-0.28234863
1521665502739;9.815194;1.3375856;-0.51205444
1521665502764;9.42286;0.99061584;-0.91404724
1521665502773;9.30079;1.3016664;-0.44506073
1521665502780;9.485116;1.5935975;0.10528374
1521665502793;9.532968;2.021912;0.28474426
1521665502800;9.908456;2.318604;0.35173798
1521665502813;10.016123;2.2372441;0.028713703
1521665502821;9.970712;2.0936894;-0.22970963
1521665502833;9.39161;1.8041688;-0.22970963
1521665502838;9.322274;1.9644777;-0.06699753
1521665502862;9.762704;2.191773;0.46420288
1521665502872;9.83204;2.3784184;0.27516937
1521665502879;9.743417;2.3784184;0.0023927689
1521665502892;9.664559;2.2061772;-0.16749573
1521665502899;9.511239;2.2372441;-0.17945862
1521665502912;9.46119;2.3234258;0.0023927689
1521665502920;9.712411;2.395203;0.35891724
1521665502933;9.908456;2.395203;0.60298157
1521665502939;9.894296;2.3090215;0.5216217
1521665502964;9.724374;2.356873;0.11964035
1521665502973;9.580819;2.3903813;0.05264187
1521665502979;9.509042;2.5076299;0.17945862
1521665502993;9.712411;2.6057744;0.34217072
1521665503000;9.78663;2.6320806;0.4139557
1521665503012;9.808114;2.6775517;0.3900299
1521665503020;9.738778;2.5004888;0.1268158
1521665503033;9.671639;2.2348638;-0.12442589
1521665503039;9.587899;1.9405519;-0.18185425
1521665503065;9.47535;1.8233033;-0.2392807
1521665503074;9.619149;1.7180177;-0.14835358
1521665503081;9.535165;1.7898256;-0.15553284
1521665503093;9.341561;1.9597169;-0.29192352
1521665503100;9.245858;1.8400575;-0.52641296
1521665503113;9.207528;1.7491456;-0.5312042
1521665503120;9.176278;1.4978944;-0.56230164
1521665503133;9.035165;1.229889;-0.63887024
1521665503140;9.049569;1.1054689;-0.8039856
1521665503166;9.410897;0.7967987;-0.56230164
1521665503174;9.525643;0.7896271;-0.32541656
1521665503182;9.379647;0.8494415;-0.14835358
1521665503194;9.109384;0.727417;-0.09571266
1521665503202;8.925056;0.5670929;-0.4019928
1521665503214;8.853279;0.18185425;-0.66519165
1521665503221;8.894051;-0.028713703;-1.0480347
1521665503231;9.030282;-0.3780594;-1.2418518
1521665503237;9.059091;-0.63887024;-1.3638916
1521665503253;9.056649;-0.73698425;-1.4332886
1521665503257;8.774422;-0.7345886;-1.2418518
1521665503271;8.341316;-0.5790558;-1.5026855
1521665503281;8.030281;-0.5048828;-1.7611084
1521665503293;8.075691;-0.5096588;-1.6940918
1521665503300;8.221687;-0.5742645;-1.6677856
1521665503313;8.298103;-1.040863;-1.935791
1521665503320;8.331795;-1.660614;-2.328186
1521665503333;8.475349;-2.5220337;-2.435852
1521665503340;8.420174;-3.2279053;-2.5124512
1521665503363;9.094979;-4.6778564;-2.694275
1521665503375;8.901131;-4.484131;-2.8833008
1521665503382;8.616463;-4.1347656;-3.1920166
1521665503393;8.094734;-3.6275024;-3.0508423
1521665503400;7.4008822;-3.3164062;-3.0197144
1521665503413;7.18555;-3.6394653;-2.859375
1521665503420;7.3698764;-4.244751;-2.435852
1521665503432;7.171268;-4.7927246;-2.6799316
1521665503439;6.991824;-5.7905273;-3.1967773
1521665503465;6.7357206;-6.5802;-3.1776123
1521665503473;6.4700956;-6.558716;-3.1776123
1521665503480;6.1087675;-6.529907;-3.055603
1521665503493;5.5871606;-6.0825195;-3.0651855
1521665503500;5.3215356;-5.8911133;-2.8857422
1521665503513;4.582155;-6.2165527;-2.947937
1521665503520;4.7615986;-7.3028564;-3.682495
1521665503533;5.216311;-8.377197;-4.017456
1521665503540;5.1301293;-9.025635;-4.3117676
1521665503562;4.06299;-8.30542;-4.8884277
1521665503573;3.2948616;-7.1401367;-4.4816895
1521665503580;2.7589116;-6.4486084;-3.8189087
1521665503593;2.5626836;-6.465332;-3.2183228
1521665503600;2.4741216;-6.522827;-3.0914917
1521665503613;2.5291753;-7.0875244;-3.8476562
1521665503620;3.235047;-8.494385;-3.9361572
1521665503634;3.6490486;-9.102295;-4.098877
1521665503640;3.4671638;-8.939453;-4.9315186
1521665503663;2.5985723;-7.223877;-4.2591553
1521665503673;2.3616948;-6.6903076;-4.0079346
1521665503680;2.0936894;-6.2452393;-3.6322632
1521665503693;1.8544313;-6.104004;-3.5054321
1521665503700;1.7611085;-6.7142334;-4.187378
1521665503714;1.9788514;-7.5373535;-4.8046875
1521665503721;2.26117;-8.118652;-5.2043457
1521665503733;3.050843;-9.607178;-5.4005127
1521665503740;2.8857427;-9.271973;-5.4675293
1521665503765;2.1439214;-7.326782;-5.3406982
1521665503774;1.9333802;-6.7261963;-4.5151367
1521665503780;1.6127626;-6.2093506;-4.314209
1521665503793;1.3806459;-6.611328;-4.6875
1521665503800;1.3949891;-7.7095947;-4.345337
1521665503813;1.2466432;-8.814941;-4.680298
1521665503820;0.99780273;-9.537598;-5.895874
1521665503833;1.0001832;-9.860596;-6.04187
1521665503840;0.830307;-9.695557;-5.484253
1521665503861;0.5910187;-8.310059;-5.0201416
1521665503873;0.39720154;-8.006348;-4.6875
1521665503880;0.2656021;-8.066162;-4.529541
1521665503893;-0.01914215;-8.22876;-4.572632
1521665503900;-0.51924133;-8.130615;-4.883667
1521665503913;-1.1006775;-8.063721;-5.6135254
1521665503920;-1.435669;-8.530273;-5.7834473
1521665503933;-1.385437;-9.224121;-5.838379
1521665503940;-1.0456543;-9.788818;-6.345703
1521665503961;-1.138977;-7.7526855;-5.623047
1521665503973;-1.5314026;-7.1209717;-5.515381
1521665503980;-1.8735657;-7.735962;-5.2235107
1521665503993;-1.8041687;-9.028076;-4.840576
1521665504000;-1.4907227;-10.159912;-6.3217773
1521665504013;-0.82551575;-10.791504;-6.970215
1521665504020;-0.5670929;-10.626465;-6.862549
1521665504034;-0.5910187;-9.901367;-6.1136475
1521665504041;-0.95951843;-8.922607;-5.2091064
1521665504063;-1.76828;-8.621338;-5.4124756
1521665504074;-1.5864258;-9.552002;-5.7354736
1521665504081;-1.3280029;-10.487549;-6.419922
1521665504094;-1.0647888;-10.987793;-6.7214355
1521665504101;-0.87098694;-11.239014;-6.98938
1521665504114;-0.8733673;-11.157715;-6.8361816
1521665504121;-1.0217285;-10.992432;-6.565796
1521665504134;-1.0432434;-11.291504;-6.185425
1521665504140;-1.1844177;-11.652832;-6.293091
1521665504163;-1.8448486;-10.664795;-7.451172
1521665504173;-2.1295776;-10.463623;-7.2333984
1521665504180;-1.4045715;-11.631348;-7.085083
1521665504195;-0.8853302;-11.964111;-7.381836
1521665504201;-0.6125488;-11.655273;-7.231079
1521665504215;-0.7967987;-10.94458;-7.097046
1521665504220;-1.3399658;-10.052246;-7.104248
1521665504233;-1.8328857;-9.422852;-6.74292
1521665504240;-1.97406;-9.683594;-6.1949463
1521665504256;-1.5314026;-10.320068;-6.115967
1521665504265;-0.76330566;-10.810547;-6.4940186
1521665504275;-0.16270828;-11.023682;-6.54187
1521665504280;0.2009964;-10.939941;-6.4294434
1521665504293;0.1770668;-10.310547;-6.0585938
1521665504300;-0.21295929;-9.449219;-5.958008
1521665504314;-0.6891327;-8.702637;-6.3601074
1521665504320;-0.8949127;-8.444092;-6.596924
1521665504336;-0.8279114;-8.922607;-6.1470947
1521665504341;-0.41873932;-9.372559;-5.5058594
1521665504356;-0.009571075;-9.441895;-5.352661
1521665504361;0.3278122;-8.958496;-5.268921
1521665504374;0.6436615;-8.822266;-4.960205
1521665504381;0.8590088;-8.532715;-4.503174
1521665504394;0.8111572;-8.159424;-4.6013184
1521665504404;0.8279114;-7.7766113;-4.890869
1521665504415;0.9834442;-7.5181885;-5.4483643
1521665504421;1.2777406;-7.6881104;-5.5512695
1521665504435;1.6558229;-8.166504;-5.2043457
1521665504441;2.1822515;-8.448975;-4.8813477
1521665504463;2.3018804;-6.915161;-4.5654297
1521665504473;2.368836;-6.173462;-4.106079
1521665504481;2.3329473;-5.6015625;-3.5916138
1521665504493;2.6895146;-6.027466;-3.8284912
1521665504500;3.6442268;-7.23584;-4.07251
1521665504513;4.713747;-8.635498;-4.326172
1521665504522;5.431643;-9.269775;-5.3287354
1521665504534;5.493899;-8.156982;-5.8360596
1521665504541;4.833498;-5.852783;-4.9818115
1521665504564;3.5078743;-2.7421265;-1.945343
1521665504573;3.0914924;-1.9046631;-1.160492
1521665504581;3.227906;-1.80896;-1.6486511
1521665504594;4.587038;-3.1871948;-1.7323914
1521665504601;6.175784;-4.6707764;-2.251587
1521665504614;7.779056;-6.539551;-3.2279053
1521665504622;8.633308;-7.2525635;-4.6516113
1521665504634;7.1665072;-5.168457;-4.9003906
1521665504641;6.4246855;-4.2352295;-2.871338
1521665504665;6.111209;-3.0651855;-1.8209229
1521665504674;6.6639433;-2.7062378;-2.6655884
1521665504681;7.34827;-2.4621582;-3.5317993
1521665504694;8.168953;-2.7780151;-3.5581055
1521665504701;8.133064;-2.536377;-3.1871948
1521665504714;7.355472;-1.9836426;-2.9934082
1521665504722;7.1807895;-1.6342773;-2.6846924
1521665504735;7.609134;-1.4093628;-2.2922974
1521665504742;8.532722;-2.1176147;-1.9597168
1521665504762;10.016123;-2.3234253;-1.9477539
1521665504773;9.822518;-2.2731323;-2.5459595
1521665504781;9.403573;-1.8328857;-2.2827148
1521665504793;8.353279;-0.87098694;-1.907074
1521665504801;7.625858;-0.23688889;-1.2035828
1521665504813;7.4967074;0.43788147;-0.63887024
1521665504821;7.568485;1.0360719;-0.33020782
1521665504835;8.209724;0.87098694;-0.32302856
1521665504841;9.111825;0.32302856;-0.5312042
1521665504864;9.415536;-2.2181396;-0.8494415
1521665504874;8.276619;-1.9884338;-0.81355286
1521665504881;7.59473;-1.3686829;-0.92840576
1521665504895;7.6043735;-0.7010956;-0.6628113
1521665504902;8.063728;-0.27278137;-1.1533203
1521665504914;8.683357;-0.08614159;-1.5744629
1521665504922;9.207528;0.0023927689;-1.7299805
1521665504934;9.123788;0.3062744;-1.8496399
1521665504941;8.7649;0.7585144;-1.8568115
1521665504962;8.606941;1.0001832;-1.3782654
1521665504975;9.174081;1.1700746;-0.7561188
1521665504981;9.891854;1.1700746;-0.7728729
1521665504995;10.370371;1.2801515;-0.63887024
1521665505001;10.719736;1.7084657;-0.40917206
1521665505015;10.45167;2.198975;-0.24645996
1521665505022;10.181406;2.4406743;-0.033498764
1521665505035;10.109629;2.438233;0.18185425
1521665505042;10.372812;2.1128545;0.2679901
1521665505062;10.65748;1.6199342;-0.19860077
1521665505074;10.478037;1.5529176;-0.5742645
1521665505081;10.267588;1.7634889;-0.59580994
1521665505094;9.980233;1.7204286;-0.3637085
1521665505101;9.96827;1.6175233;-0.3541336
1521665505114;9.973153;1.3351747;-0.4307022
1521665505121;9.762704;0.97865295;-0.5407715
1521665505134;9.511239;0.68434143;-0.85183716
1521665505141;9.415536;0.55513;-0.9427643
1521665505163;9.441903;0.15553284;-1.3686829
1521665505175;9.492196;-0.04067707;-1.3973999
1521665505181;9.509042;-0.19620895;-1.3591003
1521665505194;9.250497;-0.27516937;-1.435669
1521665505201;9.063973;-0.2153511;-1.5146484
1521665505214;8.996834;-0.2512436;-1.4667969
1521665505222;9.042245;-0.26320648;-1.5577087
1521665505235;8.994392;-0.29910278;-1.710846
1521665505241;9.011239;-0.34695435;-1.7252197
1521665505266;8.745613;-0.7393799;-1.9094543
1521665505275;8.55909;-0.82551575;-1.8280945
1521665505282;8.73365;-1.0025635;-1.7156372
1521665505295;9.025643;-1.414154;-1.7060547
1521665505302;9.252938;-1.80896;-1.7922058
1521665505315;8.944344;-1.9190369;-1.9692688
1521665505321;8.326912;-1.6558228;-2.1607056
1521665505335;7.779056;-1.4380798;-2.1080322
1521665505341;7.5229526;-1.4069519;-2.3952026
1521665505365;8.164314;-1.670166;-2.1750488
1521665505375;8.398689;-1.7730713;-2.5483398
1521665505382;8.623543;-1.9597168;-2.7995605
1521665505395;8.693123;-2.0601807;-2.852234
1521665505402;8.494392;-2.3760376;-2.782837
1521665505415;8.372322;-2.5483398;-2.6918945
1521665505421;7.960819;-2.562683;-2.6464233
1521665505435;7.783817;-2.7445068;-2.5291748
1521665505442;7.4464145;-2.9263916;-2.4573975
1521665505466;7.3913608;-3.390625;-2.859375
1521665505474;7.872318;-3.9385376;-2.5291748
1521665505481;7.9201694;-4.0653076;-2.6368408
1521665505494;7.886722;-4.321411;-3.4743652
1521665505502;7.7240024;-4.144287;-4.0198975
1521665505515;7.2071567;-3.8571777;-3.8476562
1521665505522;6.8051786;-3.6705322;-3.467163
1521665505535;6.4199247;-3.8667603;-3.3834229
1521665505542;6.707034;-4.498413;-3.4432373
1521665505562;7.0611606;-5.5081787;-3.5413208
1521665505575;7.2741733;-6.558716;-4.6516113
1521665505582;6.781253;-6.1829834;-4.5821533
1521665505596;5.7523217;-5.276123;-4.3692627
1521665505603;4.914797;-4.383545;-4.074951
1521665505616;4.522341;-4.048584;-4.094116
1521665505622;4.610964;-4.5893555;-3.921814
1521665505636;5.12781;-5.903076;-3.3690796
1521665505642;5.5225854;-7.11145;-3.1680908
1521665505662;5.5609155;-7.5947266;-4.106079
1521665505675;4.47925;-6.7596436;-4.5080566
1521665505682;3.7518928;-6.099243;-4.2926025
1521665505695;3.4216926;-5.903076;-4.429077
1521665505703;3.304444;-6.111206;-4.2735596
1521665505723;4.0581074;-7.874756;-5.206665
1521665505736;4.6276875;-9.001709;-4.553467
1521665505743;4.22571;-8.640381;-4.5631104
1521665505766;2.8426518;-7.0563965;-3.902649
1521665505775;1.4308778;-6.1398926;-4.237671
1521665505782;1.2921144;-6.8146973;-4.9172363
1521665505795;1.545746;-7.8029785;-5.3742676
1521665505802;1.9549257;-9.00415;-6.204468
1521665505815;2.6632085;-10.078369;-6.5251465
1521665505823;2.5626836;-9.858398;-6.489258
1521665505843;1.3710634;-7.640259;-5.4627686
1521665505866;0.09810448;-6.3529053;-3.644226
1521665505875;-0.5024872;-6.6280518;-3.8787231
1521665505882;-0.82551575;-7.0108643;-4.960205
1521665505895;-0.559906;-7.951294;-5.769043
1521665505903;0.009571075;-9.111816;-5.529785
1521665505915;0.3397751;-9.669189;-5.7475586
1521665505923;0.6173401;-9.635742;-5.8934326
1521665505936;0.5024872;-8.848633;-5.7785645
1521665505943;-0.062212944;-7.7574463;-5.5178223
1521665505965;-0.3924179;-7.4798584;-5.3479004
1521665505975;-0.52641296;-7.508667;-5.611084
1521665505983;-0.31345367;-8.066162;-6.0202637
1521665505996;-0.43549347;-8.018311;-6.3552246
1521665506003;-0.6675873;-8.202393;-6.3552246
1521665506016;-0.8326874;-8.542236;-6.1087646
1521665506023;-0.9690857;-8.642822;-6.388794
1521665506036;-0.77526855;-9.537598;-6.3791504
1521665506043;-0.62213135;-10.056885;-6.1326904
1521665506064;-1.3591003;-9.281738;-7.8149414
1521665506075;-1.7826233;-8.826904;-7.1568604
1521665506083;-2.1798096;-8.666748;-5.6397705
1521665506096;-2.720581;-8.92041;-5.7092285
1521665506103;-3.0436401;-9.832031;-6.281128
1521665506116;-2.9216309;-10.243652;-7.1640625
1521665506123;-2.5818481;-10.382324;-8.219238
1521665506136;-2.3832397;-10.470947;-8.867676
1521665506142;-2.2252808;-10.588135;-8.913086
1521665506165;-2.751709;-10.188477;-8.391602
1521665506175;-3.1393433;-10.40625;-7.635376
1521665506182;-3.5317993;-10.188477;-6.558716
1521665506195;-3.7614746;-10.121582;-6.5802
1521665506202;-3.7184448;-10.269775;-6.7333984
1521665506215;-3.182434;-10.265137;-7.0180664
1521665506223;-2.2037354;-10.140625;-9.111816
1521665506236;-1.8592224;-10.169434;-9.583252
1521665506242;-1.6366882;-10.389404;-9.052002
1521665506264;-1.7802429;-9.934814;-8.448975
1521665506276;-2.701477;-8.939453;-6.434204
1521665506282;-2.7373657;-9.193115;-5.8719482
1521665506296;-2.4621582;-9.49707;-5.534546
1521665506302;-1.6773682;-9.954102;-6.04895
1521665506315;-0.7704773;-10.253174;-7.3410645
1521665506322;-0.09331894;-10.336914;-8.314941
1521665506336;0.16749573;-9.808105;-8.946533
1521665506342;-0.007178426;-8.908447;-9.097412
1521665506363;-0.5862274;-8.233643;-7.312378
1521665506375;-0.8661957;-8.413086;-6.084839
1521665506382;-0.79919434;-8.826904;-5.319214
1521665506396;-0.33020782;-9.2265625;-5.034424
1521665506402;0.22731781;-9.281738;-5.4938965
1521665506415;0.98583984;-9.238525;-5.8216553
1521665506422;1.3399659;-8.80542;-5.941284
1521665506442;1.8711854;-8.049316;-6.553833
1521665506466;1.9931947;-7.257324;-4.663574
1521665506475;1.9668885;-6.831421;-4.15625
1521665506482;1.9405519;-6.453369;-4.0892334
1521665506496;2.2156987;-6.599365;-3.9505005
1521665506503;2.7158208;-7.2333984;-4.4074707
1521665506516;3.4408576;-7.793335;-5.1971436
1521665506523;4.125124;-8.214355;-5.553711
1521665506536;4.651613;-8.822266;-5.6015625
1521665506543;5.032107;-8.341309;-5.5393066
1521665506566;3.7567146;-5.26416;-4.321411
1521665506576;3.2039802;-4.4385986;-3.3642578
1521665506583;2.7780156;-3.9553223;-3.182434
1521665506596;2.9503179;-4.249634;-3.4887085
1521665506603;4.1586933;-5.1158447;-3.5461426
1521665506616;6.2858915;-7.376953;-3.2302856
1521665506623;7.9201694;-8.666748;-2.9575195
1521665506636;7.8651156;-7.1904297;-3.9050293
1521665506643;6.7716093;-5.0391846;-4.479248
1521665506662;5.824099;-3.3881836;-3.61792
1521665506676;5.41968;-1.5792542;-1.3806458
1521665506683;6.4820585;-1.631897;-1.5529175
1521665506696;8.27906;-3.2661743;-1.7419739
1521665506703;9.114266;-3.605957;-1.9381714
1521665506723;7.9321322;-2.359314;-2.1678467
1521665506743;5.955691;-1.2346802;-2.062561
1521665506762;6.142337;-1.138977;-2.3353882
1521665506767;6.884036;-1.7946167;-1.7036743
1521665506784;8.171394;-1.2322998;-0.2536316
1521665506803;7.570804;-0.30149078;-0.23688889
1521665506816;7.144901;-0.0023927689;-0.5359802
1521665506823;7.2622104;-0.15553284;-0.9236145
1521665506836;7.5229526;-0.9427643;-1.6127625
1521665506843;8.338875;-1.9908142;-2.0673828
1521665506863;9.322274;-2.828308;-1.6103516
1521665506876;8.503914;-1.6031799;-0.29910278
1521665506883;7.9273715;-0.7130585;-0.42352295
1521665506902;8.532722;0.21774673;-1.4620056
1521665506916;8.956306;0.3397751;-2.0290527
1521665506924;9.509042;0.14356613;-1.7132568
1521665506936;9.590341;-0.062212944;-1.0025635
1521665506943;9.631112;-0.16510391;-0.17467499
1521665506963;9.592782;-0.16510391;-0.007178426
1521665506983;9.516122;0.4785614;-0.32302856
1521665507003;9.4443445;0.71543884;-0.48095703
1521665507016;9.386971;0.65083313;-0.61016846
1521665507023;9.271981;0.5216217;-0.69151306
1521665507044;9.370126;0.19860077;-0.19620895
1521665507063;9.365487;0.23688889;-0.27038574
1521665507068;9.283944;0.26320648;-0.48574066
1521665507084;8.807869;0.23449326;-1.0719604
1521665507103;8.999275;-0.122032166;-0.279953
1521665507116;8.946541;-0.17228317;-0.32541656
1521665507124;9.688485;-0.5144501;-0.62213135
1521665507145;9.604745;-0.35652924;-0.3660965
1521665507163;9.353524;-0.09331894;-0.8207245
1521665507168;9.138192;0.16270828;-0.8614044
1521665507185;8.834236;0.62690735;-0.51924133
1521665507205;8.709724;0.58384705;-0.46420288
1521665507225;9.181161;-0.16031647;-0.4665985
1521665507243;9.415536;-0.67715454;-0.72262573
1521665507263;9.140389;-0.5024872;-0.97865295
1521665507268;8.69532;-0.13160324;-1.2011719
1521665507284;7.613895;0.6963043;-1.119812
1521665507304;7.7000766;0.7896271;-1.2107544
1521665507323;9.104501;-1.1030884;0.46420288
1521665507343;9.052011;-1.6294861;-0.8326874
1521665507363;7.960819;-0.35173798;-2.5961914
1521665507368;7.305179;0.5312042;-2.6536255
1521665507384;7.362674;1.9788514;-2.5411377
1521665507404;9.592782;-0.30867004;0.9690857
1521665507424;9.592782;-2.7540894;0.52641296
1521665507443;7.4392123;-3.7567139;-0.10767555
1521665507463;6.4438505;-3.3116455;-1.081543
1521665507468;6.7668486;-3.0962524;-1.6271057
1521665507484;8.724129;-1.3232117;0.5934143
1521665507504;8.511238;0.8207245;0.2656021
1521665507524;6.903201;0.8829498;-0.6077728
1521665507544;8.257576;-3.5772095;0.78723145
1521665507565;9.776864;-5.6589355;0.90927124
1521665507569;10.253183;-6.1757812;-0.04785633
1521665507584;9.317636;-0.6053772;-1.866394
1521665507604;8.673836;2.153504;-2.3497314
1521665507624;10.480478;-1.7922058;0.06699753
1521665507644;11.135997;-5.984375;1.0336915
1521665507663;10.037851;-6.730957;0.5168457
1521665507667;8.846199;-6.2834473;0.122032166
1521665507683;7.410526;-3.2063599;-1.7778625
1521665507704;8.044441;1.162903;-2.6033325
1521665507724;8.894051;0.7010956;2.4167485
1521665507744;8.470467;-2.4813232;2.5770268
1521665507764;8.798347;-4.6132812;1.6486512
1521665507769;9.817636;-6.218872;1.3782655
1521665507784;11.047618;-7.927368;2.5100713
1521665507804;9.312753;-1.739563;-0.8422699
1521665507824;9.317636;0.47616577;1.19162
1521665507844;9.111825;-0.0023927689;2.7062383
1521665507864;10.128672;-2.2564087;4.5631123
1521665507869;11.138438;-4.737671;5.3598657
1521665507884;10.963877;-6.384033;2.7875981
1521665507905;10.279551;-4.869385;1.0432435
1521665507925;10.133554;-3.0603638;1.5912172
1521665507945;10.49;-2.9407349;2.1583257
1521665507965;10.593027;-4.756836;2.572266
1521665507970;10.994883;-6.5203857;3.550904
1521665507985;10.513926;-9.38208;4.364504
1521665508005;9.360604;-6.7644043;0.7513428
1521665508025;10.301035;-3.7088623;3.3906257
1521665508044;9.028085;-1.4691772;5.740359
1521665508065;8.606941;-2.3305664;5.4340844
1521665508070;8.616463;-4.0581055;3.7160041
1521665508085;7.625858;-4.3286133;2.6081548
1521665508104;6.850589;-3.0891113;4.771242
1521665508124;5.886233;-2.309021;7.721561
1521665508144;5.577639;-1.6797485;8.987312
1521665508163;6.845828;-2.0697632;8.635506
1521665508167;9.080575;-3.4552002;8.673836
1521665508185;10.028086;-4.249634;2.7948003
1521665508204;9.942147;-5.54895;5.230593
1521665508224;7.3267856;-4.4123535;6.826663
1521665508244;4.776003;-3.0795288;5.685305
1521665508264;6.7214384;-3.6801147;5.216311
1521665508267;7.975223;-3.706482;5.04407
1521665508284;8.48951;-2.6990967;4.0007343
1521665508304;7.324344;-1.9214172;4.7735615
1521665508325;6.517947;-2.4310913;4.366823
1521665508346;7.1688266;-3.2230835;4.5128193
1521665508365;7.664188;-3.5509033;4.524782
1521665508367;8.171394;-3.5532837;3.7758186
1521665508384;8.200203;-2.6464233;4.0007343
1521665508405;8.228767;-1.8879089;4.953127
1521665508425;7.8436313;-2.270752;5.0105004
1521665508444;7.570804;-3.125;4.776003
1521665508464;7.982425;-3.3283691;4.067751
1521665508469;8.293465;-3.0269165;4.208864
1521665508485;7.7957797;-2.5961914;4.7856464
1521665508505;7.575565;-3.4073486;5.254641
1521665508525;7.690433;-2.7277832;5.70447
1521665508545;8.260017;-0.97387695;4.960207
1521665508572;8.2480545;-0.33259583;5.0750756
1521665508592;8.063728;0.014356852;5.5417504
1521665508604;7.1065707;0.0885334;6.3313017
1521665508612;6.781253;-0.122032166;6.345706
1521665508626;6.1590605;-1.3710632;8.446541
1521665508628;6.125613;-1.6917114;9.276864
