1521665105403;-6.9;15.0;0.6;-2.4;21.6;-20.800001
1521665105423;-6.9;15.0;0.7;-2.4;21.6;-20.800001
1521665105432;-6.9;15.0;0.8;-2.4;21.6;-20.800001
1521665105443;-7.0;15.1;0.8;-2.4;21.6;-20.800001
1521665105452;-7.1;15.1;0.8;-2.4;21.6;-20.800001
1521665105464;-7.2000003;15.1;0.8;-2.4;21.6;-20.800001
1521665105472;-7.2000003;15.2;0.8;-2.4;21.6;-20.800001
1521665105483;-7.3;15.3;0.90000004;-2.4;21.6;-20.800001
1521665105503;-7.4;15.3;0.90000004;-2.4;21.6;-20.800001
1521665105513;-7.4;15.3;1.0;-2.4;21.6;-20.800001
1521665105532;-7.4;15.3;1.1;-2.4;21.6;-20.800001
1521665105544;-7.4;15.3;1.0;-2.4;21.6;-20.800001
1521665105564;-7.4;15.3;1.1;-2.4;21.6;-20.800001
1521665105574;-7.5;15.400001;1.2;-2.4;21.6;-20.800001
1521665105624;-7.5;15.5;1.2;-2.4;21.6;-20.800001
1521665105632;-7.5;15.400001;1.2;-2.4;21.6;-20.800001
1521665105644;-7.4;15.400001;1.2;-2.4;21.6;-20.800001
1521665105673;-7.4;15.5;1.2;-2.4;21.6;-20.800001
1521665105683;-7.5;15.5;1.3000001;-2.4;21.6;-20.800001
1521665105704;-7.4;15.5;1.4;-2.4;21.6;-20.800001
1521665105733;-7.5;15.5;1.4;-2.4;21.6;-20.800001
1521665105744;-7.5;15.6;1.5;-2.4;21.6;-20.800001
1521665105753;-7.5;15.5;1.4;-2.4;21.6;-20.800001
1521665105764;-7.4;15.5;1.5;-2.4;21.6;-20.800001
1521665105774;-7.4;15.5;1.6;-2.4;21.6;-20.800001
1521665105784;-7.5;15.6;1.6;-2.4;21.6;-20.800001
1521665105833;-7.6;15.6;1.4;-2.4;21.6;-20.800001
1521665105863;-7.6;15.7;1.4;-2.4;21.6;-20.800001
1521665105872;-7.7000003;15.7;1.4;-2.4;21.6;-20.800001
1521665105884;-7.7000003;15.7;1.5;-2.4;21.6;-20.800001
1521665105893;-7.8;15.8;1.5;-2.4;21.6;-20.800001
1521665105903;-7.8;15.8;1.6;-2.4;21.6;-20.800001
1521665105913;-7.9;15.900001;1.7;-2.4;21.6;-20.800001
1521665105924;-7.9;16.0;1.7;-2.4;21.6;-20.800001
1521665105933;-8.0;16.0;1.8000001;-2.4;21.6;-20.800001
1521665105953;-8.1;16.2;1.9;-2.4;21.6;-20.800001
1521665105964;-8.2;16.2;2.0;-2.4;21.6;-20.800001
1521665105993;-8.3;16.300001;2.0;-2.4;21.6;-20.800001
1521665106014;-8.400001;16.4;2.1000001;-2.4;21.6;-20.800001
1521665106033;-8.400001;16.5;2.2;-2.4;21.6;-20.800001
1521665106043;-8.5;16.6;2.3;-2.4;21.6;-20.800001
1521665106053;-8.5;16.6;2.4;-2.4;21.6;-20.800001
1521665106064;-8.6;16.7;2.4;-2.4;21.6;-20.800001
1521665106083;-8.6;16.7;2.5;-2.4;21.6;-20.800001
1521665106104;-8.7;16.800001;2.6000001;-2.4;21.6;-20.800001
1521665106112;-8.7;16.9;2.7;-2.4;21.6;-20.800001
1521665106133;-8.8;17.0;3.0;-2.4;21.6;-20.800001
1521665106144;-8.8;17.1;3.0;-2.4;21.6;-20.800001
1521665106152;-8.8;17.1;3.1000001;-2.4;21.6;-20.800001
1521665106204;-8.8;17.1;3.2;-2.4;21.6;-20.800001
1521665106212;-8.7;17.0;3.1000001;-2.4;21.6;-20.800001
1521665106225;-8.7;17.0;3.2;-2.4;21.6;-20.800001
1521665106243;-8.7;17.1;3.3;-2.4;21.6;-20.800001
1521665106252;-8.7;17.0;3.3;-2.4;21.6;-20.800001
1521665106264;-8.7;17.0;3.2;-2.4;21.6;-20.800001
1521665106273;-8.6;17.0;3.2;-2.4;21.6;-20.800001
1521665106294;-8.5;17.0;3.2;-2.4;21.6;-20.800001
1521665106313;-8.5;17.0;3.3;-2.4;21.6;-20.800001
1521665106324;-8.400001;17.0;3.3;-2.4;21.6;-20.800001
1521665106384;-8.3;17.0;3.2;-2.4;21.6;-20.800001
1521665106403;-8.2;17.0;3.1000001;-2.4;21.6;-20.800001
1521665106433;-8.1;17.0;3.1000001;-2.4;21.6;-20.800001
1521665106463;-8.0;17.0;3.1000001;-2.4;21.6;-20.800001
1521665106473;-8.0;17.0;3.2;-2.4;21.6;-20.800001
1521665106553;-7.7000003;17.0;3.1000001;-2.4;21.6;-20.800001
1521665106573;-7.6;17.0;3.2;-2.4;21.6;-20.800001
1521665106584;-7.6;17.1;3.1000001;-2.4;21.6;-20.800001
1521665106593;-7.6;17.1;3.2;-2.4;21.6;-20.800001
1521665106633;-7.5;17.1;3.2;-2.4;21.6;-20.800001
1521665106684;-7.4;17.1;3.2;-2.4;21.6;-20.800001
1521665106697;-7.4;17.1;3.1000001;-2.4;21.6;-20.800001
1521665106713;-7.3;17.1;3.2;-2.4;21.6;-20.800001
1521665106724;-7.3;17.1;3.3;-2.4;21.6;-20.800001
1521665106732;-7.3;17.1;3.2;-2.4;21.6;-20.800001
1521665106744;-7.3;17.1;3.3;-2.4;21.6;-20.800001
1521665106753;-7.3;17.2;3.3;-2.4;21.6;-20.800001
1521665106793;-7.2000003;17.2;3.4;-2.4;21.6;-20.800001
1521665106804;-7.2000003;17.2;3.3;-2.4;21.6;-20.800001
1521665106813;-7.2000003;17.300001;3.3;-2.4;21.6;-20.800001
1521665106824;-7.1;17.2;3.3;-2.4;21.6;-20.800001
1521665106833;-7.1;17.2;3.2;-2.4;21.6;-20.800001
1521665106852;-7.0;17.1;3.2;-2.4;21.6;-20.800001
1521665106865;-6.9;17.0;3.1000001;-2.4;21.6;-20.800001
1521665106872;-6.8;17.0;3.1000001;-2.4;21.6;-20.800001
1521665106884;-6.7000003;16.9;3.1000001;-2.4;21.6;-20.800001
1521665106903;-6.6;16.9;3.0;-2.4;21.6;-20.800001
1521665106913;-6.5;16.800001;3.0;-2.4;21.6;-20.800001
1521665106924;-6.4;16.800001;2.9;-2.4;21.6;-20.800001
1521665106953;-6.3;16.7;2.8;-2.4;21.6;-20.800001
1521665106964;-6.2000003;16.7;2.7;-2.4;21.6;-20.800001
1521665106974;-6.1;16.6;2.7;-2.4;21.6;-20.800001
1521665106995;-6.0;16.5;2.6000001;-2.4;21.6;-20.800001
1521665107013;-5.9;16.5;2.5;-2.4;21.6;-20.800001
1521665107033;-5.8;16.4;2.3;-2.4;21.6;-20.800001
1521665107044;-5.8;16.300001;2.2;-2.4;21.6;-20.800001
1521665107053;-5.7000003;16.300001;2.2;-2.4;21.6;-20.800001
1521665107064;-5.6;16.2;2.1000001;-2.4;21.6;-20.800001
1521665107073;-5.5;16.2;2.0;-2.4;21.6;-20.800001
1521665107084;-5.5;16.2;1.9;-2.4;21.6;-20.800001
1521665107094;-5.5;16.1;1.8000001;-2.4;21.6;-20.800001
1521665107114;-5.4;16.0;1.8000001;-2.4;21.6;-20.800001
1521665107134;-5.4;16.0;1.7;-2.4;21.6;-20.800001
1521665107144;-5.4;16.1;1.6;-2.4;21.6;-20.800001
1521665107173;-5.5;16.1;1.6;-2.4;21.6;-20.800001
1521665107193;-5.5;16.2;1.5;-2.4;21.6;-20.800001
1521665107213;-5.4;16.1;1.5;-2.4;21.6;-20.800001
1521665107233;-5.5;16.1;1.5;-2.4;21.6;-20.800001
1521665107244;-5.4;16.1;1.5;-2.4;21.6;-20.800001
1521665107256;-5.5;16.1;1.5;-2.4;21.6;-20.800001
1521665107287;-5.5;16.2;1.5;-2.4;21.6;-20.800001
1521665107305;-5.5;16.2;1.4;-2.4;21.6;-20.800001
1521665107314;-5.5;16.300001;1.5;-2.4;21.6;-20.800001
1521665107326;-5.6;16.300001;1.5;-2.4;21.6;-20.800001
1521665107334;-5.6;16.300001;1.6;-2.4;21.6;-20.800001
1521665107404;-5.8;16.4;1.7;-2.4;21.6;-20.800001
1521665107444;-5.9;16.4;1.8000001;-2.4;21.6;-20.800001
1521665107453;-5.9;16.4;1.7;-2.4;21.6;-20.800001
1521665107464;-5.9;16.5;1.8000001;-2.4;21.6;-20.800001
1521665107484;-6.0;16.5;1.7;-2.4;21.6;-20.800001
1521665107494;-6.0;16.5;1.8000001;-2.4;21.6;-20.800001
1521665107514;-6.1;16.5;1.8000001;-2.4;21.6;-20.800001
1521665107525;-6.2000003;16.6;1.8000001;-2.4;21.6;-20.800001
1521665107545;-6.2000003;16.6;1.9;-2.4;21.6;-20.800001
1521665107554;-6.2000003;16.6;1.8000001;-2.4;21.6;-20.800001
1521665107571;-6.3;16.6;1.8000001;-2.4;21.6;-20.800001
1521665107604;-6.4;16.6;1.8000001;-2.4;21.6;-20.800001
1521665107613;-6.4;16.6;1.7;-2.4;21.6;-20.800001
1521665107633;-6.5;16.6;1.6;-2.4;21.6;-20.800001
1521665107673;-6.5;16.5;1.5;-2.4;21.6;-20.800001
1521665107713;-6.5;16.4;1.4;-2.4;21.6;-20.800001
1521665107733;-6.6;16.5;1.6;-2.4;21.6;-20.800001
1521665107754;-6.6;16.4;1.5;-2.4;21.6;-20.800001
1521665107765;-6.6;16.4;1.6;-2.4;21.6;-20.800001
1521665107795;-6.6;16.4;1.5;-2.4;21.6;-20.800001
1521665107813;-6.6;16.300001;1.5;-2.4;21.6;-20.800001
1521665107832;-6.5;16.2;1.4;-2.4;21.6;-20.800001
1521665107865;-6.5;16.1;1.4;-2.4;21.6;-20.800001
1521665107874;-6.6;16.1;1.4;-2.4;21.6;-20.800001
1521665107887;-6.6;16.1;1.5;-2.4;21.6;-20.800001
1521665107925;-6.6;16.1;1.6;-2.4;21.6;-20.800001
1521665107953;-6.7000003;16.2;1.6;-2.4;21.6;-20.800001
1521665107993;-6.7000003;16.2;1.5;-2.4;21.6;-20.800001
1521665108015;-6.7000003;16.2;1.6;-2.4;21.6;-20.800001
1521665108037;-6.7000003;16.2;1.5;-2.4;21.6;-20.800001
1521665108064;-6.7000003;16.2;1.4;-2.4;21.6;-20.800001
1521665108084;-6.7000003;16.2;1.5;-2.4;21.6;-20.800001
1521665108094;-6.7000003;16.2;1.4;-2.4;21.6;-20.800001
1521665108135;-6.8;16.300001;1.4;-2.4;21.6;-20.800001
1521665108148;-6.8;16.4;1.4;-2.4;21.6;-20.800001
1521665108166;-6.8;16.4;1.3000001;-2.4;21.6;-20.800001
1521665108185;-6.8;16.5;1.3000001;-2.4;21.6;-20.800001
1521665108195;-6.8;16.5;1.2;-2.4;21.6;-20.800001
1521665108246;-6.8;16.6;1.3000001;-2.4;21.6;-20.800001
1521665108273;-6.8;16.7;1.3000001;-2.4;21.6;-20.800001
1521665108293;-6.8;16.800001;1.4;-2.4;21.6;-20.800001
1521665108304;-6.7000003;16.9;1.4;-2.4;21.6;-20.800001
1521665108324;-6.7000003;16.9;1.5;-2.4;21.6;-20.800001
1521665108335;-6.8;17.1;1.5;-2.4;21.6;-20.800001
1521665108345;-6.8;17.2;1.6;-2.4;21.6;-20.800001
1521665108404;-6.8;17.6;1.6;-2.4;21.6;-20.800001
1521665108412;-6.8;17.7;1.6;-2.4;21.6;-20.800001
1521665108432;-6.7000003;17.7;1.6;-2.4;21.6;-20.800001
1521665108444;-6.8;17.9;1.8000001;-2.4;21.6;-20.800001
1521665108464;-6.8;18.0;1.9;-2.4;21.6;-20.800001
1521665108473;-6.8;18.0;2.0;-2.4;21.6;-20.800001
1521665108484;-6.7000003;18.1;2.0;-2.4;21.6;-20.800001
1521665108493;-6.7000003;18.1;2.1000001;-2.4;21.6;-20.800001
1521665108504;-6.7000003;18.2;2.1000001;-2.4;21.6;-20.800001
1521665108513;-6.7000003;18.300001;2.1000001;-2.4;21.6;-20.800001
1521665108534;-6.6;18.4;2.1000001;-2.4;21.6;-20.800001
1521665108555;-6.7000003;18.6;2.2;-2.4;21.6;-20.800001
1521665108565;-6.6;18.6;2.2;-2.4;21.6;-20.800001
1521665108593;-6.6;18.7;2.2;-2.4;21.6;-20.800001
1521665108604;-6.6;18.800001;2.1000001;-2.4;21.6;-20.800001
1521665108613;-6.6;18.800001;2.2;-2.4;21.6;-20.800001
1521665108624;-6.6;18.9;2.2;-2.4;21.6;-20.800001
1521665108633;-6.5;18.800001;2.1000001;-2.4;21.6;-20.800001
1521665108644;-6.4;18.800001;2.1000001;-2.4;21.6;-20.800001
1521665108653;-6.5;18.800001;2.2;-2.4;21.6;-20.800001
1521665108673;-6.5;18.9;2.2;-2.4;21.6;-20.800001
1521665108693;-6.5;18.9;2.3;-2.4;21.6;-20.800001
1521665108713;-6.5;18.9;2.2;-2.4;21.6;-20.800001
1521665108724;-6.5;18.9;2.3;-2.4;21.6;-20.800001
1521665108744;-6.5;18.800001;2.2;-2.4;21.6;-20.800001
1521665108773;-6.5;18.800001;2.1000001;-2.4;21.6;-20.800001
1521665108788;-6.5;18.800001;2.2;-2.4;21.6;-20.800001
1521665108794;-6.5;18.7;2.2;-2.4;21.6;-20.800001
1521665108833;-6.5;18.7;2.3;-2.4;21.6;-20.800001
1521665108845;-6.5;18.6;2.3;-2.4;21.6;-20.800001
1521665108858;-6.5;18.6;2.2;-2.4;21.6;-20.800001
1521665108873;-6.5;18.5;2.2;-2.4;21.6;-20.800001
1521665108884;-6.6;18.5;2.2;-2.4;21.6;-20.800001
1521665108904;-6.6;18.5;2.3;-2.4;21.6;-20.800001
1521665108913;-6.6;18.4;2.2;-2.4;21.6;-20.800001
1521665108953;-6.6;18.300001;2.1000001;-2.4;21.6;-20.800001
1521665108972;-6.6;18.2;2.0;-2.4;21.6;-20.800001
1521665108990;-6.7000003;18.2;2.0;-2.4;21.6;-20.800001
1521665109004;-6.7000003;18.2;1.9;-2.4;21.6;-20.800001
1521665109033;-6.7000003;18.1;2.0;-2.4;21.6;-20.800001
1521665109053;-6.7000003;18.1;2.1000001;-2.4;21.6;-20.800001
1521665109063;-6.7000003;18.1;2.0;-2.4;21.6;-20.800001
1521665109072;-6.7000003;18.1;2.1000001;-2.4;21.6;-20.800001
1521665109083;-6.7000003;18.1;2.0;-2.4;21.6;-20.800001
1521665109104;-6.7000003;18.1;1.9;-2.4;21.6;-20.800001
1521665109113;-6.8;18.1;1.8000001;-2.4;21.6;-20.800001
1521665109124;-6.8;18.1;1.7;-2.4;21.6;-20.800001
1521665109153;-6.8;18.0;1.6;-2.4;21.6;-20.800001
1521665109184;-6.9;18.0;1.6;-2.4;21.6;-20.800001
1521665109234;-6.9;18.0;1.7;-2.4;21.6;-20.800001
1521665109254;-6.9;18.0;1.6;-2.4;21.6;-20.800001
1521665109273;-7.0;18.1;1.8000001;-2.4;21.6;-20.800001
1521665109305;-7.0;18.1;1.9;-2.4;21.6;-20.800001
1521665109325;-7.0;18.1;1.8000001;-2.4;21.6;-20.800001
1521665109393;-7.0;18.1;1.9;-2.4;21.6;-20.800001
1521665109424;-7.0;18.1;2.0;-2.4;21.6;-20.800001
1521665109443;-7.0;18.1;1.9;-2.4;21.6;-20.800001
1521665109473;-6.9;18.1;2.0;-2.4;21.6;-20.800001
1521665109485;-6.9;18.0;2.0;-2.4;21.6;-20.800001
1521665109504;-6.9;18.0;1.9;-2.4;21.6;-20.800001
1521665109544;-6.9;18.0;1.8000001;-2.4;21.6;-20.800001
1521665109564;-6.8;17.9;1.8000001;-2.4;21.6;-20.800001
1521665109604;-6.8;17.9;1.7;-2.4;21.6;-20.800001
1521665109633;-6.8;17.800001;1.7;-2.4;21.6;-20.800001
1521665109673;-6.7000003;17.7;1.6;-2.4;21.6;-20.800001
1521665109693;-6.7000003;17.7;1.7;-2.4;21.6;-20.800001
1521665109704;-6.7000003;17.6;1.7;-2.4;21.6;-20.800001
1521665109715;-6.7000003;17.6;1.6;-2.4;21.6;-20.800001
1521665109735;-6.6;17.6;1.7;-2.4;21.6;-20.800001
1521665109765;-6.7000003;17.6;1.6;-2.4;21.6;-20.800001
1521665109775;-6.7000003;17.6;1.5;-2.4;21.6;-20.800001
1521665109786;-6.6;17.6;1.5;-2.4;21.6;-20.800001
1521665109814;-6.6;17.5;1.6;-2.4;21.6;-20.800001
1521665109833;-6.6;17.5;1.5;-2.4;21.6;-20.800001
1521665109845;-6.6;17.5;1.7;-2.4;21.6;-20.800001
1521665109856;-6.6;17.5;1.6;-2.4;21.6;-20.800001
1521665109884;-6.7000003;17.5;1.7;-2.4;21.6;-20.800001
1521665109893;-6.6;17.5;1.7;-2.4;21.6;-20.800001
1521665109904;-6.7000003;17.4;1.6;-2.4;21.6;-20.800001
1521665109964;-6.7000003;17.300001;1.6;-2.4;21.6;-20.800001
1521665109984;-6.8;17.4;1.6;-2.4;21.6;-20.800001
1521665110044;-6.8;17.4;1.5;-2.4;21.6;-20.800001
1521665110054;-6.7000003;17.4;1.6;-2.4;21.6;-20.800001
1521665110073;-6.7000003;17.300001;1.6;-2.4;21.6;-20.800001
1521665110084;-6.7000003;17.4;1.6;-2.4;21.6;-20.800001
1521665110124;-6.7000003;17.4;1.7;-2.4;21.6;-20.800001
1521665110133;-6.7000003;17.4;1.8000001;-2.4;21.6;-20.800001
1521665110144;-6.7000003;17.5;1.7;-2.4;21.6;-20.800001
1521665110153;-6.7000003;17.5;1.8000001;-2.4;21.6;-20.800001
1521665110164;-6.7000003;17.6;1.7;-2.4;21.6;-20.800001
1521665110175;-6.6;17.5;1.6;-2.4;21.6;-20.800001
1521665110187;-6.7000003;17.6;1.6;-2.4;21.6;-20.800001
1521665110194;-6.7000003;17.6;1.7;-2.4;21.6;-20.800001
1521665110206;-6.6;17.7;1.7;-2.4;21.6;-20.800001
1521665110233;-6.5;17.800001;1.6;-2.4;21.6;-20.800001
1521665110246;-6.6;17.800001;1.7;-2.4;21.6;-20.800001
1521665110255;-6.6;17.9;1.6;-2.4;21.6;-20.800001
1521665110274;-6.5;17.9;1.6;-2.4;21.6;-20.800001
1521665110285;-6.5;18.0;1.6;-2.4;21.6;-20.800001
1521665110294;-6.6;18.0;1.7;-2.4;21.6;-20.800001
1521665110315;-6.6;18.1;1.8000001;-2.4;21.6;-20.800001
1521665110327;-6.6;18.1;1.7;-2.4;21.6;-20.800001
1521665110404;-6.5;18.1;1.7;-2.4;21.6;-20.800001
1521665110433;-6.4;18.1;1.7;-2.4;21.6;-20.800001
1521665110473;-6.5;18.1;1.7;-2.4;21.6;-20.800001
1521665110484;-6.4;18.0;1.7;-2.4;21.6;-20.800001
1521665110493;-6.4;18.1;1.7;-2.4;21.6;-20.800001
1521665110504;-6.5;18.0;1.7;-2.4;21.6;-20.800001
1521665110589;-6.4;17.9;1.6;-2.4;21.6;-20.800001
1521665110613;-6.4;17.9;1.7;-2.4;21.6;-20.800001
1521665110624;-6.3;17.9;1.7;-2.4;21.6;-20.800001
1521665110644;-6.4;17.9;1.7;-2.4;21.6;-20.800001
1521665110655;-6.4;17.9;1.8000001;-2.4;21.6;-20.800001
1521665110693;-6.5;17.9;1.8000001;-2.4;21.6;-20.800001
1521665110715;-6.6;17.9;1.9;-2.4;21.6;-20.800001
1521665110727;-6.6;17.9;1.8000001;-2.4;21.6;-20.800001
1521665110753;-6.6;17.800001;1.8000001;-2.4;21.6;-20.800001
1521665110813;-6.6;17.7;1.7;-2.4;21.6;-20.800001
1521665110833;-6.5;17.7;1.8000001;-2.4;21.6;-20.800001
1521665110893;-6.6;17.6;1.7;-2.4;21.6;-20.800001
1521665110924;-6.6;17.6;1.6;-2.4;21.6;-20.800001
1521665110954;-6.5;17.6;1.6;-2.4;21.6;-20.800001
1521665110999;-6.5;17.5;1.5;-2.4;21.6;-20.800001
1521665111015;-6.5;17.5;1.4;-2.4;21.6;-20.800001
1521665111028;-6.5;17.5;1.5;-2.4;21.6;-20.800001
1521665111037;-6.5;17.6;1.5;-2.4;21.6;-20.800001
1521665111053;-6.4;17.5;1.5;-2.4;21.6;-20.800001
1521665111073;-6.5;17.5;1.5;-2.4;21.6;-20.800001
1521665111093;-6.5;17.5;1.6;-2.4;21.6;-20.800001
1521665111106;-6.5;17.6;1.7;-2.4;21.6;-20.800001
1521665111128;-6.6;17.5;1.7;-2.4;21.6;-20.800001
1521665111166;-6.6;17.5;1.8000001;-2.4;21.6;-20.800001
1521665111195;-6.5;17.5;1.7;-2.4;21.6;-20.800001
1521665111205;-6.6;17.5;1.7;-2.4;21.6;-20.800001
1521665111215;-6.5;17.5;1.7;-2.4;21.6;-20.800001
1521665111236;-6.6;17.4;1.7;-2.4;21.6;-20.800001
1521665111246;-6.6;17.4;1.6;-2.4;21.6;-20.800001
1521665111304;-6.6;17.4;1.7;-2.4;21.6;-20.800001
1521665111347;-6.7000003;17.4;1.7;-2.4;21.6;-20.800001
1521665111355;-6.7000003;17.4;1.6;-2.4;21.6;-20.800001
1521665111393;-6.6;17.4;1.5;-2.4;21.6;-20.800001
1521665111413;-6.6;17.4;1.4;-2.4;21.6;-20.800001
1521665111425;-6.5;17.4;1.4;-2.4;21.6;-20.800001
1521665111444;-6.5;17.300001;1.3000001;-2.4;21.6;-20.800001
1521665111493;-6.5;17.300001;1.4;-2.4;21.6;-20.800001
1521665111548;-6.4;17.300001;1.5;-2.4;21.6;-20.800001
1521665111603;-6.4;17.300001;1.4;-2.4;21.6;-20.800001
1521665111633;-6.4;17.300001;1.5;-2.4;21.6;-20.800001
1521665111734;-6.4;17.300001;1.4;-2.4;21.6;-20.800001
1521665111747;-6.4;17.300001;1.5;-2.4;21.6;-20.800001
1521665111756;-6.4;17.300001;1.4;-2.4;21.6;-20.800001
1521665111768;-6.4;17.300001;1.5;-2.4;21.6;-20.800001
1521665111775;-6.5;17.4;1.5;-2.4;21.6;-20.800001
1521665111794;-6.4;17.4;1.5;-2.4;21.6;-20.800001
1521665111813;-6.4;17.300001;1.4;-2.4;21.6;-20.800001
1521665111824;-6.5;17.4;1.5;-2.4;21.6;-20.800001
1521665111854;-6.5;17.4;1.4;-2.4;21.6;-20.800001
1521665111864;-6.5;17.300001;1.4;-2.4;21.6;-20.800001
1521665111874;-6.5;17.300001;1.3000001;-2.4;21.6;-20.800001
1521665111913;-6.5;17.300001;1.2;-2.4;21.6;-20.800001
1521665111934;-6.5;17.2;1.1;-2.4;21.6;-20.800001
1521665111954;-6.6;17.2;1.1;-2.4;21.6;-20.800001
1521665111974;-6.5;17.2;1.0;-2.4;21.6;-20.800001
1521665111993;-6.5;17.2;1.1;-2.4;21.6;-20.800001
1521665112014;-6.5;17.2;1.2;-2.4;21.6;-20.800001
1521665112024;-6.6;17.2;1.3000001;-2.4;21.6;-20.800001
1521665112066;-6.6;17.1;1.2;-2.4;21.6;-20.800001
1521665112074;-6.6;17.2;1.2;-2.4;21.6;-20.800001
1521665112085;-6.6;17.2;1.1;-2.4;21.6;-20.800001
1521665112095;-6.6;17.2;1.2;-2.4;21.6;-20.800001
1521665112108;-6.7000003;17.2;1.2;-2.4;21.6;-20.800001
1521665112125;-6.7000003;17.2;1.3000001;-2.4;21.6;-20.800001
1521665112134;-6.6;17.2;1.3000001;-2.4;21.6;-20.800001
1521665112197;-6.7000003;17.2;1.4;-2.4;21.6;-20.800001
1521665112213;-6.6;17.2;1.4;-2.4;21.6;-20.800001
1521665112233;-6.6;17.300001;1.6;-2.4;21.6;-20.800001
1521665112244;-6.6;17.300001;1.5;-2.4;21.6;-20.800001
1521665112264;-6.6;17.300001;1.4;-2.4;21.6;-20.800001
1521665112277;-6.5;17.300001;1.5;-2.4;21.6;-20.800001
1521665112306;-6.4;17.300001;1.5;-2.4;21.6;-20.800001
1521665112324;-6.2000003;17.300001;1.4;-2.4;21.6;-20.800001
1521665112333;-6.2000003;17.300001;1.5;-2.4;21.6;-20.800001
1521665112343;-6.1;17.4;1.6;-2.4;21.6;-20.800001
1521665112353;-6.0;17.4;1.6;-2.4;21.6;-20.800001
1521665112404;-5.6;17.6;1.7;-2.4;21.6;-20.800001
1521665112412;-5.5;17.6;1.6;-2.4;21.6;-20.800001
1521665112424;-5.4;17.6;1.5;-2.4;21.6;-20.800001
1521665112432;-5.4;17.7;1.5;-2.4;21.6;-20.800001
1521665112443;-5.3;17.7;1.6;-2.4;21.6;-20.800001
1521665112452;-5.3;17.800001;1.6;-2.4;21.6;-20.800001
1521665112464;-5.2000003;17.800001;1.7;-2.4;21.6;-20.800001
1521665112473;-5.1;17.9;1.7;-2.4;21.6;-20.800001
1521665112483;-5.1;17.9;1.8000001;-2.4;21.6;-20.800001
1521665112494;-5.0;17.9;1.8000001;-2.4;21.6;-20.800001
1521665112513;-4.8;18.0;1.8000001;-2.4;21.6;-20.800001
1521665112533;-4.7000003;18.0;1.8000001;-2.4;21.6;-20.800001
1521665112553;-4.6;18.1;2.0;-2.4;21.6;-20.800001
1521665112590;-4.6;18.2;1.9;-2.4;21.6;-20.800001
1521665112604;-4.7000003;18.2;2.0;-2.4;21.6;-20.800001
1521665112624;-4.8;18.2;2.0;-2.4;21.6;-20.800001
1521665112633;-4.8;18.1;1.9;-2.4;21.6;-20.800001
1521665112644;-4.9;18.2;1.9;-2.4;21.6;-20.800001
1521665112654;-5.0;18.2;1.8000001;-2.4;21.6;-20.800001
1521665112668;-5.1;18.2;1.9;-2.4;21.6;-20.800001
1521665112675;-5.2000003;18.1;1.8000001;-2.4;21.6;-20.800001
1521665112685;-5.3;18.1;1.8000001;-2.4;21.6;-20.800001
1521665112696;-5.4;18.1;1.8000001;-2.4;21.6;-20.800001
1521665112705;-5.4;18.0;1.8000001;-2.4;21.6;-20.800001
1521665112715;-5.5;18.0;1.9;-2.4;21.6;-20.800001
1521665112729;-5.6;17.9;1.9;-2.4;21.6;-20.800001
1521665112734;-5.6;17.9;1.8000001;-2.4;21.6;-20.800001
1521665112747;-5.7000003;17.9;1.8000001;-2.4;21.6;-20.800001
1521665112754;-5.8;17.800001;1.7;-2.4;21.6;-20.800001
1521665112765;-5.8;17.7;1.7;-2.4;21.6;-20.800001
1521665112776;-5.9;17.7;1.7;-2.4;21.6;-20.800001
1521665112785;-5.9;17.6;1.7;-2.4;21.6;-20.800001
1521665112795;-6.0;17.6;1.6;-2.4;21.6;-20.800001
1521665112813;-6.2000003;17.6;1.6;-2.4;21.6;-20.800001
1521665112833;-6.3;17.5;1.5;-2.4;21.6;-20.800001
1521665112853;-6.4;17.4;1.5;-2.4;21.6;-20.800001
1521665112876;-6.5;17.4;1.6;-2.4;21.6;-20.800001
1521665112892;-6.5;17.300001;1.5;-2.4;21.6;-20.800001
1521665112913;-6.5;17.2;1.6;-2.4;21.6;-20.800001
1521665112924;-6.4;17.1;1.5;-2.4;21.6;-20.800001
1521665112933;-6.3;17.1;1.5;-2.4;21.6;-20.800001
1521665112944;-6.3;17.0;1.5;-2.4;21.6;-20.800001
1521665112954;-6.2000003;17.0;1.6;-2.4;21.6;-20.800001
1521665112964;-6.1;16.9;1.5;-2.4;21.6;-20.800001
1521665112973;-6.0;16.800001;1.6;-2.4;21.6;-20.800001
1521665112985;-5.8;16.800001;1.6;-2.4;21.6;-20.800001
1521665113004;-5.6;16.7;1.6;-2.4;21.6;-20.800001
1521665113016;-5.5;16.6;1.5;-2.4;21.6;-20.800001
1521665113033;-5.3;16.4;1.5;-2.4;21.6;-20.800001
1521665113054;-5.2000003;16.300001;1.6;-2.4;21.6;-20.800001
1521665113065;-5.3;16.300001;1.6;-2.4;21.6;-20.800001
1521665113075;-5.2000003;16.2;1.5;-2.4;21.6;-20.800001
1521665113087;-5.1;16.2;1.5;-2.4;21.6;-20.800001
1521665113098;-5.1;16.1;1.5;-2.4;21.6;-20.800001
1521665113107;-5.0;16.1;1.5;-2.4;21.6;-20.800001
1521665113116;-5.0;16.0;1.5;-2.4;21.6;-20.800001
1521665113127;-5.0;15.900001;1.4;-2.4;21.6;-20.800001
1521665113135;-4.9;15.900001;1.4;-2.4;21.6;-20.800001
1521665113146;-4.8;15.7;1.3000001;-2.4;21.6;-20.800001
1521665113154;-4.8;15.7;1.2;-2.4;21.6;-20.800001
1521665113165;-4.7000003;15.6;1.3000001;-2.4;21.6;-20.800001
1521665113174;-4.7000003;15.6;1.2;-2.4;21.6;-20.800001
1521665113185;-4.7000003;15.5;1.2;-2.4;21.6;-20.800001
1521665113197;-4.7000003;15.400001;1.1;-2.4;21.6;-20.800001
1521665113214;-4.7000003;15.3;1.1;-2.4;21.6;-20.800001
1521665113234;-4.8;15.3;1.1;-2.4;21.6;-20.800001
1521665113246;-4.7000003;15.2;1.0;-2.4;21.6;-20.800001
1521665113254;-4.8;15.2;1.0;-2.4;21.6;-20.800001
1521665113265;-4.9;15.2;1.0;-2.4;21.6;-20.800001
1521665113275;-5.0;15.1;0.90000004;-2.4;21.6;-20.800001
1521665113287;-5.1;15.1;0.90000004;-2.4;21.6;-20.800001
1521665113296;-5.2000003;15.1;0.8;-2.4;21.6;-20.800001
1521665113315;-5.3;15.1;0.90000004;-2.4;21.6;-20.800001
1521665113327;-5.3;15.1;0.8;-2.4;21.6;-20.800001
1521665113338;-5.4;15.2;0.8;-2.4;21.6;-20.800001
1521665113353;-5.4;15.1;0.8;-2.4;21.6;-20.800001
1521665113393;-5.5;15.0;0.7;-2.4;21.6;-20.800001
1521665113453;-5.6;15.0;0.7;-2.4;21.6;-20.800001
1521665113483;-5.6;15.0;0.8;-2.4;21.6;-20.800001
1521665113494;-5.6;14.900001;0.7;-2.4;21.6;-20.800001
1521665113564;-5.6;14.8;0.7;-2.4;21.6;-20.800001
1521665113584;-5.6;14.8;0.6;-2.4;21.6;-20.800001
1521665113593;-5.6;14.8;0.7;-2.4;21.6;-20.800001
1521665113604;-5.6;14.900001;0.7;-2.4;21.6;-20.800001
1521665113613;-5.6;14.8;0.7;-2.4;21.6;-20.800001
1521665113644;-5.6;14.8;0.6;-2.4;21.6;-20.800001
1521665113655;-5.7000003;14.8;0.6;-2.4;21.6;-20.800001
1521665113684;-5.7000003;14.8;0.7;-2.4;21.6;-20.800001
1521665113693;-5.8;14.8;0.7;-2.4;21.6;-20.800001
1521665113746;-5.9;14.8;0.7;-2.4;21.6;-20.800001
1521665113766;-5.9;14.8;0.6;-2.4;21.6;-20.800001
1521665113794;-6.0;14.8;0.6;-2.4;21.6;-20.800001
1521665113805;-6.0;14.8;0.7;-2.4;21.6;-20.800001
1521665113824;-6.0;14.900001;0.7;-2.4;21.6;-20.800001
1521665113866;-6.0;15.0;0.8;-2.4;21.6;-20.800001
1521665113906;-6.0;15.0;0.7;-2.4;21.6;-20.800001
1521665113954;-6.0;15.0;0.8;-2.4;21.6;-20.800001
1521665113974;-6.0;14.900001;0.8;-2.4;21.6;-20.800001
1521665113985;-6.0;14.900001;0.7;-2.4;21.6;-20.800001
1521665114006;-5.9;14.900001;0.8;-2.4;21.6;-20.800001
1521665114015;-6.0;14.900001;0.8;-2.4;21.6;-20.800001
1521665114026;-6.0;14.900001;0.7;-2.4;21.6;-20.800001
1521665114036;-5.9;14.900001;0.8;-2.4;21.6;-20.800001
1521665114045;-5.9;14.900001;0.7;-2.4;21.6;-20.800001
1521665114054;-5.9;14.900001;0.8;-2.4;21.6;-20.800001
1521665114076;-5.9;14.900001;0.90000004;-2.4;21.6;-20.800001
1521665114125;-6.0;14.900001;0.90000004;-2.4;21.6;-20.800001
1521665114135;-6.0;14.900001;0.8;-2.4;21.6;-20.800001
1521665114164;-5.9;14.8;0.6;-2.4;21.6;-20.800001
1521665114173;-5.9;14.8;0.7;-2.4;21.6;-20.800001
1521665114184;-6.0;14.8;0.7;-2.4;21.6;-20.800001
1521665114204;-6.0;14.7;0.7;-2.4;21.6;-20.800001
1521665114213;-6.1;14.7;0.7;-2.4;21.6;-20.800001
1521665114234;-6.1;14.7;0.8;-2.4;21.6;-20.800001
1521665114246;-6.2000003;14.7;0.7;-2.4;21.6;-20.800001
1521665114254;-6.2000003;14.7;0.8;-2.4;21.6;-20.800001
1521665114267;-6.2000003;14.8;0.8;-2.4;21.6;-20.800001
1521665114288;-6.3;14.8;0.8;-2.4;21.6;-20.800001
1521665114296;-6.3;14.8;0.7;-2.4;21.6;-20.800001
1521665114346;-6.4;14.8;0.7;-2.4;21.6;-20.800001
1521665114355;-6.3;14.8;0.7;-2.4;21.6;-20.800001
1521665114413;-6.2000003;14.7;0.6;-2.4;21.6;-20.800001
1521665114424;-6.2000003;14.6;0.6;-2.4;21.6;-20.800001
1521665114432;-6.1;14.6;0.7;-2.4;21.6;-20.800001
1521665114453;-6.1;14.6;0.8;-2.4;21.6;-20.800001
1521665114464;-6.1;14.6;0.90000004;-2.4;21.6;-20.800001
1521665114473;-6.1;14.6;0.8;-2.4;21.6;-20.800001
1521665114483;-6.1;14.7;0.90000004;-2.4;21.6;-20.800001
1521665114513;-6.1;14.8;0.90000004;-2.4;21.6;-20.800001
1521665114534;-6.1;14.7;0.90000004;-2.4;21.6;-20.800001
1521665114544;-6.0;14.7;1.0;-2.4;21.6;-20.800001
1521665114567;-6.0;14.7;0.90000004;-2.4;21.6;-20.800001
1521665114584;-5.9;14.7;1.1;-2.4;21.6;-20.800001
1521665114593;-5.8;14.6;1.1;-2.4;21.6;-20.800001
1521665114613;-5.7000003;14.6;1.1;-2.4;21.6;-20.800001
1521665114633;-5.7000003;14.6;1.0;-2.4;21.6;-20.800001
1521665114644;-5.7000003;14.6;1.1;-2.4;21.6;-20.800001
1521665114693;-5.7000003;14.6;1.0;-2.4;21.6;-20.800001
1521665114764;-5.6;14.5;0.8;-2.4;21.6;-20.800001
1521665114793;-5.6;14.400001;0.7;-2.4;21.6;-20.800001
1521665114804;-5.5;14.3;0.7;-2.4;21.6;-20.800001
1521665114833;-5.4;14.3;0.7;-2.4;21.6;-20.800001
1521665114873;-5.4;14.2;0.6;-2.4;21.6;-20.800001
1521665114894;-5.4;14.2;0.5;-2.4;21.6;-20.800001
1521665114925;-5.4;14.2;0.6;-2.4;21.6;-20.800001
1521665114955;-5.4;14.2;0.5;-2.4;21.6;-20.800001
1521665114984;-5.3;14.2;0.6;-2.4;21.6;-20.800001
1521665115013;-5.4;14.3;0.7;-2.4;21.6;-20.800001
1521665115054;-5.3;14.2;0.7;-2.4;21.6;-20.800001
1521665115074;-5.3;14.2;0.6;-2.4;21.6;-20.800001
1521665115085;-5.3;14.2;0.7;-2.4;21.6;-20.800001
1521665115114;-5.3;14.2;0.6;-2.4;21.6;-20.800001
1521665115126;-5.3;14.2;0.5;-2.4;21.6;-20.800001
1521665115154;-5.3;14.1;0.5;-2.4;21.6;-20.800001
1521665115174;-5.3;14.2;0.4;-2.4;21.6;-20.800001
1521665115185;-5.3;14.1;0.5;-2.4;21.6;-20.800001
1521665115194;-5.3;14.1;0.4;-2.4;21.6;-20.800001
1521665115226;-5.3;14.1;0.3;-2.4;21.6;-20.800001
1521665115237;-5.4;14.1;0.3;-2.4;21.6;-20.800001
1521665115245;-5.4;14.2;0.3;-2.4;21.6;-20.800001
1521665115254;-5.4;14.1;0.3;-2.4;21.6;-20.800001
1521665115266;-5.3;14.1;0.3;-2.4;21.6;-20.800001
1521665115275;-5.3;14.1;0.2;-2.4;21.6;-20.800001
1521665115285;-5.4;14.1;0.2;-2.4;21.6;-20.800001
1521665115296;-5.4;14.1;0.1;-2.4;21.6;-20.800001
1521665115315;-5.3;14.1;0.1;-2.4;21.6;-20.800001
1521665115326;-5.4;14.1;0.2;-2.4;21.6;-20.800001
1521665115340;-5.3;14.1;0.1;-2.4;21.6;-20.800001
1521665115351;-5.4;14.1;0.2;-2.4;21.6;-20.800001
1521665115364;-5.4;14.2;0.2;-2.4;21.6;-20.800001
1521665115403;-5.6;14.5;0.5;-2.4;21.6;-20.800001
1521665115412;-5.7000003;14.5;0.5;-2.4;21.6;-20.800001
1521665115424;-5.7000003;14.6;0.6;-2.4;21.6;-20.800001
1521665115434;-5.8;14.7;0.7;-2.4;21.6;-20.800001
1521665115443;-5.9;14.7;0.7;-2.4;21.6;-20.800001
1521665115452;-6.0;14.8;0.7;-2.4;21.6;-20.800001
1521665115473;-6.1;14.900001;0.8;-2.4;21.6;-20.800001
1521665115484;-6.2000003;15.0;0.90000004;-2.4;21.6;-20.800001
1521665115494;-6.2000003;15.0;1.0;-2.4;21.6;-20.800001
1521665115505;-6.2000003;15.0;1.1;-2.4;21.6;-20.800001
1521665115524;-6.4;15.1;1.2;-2.4;21.6;-20.800001
1521665115543;-6.5;15.2;1.3000001;-2.4;21.6;-20.800001
1521665115553;-6.6;15.2;1.5;-2.4;21.6;-20.800001
1521665115564;-6.7000003;15.3;1.5;-2.4;21.6;-20.800001
1521665115573;-6.8;15.3;1.6;-2.4;21.6;-20.800001
1521665115588;-6.8;15.400001;1.7;-2.4;21.6;-20.800001
1521665115604;-6.9;15.400001;1.7;-2.4;21.6;-20.800001
1521665115613;-7.0;15.5;1.7;-2.4;21.6;-20.800001
1521665115624;-7.1;15.5;1.7;-2.4;21.6;-20.800001
1521665115633;-7.1;15.5;1.8000001;-2.4;21.6;-20.800001
1521665115644;-7.2000003;15.6;1.8000001;-2.4;21.6;-20.800001
1521665115654;-7.3;15.6;1.9;-2.4;21.6;-20.800001
1521665115664;-7.4;15.6;1.9;-2.4;21.6;-20.800001
1521665115714;-7.4;15.6;2.0;-2.4;21.6;-20.800001
1521665115733;-7.4;15.6;2.1000001;-2.4;21.6;-20.800001
1521665115744;-7.4;15.6;2.2;-2.4;21.6;-20.800001
1521665115755;-7.4;15.5;2.3;-2.4;21.6;-20.800001
1521665115773;-7.4;15.6;2.3;-2.4;21.6;-20.800001
1521665115794;-7.4;15.5;2.3;-2.4;21.6;-20.800001
1521665115814;-7.5;15.5;2.1000001;-2.4;21.6;-20.800001
1521665115833;-7.5;15.6;2.1000001;-2.4;21.6;-20.800001
1521665115853;-7.5;15.6;2.0;-2.4;21.6;-20.800001
1521665115864;-7.5;15.5;2.0;-2.4;21.6;-20.800001
1521665115893;-7.4;15.5;2.1000001;-2.4;21.6;-20.800001
1521665115944;-7.4;15.5;2.0;-2.4;21.6;-20.800001
1521665115964;-7.4;15.5;2.1000001;-2.4;21.6;-20.800001
1521665115973;-7.4;15.5;2.0;-2.4;21.6;-20.800001
1521665116033;-7.4;15.5;1.9;-2.4;21.6;-20.800001
1521665116077;-7.3;15.5;1.8000001;-2.4;21.6;-20.800001
1521665116086;-7.3;15.400001;1.9;-2.4;21.6;-20.800001
1521665116113;-7.2000003;15.400001;2.0;-2.4;21.6;-20.800001
1521665116134;-7.2000003;15.3;2.0;-2.4;21.6;-20.800001
1521665116144;-7.1;15.2;2.0;-2.4;21.6;-20.800001
1521665116156;-7.0;15.2;1.9;-2.4;21.6;-20.800001
1521665116165;-7.0;15.1;1.8000001;-2.4;21.6;-20.800001
1521665116177;-6.9;15.1;1.8000001;-2.4;21.6;-20.800001
1521665116188;-6.9;15.0;1.7;-2.4;21.6;-20.800001
1521665116204;-6.9;14.900001;1.6;-2.4;21.6;-20.800001
1521665116213;-6.8;14.900001;1.8000001;-2.4;21.6;-20.800001
1521665116234;-6.8;14.900001;1.9;-2.4;21.6;-20.800001
1521665116253;-6.8;14.900001;1.8000001;-2.4;21.6;-20.800001
1521665116266;-6.8;14.900001;1.9;-2.4;21.6;-20.800001
1521665116293;-6.8;14.900001;1.8000001;-2.4;21.6;-20.800001
1521665116313;-6.8;14.900001;1.7;-2.4;21.6;-20.800001
1521665116413;-6.9;15.0;1.5;-2.4;21.6;-20.800001
1521665116424;-7.0;15.0;1.5;-2.4;21.6;-20.800001
1521665116434;-7.1;15.1;1.6;-2.4;21.6;-20.800001
1521665116444;-7.2000003;15.2;1.7;-2.4;21.6;-20.800001
1521665116453;-7.2000003;15.3;1.7;-2.4;21.6;-20.800001
1521665116464;-7.3;15.3;1.7;-2.4;21.6;-20.800001
1521665116473;-7.4;15.400001;1.8000001;-2.4;21.6;-20.800001
1521665116484;-7.5;15.5;1.8000001;-2.4;21.6;-20.800001
1521665116517;-7.6;15.5;1.7;-2.4;21.6;-20.800001
1521665116533;-7.6;15.3;1.3000001;-2.4;21.6;-20.800001
1521665116554;-7.7000003;15.3;1.3000001;-2.4;21.6;-20.800001
1521665116573;-7.8;15.3;1.2;-2.4;21.6;-20.800001
1521665116594;-7.8;15.2;1.2;-2.4;21.6;-20.800001
1521665116604;-7.9;15.2;1.2;-2.4;21.6;-20.800001
1521665116624;-8.0;15.2;1.3000001;-2.4;21.6;-20.800001
1521665116644;-8.1;15.2;1.3000001;-2.4;21.6;-20.800001
1521665116704;-8.1;15.1;1.3000001;-2.4;21.6;-20.800001
1521665116713;-8.0;15.1;1.3000001;-2.4;21.6;-20.800001
1521665116744;-7.9;15.1;1.3000001;-2.4;21.6;-20.800001
1521665116753;-7.9;15.1;1.4;-2.4;21.6;-20.800001
1521665116796;-7.8;15.2;1.5;-2.4;21.6;-20.800001
1521665116814;-7.8;15.3;1.6;-2.4;21.6;-20.800001
1521665116824;-7.8;15.400001;1.8000001;-2.4;21.6;-20.800001
1521665116854;-7.5;15.3;1.8000001;-2.4;21.6;-20.800001
1521665116865;-7.5;15.3;1.7;-2.4;21.6;-20.800001
1521665116875;-7.3;15.3;1.7;-2.4;21.6;-20.800001
1521665116886;-7.2000003;15.3;1.7;-2.4;21.6;-20.800001
1521665116896;-7.2000003;15.3;1.8000001;-2.4;21.6;-20.800001
1521665116907;-7.1;15.3;1.7;-2.4;21.6;-20.800001
1521665116917;-6.9;15.3;1.7;-2.4;21.6;-20.800001
1521665116934;-6.7000003;15.2;1.7;-2.4;21.6;-20.800001
1521665116953;-6.5;15.1;1.6;-2.4;21.6;-20.800001
1521665116973;-6.3;15.0;1.5;-2.4;21.6;-20.800001
1521665116994;-6.1;15.0;1.5;-2.4;21.6;-20.800001
1521665117005;-6.1;14.900001;1.5;-2.4;21.6;-20.800001
1521665117015;-6.0;14.900001;1.5;-2.4;21.6;-20.800001
1521665117026;-5.9;14.900001;1.5;-2.4;21.6;-20.800001
1521665117035;-5.9;14.8;1.5;-2.4;21.6;-20.800001
1521665117053;-5.7000003;14.7;1.4;-2.4;21.6;-20.800001
1521665117067;-5.6;14.7;1.3000001;-2.4;21.6;-20.800001
1521665117077;-5.5;14.7;1.3000001;-2.4;21.6;-20.800001
1521665117087;-5.5;14.7;1.2;-2.4;21.6;-20.800001
1521665117094;-5.4;14.6;1.2;-2.4;21.6;-20.800001
1521665117106;-5.3;14.6;1.2;-2.4;21.6;-20.800001
1521665117116;-5.3;14.5;1.1;-2.4;21.6;-20.800001
1521665117127;-5.2000003;14.5;1.1;-2.4;21.6;-20.800001
1521665117135;-5.2000003;14.400001;1.1;-2.4;21.6;-20.800001
1521665117147;-5.2000003;14.400001;1.0;-2.4;21.6;-20.800001
1521665117164;-5.2000003;14.5;1.1;-2.4;21.6;-20.800001
1521665117186;-5.2000003;14.5;1.2;-2.4;21.6;-20.800001
1521665117204;-5.2000003;14.5;1.3000001;-2.4;21.6;-20.800001
1521665117244;-5.2000003;14.6;1.3000001;-2.4;21.6;-20.800001
1521665117264;-5.3;14.6;1.3000001;-2.4;21.6;-20.800001
1521665117284;-5.3;14.6;1.4;-2.4;21.6;-20.800001
1521665117293;-5.3;14.7;1.4;-2.4;21.6;-20.800001
1521665117333;-5.3;14.7;1.3000001;-2.4;21.6;-20.800001
1521665117344;-5.3;14.7;1.4;-2.4;21.6;-20.800001
1521665117353;-5.4;14.8;1.4;-2.4;21.6;-20.800001
1521665117424;-5.5;14.900001;1.5;-2.4;21.6;-20.800001
1521665117443;-5.5;15.0;1.5;-2.4;21.6;-20.800001
1521665117452;-5.6;15.1;1.6;-2.4;21.6;-20.800001
1521665117473;-5.7000003;15.1;1.6;-2.4;21.6;-20.800001
1521665117484;-5.7000003;15.2;1.5;-2.4;21.6;-20.800001
1521665117493;-5.7000003;15.2;1.4;-2.4;21.6;-20.800001
1521665117504;-5.7000003;15.2;1.3000001;-2.4;21.6;-20.800001
1521665117513;-5.7000003;15.3;1.4;-2.4;21.6;-20.800001
1521665117533;-5.8;15.3;1.3000001;-2.4;21.6;-20.800001
1521665117554;-5.8;15.400001;1.4;-2.4;21.6;-20.800001
1521665117573;-5.8;15.5;1.4;-2.4;21.6;-20.800001
1521665117604;-5.8;15.6;1.4;-2.4;21.6;-20.800001
1521665117613;-5.9;15.6;1.3000001;-2.4;21.6;-20.800001
1521665117633;-5.9;15.7;1.3000001;-2.4;21.6;-20.800001
1521665117644;-5.8;15.7;1.3000001;-2.4;21.6;-20.800001
1521665117653;-5.9;15.7;1.4;-2.4;21.6;-20.800001
1521665117664;-5.9;15.8;1.4;-2.4;21.6;-20.800001
1521665117674;-5.9;15.8;1.3000001;-2.4;21.6;-20.800001
1521665117714;-5.9;15.8;1.4;-2.4;21.6;-20.800001
1521665117724;-5.9;15.900001;1.4;-2.4;21.6;-20.800001
1521665117733;-6.0;15.900001;1.4;-2.4;21.6;-20.800001
1521665117744;-6.0;15.900001;1.3000001;-2.4;21.6;-20.800001
1521665117753;-5.9;15.900001;1.3000001;-2.4;21.6;-20.800001
1521665117784;-5.9;15.900001;1.4;-2.4;21.6;-20.800001
1521665117804;-6.0;15.900001;1.5;-2.4;21.6;-20.800001
1521665117833;-6.0;15.900001;1.4;-2.4;21.6;-20.800001
1521665117874;-6.1;15.900001;1.4;-2.4;21.6;-20.800001
1521665117886;-6.1;15.900001;1.3000001;-2.4;21.6;-20.800001
1521665117906;-6.2000003;15.900001;1.4;-2.4;21.6;-20.800001
1521665117946;-6.3;15.8;1.4;-2.4;21.6;-20.800001
1521665117974;-6.3;15.7;1.3000001;-2.4;21.6;-20.800001
1521665117984;-6.4;15.7;1.3000001;-2.4;21.6;-20.800001
1521665118016;-6.5;15.7;1.2;-2.4;21.6;-20.800001
1521665118034;-6.5;15.6;1.2;-2.4;21.6;-20.800001
1521665118045;-6.6;15.6;1.3000001;-2.4;21.6;-20.800001
1521665118054;-6.6;15.6;1.2;-2.4;21.6;-20.800001
1521665118065;-6.7000003;15.5;1.2;-2.4;21.6;-20.800001
1521665118086;-6.8;15.400001;1.0;-2.4;21.6;-20.800001
1521665118105;-6.9;15.3;0.90000004;-2.4;21.6;-20.800001
1521665118117;-6.9;15.2;0.90000004;-2.4;21.6;-20.800001
1521665118126;-6.9;15.1;0.90000004;-2.4;21.6;-20.800001
1521665118136;-7.0;15.0;0.90000004;-2.4;21.6;-20.800001
1521665118146;-7.0;14.900001;0.8;-2.4;21.6;-20.800001
1521665118156;-7.1;14.8;0.7;-2.4;21.6;-20.800001
1521665118166;-7.2000003;14.7;0.7;-2.4;21.6;-20.800001
1521665118186;-7.3;14.6;0.6;-2.4;21.6;-20.800001
1521665118195;-7.3;14.5;0.6;-2.4;21.6;-20.800001
1521665118206;-7.4;14.5;0.5;-2.4;21.6;-20.800001
1521665118218;-7.4;14.400001;0.4;-2.4;21.6;-20.800001
1521665118226;-7.4;14.3;0.4;-2.4;21.6;-20.800001
1521665118234;-7.5;14.3;0.3;-2.4;21.6;-20.800001
1521665118254;-7.5;14.2;0.3;-2.4;21.6;-20.800001
1521665118266;-7.6;14.2;0.3;-2.4;21.6;-20.800001
1521665118276;-7.6;14.1;0.3;-2.4;21.6;-20.800001
1521665118294;-7.7000003;14.0;0.2;-2.4;21.6;-20.800001
1521665118327;-7.7000003;14.0;0.1;-2.4;21.6;-20.800001
1521665118347;-7.7000003;13.900001;0.1;-2.4;21.6;-20.800001
1521665118366;-7.7000003;14.0;0.0;-2.4;21.6;-20.800001
1521665118415;-7.7000003;14.1;0.1;-2.4;21.6;-20.800001
1521665118443;-7.6;14.2;0.1;-2.4;21.6;-20.800001
1521665118452;-7.6;14.2;0.0;-2.4;21.6;-20.800001
1521665118463;-7.5;14.3;0.1;-2.4;21.6;-20.800001
1521665118473;-7.5;14.400001;0.1;-2.4;21.6;-20.800001
1521665118493;-7.5;14.5;0.1;-2.4;21.6;-20.800001
1521665118504;-7.4;14.6;0.2;-2.4;21.6;-20.800001
1521665118533;-7.3;14.7;0.2;-2.4;21.6;-20.800001
1521665118564;-7.2000003;14.7;0.2;-2.4;21.6;-20.800001
1521665118573;-7.3;14.8;0.3;-2.4;21.6;-20.800001
1521665118594;-7.2000003;14.900001;0.4;-2.4;21.6;-20.800001
1521665118624;-7.2000003;15.0;0.5;-2.4;21.6;-20.800001
1521665118644;-7.1;15.0;0.6;-2.4;21.6;-20.800001
1521665118666;-7.1;15.1;0.7;-2.4;21.6;-20.800001
1521665118675;-7.1;15.1;0.6;-2.4;21.6;-20.800001
1521665118687;-7.0;15.2;0.6;-2.4;21.6;-20.800001
1521665118706;-7.1;15.2;0.7;-2.4;21.6;-20.800001
1521665118715;-7.1;15.3;0.7;-2.4;21.6;-20.800001
1521665118737;-7.1;15.400001;0.7;-2.4;21.6;-20.800001
1521665118756;-7.1;15.5;0.8;-2.4;21.6;-20.800001
1521665118768;-7.1;15.5;0.90000004;-2.4;21.6;-20.800001
1521665118774;-7.1;15.5;0.8;-2.4;21.6;-20.800001
1521665118787;-7.1;15.5;0.90000004;-2.4;21.6;-20.800001
1521665118813;-7.2000003;15.5;0.90000004;-2.4;21.6;-20.800001
1521665118834;-7.3;15.5;0.90000004;-2.4;21.6;-20.800001
1521665118854;-7.3;15.5;1.0;-2.4;21.6;-20.800001
1521665118873;-7.3;15.5;0.90000004;-2.4;21.6;-20.800001
1521665118906;-7.3;15.5;0.8;-2.4;21.6;-20.800001
1521665118917;-7.3;15.400001;0.8;-2.4;21.6;-20.800001
1521665118933;-7.3;15.400001;0.7;-2.4;21.6;-20.800001
1521665118953;-7.4;15.400001;0.7;-2.4;21.6;-20.800001
1521665118964;-7.4;15.400001;0.6;-2.4;21.6;-20.800001
1521665118973;-7.5;15.3;0.6;-2.4;21.6;-20.800001
1521665118993;-7.6;15.3;0.7;-2.4;21.6;-20.800001
1521665119004;-7.6;15.3;0.6;-2.4;21.6;-20.800001
1521665119024;-7.7000003;15.3;0.6;-2.4;21.6;-20.800001
1521665119033;-7.7000003;15.2;0.6;-2.4;21.6;-20.800001
1521665119053;-7.7000003;15.2;0.7;-2.4;21.6;-20.800001
1521665119064;-7.6;15.2;0.7;-2.4;21.6;-20.800001
1521665119073;-7.6;15.1;0.7;-2.4;21.6;-20.800001
1521665119097;-7.7000003;15.2;0.7;-2.4;21.6;-20.800001
1521665119106;-7.7000003;15.2;0.8;-2.4;21.6;-20.800001
1521665119133;-7.7000003;15.2;0.7;-2.4;21.6;-20.800001
1521665119153;-7.7000003;15.3;0.7;-2.4;21.6;-20.800001
1521665119173;-7.7000003;15.3;0.8;-2.4;21.6;-20.800001
1521665119186;-7.7000003;15.2;0.7;-2.4;21.6;-20.800001
1521665119204;-7.7000003;15.3;0.90000004;-2.4;21.6;-20.800001
1521665119233;-7.8;15.3;0.90000004;-2.4;21.6;-20.800001
1521665119247;-7.7000003;15.2;0.90000004;-2.4;21.6;-20.800001
1521665119254;-7.7000003;15.2;1.0;-2.4;21.6;-20.800001
1521665119294;-7.7000003;15.2;0.90000004;-2.4;21.6;-20.800001
1521665119305;-7.6;15.1;0.90000004;-2.4;21.6;-20.800001
1521665119316;-7.6;15.2;1.0;-2.4;21.6;-20.800001
1521665119335;-7.5;15.2;1.1;-2.4;21.6;-20.800001
1521665119355;-7.5;15.2;1.0;-2.4;21.6;-20.800001
1521665119365;-7.6;15.1;1.0;-2.4;21.6;-20.800001
1521665119376;-7.6;15.2;1.1;-2.4;21.6;-20.800001
1521665119385;-7.6;15.1;1.0;-2.4;21.6;-20.800001
1521665119452;-7.5;15.1;1.0;-2.4;21.6;-20.800001
1521665119493;-7.5;15.2;1.0;-2.4;21.6;-20.800001
1521665119504;-7.5;15.1;0.90000004;-2.4;21.6;-20.800001
1521665119527;-7.5;15.2;0.90000004;-2.4;21.6;-20.800001
1521665119564;-7.5;15.2;1.0;-2.4;21.6;-20.800001
1521665119594;-7.5;15.2;1.1;-2.4;21.6;-20.800001
1521665119633;-7.4;15.1;1.0;-2.4;21.6;-20.800001
1521665119644;-7.4;15.1;0.90000004;-2.4;21.6;-20.800001
1521665119653;-7.3;15.1;1.0;-2.4;21.6;-20.800001
1521665119673;-7.2000003;15.0;0.90000004;-2.4;21.6;-20.800001
1521665119684;-7.1;15.0;0.8;-2.4;21.6;-20.800001
1521665119694;-7.0;14.900001;0.8;-2.4;21.6;-20.800001
1521665119706;-7.0;15.0;0.90000004;-2.4;21.6;-20.800001
1521665119717;-7.0;14.900001;0.8;-2.4;21.6;-20.800001
1521665119726;-6.9;14.900001;0.8;-2.4;21.6;-20.800001
1521665119747;-6.8;14.8;0.8;-2.4;21.6;-20.800001
1521665119765;-6.7000003;14.8;0.8;-2.4;21.6;-20.800001
1521665119786;-6.6;14.8;0.7;-2.4;21.6;-20.800001
1521665119797;-6.6;14.7;0.7;-2.4;21.6;-20.800001
1521665119808;-6.5;14.7;0.7;-2.4;21.6;-20.800001
1521665119816;-6.4;14.7;0.7;-2.4;21.6;-20.800001
1521665119835;-6.3;14.7;0.6;-2.4;21.6;-20.800001
1521665119853;-6.3;14.6;0.5;-2.4;21.6;-20.800001
1521665119864;-6.2000003;14.6;0.5;-2.4;21.6;-20.800001
1521665119874;-6.2000003;14.6;0.4;-2.4;21.6;-20.800001
1521665119884;-6.1;14.6;0.4;-2.4;21.6;-20.800001
1521665119904;-6.0;14.6;0.4;-2.4;21.6;-20.800001
1521665119916;-6.1;14.6;0.4;-2.4;21.6;-20.800001
1521665119926;-6.1;14.7;0.5;-2.4;21.6;-20.800001
1521665119965;-6.0;14.7;0.5;-2.4;21.6;-20.800001
1521665119973;-6.0;14.8;0.5;-2.4;21.6;-20.800001
1521665119994;-6.1;14.8;0.5;-2.4;21.6;-20.800001
1521665120014;-6.0;14.8;0.6;-2.4;21.6;-20.800001
1521665120034;-6.1;14.900001;0.6;-2.4;21.6;-20.800001
1521665120045;-6.2000003;14.900001;0.7;-2.4;21.6;-20.800001
1521665120075;-6.3;14.8;0.6;-2.4;21.6;-20.800001
1521665120094;-6.3;14.8;0.7;-2.4;21.6;-20.800001
1521665120107;-6.3;14.8;0.6;-2.4;21.6;-20.800001
1521665120115;-6.4;14.8;0.7;-2.4;21.6;-20.800001
1521665120125;-6.5;14.8;0.7;-2.4;21.6;-20.800001
1521665120155;-6.6;14.8;0.8;-2.4;21.6;-20.800001
1521665120166;-6.6;14.8;0.7;-2.4;21.6;-20.800001
1521665120185;-6.7000003;14.8;0.8;-2.4;21.6;-20.800001
1521665120205;-6.8;14.8;0.7;-2.4;21.6;-20.800001
1521665120234;-6.9;14.8;0.6;-2.4;21.6;-20.800001
1521665120266;-7.0;14.8;0.6;-2.4;21.6;-20.800001
1521665120274;-7.1;14.8;0.6;-2.4;21.6;-20.800001
1521665120306;-7.2000003;14.8;0.6;-2.4;21.6;-20.800001
1521665120315;-7.2000003;14.8;0.5;-2.4;21.6;-20.800001
1521665120327;-7.2000003;14.7;0.5;-2.4;21.6;-20.800001
1521665120356;-7.2000003;14.7;0.4;-2.4;21.6;-20.800001
1521665120366;-7.3;14.7;0.4;-2.4;21.6;-20.800001
1521665120375;-7.3;14.7;0.5;-2.4;21.6;-20.800001
1521665120395;-7.4;14.7;0.4;-2.4;21.6;-20.800001
1521665120442;-7.3;14.7;0.5;-2.4;21.6;-20.800001
1521665120452;-7.4;14.6;0.3;-2.4;21.6;-20.800001
1521665120473;-7.4;14.6;0.4;-2.4;21.6;-20.800001
1521665120516;-7.3;14.6;0.3;-2.4;21.6;-20.800001
1521665120534;-7.4;14.5;0.3;-2.4;21.6;-20.800001
1521665120544;-7.5;14.5;0.3;-2.4;21.6;-20.800001
1521665120613;-7.5;14.400001;0.3;-2.4;21.6;-20.800001
1521665120624;-7.5;14.400001;0.2;-2.4;21.6;-20.800001
1521665120644;-7.5;14.400001;0.1;-2.4;21.6;-20.800001
1521665120653;-7.5;14.3;0.1;-2.4;21.6;-20.800001
1521665120664;-7.5;14.400001;0.1;-2.4;21.6;-20.800001
1521665120673;-7.6;14.400001;0.0;-2.4;21.6;-20.800001
1521665120695;-7.6;14.400001;0.1;-2.4;21.6;-20.800001
1521665120713;-7.7000003;14.400001;0.0;-2.4;21.6;-20.800001
1521665120734;-7.8;14.400001;0.0;-2.4;21.6;-20.800001
1521665120745;-7.7000003;14.400001;0.0;-2.4;21.6;-20.800001
1521665120754;-7.7000003;14.3;0.0;-2.4;21.6;-20.800001
1521665120774;-7.7000003;14.3;-0.1;-2.4;21.6;-20.800001
1521665120806;-7.8;14.3;-0.1;-2.4;21.6;-20.800001
1521665120834;-7.8;14.3;-0.2;-2.4;21.6;-20.800001
1521665120854;-7.7000003;14.2;-0.3;-2.4;21.6;-20.800001
1521665120875;-7.8;14.2;-0.4;-2.4;21.6;-20.800001
1521665120934;-7.8;14.1;-0.4;-2.4;21.6;-20.800001
1521665120953;-7.7000003;14.1;-0.4;-2.4;21.6;-20.800001
1521665120973;-7.7000003;14.1;-0.3;-2.4;21.6;-20.800001
1521665120994;-7.6;14.0;-0.4;-2.4;21.6;-20.800001
1521665121016;-7.6;14.0;-0.3;-2.4;21.6;-20.800001
1521665121054;-7.7000003;14.0;-0.4;-2.4;21.6;-20.800001
1521665121075;-7.7000003;14.0;-0.3;-2.4;21.6;-20.800001
1521665121106;-7.6;14.0;-0.4;-2.4;21.6;-20.800001
1521665121134;-7.6;14.0;-0.3;-2.4;21.6;-20.800001
1521665121167;-7.6;14.0;-0.4;-2.4;21.6;-20.800001
1521665121177;-7.7000003;14.0;-0.3;-2.4;21.6;-20.800001
1521665121188;-7.7000003;14.0;-0.4;-2.4;21.6;-20.800001
1521665121195;-7.6;14.0;-0.4;-2.4;21.6;-20.800001
1521665121207;-7.6;14.0;-0.3;-2.4;21.6;-20.800001
1521665121234;-7.6;13.900001;-0.3;-2.4;21.6;-20.800001
1521665121247;-7.7000003;14.0;-0.2;-2.4;21.6;-20.800001
1521665121288;-7.8;14.0;-0.2;-2.4;21.6;-20.800001
1521665121307;-7.8;14.0;-0.3;-2.4;21.6;-20.800001
1521665121334;-7.7000003;13.900001;-0.3;-2.4;21.6;-20.800001
1521665121346;-7.8;14.0;-0.2;-2.4;21.6;-20.800001
1521665121356;-7.8;13.900001;-0.2;-2.4;21.6;-20.800001
1521665121365;-7.7000003;13.900001;-0.2;-2.4;21.6;-20.800001
1521665121386;-7.8;13.900001;-0.2;-2.4;21.6;-20.800001
1521665121445;-7.7000003;13.900001;-0.2;-2.4;21.6;-20.800001
1521665121463;-7.7000003;13.900001;-0.1;-2.4;21.6;-20.800001
1521665121525;-7.7000003;13.900001;-0.2;-2.4;21.6;-20.800001
1521665121544;-7.6;13.900001;-0.3;-2.4;21.6;-20.800001
1521665121553;-7.6;13.8;-0.3;-2.4;21.6;-20.800001
1521665121602;-7.6;13.900001;-0.3;-2.4;21.6;-20.800001
1521665121606;-7.6;13.900001;-0.2;-2.4;21.6;-20.800001
1521665121633;-7.6;13.900001;-0.3;-2.4;21.6;-20.800001
1521665121664;-7.6;13.900001;-0.4;-2.4;21.6;-20.800001
1521665121694;-7.6;13.900001;-0.5;-2.4;21.6;-20.800001
1521665121713;-7.6;13.900001;-0.4;-2.4;21.6;-20.800001
1521665121764;-7.6;13.900001;-0.5;-2.4;21.6;-20.800001
1521665121773;-7.6;13.900001;-0.4;-2.4;21.6;-20.800001
1521665121784;-7.6;13.900001;-0.5;-2.4;21.6;-20.800001
1521665121873;-7.5;13.900001;-0.4;-2.4;21.6;-20.800001
1521665121924;-7.5;13.900001;-0.5;-2.4;21.6;-20.800001
1521665121934;-7.5;13.900001;-0.6;-2.4;21.6;-20.800001
1521665121944;-7.5;13.900001;-0.5;-2.4;21.6;-20.800001
1521665121965;-7.5;14.0;-0.4;-2.4;21.6;-20.800001
1521665121984;-7.5;14.0;-0.3;-2.4;21.6;-20.800001
1521665121993;-7.6;14.1;-0.3;-2.4;21.6;-20.800001
1521665122033;-7.6;14.1;-0.2;-2.4;21.6;-20.800001
1521665122064;-7.6;14.2;-0.1;-2.4;21.6;-20.800001
1521665122084;-7.6;14.2;0.0;-2.4;21.6;-20.800001
1521665122093;-7.6;14.2;0.1;-2.4;21.6;-20.800001
1521665122134;-7.6;14.2;0.2;-2.4;21.6;-20.800001
1521665122145;-7.7000003;14.3;0.2;-2.4;21.6;-20.800001
1521665122195;-7.7000003;14.400001;0.2;-2.4;21.6;-20.800001
1521665122214;-7.7000003;14.400001;0.3;-2.4;21.6;-20.800001
1521665122234;-7.7000003;14.400001;0.4;-2.4;21.6;-20.800001
1521665122253;-7.6;14.400001;0.3;-2.4;21.6;-20.800001
1521665122285;-7.7000003;14.400001;0.3;-2.4;21.6;-20.800001
1521665122295;-7.6;14.400001;0.3;-2.4;21.6;-20.800001
1521665122305;-7.6;14.3;0.3;-2.4;21.6;-20.800001
1521665122316;-7.6;14.400001;0.3;-2.4;21.6;-20.800001
1521665122326;-7.6;14.3;0.3;-2.4;21.6;-20.800001
1521665122336;-7.5;14.3;0.3;-2.4;21.6;-20.800001
1521665122348;-7.6;14.400001;0.2;-2.4;21.6;-20.800001
1521665122365;-7.5;14.3;0.1;-2.4;21.6;-20.800001
1521665122374;-7.6;14.400001;0.2;-2.4;21.6;-20.800001
1521665122395;-7.6;14.400001;0.1;-2.4;21.6;-20.800001
1521665122444;-7.6;14.400001;0.0;-2.4;21.6;-20.800001
1521665122453;-7.7000003;14.400001;0.0;-2.4;21.6;-20.800001
1521665122463;-7.6;14.3;0.0;-2.4;21.6;-20.800001
1521665122473;-7.6;14.3;-0.1;-2.4;21.6;-20.800001
1521665122493;-7.7000003;14.3;-0.1;-2.4;21.6;-20.800001
1521665122574;-7.7000003;14.2;-0.2;-2.4;21.6;-20.800001
1521665122599;-7.6;14.2;-0.3;-2.4;21.6;-20.800001
1521665122605;-7.6;14.2;-0.2;-2.4;21.6;-20.800001
1521665122644;-7.6;14.2;-0.1;-2.4;21.6;-20.800001
1521665122675;-7.5;14.2;-0.1;-2.4;21.6;-20.800001
1521665122714;-7.4;14.1;0.0;-2.4;21.6;-20.800001
1521665122765;-7.3;14.1;0.0;-2.4;21.6;-20.800001
1521665122774;-7.3;14.1;0.1;-2.4;21.6;-20.800001
1521665122785;-7.3;14.1;0.2;-2.4;21.6;-20.800001
1521665122826;-7.2000003;14.1;0.2;-2.4;21.6;-20.800001
1521665122853;-7.2000003;14.1;0.1;-2.4;21.6;-20.800001
1521665122873;-7.1;14.1;0.1;-2.4;21.6;-20.800001
1521665122906;-7.1;14.1;0.2;-2.4;21.6;-20.800001
1521665122914;-7.2000003;14.1;0.1;-2.4;21.6;-20.800001
1521665122946;-7.1;14.1;0.1;-2.4;21.6;-20.800001
1521665122964;-7.1;14.1;0.0;-2.4;21.6;-20.800001
1521665122993;-7.2000003;14.1;0.0;-2.4;21.6;-20.800001
1521665123047;-7.2000003;14.1;-0.1;-2.4;21.6;-20.800001
1521665123077;-7.2000003;14.0;-0.2;-2.4;21.6;-20.800001
1521665123088;-7.2000003;14.1;-0.2;-2.4;21.6;-20.800001
1521665123097;-7.2000003;14.0;-0.3;-2.4;21.6;-20.800001
1521665123105;-7.3;14.1;-0.3;-2.4;21.6;-20.800001
1521665123115;-7.3;14.1;-0.2;-2.4;21.6;-20.800001
1521665123134;-7.3;14.1;-0.3;-2.4;21.6;-20.800001
1521665123157;-7.3;14.1;-0.2;-2.4;21.6;-20.800001
1521665123168;-7.3;14.0;-0.2;-2.4;21.6;-20.800001
1521665123184;-7.3;14.0;0.0;-2.4;21.6;-20.800001
1521665123193;-7.2000003;14.0;0.0;-2.4;21.6;-20.800001
1521665123233;-7.3;14.0;0.0;-2.4;21.6;-20.800001
1521665123274;-7.2000003;14.0;0.1;-2.4;21.6;-20.800001
1521665123284;-7.2000003;13.900001;0.1;-2.4;21.6;-20.800001
1521665123293;-7.3;14.0;0.1;-2.4;21.6;-20.800001
1521665123304;-7.2000003;14.0;0.1;-2.4;21.6;-20.800001
1521665123313;-7.2000003;14.0;0.2;-2.4;21.6;-20.800001
1521665123353;-7.1;14.0;0.2;-2.4;21.6;-20.800001
1521665123385;-7.1;13.900001;0.1;-2.4;21.6;-20.800001
1521665123393;-7.1;14.0;0.2;-2.4;21.6;-20.800001
1521665123406;-7.1;14.0;0.3;-2.4;21.6;-20.800001
1521665123464;-7.0;13.900001;0.2;-2.4;21.6;-20.800001
1521665123473;-7.0;14.0;0.2;-2.4;21.6;-20.800001
1521665123483;-7.0;13.900001;0.1;-2.4;21.6;-20.800001
1521665123493;-7.1;14.0;0.2;-2.4;21.6;-20.800001
1521665123513;-7.1;14.0;0.1;-2.4;21.6;-20.800001
1521665123544;-7.0;14.0;0.1;-2.4;21.6;-20.800001
1521665123553;-7.0;14.0;0.0;-2.4;21.6;-20.800001
1521665123593;-7.0;14.0;0.1;-2.4;21.6;-20.800001
1521665123613;-7.0;14.0;0.0;-2.4;21.6;-20.800001
1521665123633;-7.0;13.900001;0.0;-2.4;21.6;-20.800001
1521665123654;-7.0;13.900001;0.1;-2.4;21.6;-20.800001
1521665123673;-7.0;14.0;0.2;-2.4;21.6;-20.800001
1521665123694;-7.0;13.900001;0.2;-2.4;21.6;-20.800001
1521665123704;-6.9;13.900001;0.2;-2.4;21.6;-20.800001
1521665123714;-7.0;13.900001;0.2;-2.4;21.6;-20.800001
1521665123726;-6.9;13.900001;0.2;-2.4;21.6;-20.800001
1521665123747;-7.0;13.900001;0.2;-2.4;21.6;-20.800001
1521665123794;-6.9;13.8;0.1;-2.4;21.6;-20.800001
1521665123805;-6.9;13.900001;0.1;-2.4;21.6;-20.800001
1521665123814;-6.9;13.900001;0.2;-2.4;21.6;-20.800001
1521665123826;-7.0;13.900001;0.2;-2.4;21.6;-20.800001
1521665123835;-7.0;13.8;0.2;-2.4;21.6;-20.800001
1521665123845;-7.0;13.900001;0.3;-2.4;21.6;-20.800001
1521665123854;-7.0;13.900001;0.4;-2.4;21.6;-20.800001
1521665123874;-7.1;13.900001;0.4;-2.4;21.6;-20.800001
1521665123893;-7.1;13.900001;0.3;-2.4;21.6;-20.800001
1521665123914;-7.2000003;13.900001;0.4;-2.4;21.6;-20.800001
1521665123936;-7.2000003;14.0;0.4;-2.4;21.6;-20.800001
1521665123956;-7.2000003;14.0;0.3;-2.4;21.6;-20.800001
1521665123985;-7.2000003;14.0;0.2;-2.4;21.6;-20.800001
1521665123994;-7.2000003;14.0;0.3;-2.4;21.6;-20.800001
1521665124004;-7.3;14.0;0.3;-2.4;21.6;-20.800001
1521665124013;-7.3;14.0;0.4;-2.4;21.6;-20.800001
1521665124033;-7.3;14.1;0.4;-2.4;21.6;-20.800001
1521665124045;-7.3;14.1;0.5;-2.4;21.6;-20.800001
1521665124074;-7.3;14.1;0.6;-2.4;21.6;-20.800001
1521665124086;-7.4;14.2;0.6;-2.4;21.6;-20.800001
1521665124114;-7.5;14.3;0.7;-2.4;21.6;-20.800001
1521665124144;-7.5;14.400001;0.8;-2.4;21.6;-20.800001
1521665124175;-7.5;14.5;0.8;-2.4;21.6;-20.800001
1521665124187;-7.5;14.5;0.90000004;-2.4;21.6;-20.800001
1521665124195;-7.6;14.5;0.90000004;-2.4;21.6;-20.800001
1521665124206;-7.5;14.5;0.8;-2.4;21.6;-20.800001
1521665124226;-7.5;14.5;0.90000004;-2.4;21.6;-20.800001
1521665124236;-7.5;14.5;0.8;-2.4;21.6;-20.800001
1521665124248;-7.6;14.6;0.90000004;-2.4;21.6;-20.800001
1521665124264;-7.5;14.6;0.90000004;-2.4;21.6;-20.800001
1521665124274;-7.6;14.6;0.90000004;-2.4;21.6;-20.800001
1521665124294;-7.6;14.7;0.90000004;-2.4;21.6;-20.800001
1521665124305;-7.6;14.7;0.8;-2.4;21.6;-20.800001
1521665124315;-7.6;14.8;0.8;-2.4;21.6;-20.800001
1521665124373;-7.7000003;14.8;0.6;-2.4;21.6;-20.800001
1521665124393;-7.7000003;14.8;0.7;-2.4;21.6;-20.800001
1521665124454;-7.6;14.7;0.5;-2.4;21.6;-20.800001
1521665124472;-7.5;14.7;0.6;-2.4;21.6;-20.800001
1521665124533;-7.5;14.7;0.5;-2.4;21.6;-20.800001
1521665124545;-7.5;14.7;0.4;-2.4;21.6;-20.800001
1521665124553;-7.6;14.7;0.5;-2.4;21.6;-20.800001
1521665124573;-7.5;14.7;0.5;-2.4;21.6;-20.800001
1521665124611;-7.5;14.7;0.6;-2.4;21.6;-20.800001
1521665124624;-7.4;14.7;0.5;-2.4;21.6;-20.800001
1521665124674;-7.3;14.7;0.5;-2.4;21.6;-20.800001
1521665124687;-7.4;14.7;0.5;-2.4;21.6;-20.800001
1521665124704;-7.3;14.7;0.4;-2.4;21.6;-20.800001
1521665124724;-7.3;14.7;0.3;-2.4;21.6;-20.800001
1521665124744;-7.3;14.6;0.3;-2.4;21.6;-20.800001
1521665124769;-7.2000003;14.6;0.2;-2.4;21.6;-20.800001
1521665124784;-7.2000003;14.6;0.1;-2.4;21.6;-20.800001
1521665124804;-7.2000003;14.6;0.0;-2.4;21.6;-20.800001
1521665124813;-7.2000003;14.5;0.0;-2.4;21.6;-20.800001
1521665124834;-7.2000003;14.6;0.2;-2.4;21.6;-20.800001
1521665124845;-7.1;14.5;0.2;-2.4;21.6;-20.800001
1521665124874;-7.2000003;14.5;0.2;-2.4;21.6;-20.800001
1521665124893;-7.1;14.5;0.2;-2.4;21.6;-20.800001
1521665124924;-7.1;14.5;0.3;-2.4;21.6;-20.800001
1521665124944;-7.2000003;14.5;0.3;-2.4;21.6;-20.800001
1521665124953;-7.2000003;14.5;0.2;-2.4;21.6;-20.800001
1521665124974;-7.2000003;14.5;0.3;-2.4;21.6;-20.800001
1521665125035;-7.2000003;14.6;0.4;-2.4;21.6;-20.800001
1521665125044;-7.3;14.7;0.4;-2.4;21.6;-20.800001
1521665125053;-7.3;14.7;0.5;-2.4;21.6;-20.800001
1521665125073;-7.4;14.7;0.5;-2.4;21.6;-20.800001
1521665125104;-7.4;14.8;0.5;-2.4;21.6;-20.800001
1521665125133;-7.4;14.8;0.4;-2.4;21.6;-20.800001
1521665125154;-7.5;14.900001;0.5;-2.4;21.6;-20.800001
1521665125185;-7.6;14.900001;0.5;-2.4;21.6;-20.800001
1521665125197;-7.6;14.900001;0.4;-2.4;21.6;-20.800001
1521665125206;-7.7000003;15.0;0.4;-2.4;21.6;-20.800001
1521665125226;-7.7000003;14.900001;0.3;-2.4;21.6;-20.800001
1521665125234;-7.7000003;15.0;0.4;-2.4;21.6;-20.800001
1521665125254;-7.8;15.0;0.4;-2.4;21.6;-20.800001
1521665125267;-7.8;15.1;0.4;-2.4;21.6;-20.800001
1521665125276;-7.8;15.1;0.3;-2.4;21.6;-20.800001
1521665125286;-7.9;15.1;0.4;-2.4;21.6;-20.800001
1521665125326;-8.0;15.1;0.4;-2.4;21.6;-20.800001
1521665125335;-8.0;15.1;0.3;-2.4;21.6;-20.800001
1521665125366;-8.1;15.1;0.3;-2.4;21.6;-20.800001
1521665125375;-8.1;15.1;0.4;-2.4;21.6;-20.800001
1521665125386;-8.1;15.2;0.4;-2.4;21.6;-20.800001
1521665125409;-8.2;15.2;0.4;-2.4;21.6;-20.800001
1521665125465;-8.3;15.2;0.3;-2.4;21.6;-20.800001
1521665125473;-8.2;15.2;0.3;-2.4;21.6;-20.800001
1521665125483;-8.3;15.2;0.4;-2.4;21.6;-20.800001
1521665125532;-8.3;15.1;0.3;-2.4;21.6;-20.800001
1521665125552;-8.2;15.1;0.3;-2.4;21.6;-20.800001
1521665125563;-8.3;15.1;0.3;-2.4;21.6;-20.800001
1521665125603;-8.3;15.1;0.4;-2.4;21.6;-20.800001
