1521665482986;3.9;19.6;0.5;-2.4;21.6;-20.800001
1521665482995;3.9;19.5;0.5;-2.4;21.6;-20.800001
1521665483015;3.9;19.5;0.4;-2.4;21.6;-20.800001
1521665483026;3.8;19.4;0.4;-2.4;21.6;-20.800001
1521665483046;3.7;19.4;0.4;-2.4;21.6;-20.800001
1521665483056;3.7;19.4;0.3;-2.4;21.6;-20.800001
1521665483066;3.7;19.300001;0.3;-2.4;21.6;-20.800001
1521665483075;3.6000001;19.4;0.3;-2.4;21.6;-20.800001
1521665483095;3.6000001;19.300001;0.2;-2.4;21.6;-20.800001
1521665483106;3.7;19.300001;0.2;-2.4;21.6;-20.800001
1521665483116;3.6000001;19.300001;0.1;-2.4;21.6;-20.800001
1521665483126;3.7;19.300001;0.2;-2.4;21.6;-20.800001
1521665483136;3.6000001;19.300001;0.2;-2.4;21.6;-20.800001
1521665483146;3.6000001;19.300001;0.1;-2.4;21.6;-20.800001
1521665483156;3.7;19.300001;0.1;-2.4;21.6;-20.800001
1521665483175;3.7;19.4;0.2;-2.4;21.6;-20.800001
1521665483186;3.6000001;19.4;0.1;-2.4;21.6;-20.800001
1521665483216;3.7;19.4;0.1;-2.4;21.6;-20.800001
1521665483227;3.7;19.4;0.0;-2.4;21.6;-20.800001
1521665483246;3.7;19.4;-0.2;-2.4;21.6;-20.800001
1521665483266;3.7;19.300001;-0.3;-2.4;21.6;-20.800001
1521665483276;3.6000001;19.300001;-0.3;-2.4;21.6;-20.800001
1521665483296;3.6000001;19.4;-0.1;-2.4;21.6;-20.800001
1521665483306;3.5;19.4;-0.1;-2.4;21.6;-20.800001
1521665483316;3.6000001;19.4;-0.1;-2.4;21.6;-20.800001
1521665483356;3.6000001;19.300001;-0.1;-2.4;21.6;-20.800001
1521665483367;3.5;19.300001;-0.1;-2.4;21.6;-20.800001
1521665483377;3.6000001;19.300001;-0.2;-2.4;21.6;-20.800001
1521665483400;3.5;19.300001;-0.2;-2.4;21.6;-20.800001
1521665483406;3.4;19.300001;-0.1;-2.4;21.6;-20.800001
1521665483416;3.4;19.4;-0.1;-2.4;21.6;-20.800001
1521665483426;3.4;19.5;-0.1;-2.4;21.6;-20.800001
1521665483436;3.3;19.5;0.0;-2.4;21.6;-20.800001
1521665483446;3.3;19.6;0.1;-2.4;21.6;-20.800001
1521665483456;3.3;19.6;0.2;-2.4;21.6;-20.800001
1521665483467;3.2;19.6;0.2;-2.4;21.6;-20.800001
1521665483477;3.2;19.7;0.2;-2.4;21.6;-20.800001
1521665483487;3.2;19.7;0.3;-2.4;21.6;-20.800001
1521665483516;3.1000001;19.800001;0.4;-2.4;21.6;-20.800001
1521665483526;3.1000001;19.9;0.5;-2.4;21.6;-20.800001
1521665483536;3.0;19.9;0.6;-2.4;21.6;-20.800001
1521665483547;3.0;19.9;0.7;-2.4;21.6;-20.800001
1521665483556;2.9;20.0;0.8;-2.4;21.6;-20.800001
1521665483576;2.9;20.1;0.90000004;-2.4;21.6;-20.800001
1521665483586;2.8;20.1;0.90000004;-2.4;21.6;-20.800001
1521665483614;2.7;20.2;1.0;-2.4;21.6;-20.800001
1521665483616;2.6000001;20.300001;1.1;-2.4;21.6;-20.800001
1521665483626;2.6000001;20.300001;1.2;-2.4;21.6;-20.800001
1521665483636;2.5;20.4;1.3000001;-2.4;21.6;-20.800001
1521665483656;2.4;20.5;1.4;-2.4;21.6;-20.800001
1521665483668;2.4;20.6;1.5;-2.4;21.6;-20.800001
1521665483686;2.3;20.7;1.7;-2.4;21.6;-20.800001
1521665483696;2.3;20.7;1.8000001;-2.4;21.6;-20.800001
1521665483715;2.3;20.800001;1.8000001;-2.4;21.6;-20.800001
1521665483726;2.2;20.800001;1.8000001;-2.4;21.6;-20.800001
1521665483756;2.2;20.800001;1.7;-2.4;21.6;-20.800001
1521665483766;2.2;20.800001;1.8000001;-2.4;21.6;-20.800001
1521665483776;2.1000001;20.800001;1.7;-2.4;21.6;-20.800001
1521665483795;2.1000001;20.800001;1.8000001;-2.4;21.6;-20.800001
1521665483807;2.1000001;20.800001;1.9;-2.4;21.6;-20.800001
1521665483826;2.0;20.800001;1.9;-2.4;21.6;-20.800001
1521665483846;2.0;20.9;1.9;-2.4;21.6;-20.800001
1521665483856;2.0;20.9;2.0;-2.4;21.6;-20.800001
1521665483866;2.1000001;20.9;2.0;-2.4;21.6;-20.800001
1521665483877;2.1000001;20.9;2.1000001;-2.4;21.6;-20.800001
1521665483906;2.1000001;20.800001;2.1000001;-2.4;21.6;-20.800001
1521665483916;2.2;20.800001;2.1000001;-2.4;21.6;-20.800001
1521665483926;2.2;20.9;2.1000001;-2.4;21.6;-20.800001
1521665483935;2.2;20.800001;2.1000001;-2.4;21.6;-20.800001
1521665483946;2.2;20.800001;2.2;-2.4;21.6;-20.800001
1521665483986;2.2;20.800001;2.1000001;-2.4;21.6;-20.800001
1521665483997;2.3;20.800001;2.1000001;-2.4;21.6;-20.800001
1521665484026;2.4;20.800001;2.1000001;-2.4;21.6;-20.800001
1521665484117;2.6000001;20.7;1.9;-2.4;21.6;-20.800001
1521665484136;2.6000001;20.7;2.0;-2.4;21.6;-20.800001
1521665484146;2.6000001;20.6;1.9;-2.4;21.6;-20.800001
1521665484156;2.7;20.6;1.9;-2.4;21.6;-20.800001
1521665484186;2.8;20.6;1.9;-2.4;21.6;-20.800001
1521665484206;2.8;20.6;2.0;-2.4;21.6;-20.800001
1521665484226;2.9;20.6;2.0;-2.4;21.6;-20.800001
1521665484276;3.0;20.6;2.0;-2.4;21.6;-20.800001
1521665484286;3.0;20.6;2.1000001;-2.4;21.6;-20.800001
1521665484306;3.1000001;20.6;2.2;-2.4;21.6;-20.800001
1521665484326;3.1000001;20.5;2.1000001;-2.4;21.6;-20.800001
1521665484337;3.1000001;20.5;2.2;-2.4;21.6;-20.800001
1521665484346;3.1000001;20.6;2.3;-2.4;21.6;-20.800001
1521665484357;3.2;20.5;2.3;-2.4;21.6;-20.800001
1521665484367;3.3;20.4;2.1000001;-2.4;21.6;-20.800001
1521665484377;3.4;20.300001;2.2;-2.4;21.6;-20.800001
1521665484387;3.5;20.300001;2.2;-2.4;21.6;-20.800001
1521665484398;3.5;20.2;2.1000001;-2.4;21.6;-20.800001
1521665484408;3.6000001;20.2;2.2;-2.4;21.6;-20.800001
1521665484438;3.7;20.2;2.2;-2.4;21.6;-20.800001
1521665484457;3.7;20.2;2.3;-2.4;21.6;-20.800001
1521665484467;3.7;20.1;2.2;-2.4;21.6;-20.800001
1521665484496;3.7;20.1;2.0;-2.4;21.6;-20.800001
1521665484506;3.8;20.1;2.0;-2.4;21.6;-20.800001
1521665484536;3.8;20.0;2.0;-2.4;21.6;-20.800001
1521665484546;3.9;20.0;2.0;-2.4;21.6;-20.800001
1521665484556;3.8;20.0;2.0;-2.4;21.6;-20.800001
1521665484566;3.8;20.0;1.9;-2.4;21.6;-20.800001
1521665484577;3.8;20.0;2.0;-2.4;21.6;-20.800001
1521665484587;3.8;20.0;1.9;-2.4;21.6;-20.800001
1521665484608;3.8;20.0;1.8000001;-2.4;21.6;-20.800001
1521665484616;3.8;20.0;1.9;-2.4;21.6;-20.800001
1521665484636;3.8;20.1;1.9;-2.4;21.6;-20.800001
1521665484646;3.8;20.0;1.8000001;-2.4;21.6;-20.800001
1521665484656;3.8;20.1;1.8000001;-2.4;21.6;-20.800001
1521665484675;3.8;20.2;2.0;-2.4;21.6;-20.800001
1521665484686;3.8;20.2;2.1000001;-2.4;21.6;-20.800001
1521665484706;3.8;20.1;1.9;-2.4;21.6;-20.800001
1521665484726;3.9;20.0;1.9;-2.4;21.6;-20.800001
1521665484741;3.9;20.0;1.8000001;-2.4;21.6;-20.800001
1521665484746;3.9;19.9;1.8000001;-2.4;21.6;-20.800001
1521665484756;4.0;19.9;1.7;-2.4;21.6;-20.800001
1521665484766;4.0;19.800001;1.7;-2.4;21.6;-20.800001
1521665484776;4.0;19.800001;1.6;-2.4;21.6;-20.800001
1521665484786;4.1;19.7;1.6;-2.4;21.6;-20.800001
1521665484809;4.1;19.7;1.5;-2.4;21.6;-20.800001
1521665484817;4.1;19.6;1.5;-2.4;21.6;-20.800001
1521665484826;4.2000003;19.6;1.6;-2.4;21.6;-20.800001
1521665484846;4.2000003;19.6;1.5;-2.4;21.6;-20.800001
1521665484856;4.3;19.5;1.4;-2.4;21.6;-20.800001
1521665484866;4.4;19.5;1.4;-2.4;21.6;-20.800001
1521665484876;4.4;19.4;1.4;-2.4;21.6;-20.800001
1521665484887;4.5;19.4;1.3000001;-2.4;21.6;-20.800001
1521665484917;4.6;19.300001;1.1;-2.4;21.6;-20.800001
1521665484927;4.6;19.2;1.1;-2.4;21.6;-20.800001
1521665484956;4.6;19.300001;1.1;-2.4;21.6;-20.800001
1521665484966;4.5;19.300001;1.1;-2.4;21.6;-20.800001
1521665484986;4.4;19.4;1.1;-2.4;21.6;-20.800001
1521665484996;4.3;19.4;1.1;-2.4;21.6;-20.800001
1521665485006;4.3;19.5;1.2;-2.4;21.6;-20.800001
1521665485016;4.3;19.5;1.3000001;-2.4;21.6;-20.800001
1521665485027;4.3;19.6;1.3000001;-2.4;21.6;-20.800001
1521665485058;4.3;19.6;1.2;-2.4;21.6;-20.800001
1521665485097;4.2000003;19.6;1.2;-2.4;21.6;-20.800001
1521665485116;4.2000003;19.5;1.1;-2.4;21.6;-20.800001
1521665485127;4.3;19.5;0.90000004;-2.4;21.6;-20.800001
1521665485167;4.2000003;19.5;0.90000004;-2.4;21.6;-20.800001
1521665485189;4.3;19.5;0.90000004;-2.4;21.6;-20.800001
1521665485219;4.3;19.5;1.0;-2.4;21.6;-20.800001
1521665485230;4.4;19.5;1.0;-2.4;21.6;-20.800001
1521665485237;4.4;19.4;0.90000004;-2.4;21.6;-20.800001
1521665485250;4.5;19.300001;0.8;-2.4;21.6;-20.800001
1521665485259;4.5;19.300001;0.7;-2.4;21.6;-20.800001
1521665485268;4.6;19.2;0.6;-2.4;21.6;-20.800001
1521665485289;4.7000003;19.2;0.5;-2.4;21.6;-20.800001
1521665485302;4.8;19.1;0.4;-2.4;21.6;-20.800001
1521665485308;4.8;19.0;0.3;-2.4;21.6;-20.800001
1521665485327;4.9;19.0;0.2;-2.4;21.6;-20.800001
1521665485337;4.9;19.0;0.3;-2.4;21.6;-20.800001
1521665485387;4.9;19.0;0.2;-2.4;21.6;-20.800001
1521665485398;5.0;19.0;0.2;-2.4;21.6;-20.800001
1521665485418;5.0;19.0;0.3;-2.4;21.6;-20.800001
1521665485448;4.9;19.1;0.6;-2.4;21.6;-20.800001
1521665485466;4.9;19.2;0.7;-2.4;21.6;-20.800001
1521665485476;4.8;19.300001;0.7;-2.4;21.6;-20.800001
1521665485512;4.7000003;19.4;0.8;-2.4;21.6;-20.800001
1521665485576;4.6;19.4;0.8;-2.4;21.6;-20.800001
1521665485586;4.6;19.4;0.90000004;-2.4;21.6;-20.800001
1521665485596;4.6;19.4;0.8;-2.4;21.6;-20.800001
1521665485616;4.7000003;19.4;0.8;-2.4;21.6;-20.800001
1521665485667;4.7000003;19.300001;0.8;-2.4;21.6;-20.800001
1521665485706;4.8;19.300001;0.8;-2.4;21.6;-20.800001
1521665485726;4.8;19.300001;0.7;-2.4;21.6;-20.800001
1521665485736;4.8;19.300001;0.6;-2.4;21.6;-20.800001
1521665485747;4.8;19.300001;0.5;-2.4;21.6;-20.800001
1521665485759;4.9;19.2;0.4;-2.4;21.6;-20.800001
1521665485780;5.0;19.1;0.4;-2.4;21.6;-20.800001
1521665485788;5.0;19.1;0.3;-2.4;21.6;-20.800001
1521665485798;5.1;19.0;0.2;-2.4;21.6;-20.800001
1521665485822;5.2000003;18.9;0.1;-2.4;21.6;-20.800001
1521665485835;5.1;18.9;0.1;-2.4;21.6;-20.800001
1521665485846;5.1;19.0;0.1;-2.4;21.6;-20.800001
1521665485866;5.1;19.0;0.2;-2.4;21.6;-20.800001
1521665485876;5.1;19.0;0.1;-2.4;21.6;-20.800001
1521665485918;5.1;19.0;0.2;-2.4;21.6;-20.800001
1521665485935;5.1;19.0;0.1;-2.4;21.6;-20.800001
1521665485946;5.0;19.0;0.1;-2.4;21.6;-20.800001
1521665485956;5.0;19.1;0.1;-2.4;21.6;-20.800001
1521665485976;5.0;19.1;0.0;-2.4;21.6;-20.800001
1521665485996;4.9;19.1;0.0;-2.4;21.6;-20.800001
1521665486006;4.9;19.1;0.1;-2.4;21.6;-20.800001
1521665486016;4.9;19.1;0.0;-2.4;21.6;-20.800001
1521665486026;4.9;19.1;0.1;-2.4;21.6;-20.800001
1521665486037;4.9;19.1;0.2;-2.4;21.6;-20.800001
1521665486056;4.8;19.1;0.3;-2.4;21.6;-20.800001
1521665486088;4.8;19.1;0.4;-2.4;21.6;-20.800001
1521665486097;4.8;19.1;0.3;-2.4;21.6;-20.800001
1521665486106;4.7000003;19.2;0.3;-2.4;21.6;-20.800001
1521665486117;4.7000003;19.2;0.4;-2.4;21.6;-20.800001
1521665486140;4.7000003;19.2;0.3;-2.4;21.6;-20.800001
1521665486158;4.6;19.2;0.4;-2.4;21.6;-20.800001
1521665486166;4.6;19.2;0.3;-2.4;21.6;-20.800001
1521665486176;4.6;19.300001;0.4;-2.4;21.6;-20.800001
1521665486186;4.5;19.300001;0.4;-2.4;21.6;-20.800001
1521665486216;4.5;19.4;0.4;-2.4;21.6;-20.800001
1521665486228;4.5;19.4;0.5;-2.4;21.6;-20.800001
1521665486247;4.4;19.4;0.5;-2.4;21.6;-20.800001
1521665486267;4.4;19.5;0.5;-2.4;21.6;-20.800001
1521665486277;4.3;19.5;0.6;-2.4;21.6;-20.800001
1521665486286;4.3;19.6;0.6;-2.4;21.6;-20.800001
1521665486318;4.2000003;19.7;0.6;-2.4;21.6;-20.800001
1521665486326;4.2000003;19.7;0.5;-2.4;21.6;-20.800001
1521665486356;4.1;19.7;0.5;-2.4;21.6;-20.800001
1521665486376;4.1;19.800001;0.5;-2.4;21.6;-20.800001
1521665486386;4.0;19.800001;0.4;-2.4;21.6;-20.800001
1521665486397;4.0;19.9;0.4;-2.4;21.6;-20.800001
1521665486436;3.9;19.9;0.5;-2.4;21.6;-20.800001
1521665486456;3.9;20.0;0.6;-2.4;21.6;-20.800001
1521665486468;3.8;20.0;0.6;-2.4;21.6;-20.800001
1521665486476;3.9;20.1;0.5;-2.4;21.6;-20.800001
1521665486498;3.9;20.1;0.6;-2.4;21.6;-20.800001
1521665486506;3.8;20.1;0.6;-2.4;21.6;-20.800001
1521665486516;3.8;20.2;0.6;-2.4;21.6;-20.800001
1521665486526;3.8;20.2;0.7;-2.4;21.6;-20.800001
1521665486556;3.7;20.2;0.7;-2.4;21.6;-20.800001
1521665486566;3.7;20.300001;0.8;-2.4;21.6;-20.800001
1521665486606;3.7;20.4;0.8;-2.4;21.6;-20.800001
1521665486646;3.7;20.4;0.90000004;-2.4;21.6;-20.800001
1521665486656;3.6000001;20.5;0.90000004;-2.4;21.6;-20.800001
1521665486688;3.7;20.5;1.0;-2.4;21.6;-20.800001
1521665486696;3.6000001;20.6;1.0;-2.4;21.6;-20.800001
1521665486707;3.6000001;20.6;1.1;-2.4;21.6;-20.800001
1521665486737;3.6000001;20.7;1.1;-2.4;21.6;-20.800001
1521665486746;3.6000001;20.7;1.2;-2.4;21.6;-20.800001
1521665486778;3.6000001;20.7;1.1;-2.4;21.6;-20.800001
1521665486798;3.6000001;20.7;1.2;-2.4;21.6;-20.800001
1521665486837;3.5;20.7;1.1;-2.4;21.6;-20.800001
1521665486846;3.6000001;20.800001;1.2;-2.4;21.6;-20.800001
1521665486866;3.5;20.9;1.3000001;-2.4;21.6;-20.800001
1521665486917;3.5;20.800001;1.3000001;-2.4;21.6;-20.800001
1521665486926;3.4;20.9;1.3000001;-2.4;21.6;-20.800001
1521665486936;3.5;20.800001;1.3000001;-2.4;21.6;-20.800001
1521665486956;3.6000001;20.800001;1.2;-2.4;21.6;-20.800001
1521665486966;3.6000001;20.7;1.2;-2.4;21.6;-20.800001
1521665486996;3.6000001;20.7;1.1;-2.4;21.6;-20.800001
1521665487016;3.6000001;20.6;1.1;-2.4;21.6;-20.800001
1521665487050;3.6000001;20.5;1.0;-2.4;21.6;-20.800001
1521665487061;3.7;20.5;1.0;-2.4;21.6;-20.800001
1521665487066;3.7;20.5;0.90000004;-2.4;21.6;-20.800001
1521665487076;3.7;20.4;1.0;-2.4;21.6;-20.800001
1521665487097;3.7;20.4;0.90000004;-2.4;21.6;-20.800001
1521665487106;3.7;20.300001;0.90000004;-2.4;21.6;-20.800001
1521665487116;3.7;20.300001;1.0;-2.4;21.6;-20.800001
1521665487131;3.7;20.300001;0.90000004;-2.4;21.6;-20.800001
1521665487147;3.7;20.2;0.8;-2.4;21.6;-20.800001
1521665487156;3.7;20.1;0.8;-2.4;21.6;-20.800001
1521665487166;3.8;20.1;0.7;-2.4;21.6;-20.800001
1521665487186;3.8;20.0;0.6;-2.4;21.6;-20.800001
1521665487206;3.8;20.0;0.5;-2.4;21.6;-20.800001
1521665487216;3.8;20.0;0.6;-2.4;21.6;-20.800001
1521665487249;3.9;19.9;0.6;-2.4;21.6;-20.800001
1521665487259;3.9;19.9;0.5;-2.4;21.6;-20.800001
1521665487288;4.0;19.9;0.5;-2.4;21.6;-20.800001
1521665487298;3.9;19.9;0.5;-2.4;21.6;-20.800001
1521665487309;4.0;19.9;0.4;-2.4;21.6;-20.800001
1521665487320;4.0;19.800001;0.4;-2.4;21.6;-20.800001
1521665487336;4.0;19.800001;0.2;-2.4;21.6;-20.800001
1521665487356;4.1;19.800001;0.2;-2.4;21.6;-20.800001
1521665487376;4.2000003;19.800001;0.2;-2.4;21.6;-20.800001
1521665487390;4.2000003;19.7;0.3;-2.4;21.6;-20.800001
1521665487418;4.3;19.7;0.2;-2.4;21.6;-20.800001
1521665487447;4.4;19.6;0.2;-2.4;21.6;-20.800001
1521665487458;4.4;19.6;0.3;-2.4;21.6;-20.800001
1521665487467;4.5;19.6;0.4;-2.4;21.6;-20.800001
1521665487488;4.5;19.6;0.5;-2.4;21.6;-20.800001
1521665487500;4.5;19.5;0.4;-2.4;21.6;-20.800001
1521665487519;4.6;19.5;0.4;-2.4;21.6;-20.800001
1521665487530;4.6;19.5;0.5;-2.4;21.6;-20.800001
1521665487549;4.5;19.5;0.5;-2.4;21.6;-20.800001
1521665487558;4.6;19.5;0.5;-2.4;21.6;-20.800001
1521665487566;4.6;19.5;0.4;-2.4;21.6;-20.800001
1521665487576;4.5;19.5;0.5;-2.4;21.6;-20.800001
1521665487616;4.5;19.5;0.6;-2.4;21.6;-20.800001
1521665487626;4.5;19.5;0.7;-2.4;21.6;-20.800001
1521665487636;4.5;19.5;0.6;-2.4;21.6;-20.800001
1521665487646;4.6;19.5;0.6;-2.4;21.6;-20.800001
1521665487656;4.5;19.5;0.6;-2.4;21.6;-20.800001
1521665487666;4.6;19.5;0.6;-2.4;21.6;-20.800001
1521665487676;4.5;19.6;0.7;-2.4;21.6;-20.800001
1521665487687;4.4;19.6;0.6;-2.4;21.6;-20.800001
1521665487709;4.4;19.6;0.7;-2.4;21.6;-20.800001
1521665487718;4.4;19.6;0.6;-2.4;21.6;-20.800001
1521665487738;4.4;19.6;0.5;-2.4;21.6;-20.800001
1521665487747;4.3;19.7;0.5;-2.4;21.6;-20.800001
1521665487776;4.3;19.6;0.4;-2.4;21.6;-20.800001
1521665487790;4.4;19.7;0.4;-2.4;21.6;-20.800001
1521665487819;4.4;19.7;0.3;-2.4;21.6;-20.800001
1521665487841;4.3;19.7;0.3;-2.4;21.6;-20.800001
1521665487866;4.3;19.7;0.4;-2.4;21.6;-20.800001
1521665487876;4.4;19.7;0.3;-2.4;21.6;-20.800001
1521665487917;4.3;19.7;0.2;-2.4;21.6;-20.800001
1521665487935;4.3;19.7;0.3;-2.4;21.6;-20.800001
1521665487946;4.3;19.800001;0.3;-2.4;21.6;-20.800001
1521665487956;4.3;19.800001;0.4;-2.4;21.6;-20.800001
1521665487976;4.2000003;19.7;0.3;-2.4;21.6;-20.800001
1521665487996;4.2000003;19.800001;0.4;-2.4;21.6;-20.800001
1521665488006;4.2000003;19.800001;0.3;-2.4;21.6;-20.800001
1521665488016;4.2000003;19.800001;0.4;-2.4;21.6;-20.800001
1521665488050;4.2000003;19.800001;0.5;-2.4;21.6;-20.800001
1521665488059;4.2000003;19.800001;0.4;-2.4;21.6;-20.800001
1521665488076;4.1;19.800001;0.4;-2.4;21.6;-20.800001
1521665488096;4.1;19.9;0.4;-2.4;21.6;-20.800001
1521665488110;4.0;19.800001;0.4;-2.4;21.6;-20.800001
1521665488126;4.0;19.9;0.4;-2.4;21.6;-20.800001
1521665488136;4.0;19.9;0.5;-2.4;21.6;-20.800001
1521665488156;4.0;19.9;0.4;-2.4;21.6;-20.800001
1521665488166;3.9;19.9;0.4;-2.4;21.6;-20.800001
1521665488177;3.9;19.9;0.5;-2.4;21.6;-20.800001
1521665488190;3.9;19.9;0.4;-2.4;21.6;-20.800001
1521665488206;3.9;20.0;0.5;-2.4;21.6;-20.800001
1521665488236;3.8;20.0;0.6;-2.4;21.6;-20.800001
1521665488277;3.8;20.1;0.6;-2.4;21.6;-20.800001
1521665488296;3.7;20.2;0.7;-2.4;21.6;-20.800001
1521665488308;3.7;20.2;0.6;-2.4;21.6;-20.800001
1521665488320;3.7;20.2;0.7;-2.4;21.6;-20.800001
1521665488346;3.7;20.2;0.6;-2.4;21.6;-20.800001
1521665488356;3.7;20.300001;0.6;-2.4;21.6;-20.800001
1521665488366;3.7;20.300001;0.7;-2.4;21.6;-20.800001
1521665488398;3.6000001;20.300001;0.7;-2.4;21.6;-20.800001
1521665488412;3.6000001;20.4;0.6;-2.4;21.6;-20.800001
1521665488422;3.6000001;20.4;0.7;-2.4;21.6;-20.800001
1521665488457;3.6000001;20.4;0.8;-2.4;21.6;-20.800001
1521665488467;3.6000001;20.5;0.90000004;-2.4;21.6;-20.800001
1521665488477;3.6000001;20.4;0.8;-2.4;21.6;-20.800001
1521665488487;3.6000001;20.5;0.90000004;-2.4;21.6;-20.800001
1521665488498;3.5;20.5;1.0;-2.4;21.6;-20.800001
1521665488510;3.5;20.6;1.1;-2.4;21.6;-20.800001
1521665488518;3.4;20.6;1.2;-2.4;21.6;-20.800001
1521665488529;3.3;20.7;1.2;-2.4;21.6;-20.800001
1521665488538;3.2;20.800001;1.3000001;-2.4;21.6;-20.800001
1521665488562;3.1000001;20.9;1.3000001;-2.4;21.6;-20.800001
1521665488568;3.1000001;21.0;1.3000001;-2.4;21.6;-20.800001
1521665488578;3.0;21.0;1.3000001;-2.4;21.6;-20.800001
1521665488589;3.0;21.0;1.4;-2.4;21.6;-20.800001
1521665488606;3.0;21.1;1.4;-2.4;21.6;-20.800001
1521665488616;2.9;21.1;1.4;-2.4;21.6;-20.800001
1521665488626;2.9;21.2;1.5;-2.4;21.6;-20.800001
1521665488636;2.8;21.2;1.6;-2.4;21.6;-20.800001
1521665488647;2.8;21.300001;1.7;-2.4;21.6;-20.800001
1521665488658;2.7;21.4;1.7;-2.4;21.6;-20.800001
1521665488677;2.6000001;21.5;1.8000001;-2.4;21.6;-20.800001
1521665488692;2.5;21.5;1.9;-2.4;21.6;-20.800001
1521665488699;2.5;21.5;2.0;-2.4;21.6;-20.800001
1521665488710;2.5;21.6;2.0;-2.4;21.6;-20.800001
1521665488720;2.5;21.6;2.1000001;-2.4;21.6;-20.800001
1521665488729;2.4;21.6;2.1000001;-2.4;21.6;-20.800001
1521665488738;2.3;21.6;2.1000001;-2.4;21.6;-20.800001
1521665488746;2.3;21.7;2.1000001;-2.4;21.6;-20.800001
1521665488756;2.2;21.7;2.2;-2.4;21.6;-20.800001
1521665488766;2.2;21.800001;2.2;-2.4;21.6;-20.800001
1521665488776;2.1000001;21.800001;2.3;-2.4;21.6;-20.800001
1521665488786;2.0;21.9;2.3;-2.4;21.6;-20.800001
1521665488796;2.1000001;21.9;2.2;-2.4;21.6;-20.800001
1521665488820;2.2;21.9;2.2;-2.4;21.6;-20.800001
1521665488829;2.3;21.800001;2.2;-2.4;21.6;-20.800001
1521665488836;2.4;21.800001;2.1000001;-2.4;21.6;-20.800001
1521665488846;2.4;21.7;2.1000001;-2.4;21.6;-20.800001
1521665488856;2.5;21.7;2.1000001;-2.4;21.6;-20.800001
1521665488866;2.6000001;21.6;2.1000001;-2.4;21.6;-20.800001
1521665488876;2.6000001;21.6;2.0;-2.4;21.6;-20.800001
1521665488886;2.7;21.6;2.0;-2.4;21.6;-20.800001
1521665488916;2.8;21.6;1.9;-2.4;21.6;-20.800001
1521665488927;2.8;21.6;1.8000001;-2.4;21.6;-20.800001
1521665488935;2.9;21.5;1.7;-2.4;21.6;-20.800001
1521665488946;3.0;21.4;1.6;-2.4;21.6;-20.800001
1521665488966;3.1000001;21.4;1.5;-2.4;21.6;-20.800001
1521665488976;3.2;21.300001;1.4;-2.4;21.6;-20.800001
1521665488996;3.3;21.2;1.4;-2.4;21.6;-20.800001
1521665489016;3.4;21.1;1.3000001;-2.4;21.6;-20.800001
1521665489026;3.5;21.1;1.2;-2.4;21.6;-20.800001
1521665489036;3.6000001;21.0;1.2;-2.4;21.6;-20.800001
1521665489049;3.7;21.0;1.2;-2.4;21.6;-20.800001
1521665489059;3.8;20.9;1.1;-2.4;21.6;-20.800001
1521665489078;3.9;20.800001;1.0;-2.4;21.6;-20.800001
1521665489088;4.0;20.7;0.90000004;-2.4;21.6;-20.800001
1521665489100;4.1;20.6;0.90000004;-2.4;21.6;-20.800001
1521665489108;4.1;20.6;0.8;-2.4;21.6;-20.800001
1521665489122;4.2000003;20.6;0.8;-2.4;21.6;-20.800001
1521665489127;4.1;20.5;0.8;-2.4;21.6;-20.800001
1521665489136;4.2000003;20.5;0.8;-2.4;21.6;-20.800001
1521665489156;4.2000003;20.5;0.7;-2.4;21.6;-20.800001
1521665489176;4.2000003;20.4;0.7;-2.4;21.6;-20.800001
1521665489189;4.3;20.4;0.7;-2.4;21.6;-20.800001
1521665489209;4.3;20.300001;0.8;-2.4;21.6;-20.800001
1521665489219;4.3;20.300001;0.7;-2.4;21.6;-20.800001
1521665489230;4.3;20.2;0.7;-2.4;21.6;-20.800001
1521665489249;4.3;20.2;0.8;-2.4;21.6;-20.800001
1521665489258;4.3;20.1;0.8;-2.4;21.6;-20.800001
1521665489279;4.3;20.1;0.7;-2.4;21.6;-20.800001
1521665489290;4.3;20.0;0.7;-2.4;21.6;-20.800001
1521665489298;4.3;20.0;0.6;-2.4;21.6;-20.800001
1521665489309;4.3;19.9;0.6;-2.4;21.6;-20.800001
1521665489321;4.3;19.9;0.7;-2.4;21.6;-20.800001
1521665489336;4.4;19.800001;0.6;-2.4;21.6;-20.800001
1521665489356;4.3;19.800001;0.6;-2.4;21.6;-20.800001
1521665489367;4.4;19.7;0.6;-2.4;21.6;-20.800001
1521665489376;4.4;19.7;0.5;-2.4;21.6;-20.800001
1521665489389;4.3;19.7;0.6;-2.4;21.6;-20.800001
1521665489398;4.4;19.7;0.6;-2.4;21.6;-20.800001
1521665489408;4.4;19.6;0.6;-2.4;21.6;-20.800001
1521665489458;4.4;19.5;0.6;-2.4;21.6;-20.800001
1521665489478;4.4;19.5;0.7;-2.4;21.6;-20.800001
1521665489488;4.5;19.5;0.6;-2.4;21.6;-20.800001
1521665489507;4.5;19.4;0.5;-2.4;21.6;-20.800001
1521665489516;4.6;19.4;0.6;-2.4;21.6;-20.800001
1521665489537;4.6;19.4;0.5;-2.4;21.6;-20.800001
1521665489596;4.6;19.4;0.6;-2.4;21.6;-20.800001
1521665489621;4.7000003;19.300001;0.6;-2.4;21.6;-20.800001
1521665489627;4.7000003;19.4;0.7;-2.4;21.6;-20.800001
1521665489647;4.7000003;19.4;0.8;-2.4;21.6;-20.800001
1521665489667;4.7000003;19.4;0.7;-2.4;21.6;-20.800001
1521665489678;4.6;19.4;0.7;-2.4;21.6;-20.800001
1521665489696;4.5;19.4;0.6;-2.4;21.6;-20.800001
1521665489707;4.5;19.5;0.6;-2.4;21.6;-20.800001
1521665489716;4.5;19.6;0.7;-2.4;21.6;-20.800001
1521665489738;4.4;19.6;0.8;-2.4;21.6;-20.800001
1521665489747;4.4;19.7;0.8;-2.4;21.6;-20.800001
1521665489757;4.3;19.800001;0.90000004;-2.4;21.6;-20.800001
1521665489767;4.2000003;19.800001;0.90000004;-2.4;21.6;-20.800001
1521665489787;4.1;19.9;1.0;-2.4;21.6;-20.800001
1521665489797;4.0;20.0;1.1;-2.4;21.6;-20.800001
1521665489808;3.9;20.0;1.2;-2.4;21.6;-20.800001
1521665489820;3.9;20.1;1.2;-2.4;21.6;-20.800001
1521665489836;3.8;20.2;1.2;-2.4;21.6;-20.800001
1521665489846;3.8;20.2;1.3000001;-2.4;21.6;-20.800001
1521665489856;3.8;20.300001;1.4;-2.4;21.6;-20.800001
1521665489866;3.7;20.300001;1.5;-2.4;21.6;-20.800001
1521665489876;3.6000001;20.4;1.6;-2.4;21.6;-20.800001
1521665489886;3.6000001;20.5;1.7;-2.4;21.6;-20.800001
1521665489916;3.4;20.7;1.7;-2.4;21.6;-20.800001
1521665489926;3.3;20.7;1.6;-2.4;21.6;-20.800001
1521665489936;3.2;20.800001;1.7;-2.4;21.6;-20.800001
1521665489965;3.0;21.0;1.9;-2.4;21.6;-20.800001
1521665489976;3.0;21.1;2.0;-2.4;21.6;-20.800001
1521665489986;3.0;21.1;2.1000001;-2.4;21.6;-20.800001
1521665490006;2.9;21.1;2.1000001;-2.4;21.6;-20.800001
1521665490016;2.9;21.2;2.1000001;-2.4;21.6;-20.800001
1521665490056;2.8;21.2;2.1000001;-2.4;21.6;-20.800001
1521665490077;2.8;21.300001;2.1000001;-2.4;21.6;-20.800001
1521665490120;2.8;21.300001;2.2;-2.4;21.6;-20.800001
1521665490130;2.8;21.4;2.2;-2.4;21.6;-20.800001
1521665490140;2.8;21.4;2.1000001;-2.4;21.6;-20.800001
1521665490148;2.7;21.4;2.1000001;-2.4;21.6;-20.800001
1521665490158;2.7;21.5;2.1000001;-2.4;21.6;-20.800001
1521665490170;2.7;21.5;2.0;-2.4;21.6;-20.800001
1521665490181;2.6000001;21.5;1.9;-2.4;21.6;-20.800001
1521665490200;2.7;21.6;2.0;-2.4;21.6;-20.800001
1521665490207;2.6000001;21.6;2.0;-2.4;21.6;-20.800001
1521665490217;2.6000001;21.6;2.1000001;-2.4;21.6;-20.800001
1521665490228;2.6000001;21.6;2.0;-2.4;21.6;-20.800001
1521665490237;2.6000001;21.6;2.1000001;-2.4;21.6;-20.800001
1521665490256;2.6000001;21.6;2.0;-2.4;21.6;-20.800001
1521665490269;2.7;21.6;1.8000001;-2.4;21.6;-20.800001
1521665490278;2.7;21.5;1.8000001;-2.4;21.6;-20.800001
1521665490287;2.7;21.5;1.7;-2.4;21.6;-20.800001
1521665490297;2.8;21.5;1.7;-2.4;21.6;-20.800001
1521665490307;2.8;21.4;1.6;-2.4;21.6;-20.800001
1521665490327;2.8;21.300001;1.5;-2.4;21.6;-20.800001
1521665490338;2.9;21.300001;1.4;-2.4;21.6;-20.800001
1521665490347;2.9;21.300001;1.5;-2.4;21.6;-20.800001
1521665490357;2.9;21.2;1.4;-2.4;21.6;-20.800001
1521665490366;3.0;21.2;1.4;-2.4;21.6;-20.800001
1521665490376;3.1000001;21.1;1.2;-2.4;21.6;-20.800001
1521665490398;3.1000001;21.0;1.2;-2.4;21.6;-20.800001
1521665490409;3.2;20.9;1.1;-2.4;21.6;-20.800001
1521665490420;3.2;20.9;1.0;-2.4;21.6;-20.800001
1521665490430;3.2;20.800001;0.90000004;-2.4;21.6;-20.800001
1521665490438;3.3;20.800001;0.90000004;-2.4;21.6;-20.800001
1521665490456;3.3;20.7;0.90000004;-2.4;21.6;-20.800001
1521665490467;3.4;20.7;0.90000004;-2.4;21.6;-20.800001
1521665490478;3.4;20.6;0.90000004;-2.4;21.6;-20.800001
1521665490486;3.5;20.5;0.8;-2.4;21.6;-20.800001
1521665490510;3.5;20.5;0.7;-2.4;21.6;-20.800001
1521665490520;3.6000001;20.4;0.6;-2.4;21.6;-20.800001
1521665490529;3.6000001;20.300001;0.6;-2.4;21.6;-20.800001
1521665490537;3.7;20.300001;0.5;-2.4;21.6;-20.800001
1521665490556;3.8;20.2;0.5;-2.4;21.6;-20.800001
1521665490566;3.8;20.2;0.6;-2.4;21.6;-20.800001
1521665490577;3.8;20.2;0.5;-2.4;21.6;-20.800001
1521665490607;3.8;20.300001;0.5;-2.4;21.6;-20.800001
1521665490616;3.8;20.2;0.5;-2.4;21.6;-20.800001
1521665490633;3.8;20.2;0.6;-2.4;21.6;-20.800001
1521665490647;3.9;20.2;0.6;-2.4;21.6;-20.800001
1521665490656;3.9;20.2;0.5;-2.4;21.6;-20.800001
1521665490676;3.9;20.2;0.6;-2.4;21.6;-20.800001
1521665490686;3.9;20.2;0.7;-2.4;21.6;-20.800001
1521665490696;3.9;20.1;0.7;-2.4;21.6;-20.800001
1521665490757;4.0;20.1;0.7;-2.4;21.6;-20.800001
1521665490766;4.0;20.0;0.7;-2.4;21.6;-20.800001
1521665490777;4.1;20.0;0.7;-2.4;21.6;-20.800001
1521665490790;4.1;20.0;0.6;-2.4;21.6;-20.800001
1521665490808;4.1;19.9;0.6;-2.4;21.6;-20.800001
1521665490822;4.2000003;19.9;0.6;-2.4;21.6;-20.800001
1521665490866;4.3;19.9;0.6;-2.4;21.6;-20.800001
1521665490896;4.3;19.800001;0.6;-2.4;21.6;-20.800001
1521665490946;4.3;19.800001;0.5;-2.4;21.6;-20.800001
1521665490966;4.4;19.7;0.5;-2.4;21.6;-20.800001
1521665490976;4.4;19.7;0.4;-2.4;21.6;-20.800001
1521665490996;4.3;19.7;0.3;-2.4;21.6;-20.800001
1521665491006;4.4;19.800001;0.3;-2.4;21.6;-20.800001
1521665491036;4.4;19.7;0.2;-2.4;21.6;-20.800001
1521665491066;4.3;19.800001;0.2;-2.4;21.6;-20.800001
1521665491076;4.3;19.7;0.3;-2.4;21.6;-20.800001
1521665491086;4.2000003;19.800001;0.3;-2.4;21.6;-20.800001
1521665491106;4.2000003;19.800001;0.2;-2.4;21.6;-20.800001
1521665491146;4.3;19.7;0.2;-2.4;21.6;-20.800001
1521665491156;4.2000003;19.7;0.1;-2.4;21.6;-20.800001
1521665491176;4.1;19.7;0.1;-2.4;21.6;-20.800001
1521665491196;4.1;19.7;0.2;-2.4;21.6;-20.800001
1521665491209;4.1;19.7;0.1;-2.4;21.6;-20.800001
1521665491218;4.1;19.800001;0.1;-2.4;21.6;-20.800001
1521665491227;4.1;19.7;0.1;-2.4;21.6;-20.800001
1521665491237;4.1;19.800001;0.1;-2.4;21.6;-20.800001
1521665491268;4.0;19.800001;0.2;-2.4;21.6;-20.800001
1521665491289;4.0;19.9;0.2;-2.4;21.6;-20.800001
1521665491310;4.0;19.800001;0.2;-2.4;21.6;-20.800001
1521665491319;4.0;19.9;0.2;-2.4;21.6;-20.800001
1521665491339;4.1;19.9;0.3;-2.4;21.6;-20.800001
1521665491356;4.1;19.9;0.2;-2.4;21.6;-20.800001
1521665491367;4.1;19.9;0.3;-2.4;21.6;-20.800001
1521665491377;4.1;19.9;0.2;-2.4;21.6;-20.800001
1521665491387;4.2000003;19.9;0.2;-2.4;21.6;-20.800001
1521665491409;4.1;19.9;0.2;-2.4;21.6;-20.800001
1521665491419;4.1;19.9;0.3;-2.4;21.6;-20.800001
1521665491428;4.2000003;19.800001;0.3;-2.4;21.6;-20.800001
1521665491438;4.2000003;19.800001;0.4;-2.4;21.6;-20.800001
1521665491448;4.1;19.800001;0.3;-2.4;21.6;-20.800001
1521665491467;4.2000003;19.800001;0.4;-2.4;21.6;-20.800001
1521665491497;4.1;19.800001;0.5;-2.4;21.6;-20.800001
1521665491508;4.1;19.800001;0.4;-2.4;21.6;-20.800001
1521665491537;4.1;19.800001;0.5;-2.4;21.6;-20.800001
1521665491546;4.1;19.800001;0.4;-2.4;21.6;-20.800001
1521665491556;4.0;19.800001;0.5;-2.4;21.6;-20.800001
1521665491566;4.1;19.800001;0.4;-2.4;21.6;-20.800001
1521665491576;4.0;19.800001;0.4;-2.4;21.6;-20.800001
1521665491586;4.1;19.800001;0.4;-2.4;21.6;-20.800001
1521665491620;4.1;19.7;0.5;-2.4;21.6;-20.800001
1521665491629;4.1;19.7;0.4;-2.4;21.6;-20.800001
1521665491670;4.2000003;19.7;0.4;-2.4;21.6;-20.800001
1521665491680;4.1;19.7;0.4;-2.4;21.6;-20.800001
1521665491696;4.1;19.7;0.5;-2.4;21.6;-20.800001
1521665491707;4.1;19.6;0.4;-2.4;21.6;-20.800001
1521665491726;4.1;19.6;0.3;-2.4;21.6;-20.800001
1521665491737;4.1;19.6;0.2;-2.4;21.6;-20.800001
1521665491769;4.1;19.6;0.1;-2.4;21.6;-20.800001
1521665491789;4.1;19.6;0.0;-2.4;21.6;-20.800001
1521665491810;4.1;19.6;0.1;-2.4;21.6;-20.800001
1521665491823;4.1;19.6;0.2;-2.4;21.6;-20.800001
1521665491836;4.2000003;19.6;0.1;-2.4;21.6;-20.800001
1521665491856;4.2000003;19.5;0.0;-2.4;21.6;-20.800001
1521665491866;4.3;19.5;0.0;-2.4;21.6;-20.800001
1521665491876;4.3;19.5;-0.1;-2.4;21.6;-20.800001
1521665491936;4.3;19.5;0.1;-2.4;21.6;-20.800001
1521665491956;4.3;19.4;0.1;-2.4;21.6;-20.800001
1521665492006;4.3;19.4;0.2;-2.4;21.6;-20.800001
1521665492026;4.3;19.4;0.3;-2.4;21.6;-20.800001
1521665492047;4.3;19.4;0.4;-2.4;21.6;-20.800001
1521665492069;4.4;19.4;0.5;-2.4;21.6;-20.800001
1521665492080;4.4;19.4;0.4;-2.4;21.6;-20.800001
1521665492088;4.3;19.4;0.5;-2.4;21.6;-20.800001
1521665492107;4.4;19.4;0.4;-2.4;21.6;-20.800001
1521665492147;4.4;19.4;0.5;-2.4;21.6;-20.800001
1521665492168;4.4;19.4;0.6;-2.4;21.6;-20.800001
1521665492199;4.4;19.5;0.6;-2.4;21.6;-20.800001
1521665492217;4.4;19.5;0.7;-2.4;21.6;-20.800001
1521665492228;4.4;19.5;0.6;-2.4;21.6;-20.800001
1521665492288;4.4;19.5;0.7;-2.4;21.6;-20.800001
1521665492299;4.3;19.5;0.7;-2.4;21.6;-20.800001
1521665492318;4.3;19.5;0.6;-2.4;21.6;-20.800001
1521665492327;4.4;19.5;0.6;-2.4;21.6;-20.800001
1521665492367;4.4;19.5;0.5;-2.4;21.6;-20.800001
1521665492387;4.4;19.6;0.6;-2.4;21.6;-20.800001
1521665492417;4.4;19.6;0.7;-2.4;21.6;-20.800001
1521665492428;4.5;19.6;0.7;-2.4;21.6;-20.800001
1521665492438;4.5;19.6;0.6;-2.4;21.6;-20.800001
1521665492467;4.5;19.5;0.5;-2.4;21.6;-20.800001
1521665492497;4.6;19.5;0.5;-2.4;21.6;-20.800001
1521665492508;4.5;19.5;0.5;-2.4;21.6;-20.800001
1521665492519;4.5;19.5;0.4;-2.4;21.6;-20.800001
1521665492528;4.5;19.5;0.5;-2.4;21.6;-20.800001
1521665492548;4.5;19.5;0.4;-2.4;21.6;-20.800001
1521665492576;4.5;19.6;0.3;-2.4;21.6;-20.800001
1521665492586;4.5;19.5;0.2;-2.4;21.6;-20.800001
1521665492597;4.6;19.5;0.2;-2.4;21.6;-20.800001
1521665492639;4.5;19.6;0.2;-2.4;21.6;-20.800001
1521665492659;4.5;19.6;0.1;-2.4;21.6;-20.800001
1521665492677;4.5;19.6;0.2;-2.4;21.6;-20.800001
1521665492688;4.5;19.5;0.1;-2.4;21.6;-20.800001
1521665492708;4.5;19.5;0.2;-2.4;21.6;-20.800001
1521665492717;4.4;19.5;0.1;-2.4;21.6;-20.800001
1521665492737;4.4;19.6;0.1;-2.4;21.6;-20.800001
1521665492769;4.3;19.6;0.2;-2.4;21.6;-20.800001
1521665492777;4.4;19.6;0.2;-2.4;21.6;-20.800001
1521665492788;4.3;19.6;0.1;-2.4;21.6;-20.800001
1521665492808;4.3;19.6;0.2;-2.4;21.6;-20.800001
1521665492829;4.3;19.6;0.3;-2.4;21.6;-20.800001
1521665492840;4.3;19.6;0.2;-2.4;21.6;-20.800001
1521665492847;4.3;19.6;0.3;-2.4;21.6;-20.800001
1521665492877;4.3;19.6;0.4;-2.4;21.6;-20.800001
1521665492888;4.2000003;19.6;0.4;-2.4;21.6;-20.800001
1521665492896;4.2000003;19.7;0.5;-2.4;21.6;-20.800001
1521665492927;4.1;19.9;0.7;-2.4;21.6;-20.800001
1521665492937;4.0;19.9;0.7;-2.4;21.6;-20.800001
1521665492946;4.0;20.0;0.8;-2.4;21.6;-20.800001
1521665492956;3.9;20.1;0.90000004;-2.4;21.6;-20.800001
1521665492980;3.8;20.2;1.0;-2.4;21.6;-20.800001
1521665492986;3.8;20.300001;1.1;-2.4;21.6;-20.800001
1521665492996;3.7;20.300001;1.1;-2.4;21.6;-20.800001
1521665493006;3.7;20.4;1.1;-2.4;21.6;-20.800001
1521665493016;3.6000001;20.5;1.2;-2.4;21.6;-20.800001
1521665493026;3.6000001;20.5;1.3000001;-2.4;21.6;-20.800001
1521665493036;3.6000001;20.6;1.4;-2.4;21.6;-20.800001
1521665493047;3.5;20.6;1.4;-2.4;21.6;-20.800001
1521665493057;3.4;20.7;1.5;-2.4;21.6;-20.800001
1521665493076;3.3;20.800001;1.6;-2.4;21.6;-20.800001
1521665493096;3.3;20.9;1.7;-2.4;21.6;-20.800001
1521665493106;3.2;20.9;1.8000001;-2.4;21.6;-20.800001
1521665493116;3.2;21.0;1.8000001;-2.4;21.6;-20.800001
1521665493141;3.2;21.0;1.9;-2.4;21.6;-20.800001
1521665493147;3.1000001;21.1;1.9;-2.4;21.6;-20.800001
1521665493156;3.1000001;21.1;2.0;-2.4;21.6;-20.800001
1521665493168;3.1000001;21.2;2.0;-2.4;21.6;-20.800001
1521665493178;3.0;21.2;2.0;-2.4;21.6;-20.800001
1521665493187;3.0;21.300001;2.1000001;-2.4;21.6;-20.800001
1521665493196;3.0;21.300001;2.0;-2.4;21.6;-20.800001
1521665493217;3.0;21.2;2.0;-2.4;21.6;-20.800001
1521665493228;3.0;21.300001;2.0;-2.4;21.6;-20.800001
1521665493241;3.1000001;21.2;2.0;-2.4;21.6;-20.800001
1521665493279;3.1000001;21.2;1.9;-2.4;21.6;-20.800001
1521665493289;3.1000001;21.1;1.9;-2.4;21.6;-20.800001
1521665493318;3.2;21.1;1.9;-2.4;21.6;-20.800001
1521665493350;3.2;21.0;1.9;-2.4;21.6;-20.800001
1521665493376;3.3;21.0;1.8000001;-2.4;21.6;-20.800001
1521665493406;3.3;21.0;1.7;-2.4;21.6;-20.800001
1521665493437;3.4;21.0;1.7;-2.4;21.6;-20.800001
1521665493448;3.4;20.9;1.7;-2.4;21.6;-20.800001
1521665493467;3.5;20.9;1.7;-2.4;21.6;-20.800001
1521665493476;3.5;20.9;1.8000001;-2.4;21.6;-20.800001
1521665493497;3.5;20.800001;1.8000001;-2.4;21.6;-20.800001
1521665493538;3.5;20.800001;1.7;-2.4;21.6;-20.800001
1521665493558;3.5;20.800001;1.8000001;-2.4;21.6;-20.800001
1521665493569;3.6000001;20.7;1.8000001;-2.4;21.6;-20.800001
1521665493587;3.6000001;20.7;1.9;-2.4;21.6;-20.800001
1521665493626;3.6000001;20.7;2.0;-2.4;21.6;-20.800001
1521665493651;3.5;20.7;2.0;-2.4;21.6;-20.800001
1521665493658;3.6000001;20.6;2.0;-2.4;21.6;-20.800001
1521665493666;3.6000001;20.6;1.9;-2.4;21.6;-20.800001
1521665493676;3.7;20.5;1.9;-2.4;21.6;-20.800001
1521665493686;3.7;20.4;1.9;-2.4;21.6;-20.800001
1521665493706;3.8;20.300001;1.9;-2.4;21.6;-20.800001
1521665493716;3.8;20.2;1.8000001;-2.4;21.6;-20.800001
1521665493738;3.8;20.2;1.7;-2.4;21.6;-20.800001
1521665493756;3.9;20.1;1.7;-2.4;21.6;-20.800001
1521665493766;3.9;20.1;1.6;-2.4;21.6;-20.800001
1521665493786;3.9;20.0;1.6;-2.4;21.6;-20.800001
1521665493796;4.0;20.0;1.5;-2.4;21.6;-20.800001
1521665493836;4.1;19.9;1.5;-2.4;21.6;-20.800001
1521665493856;4.2000003;19.800001;1.5;-2.4;21.6;-20.800001
1521665493876;4.2000003;19.800001;1.4;-2.4;21.6;-20.800001
1521665493890;4.3;19.800001;1.4;-2.4;21.6;-20.800001
1521665493926;4.4;19.7;1.1;-2.4;21.6;-20.800001
1521665493946;4.5;19.7;1.0;-2.4;21.6;-20.800001
1521665493986;4.4;19.800001;1.0;-2.4;21.6;-20.800001
1521665494015;4.4;19.9;1.0;-2.4;21.6;-20.800001
1521665494026;4.3;19.9;1.1;-2.4;21.6;-20.800001
1521665494046;4.3;20.0;1.1;-2.4;21.6;-20.800001
1521665494056;4.2000003;20.0;1.2;-2.4;21.6;-20.800001
1521665494066;4.2000003;20.1;1.2;-2.4;21.6;-20.800001
1521665494106;4.1;20.2;1.3000001;-2.4;21.6;-20.800001
1521665494157;4.0;20.2;1.3000001;-2.4;21.6;-20.800001
1521665494167;4.0;20.2;1.2;-2.4;21.6;-20.800001
1521665494188;4.1;20.2;1.2;-2.4;21.6;-20.800001
1521665494196;4.0;20.2;1.1;-2.4;21.6;-20.800001
1521665494209;4.1;20.2;1.1;-2.4;21.6;-20.800001
1521665494230;4.1;20.300001;1.1;-2.4;21.6;-20.800001
1521665494239;4.0;20.300001;1.3000001;-2.4;21.6;-20.800001
1521665494250;4.0;20.300001;1.4;-2.4;21.6;-20.800001
1521665494269;4.0;20.4;1.4;-2.4;21.6;-20.800001
1521665494310;4.1;20.300001;1.4;-2.4;21.6;-20.800001
1521665494330;4.1;20.300001;1.3000001;-2.4;21.6;-20.800001
1521665494367;4.1;20.2;1.3000001;-2.4;21.6;-20.800001
1521665494387;4.1;20.2;1.2;-2.4;21.6;-20.800001
1521665494398;4.2000003;20.2;1.2;-2.4;21.6;-20.800001
1521665494409;4.2000003;20.2;1.1;-2.4;21.6;-20.800001
1521665494439;4.3;20.2;1.2;-2.4;21.6;-20.800001
1521665494456;4.3;20.1;1.1;-2.4;21.6;-20.800001
1521665494487;4.3;20.0;1.1;-2.4;21.6;-20.800001
1521665494509;4.3;19.9;1.1;-2.4;21.6;-20.800001
1521665494540;4.4;19.800001;1.0;-2.4;21.6;-20.800001
1521665494547;4.4;19.7;1.0;-2.4;21.6;-20.800001
1521665494596;4.3;19.6;1.0;-2.4;21.6;-20.800001
1521665494606;4.3;19.6;1.1;-2.4;21.6;-20.800001
1521665494616;4.3;19.6;1.0;-2.4;21.6;-20.800001
1521665494637;4.3;19.5;0.90000004;-2.4;21.6;-20.800001
1521665494667;4.3;19.5;1.0;-2.4;21.6;-20.800001
1521665494687;4.4;19.4;1.0;-2.4;21.6;-20.800001
1521665494696;4.3;19.4;1.0;-2.4;21.6;-20.800001
1521665494709;4.3;19.4;1.1;-2.4;21.6;-20.800001
1521665494736;4.3;19.4;1.0;-2.4;21.6;-20.800001
1521665494766;4.3;19.4;0.90000004;-2.4;21.6;-20.800001
1521665494776;4.3;19.4;1.0;-2.4;21.6;-20.800001
1521665494819;4.3;19.4;0.90000004;-2.4;21.6;-20.800001
1521665494837;4.3;19.4;1.0;-2.4;21.6;-20.800001
1521665494847;4.2000003;19.4;1.0;-2.4;21.6;-20.800001
1521665494857;4.3;19.4;0.90000004;-2.4;21.6;-20.800001
1521665494867;4.3;19.4;0.8;-2.4;21.6;-20.800001
1521665494896;4.4;19.300001;0.7;-2.4;21.6;-20.800001
1521665494947;4.5;19.300001;0.5;-2.4;21.6;-20.800001
1521665494956;4.4;19.300001;0.5;-2.4;21.6;-20.800001
1521665494996;4.4;19.4;0.4;-2.4;21.6;-20.800001
1521665495016;4.5;19.4;0.4;-2.4;21.6;-20.800001
1521665495036;4.5;19.4;0.3;-2.4;21.6;-20.800001
1521665495047;4.5;19.300001;0.4;-2.4;21.6;-20.800001
1521665495056;4.4;19.4;0.5;-2.4;21.6;-20.800001
1521665495068;4.4;19.4;0.6;-2.4;21.6;-20.800001
1521665495079;4.4;19.4;0.5;-2.4;21.6;-20.800001
1521665495096;4.3;19.4;0.5;-2.4;21.6;-20.800001
1521665495116;4.4;19.4;0.6;-2.4;21.6;-20.800001
1521665495136;4.4;19.4;0.5;-2.4;21.6;-20.800001
1521665495161;4.4;19.5;0.6;-2.4;21.6;-20.800001
1521665495176;4.3;19.5;0.7;-2.4;21.6;-20.800001
1521665495196;4.3;19.5;0.8;-2.4;21.6;-20.800001
1521665495206;4.3;19.5;0.90000004;-2.4;21.6;-20.800001
1521665495216;4.2000003;19.5;0.8;-2.4;21.6;-20.800001
1521665495233;4.2000003;19.6;0.8;-2.4;21.6;-20.800001
1521665495246;4.2000003;19.6;0.90000004;-2.4;21.6;-20.800001
1521665495276;4.2000003;19.6;1.0;-2.4;21.6;-20.800001
1521665495286;4.3;19.6;1.0;-2.4;21.6;-20.800001
1521665495308;4.3;19.6;0.90000004;-2.4;21.6;-20.800001
1521665495318;4.2000003;19.6;0.90000004;-2.4;21.6;-20.800001
1521665495357;4.2000003;19.5;0.7;-2.4;21.6;-20.800001
1521665495367;4.3;19.5;0.8;-2.4;21.6;-20.800001
1521665495378;4.2000003;19.6;0.90000004;-2.4;21.6;-20.800001
1521665495420;4.1;19.6;0.90000004;-2.4;21.6;-20.800001
1521665495459;4.1;19.6;0.8;-2.4;21.6;-20.800001
1521665495476;4.1;19.6;0.90000004;-2.4;21.6;-20.800001
1521665495487;4.1;19.6;0.8;-2.4;21.6;-20.800001
1521665495497;4.0;19.6;0.90000004;-2.4;21.6;-20.800001
1521665495507;4.0;19.6;0.8;-2.4;21.6;-20.800001
1521665495519;4.1;19.6;0.90000004;-2.4;21.6;-20.800001
1521665495547;4.0;19.6;0.8;-2.4;21.6;-20.800001
1521665495610;4.0;19.6;0.90000004;-2.4;21.6;-20.800001
1521665495627;3.9;19.7;0.8;-2.4;21.6;-20.800001
1521665495648;3.9;19.7;0.7;-2.4;21.6;-20.800001
1521665495656;3.9;19.7;0.8;-2.4;21.6;-20.800001
1521665495667;3.9;19.7;0.7;-2.4;21.6;-20.800001
1521665495698;3.8;19.7;0.7;-2.4;21.6;-20.800001
1521665495711;3.8;19.7;0.6;-2.4;21.6;-20.800001
1521665495768;3.8;19.800001;0.7;-2.4;21.6;-20.800001
1521665495778;3.8;19.800001;0.6;-2.4;21.6;-20.800001
1521665495799;3.8;19.7;0.6;-2.4;21.6;-20.800001
1521665495810;3.8;19.7;0.7;-2.4;21.6;-20.800001
1521665495829;3.7;19.800001;0.6;-2.4;21.6;-20.800001
1521665495856;3.7;19.7;0.7;-2.4;21.6;-20.800001
1521665495866;3.8;19.7;0.7;-2.4;21.6;-20.800001
1521665495876;3.7;19.7;0.7;-2.4;21.6;-20.800001
1521665495886;3.7;19.800001;0.7;-2.4;21.6;-20.800001
1521665495936;3.6000001;19.800001;0.8;-2.4;21.6;-20.800001
1521665495956;3.6000001;19.7;0.8;-2.4;21.6;-20.800001
1521665495976;3.6000001;19.800001;0.8;-2.4;21.6;-20.800001
1521665495996;3.6000001;19.800001;0.90000004;-2.4;21.6;-20.800001
1521665496056;3.5;19.800001;0.8;-2.4;21.6;-20.800001
1521665496067;3.6000001;19.800001;0.8;-2.4;21.6;-20.800001
1521665496077;3.6000001;19.9;0.90000004;-2.4;21.6;-20.800001
1521665496087;3.5;19.9;0.8;-2.4;21.6;-20.800001
1521665496129;3.6000001;19.9;0.8;-2.4;21.6;-20.800001
1521665496139;3.5;19.9;0.8;-2.4;21.6;-20.800001
1521665496159;3.5;19.9;0.7;-2.4;21.6;-20.800001
1521665496180;3.5;19.9;0.6;-2.4;21.6;-20.800001
1521665496237;3.6000001;19.9;0.6;-2.4;21.6;-20.800001
1521665496257;3.5;19.9;0.6;-2.4;21.6;-20.800001
1521665496288;3.6000001;19.9;0.6;-2.4;21.6;-20.800001
1521665496299;3.5;19.9;0.5;-2.4;21.6;-20.800001
1521665496318;3.6000001;19.9;0.5;-2.4;21.6;-20.800001
1521665496357;3.5;19.9;0.4;-2.4;21.6;-20.800001
1521665496377;3.6000001;19.9;0.4;-2.4;21.6;-20.800001
1521665496387;3.6000001;19.9;0.5;-2.4;21.6;-20.800001
1521665496396;3.5;19.9;0.5;-2.4;21.6;-20.800001
1521665496408;3.5;19.9;0.4;-2.4;21.6;-20.800001
1521665496418;3.5;20.0;0.5;-2.4;21.6;-20.800001
1521665496426;3.5;20.0;0.4;-2.4;21.6;-20.800001
1521665496476;3.4;20.0;0.4;-2.4;21.6;-20.800001
1521665496486;3.4;20.0;0.5;-2.4;21.6;-20.800001
1521665496516;3.4;20.0;0.4;-2.4;21.6;-20.800001
1521665496543;3.3;20.1;0.4;-2.4;21.6;-20.800001
1521665496566;3.3;20.1;0.5;-2.4;21.6;-20.800001
1521665496576;3.3;20.0;0.5;-2.4;21.6;-20.800001
1521665496596;3.3;20.0;0.6;-2.4;21.6;-20.800001
1521665496606;3.2;20.0;0.5;-2.4;21.6;-20.800001
1521665496616;3.2;20.1;0.6;-2.4;21.6;-20.800001
1521665496626;3.2;20.0;0.6;-2.4;21.6;-20.800001
1521665496636;3.2;20.1;0.6;-2.4;21.6;-20.800001
1521665496660;3.2;20.1;0.7;-2.4;21.6;-20.800001
1521665496666;3.2;20.1;0.6;-2.4;21.6;-20.800001
1521665496677;3.2;20.1;0.7;-2.4;21.6;-20.800001
1521665496686;3.2;20.1;0.6;-2.4;21.6;-20.800001
1521665496706;3.2;20.1;0.7;-2.4;21.6;-20.800001
1521665496716;3.2;20.1;0.6;-2.4;21.6;-20.800001
1521665496726;3.2;20.0;0.6;-2.4;21.6;-20.800001
1521665496736;3.2;20.1;0.7;-2.4;21.6;-20.800001
1521665496746;3.2;20.1;0.6;-2.4;21.6;-20.800001
1521665496779;3.3;20.1;0.7;-2.4;21.6;-20.800001
1521665496789;3.3;20.1;0.5;-2.4;21.6;-20.800001
1521665496797;3.2;20.1;0.6;-2.4;21.6;-20.800001
1521665496809;3.2;20.2;0.6;-2.4;21.6;-20.800001
1521665496818;3.2;20.1;0.6;-2.4;21.6;-20.800001
1521665496827;3.3;20.1;0.7;-2.4;21.6;-20.800001
1521665496850;3.4;20.1;0.7;-2.4;21.6;-20.800001
1521665496866;3.4;20.1;0.6;-2.4;21.6;-20.800001
1521665496876;3.4;20.1;0.7;-2.4;21.6;-20.800001
1521665496886;3.4;20.1;0.6;-2.4;21.6;-20.800001
1521665496937;3.5;20.1;0.5;-2.4;21.6;-20.800001
1521665496947;3.5;20.1;0.6;-2.4;21.6;-20.800001
1521665496986;3.5;20.1;0.5;-2.4;21.6;-20.800001
1521665496995;3.5;20.1;0.6;-2.4;21.6;-20.800001
1521665497006;3.5;20.1;0.5;-2.4;21.6;-20.800001
1521665497016;3.5;20.1;0.6;-2.4;21.6;-20.800001
1521665497047;3.5;20.0;0.7;-2.4;21.6;-20.800001
1521665497056;3.5;20.0;0.6;-2.4;21.6;-20.800001
1521665497160;3.5;20.0;0.5;-2.4;21.6;-20.800001
1521665497179;3.4;20.0;0.4;-2.4;21.6;-20.800001
1521665497201;3.5;20.0;0.5;-2.4;21.6;-20.800001
1521665497210;3.4;20.0;0.5;-2.4;21.6;-20.800001
1521665497226;3.5;20.0;0.6;-2.4;21.6;-20.800001
1521665497296;3.5;19.9;0.5;-2.4;21.6;-20.800001
1521665497356;3.5;20.0;0.5;-2.4;21.6;-20.800001
1521665497366;3.5;20.0;0.6;-2.4;21.6;-20.800001
1521665497377;3.5;20.0;0.5;-2.4;21.6;-20.800001
1521665497388;3.5;19.9;0.5;-2.4;21.6;-20.800001
1521665497410;3.5;19.9;0.4;-2.4;21.6;-20.800001
1521665497477;3.5;19.9;0.5;-2.4;21.6;-20.800001
1521665497497;3.5;19.9;0.4;-2.4;21.6;-20.800001
1521665497516;3.5;19.9;0.3;-2.4;21.6;-20.800001
1521665497527;3.4;19.9;0.3;-2.4;21.6;-20.800001
1521665497540;3.5;19.9;0.3;-2.4;21.6;-20.800001
1521665497548;3.5;19.9;0.2;-2.4;21.6;-20.800001
1521665497571;3.5;19.800001;0.2;-2.4;21.6;-20.800001
1521665497597;3.6000001;19.800001;0.1;-2.4;21.6;-20.800001
1521665497607;3.6000001;19.800001;0.2;-2.4;21.6;-20.800001
1521665497617;3.5;19.800001;0.1;-2.4;21.6;-20.800001
1521665497637;3.6000001;19.800001;0.1;-2.4;21.6;-20.800001
1521665497668;3.6000001;19.7;0.1;-2.4;21.6;-20.800001
1521665497678;3.6000001;19.7;0.2;-2.4;21.6;-20.800001
1521665497690;3.6000001;19.800001;0.2;-2.4;21.6;-20.800001
1521665497709;3.6000001;19.800001;0.3;-2.4;21.6;-20.800001
1521665497718;3.5;19.800001;0.3;-2.4;21.6;-20.800001
1521665497748;3.5;19.800001;0.4;-2.4;21.6;-20.800001
1521665497759;3.5;19.800001;0.3;-2.4;21.6;-20.800001
1521665497817;3.5;19.9;0.4;-2.4;21.6;-20.800001
1521665497843;3.4;19.9;0.4;-2.4;21.6;-20.800001
1521665497886;3.4;20.0;0.5;-2.4;21.6;-20.800001
1521665497936;3.4;20.0;0.7;-2.4;21.6;-20.800001
1521665497946;3.3;20.0;0.7;-2.4;21.6;-20.800001
1521665497966;3.3;20.1;0.7;-2.4;21.6;-20.800001
1521665498016;3.3;20.1;0.6;-2.4;21.6;-20.800001
1521665498036;3.3;20.0;0.6;-2.4;21.6;-20.800001
1521665498046;3.3;20.1;0.6;-2.4;21.6;-20.800001
1521665498078;3.3;20.1;0.7;-2.4;21.6;-20.800001
1521665498119;3.3;20.0;0.7;-2.4;21.6;-20.800001
1521665498148;3.3;20.0;0.8;-2.4;21.6;-20.800001
1521665498207;3.3;20.0;0.7;-2.4;21.6;-20.800001
1521665498227;3.3;20.0;0.6;-2.4;21.6;-20.800001
1521665498268;3.3;19.9;0.5;-2.4;21.6;-20.800001
1521665498300;3.3;19.9;0.6;-2.4;21.6;-20.800001
1521665498318;3.4;19.9;0.7;-2.4;21.6;-20.800001
1521665498349;3.5;19.800001;0.7;-2.4;21.6;-20.800001
1521665498358;3.4;19.800001;0.7;-2.4;21.6;-20.800001
1521665498367;3.4;19.800001;0.8;-2.4;21.6;-20.800001
1521665498378;3.5;19.800001;0.7;-2.4;21.6;-20.800001
1521665498420;3.5;19.7;0.7;-2.4;21.6;-20.800001
1521665498461;3.4;19.7;0.7;-2.4;21.6;-20.800001
1521665498467;3.4;19.7;0.6;-2.4;21.6;-20.800001
1521665498497;3.4;19.7;0.7;-2.4;21.6;-20.800001
1521665498507;3.4;19.800001;0.7;-2.4;21.6;-20.800001
1521665498540;3.4;19.7;0.7;-2.4;21.6;-20.800001
1521665498561;3.4;19.7;0.8;-2.4;21.6;-20.800001
1521665498570;3.4;19.800001;0.8;-2.4;21.6;-20.800001
1521665498581;3.4;19.800001;0.90000004;-2.4;21.6;-20.800001
1521665498627;3.4;19.800001;0.8;-2.4;21.6;-20.800001
1521665498637;3.3;19.9;0.8;-2.4;21.6;-20.800001
1521665498681;3.3;20.0;0.8;-2.4;21.6;-20.800001
1521665498686;3.2;20.0;0.7;-2.4;21.6;-20.800001
1521665498697;3.2;20.0;0.8;-2.4;21.6;-20.800001
1521665498727;3.1000001;20.0;0.8;-2.4;21.6;-20.800001
1521665498738;3.1000001;20.1;0.90000004;-2.4;21.6;-20.800001
1521665498758;3.2;20.1;0.90000004;-2.4;21.6;-20.800001
1521665498770;3.1000001;20.1;0.90000004;-2.4;21.6;-20.800001
1521665498808;3.1000001;20.1;1.0;-2.4;21.6;-20.800001
1521665498819;3.2;20.1;1.0;-2.4;21.6;-20.800001
1521665498826;3.1000001;20.1;1.0;-2.4;21.6;-20.800001
1521665498840;3.1000001;20.2;1.0;-2.4;21.6;-20.800001
1521665498856;3.1000001;20.2;0.90000004;-2.4;21.6;-20.800001
1521665498886;3.1000001;20.2;0.8;-2.4;21.6;-20.800001
1521665498906;3.1000001;20.2;0.90000004;-2.4;21.6;-20.800001
1521665498946;3.1000001;20.2;0.8;-2.4;21.6;-20.800001
1521665498966;3.1000001;20.2;0.7;-2.4;21.6;-20.800001
1521665498977;3.1000001;20.2;0.8;-2.4;21.6;-20.800001
1521665499016;3.1000001;20.2;0.7;-2.4;21.6;-20.800001
1521665499036;3.2;20.2;0.6;-2.4;21.6;-20.800001
1521665499063;3.1000001;20.1;0.6;-2.4;21.6;-20.800001
1521665499066;3.2;20.2;0.6;-2.4;21.6;-20.800001
1521665499086;3.2;20.2;0.5;-2.4;21.6;-20.800001
1521665499116;3.1000001;20.2;0.4;-2.4;21.6;-20.800001
1521665499129;3.2;20.2;0.3;-2.4;21.6;-20.800001
1521665499140;3.3;20.1;0.3;-2.4;21.6;-20.800001
1521665499146;3.2;20.2;0.4;-2.4;21.6;-20.800001
1521665499156;3.3;20.1;0.4;-2.4;21.6;-20.800001
1521665499166;3.3;20.2;0.4;-2.4;21.6;-20.800001
1521665499196;3.3;20.1;0.4;-2.4;21.6;-20.800001
1521665499210;3.3;20.1;0.3;-2.4;21.6;-20.800001
1521665499219;3.3;20.1;0.4;-2.4;21.6;-20.800001
1521665499230;3.3;20.1;0.3;-2.4;21.6;-20.800001
1521665499248;3.3;20.1;0.4;-2.4;21.6;-20.800001
1521665499279;3.3;20.1;0.3;-2.4;21.6;-20.800001
1521665499288;3.3;20.0;0.3;-2.4;21.6;-20.800001
1521665499319;3.4;20.0;0.3;-2.4;21.6;-20.800001
1521665499328;3.4;20.0;0.4;-2.4;21.6;-20.800001
1521665499338;3.4;20.0;0.3;-2.4;21.6;-20.800001
1521665499367;3.4;20.0;0.4;-2.4;21.6;-20.800001
1521665499397;3.5;20.0;0.4;-2.4;21.6;-20.800001
1521665499417;3.5;20.0;0.5;-2.4;21.6;-20.800001
1521665499430;3.5;19.9;0.5;-2.4;21.6;-20.800001
1521665499458;3.5;19.9;0.6;-2.4;21.6;-20.800001
1521665499476;3.5;19.9;0.5;-2.4;21.6;-20.800001
1521665499497;3.5;19.9;0.6;-2.4;21.6;-20.800001
1521665499507;3.5;19.9;0.5;-2.4;21.6;-20.800001
1521665499517;3.6000001;19.800001;0.6;-2.4;21.6;-20.800001
1521665499539;3.6000001;19.800001;0.5;-2.4;21.6;-20.800001
1521665499559;3.6000001;19.800001;0.6;-2.4;21.6;-20.800001
1521665499589;3.6000001;19.800001;0.7;-2.4;21.6;-20.800001
1521665499600;3.6000001;19.800001;0.6;-2.4;21.6;-20.800001
1521665499618;3.6000001;19.800001;0.4;-2.4;21.6;-20.800001
1521665499676;3.5;19.800001;0.4;-2.4;21.6;-20.800001
1521665499689;3.5;19.800001;0.5;-2.4;21.6;-20.800001
1521665499709;3.5;19.800001;0.6;-2.4;21.6;-20.800001
1521665499716;3.5;19.800001;0.5;-2.4;21.6;-20.800001
1521665499726;3.5;19.800001;0.6;-2.4;21.6;-20.800001
1521665499746;3.5;19.9;0.5;-2.4;21.6;-20.800001
1521665499756;3.5;19.800001;0.5;-2.4;21.6;-20.800001
1521665499817;3.5;19.800001;0.4;-2.4;21.6;-20.800001
1521665499831;3.5;19.800001;0.5;-2.4;21.6;-20.800001
1521665499837;3.5;19.800001;0.4;-2.4;21.6;-20.800001
1521665499886;3.5;19.9;0.4;-2.4;21.6;-20.800001
1521665499896;3.5;19.800001;0.4;-2.4;21.6;-20.800001
1521665499926;3.5;19.9;0.5;-2.4;21.6;-20.800001
1521665499946;3.4;19.9;0.6;-2.4;21.6;-20.800001
1521665499966;3.5;19.800001;0.5;-2.4;21.6;-20.800001
1521665499977;3.5;19.9;0.5;-2.4;21.6;-20.800001
1521665499996;3.5;19.9;0.4;-2.4;21.6;-20.800001
1521665500006;3.5;19.800001;0.4;-2.4;21.6;-20.800001
1521665500026;3.5;19.9;0.3;-2.4;21.6;-20.800001
1521665500036;3.5;19.9;0.2;-2.4;21.6;-20.800001
1521665500047;3.5;19.9;0.3;-2.4;21.6;-20.800001
1521665500067;3.5;19.800001;0.2;-2.4;21.6;-20.800001
1521665500098;3.5;19.800001;0.1;-2.4;21.6;-20.800001
1521665500108;3.5;19.800001;0.2;-2.4;21.6;-20.800001
1521665500117;3.5;19.800001;0.1;-2.4;21.6;-20.800001
1521665500130;3.5;19.9;0.1;-2.4;21.6;-20.800001
1521665500139;3.5;19.800001;0.1;-2.4;21.6;-20.800001
1521665500150;3.5;19.800001;0.0;-2.4;21.6;-20.800001
1521665500161;3.5;19.800001;0.1;-2.4;21.6;-20.800001
1521665500168;3.5;19.800001;0.0;-2.4;21.6;-20.800001
1521665500179;3.5;19.800001;0.1;-2.4;21.6;-20.800001
1521665500189;3.5;19.800001;0.0;-2.4;21.6;-20.800001
1521665500199;3.5;19.800001;0.1;-2.4;21.6;-20.800001
1521665500208;3.4;19.9;0.1;-2.4;21.6;-20.800001
1521665500218;3.5;19.800001;0.1;-2.4;21.6;-20.800001
1521665500228;3.4;19.9;0.0;-2.4;21.6;-20.800001
1521665500239;3.5;19.800001;0.1;-2.4;21.6;-20.800001
1521665500247;3.5;19.800001;0.0;-2.4;21.6;-20.800001
1521665500268;3.5;19.9;-0.1;-2.4;21.6;-20.800001
1521665500278;3.5;19.800001;-0.1;-2.4;21.6;-20.800001
1521665500327;3.5;19.800001;0.0;-2.4;21.6;-20.800001
1521665500347;3.5;19.800001;-0.1;-2.4;21.6;-20.800001
1521665500398;3.4;19.800001;0.0;-2.4;21.6;-20.800001
1521665500429;3.4;19.800001;0.1;-2.4;21.6;-20.800001
1521665500457;3.4;19.800001;0.0;-2.4;21.6;-20.800001
1521665500466;3.4;19.800001;0.1;-2.4;21.6;-20.800001
1521665500508;3.4;19.800001;0.0;-2.4;21.6;-20.800001
1521665500520;3.4;19.800001;0.1;-2.4;21.6;-20.800001
1521665500528;3.4;19.800001;0.2;-2.4;21.6;-20.800001
1521665500538;3.4;19.800001;0.1;-2.4;21.6;-20.800001
1521665500579;3.4;19.800001;0.2;-2.4;21.6;-20.800001
1521665500588;3.3;19.9;0.3;-2.4;21.6;-20.800001
1521665500599;3.3;19.9;0.2;-2.4;21.6;-20.800001
1521665500640;3.3;19.9;0.3;-2.4;21.6;-20.800001
1521665500650;3.3;19.9;0.4;-2.4;21.6;-20.800001
1521665500659;3.2;19.9;0.4;-2.4;21.6;-20.800001
1521665500667;3.3;19.9;0.3;-2.4;21.6;-20.800001
1521665500687;3.3;19.9;0.4;-2.4;21.6;-20.800001
1521665500707;3.3;19.9;0.5;-2.4;21.6;-20.800001
1521665500717;3.4;19.9;0.5;-2.4;21.6;-20.800001
1521665500738;3.4;19.800001;0.5;-2.4;21.6;-20.800001
1521665500750;3.5;19.800001;0.5;-2.4;21.6;-20.800001
1521665500779;3.5;19.800001;0.4;-2.4;21.6;-20.800001
1521665500790;3.5;19.800001;0.5;-2.4;21.6;-20.800001
1521665500849;3.5;19.800001;0.6;-2.4;21.6;-20.800001
1521665500886;3.5;19.7;0.6;-2.4;21.6;-20.800001
1521665500896;3.5;19.7;0.7;-2.4;21.6;-20.800001
1521665500946;3.5;19.7;0.6;-2.4;21.6;-20.800001
1521665500956;3.5;19.800001;0.5;-2.4;21.6;-20.800001
1521665500977;3.4;19.800001;0.5;-2.4;21.6;-20.800001
1521665500986;3.4;19.800001;0.4;-2.4;21.6;-20.800001
1521665501006;3.4;19.800001;0.3;-2.4;21.6;-20.800001
1521665501036;3.3;19.800001;0.3;-2.4;21.6;-20.800001
1521665501060;3.2;19.800001;0.3;-2.4;21.6;-20.800001
1521665501086;3.2;19.800001;0.2;-2.4;21.6;-20.800001
1521665501096;3.2;19.800001;0.1;-2.4;21.6;-20.800001
1521665501116;3.2;19.800001;0.2;-2.4;21.6;-20.800001
1521665501126;3.2;19.7;0.1;-2.4;21.6;-20.800001
1521665501168;3.3;19.7;0.1;-2.4;21.6;-20.800001
1521665501176;3.3;19.7;0.2;-2.4;21.6;-20.800001
1521665501239;3.3;19.6;0.3;-2.4;21.6;-20.800001
1521665501250;3.3;19.6;0.4;-2.4;21.6;-20.800001
1521665501270;3.3;19.6;0.5;-2.4;21.6;-20.800001
1521665501289;3.4;19.6;0.5;-2.4;21.6;-20.800001
1521665501300;3.3;19.6;0.6;-2.4;21.6;-20.800001
1521665501310;3.4;19.6;0.6;-2.4;21.6;-20.800001
1521665501339;3.3;19.6;0.7;-2.4;21.6;-20.800001
1521665501367;3.3;19.6;0.8;-2.4;21.6;-20.800001
1521665501387;3.3;19.6;0.7;-2.4;21.6;-20.800001
1521665501407;3.3;19.7;0.7;-2.4;21.6;-20.800001
1521665501458;3.2;19.7;0.7;-2.4;21.6;-20.800001
1521665501467;3.3;19.7;0.7;-2.4;21.6;-20.800001
1521665501477;3.3;19.7;0.6;-2.4;21.6;-20.800001
1521665501497;3.2;19.7;0.6;-2.4;21.6;-20.800001
1521665501508;3.2;19.800001;0.7;-2.4;21.6;-20.800001
1521665501518;3.2;19.800001;0.6;-2.4;21.6;-20.800001
1521665501529;3.2;19.800001;0.7;-2.4;21.6;-20.800001
1521665501549;3.2;19.800001;0.6;-2.4;21.6;-20.800001
1521665501558;3.2;19.7;0.6;-2.4;21.6;-20.800001
1521665501618;3.2;19.800001;0.6;-2.4;21.6;-20.800001
1521665501648;3.2;19.800001;0.5;-2.4;21.6;-20.800001
1521665501657;3.2;19.800001;0.6;-2.4;21.6;-20.800001
1521665501669;3.2;19.800001;0.5;-2.4;21.6;-20.800001
1521665501680;3.3;19.7;0.6;-2.4;21.6;-20.800001
1521665501698;3.4;19.7;0.6;-2.4;21.6;-20.800001
1521665501720;3.4;19.7;0.7;-2.4;21.6;-20.800001
1521665501728;3.5;19.6;0.7;-2.4;21.6;-20.800001
1521665501739;3.4;19.6;0.7;-2.4;21.6;-20.800001
1521665501749;3.5;19.6;0.7;-2.4;21.6;-20.800001
1521665501770;3.4;19.6;0.7;-2.4;21.6;-20.800001
1521665501800;3.4;19.6;0.8;-2.4;21.6;-20.800001
1521665501810;3.4;19.6;0.7;-2.4;21.6;-20.800001
1521665501839;3.4;19.6;0.6;-2.4;21.6;-20.800001
1521665501854;3.4;19.6;0.5;-2.4;21.6;-20.800001
1521665501866;3.4;19.6;0.6;-2.4;21.6;-20.800001
1521665501956;3.4;19.6;0.5;-2.4;21.6;-20.800001
1521665501979;3.3;19.6;0.4;-2.4;21.6;-20.800001
1521665501996;3.3;19.6;0.5;-2.4;21.6;-20.800001
1521665502016;3.2;19.7;0.5;-2.4;21.6;-20.800001
1521665502036;3.1000001;19.800001;0.6;-2.4;21.6;-20.800001
1521665502080;3.2;19.800001;0.6;-2.4;21.6;-20.800001
1521665502099;3.2;19.800001;0.5;-2.4;21.6;-20.800001
1521665502127;3.1000001;19.9;0.6;-2.4;21.6;-20.800001
1521665502137;3.1000001;20.0;0.6;-2.4;21.6;-20.800001
1521665502149;3.1000001;20.0;0.7;-2.4;21.6;-20.800001
1521665502157;3.1000001;19.9;0.7;-2.4;21.6;-20.800001
1521665502187;3.1000001;20.0;0.7;-2.4;21.6;-20.800001
1521665502207;3.2;19.9;0.6;-2.4;21.6;-20.800001
1521665502228;3.1000001;20.0;0.6;-2.4;21.6;-20.800001
1521665502247;3.1000001;20.0;0.7;-2.4;21.6;-20.800001
1521665502257;3.1000001;20.0;0.8;-2.4;21.6;-20.800001
1521665502296;3.2;20.0;0.90000004;-2.4;21.6;-20.800001
1521665502306;3.2;19.9;0.8;-2.4;21.6;-20.800001
1521665502338;3.2;19.800001;0.7;-2.4;21.6;-20.800001
1521665502347;3.3;19.800001;0.7;-2.4;21.6;-20.800001
1521665502377;3.2;19.800001;0.7;-2.4;21.6;-20.800001
1521665502387;3.3;19.800001;0.7;-2.4;21.6;-20.800001
1521665502397;3.2;19.800001;0.7;-2.4;21.6;-20.800001
1521665502407;3.3;19.800001;0.7;-2.4;21.6;-20.800001
1521665502419;3.3;19.7;0.8;-2.4;21.6;-20.800001
1521665502439;3.3;19.7;0.6;-2.4;21.6;-20.800001
1521665502477;3.3;19.7;0.5;-2.4;21.6;-20.800001
1521665502487;3.4;19.6;0.5;-2.4;21.6;-20.800001
1521665502507;3.4;19.7;0.5;-2.4;21.6;-20.800001
1521665502517;3.4;19.6;0.6;-2.4;21.6;-20.800001
1521665502546;3.5;19.6;0.6;-2.4;21.6;-20.800001
1521665502556;3.5;19.6;0.5;-2.4;21.6;-20.800001
1521665502567;3.5;19.6;0.6;-2.4;21.6;-20.800001
1521665502577;3.4;19.6;0.6;-2.4;21.6;-20.800001
1521665502607;3.4;19.6;0.7;-2.4;21.6;-20.800001
1521665502630;3.5;19.6;0.6;-2.4;21.6;-20.800001
1521665502658;3.5;19.6;0.5;-2.4;21.6;-20.800001
1521665502724;3.4;19.7;0.5;-2.4;21.6;-20.800001
1521665502732;3.5;19.6;0.5;-2.4;21.6;-20.800001
1521665502736;3.5;19.7;0.5;-2.4;21.6;-20.800001
1521665502767;3.5;19.7;0.4;-2.4;21.6;-20.800001
1521665502776;3.5;19.7;0.5;-2.4;21.6;-20.800001
1521665502800;3.5;19.7;0.6;-2.4;21.6;-20.800001
1521665502819;3.5;19.7;0.5;-2.4;21.6;-20.800001
1521665502839;3.5;19.7;0.4;-2.4;21.6;-20.800001
1521665502856;3.4;19.7;0.4;-2.4;21.6;-20.800001
1521665502866;3.5;19.7;0.3;-2.4;21.6;-20.800001
1521665502876;3.5;19.7;0.2;-2.4;21.6;-20.800001
1521665502908;3.6000001;19.7;0.1;-2.4;21.6;-20.800001
1521665502956;3.6000001;19.7;0.0;-2.4;21.6;-20.800001
1521665502986;3.7;19.6;0.0;-2.4;21.6;-20.800001
1521665503016;3.8;19.6;0.1;-2.4;21.6;-20.800001
1521665503036;3.9;19.5;0.1;-2.4;21.6;-20.800001
1521665503046;3.9;19.6;0.2;-2.4;21.6;-20.800001
1521665503060;3.9;19.5;0.2;-2.4;21.6;-20.800001
1521665503096;4.0;19.5;0.2;-2.4;21.6;-20.800001
1521665503126;4.1;19.5;0.1;-2.4;21.6;-20.800001
1521665503156;4.1;19.4;0.1;-2.4;21.6;-20.800001
1521665503166;4.1;19.4;0.2;-2.4;21.6;-20.800001
1521665503196;4.2000003;19.4;0.2;-2.4;21.6;-20.800001
1521665503206;4.2000003;19.300001;0.2;-2.4;21.6;-20.800001
1521665503236;4.2000003;19.300001;0.3;-2.4;21.6;-20.800001
1521665503246;4.2000003;19.4;0.4;-2.4;21.6;-20.800001
1521665503266;4.1;19.4;0.4;-2.4;21.6;-20.800001
1521665503287;4.1;19.300001;0.4;-2.4;21.6;-20.800001
1521665503337;4.2000003;19.300001;0.5;-2.4;21.6;-20.800001
1521665503347;4.1;19.4;0.5;-2.4;21.6;-20.800001
1521665503366;4.2000003;19.300001;0.4;-2.4;21.6;-20.800001
1521665503377;4.1;19.4;0.5;-2.4;21.6;-20.800001
1521665503398;4.2000003;19.4;0.5;-2.4;21.6;-20.800001
1521665503428;4.2000003;19.4;0.6;-2.4;21.6;-20.800001
1521665503439;4.2000003;19.4;0.5;-2.4;21.6;-20.800001
1521665503449;4.2000003;19.4;0.6;-2.4;21.6;-20.800001
1521665503497;4.2000003;19.4;0.5;-2.4;21.6;-20.800001
1521665503507;4.2000003;19.4;0.6;-2.4;21.6;-20.800001
1521665503527;4.2000003;19.4;0.7;-2.4;21.6;-20.800001
1521665503539;4.2000003;19.4;0.6;-2.4;21.6;-20.800001
1521665503549;4.2000003;19.4;0.5;-2.4;21.6;-20.800001
1521665503567;4.3;19.4;0.5;-2.4;21.6;-20.800001
1521665503576;4.3;19.4;0.4;-2.4;21.6;-20.800001
1521665503596;4.3;19.4;0.3;-2.4;21.6;-20.800001
1521665503632;4.2000003;19.4;0.2;-2.4;21.6;-20.800001
1521665503647;4.2000003;19.4;0.1;-2.4;21.6;-20.800001
1521665503666;4.2000003;19.5;0.2;-2.4;21.6;-20.800001
1521665503678;4.2000003;19.5;0.1;-2.4;21.6;-20.800001
1521665503696;4.1;19.5;0.1;-2.4;21.6;-20.800001
1521665503716;4.1;19.5;0.0;-2.4;21.6;-20.800001
1521665503736;4.1;19.5;0.1;-2.4;21.6;-20.800001
1521665503746;4.0;19.5;0.1;-2.4;21.6;-20.800001
1521665503770;4.0;19.6;0.1;-2.4;21.6;-20.800001
1521665503787;3.9;19.6;0.1;-2.4;21.6;-20.800001
1521665503797;3.9;19.6;0.2;-2.4;21.6;-20.800001
1521665503826;3.9;19.6;0.1;-2.4;21.6;-20.800001
1521665503840;3.8;19.7;0.1;-2.4;21.6;-20.800001
1521665503855;3.8;19.7;0.2;-2.4;21.6;-20.800001
1521665503866;3.7;19.800001;0.3;-2.4;21.6;-20.800001
1521665503876;3.7;19.800001;0.4;-2.4;21.6;-20.800001
1521665503896;3.7;19.800001;0.5;-2.4;21.6;-20.800001
1521665503906;3.7;19.9;0.4;-2.4;21.6;-20.800001
1521665503917;3.7;19.9;0.5;-2.4;21.6;-20.800001
1521665503968;3.6000001;20.0;0.7;-2.4;21.6;-20.800001
1521665503977;3.6000001;20.0;0.8;-2.4;21.6;-20.800001
1521665503987;3.6000001;20.0;0.7;-2.4;21.6;-20.800001
1521665504037;3.6000001;20.0;0.6;-2.4;21.6;-20.800001
1521665504051;3.7;20.0;0.6;-2.4;21.6;-20.800001
1521665504056;3.6000001;20.0;0.6;-2.4;21.6;-20.800001
1521665504066;3.6000001;20.1;0.6;-2.4;21.6;-20.800001
1521665504157;3.6000001;20.1;0.5;-2.4;21.6;-20.800001
1521665504177;3.6000001;20.1;0.6;-2.4;21.6;-20.800001
1521665504187;3.5;20.1;0.5;-2.4;21.6;-20.800001
1521665504200;3.5;20.1;0.6;-2.4;21.6;-20.800001
1521665504210;3.6000001;20.1;0.6;-2.4;21.6;-20.800001
1521665504228;3.6000001;20.0;0.6;-2.4;21.6;-20.800001
1521665504250;3.6000001;20.0;0.5;-2.4;21.6;-20.800001
1521665504278;3.6000001;20.0;0.4;-2.4;21.6;-20.800001
1521665504289;3.6000001;20.0;0.5;-2.4;21.6;-20.800001
1521665504307;3.7;20.0;0.5;-2.4;21.6;-20.800001
1521665504349;3.7;19.9;0.5;-2.4;21.6;-20.800001
1521665504368;3.8;19.9;0.6;-2.4;21.6;-20.800001
1521665504387;3.9;19.9;0.6;-2.4;21.6;-20.800001
1521665504407;3.9;19.800001;0.6;-2.4;21.6;-20.800001
1521665504427;3.9;19.800001;0.7;-2.4;21.6;-20.800001
1521665504470;4.0;19.800001;0.8;-2.4;21.6;-20.800001
1521665504517;4.1;19.800001;0.8;-2.4;21.6;-20.800001
1521665504527;4.0;19.800001;0.8;-2.4;21.6;-20.800001
1521665504538;4.1;19.800001;0.8;-2.4;21.6;-20.800001
1521665504572;4.1;19.7;0.7;-2.4;21.6;-20.800001
1521665504616;4.1;19.800001;0.7;-2.4;21.6;-20.800001
1521665504646;4.1;19.800001;0.8;-2.4;21.6;-20.800001
1521665504696;4.1;19.800001;0.7;-2.4;21.6;-20.800001
1521665504727;4.1;19.800001;0.8;-2.4;21.6;-20.800001
1521665504746;4.0;19.800001;0.8;-2.4;21.6;-20.800001
1521665504759;4.1;19.800001;0.8;-2.4;21.6;-20.800001
1521665504769;4.1;19.800001;0.7;-2.4;21.6;-20.800001
1521665504787;4.1;19.800001;0.6;-2.4;21.6;-20.800001
1521665504808;4.0;19.800001;0.6;-2.4;21.6;-20.800001
1521665504827;4.0;19.800001;0.5;-2.4;21.6;-20.800001
1521665504842;4.0;19.800001;0.4;-2.4;21.6;-20.800001
1521665504858;4.0;19.800001;0.5;-2.4;21.6;-20.800001
1521665504866;4.0;19.800001;0.4;-2.4;21.6;-20.800001
1521665504876;4.0;19.800001;0.5;-2.4;21.6;-20.800001
1521665504906;4.0;19.800001;0.4;-2.4;21.6;-20.800001
1521665504947;4.1;19.7;0.5;-2.4;21.6;-20.800001
1521665504956;4.1;19.7;0.4;-2.4;21.6;-20.800001
1521665504966;4.0;19.7;0.3;-2.4;21.6;-20.800001
1521665504977;4.0;19.7;0.4;-2.4;21.6;-20.800001
1521665504987;4.0;19.7;0.3;-2.4;21.6;-20.800001
1521665504996;4.0;19.800001;0.3;-2.4;21.6;-20.800001
1521665505006;4.0;19.7;0.2;-2.4;21.6;-20.800001
1521665505026;4.1;19.7;0.2;-2.4;21.6;-20.800001
1521665505036;4.1;19.7;0.1;-2.4;21.6;-20.800001
1521665505048;4.1;19.7;0.2;-2.4;21.6;-20.800001
1521665505057;4.1;19.7;0.1;-2.4;21.6;-20.800001
1521665505111;4.1;19.7;0.0;-2.4;21.6;-20.800001
1521665505128;4.1;19.7;0.1;-2.4;21.6;-20.800001
1521665505187;4.0;19.7;0.1;-2.4;21.6;-20.800001
1521665505196;4.1;19.7;0.1;-2.4;21.6;-20.800001
1521665505216;4.1;19.7;0.2;-2.4;21.6;-20.800001
1521665505227;4.1;19.7;0.1;-2.4;21.6;-20.800001
1521665505239;4.0;19.7;0.1;-2.4;21.6;-20.800001
1521665505248;4.0;19.800001;0.1;-2.4;21.6;-20.800001
1521665505258;4.0;19.800001;0.0;-2.4;21.6;-20.800001
1521665505267;4.0;19.800001;0.1;-2.4;21.6;-20.800001
1521665505277;4.0;19.7;0.1;-2.4;21.6;-20.800001
1521665505287;4.0;19.800001;0.0;-2.4;21.6;-20.800001
1521665505300;4.0;19.800001;0.1;-2.4;21.6;-20.800001
1521665505320;4.0;19.800001;0.2;-2.4;21.6;-20.800001
1521665505387;4.0;19.800001;0.3;-2.4;21.6;-20.800001
1521665505408;3.9;19.800001;0.3;-2.4;21.6;-20.800001
1521665505419;3.9;19.800001;0.4;-2.4;21.6;-20.800001
1521665505431;3.9;19.800001;0.3;-2.4;21.6;-20.800001
1521665505437;3.9;19.800001;0.4;-2.4;21.6;-20.800001
1521665505448;3.9;19.800001;0.3;-2.4;21.6;-20.800001
1521665505457;3.9;19.800001;0.4;-2.4;21.6;-20.800001
1521665505488;4.0;19.800001;0.4;-2.4;21.6;-20.800001
1521665505517;3.9;19.800001;0.4;-2.4;21.6;-20.800001
1521665505537;4.0;19.800001;0.4;-2.4;21.6;-20.800001
1521665505559;4.0;19.800001;0.5;-2.4;21.6;-20.800001
1521665505571;3.9;19.800001;0.5;-2.4;21.6;-20.800001
1521665505587;4.0;19.800001;0.5;-2.4;21.6;-20.800001
1521665505616;4.1;19.800001;0.4;-2.4;21.6;-20.800001
1521665505626;4.0;19.800001;0.5;-2.4;21.6;-20.800001
1521665505646;4.0;19.800001;0.4;-2.4;21.6;-20.800001
1521665505666;3.9;19.800001;0.4;-2.4;21.6;-20.800001
1521665505676;4.0;19.800001;0.3;-2.4;21.6;-20.800001
1521665505686;4.0;19.800001;0.2;-2.4;21.6;-20.800001
1521665505717;4.0;19.7;0.2;-2.4;21.6;-20.800001
1521665505739;3.9;19.7;0.2;-2.4;21.6;-20.800001
1521665505750;3.9;19.800001;0.3;-2.4;21.6;-20.800001
1521665505767;3.9;19.7;0.3;-2.4;21.6;-20.800001
1521665505777;3.9;19.7;0.2;-2.4;21.6;-20.800001
1521665505787;3.9;19.800001;0.2;-2.4;21.6;-20.800001
1521665505807;3.9;19.7;0.2;-2.4;21.6;-20.800001
1521665505818;3.9;19.800001;0.2;-2.4;21.6;-20.800001
1521665505850;3.9;19.7;0.1;-2.4;21.6;-20.800001
1521665505857;3.9;19.7;0.2;-2.4;21.6;-20.800001
1521665505886;3.9;19.800001;0.2;-2.4;21.6;-20.800001
1521665505896;3.9;19.800001;0.1;-2.4;21.6;-20.800001
1521665505906;3.8;19.800001;0.3;-2.4;21.6;-20.800001
1521665505979;3.8;19.9;0.4;-2.4;21.6;-20.800001
1521665505986;3.8;19.9;0.5;-2.4;21.6;-20.800001
1521665506006;3.8;19.9;0.6;-2.4;21.6;-20.800001
1521665506016;3.7;20.0;0.6;-2.4;21.6;-20.800001
1521665506026;3.8;20.0;0.6;-2.4;21.6;-20.800001
1521665506036;3.8;20.0;0.5;-2.4;21.6;-20.800001
1521665506046;3.8;20.0;0.6;-2.4;21.6;-20.800001
1521665506067;3.7;20.0;0.6;-2.4;21.6;-20.800001
1521665506099;3.7;20.0;0.7;-2.4;21.6;-20.800001
1521665506170;3.7;20.0;0.6;-2.4;21.6;-20.800001
1521665506198;3.7;19.9;0.6;-2.4;21.6;-20.800001
1521665506209;3.7;19.9;0.5;-2.4;21.6;-20.800001
1521665506219;3.7;19.9;0.6;-2.4;21.6;-20.800001
1521665506229;3.7;19.9;0.5;-2.4;21.6;-20.800001
1521665506260;3.7;19.800001;0.5;-2.4;21.6;-20.800001
1521665506309;3.8;19.800001;0.4;-2.4;21.6;-20.800001
1521665506320;3.8;19.800001;0.5;-2.4;21.6;-20.800001
1521665506329;3.8;19.7;0.5;-2.4;21.6;-20.800001
1521665506349;3.8;19.800001;0.4;-2.4;21.6;-20.800001
1521665506360;3.8;19.800001;0.5;-2.4;21.6;-20.800001
1521665506377;3.8;19.800001;0.4;-2.4;21.6;-20.800001
1521665506387;3.9;19.800001;0.4;-2.4;21.6;-20.800001
1521665506397;3.8;19.800001;0.3;-2.4;21.6;-20.800001
1521665506407;3.8;19.7;0.3;-2.4;21.6;-20.800001
1521665506449;3.8;19.7;0.2;-2.4;21.6;-20.800001
1521665506508;3.8;19.7;0.3;-2.4;21.6;-20.800001
1521665506517;3.8;19.7;0.2;-2.4;21.6;-20.800001
1521665506538;3.7;19.7;0.1;-2.4;21.6;-20.800001
1521665506558;3.8;19.6;0.1;-2.4;21.6;-20.800001
1521665506568;3.7;19.6;0.1;-2.4;21.6;-20.800001
1521665506580;3.8;19.6;0.1;-2.4;21.6;-20.800001
1521665506597;3.7;19.6;0.0;-2.4;21.6;-20.800001
1521665506617;3.8;19.6;-0.1;-2.4;21.6;-20.800001
1521665506626;3.7;19.6;-0.1;-2.4;21.6;-20.800001
1521665506656;3.8;19.5;-0.1;-2.4;21.6;-20.800001
1521665506666;3.7;19.5;-0.1;-2.4;21.6;-20.800001
1521665506676;3.8;19.5;-0.1;-2.4;21.6;-20.800001
1521665506720;3.9;19.5;-0.1;-2.4;21.6;-20.800001
1521665506749;3.9;19.5;0.0;-2.4;21.6;-20.800001
1521665506771;3.9;19.5;0.1;-2.4;21.6;-20.800001
1521665506809;3.9;19.5;0.2;-2.4;21.6;-20.800001
1521665506829;3.9;19.5;0.1;-2.4;21.6;-20.800001
1521665506839;3.9;19.5;0.2;-2.4;21.6;-20.800001
1521665506867;3.9;19.6;0.3;-2.4;21.6;-20.800001
1521665506897;3.9;19.6;0.4;-2.4;21.6;-20.800001
1521665506907;3.8;19.6;0.4;-2.4;21.6;-20.800001
1521665506917;3.8;19.6;0.5;-2.4;21.6;-20.800001
1521665506968;3.7;19.7;0.5;-2.4;21.6;-20.800001
1521665506976;3.7;19.7;0.6;-2.4;21.6;-20.800001
1521665507026;3.6000001;19.800001;0.6;-2.4;21.6;-20.800001
1521665507036;3.6000001;19.800001;0.7;-2.4;21.6;-20.800001
1521665507069;3.6000001;19.800001;0.6;-2.4;21.6;-20.800001
1521665507096;3.6000001;19.800001;0.5;-2.4;21.6;-20.800001
1521665507108;3.6000001;19.800001;0.4;-2.4;21.6;-20.800001
1521665507126;3.6000001;19.800001;0.5;-2.4;21.6;-20.800001
1521665507166;3.6000001;19.7;0.5;-2.4;21.6;-20.800001
1521665507216;3.7;19.7;0.5;-2.4;21.6;-20.800001
1521665507232;3.7;19.7;0.4;-2.4;21.6;-20.800001
1521665507237;3.7;19.7;0.5;-2.4;21.6;-20.800001
1521665507247;3.7;19.6;0.5;-2.4;21.6;-20.800001
1521665507257;3.7;19.6;0.4;-2.4;21.6;-20.800001
1521665507278;3.8;19.6;0.3;-2.4;21.6;-20.800001
1521665507287;3.8;19.5;0.3;-2.4;21.6;-20.800001
1521665507298;3.8;19.5;0.4;-2.4;21.6;-20.800001
1521665507340;3.8;19.4;0.3;-2.4;21.6;-20.800001
1521665507357;3.8;19.5;0.3;-2.4;21.6;-20.800001
1521665507387;3.8;19.4;0.4;-2.4;21.6;-20.800001
1521665507397;3.9;19.4;0.5;-2.4;21.6;-20.800001
1521665507417;3.9;19.4;0.6;-2.4;21.6;-20.800001
1521665507428;3.9;19.4;0.5;-2.4;21.6;-20.800001
1521665507458;4.0;19.4;0.5;-2.4;21.6;-20.800001
1521665507467;3.9;19.4;0.5;-2.4;21.6;-20.800001
1521665507477;3.9;19.4;0.4;-2.4;21.6;-20.800001
1521665507497;3.9;19.4;0.5;-2.4;21.6;-20.800001
1521665507507;3.9;19.4;0.4;-2.4;21.6;-20.800001
1521665507516;3.9;19.4;0.5;-2.4;21.6;-20.800001
1521665507558;4.0;19.4;0.6;-2.4;21.6;-20.800001
1521665507580;4.0;19.4;0.7;-2.4;21.6;-20.800001
1521665507588;4.0;19.4;0.6;-2.4;21.6;-20.800001
1521665507617;4.0;19.4;0.7;-2.4;21.6;-20.800001
1521665507627;4.0;19.4;0.8;-2.4;21.6;-20.800001
1521665507699;4.0;19.4;0.7;-2.4;21.6;-20.800001
1521665507737;4.0;19.4;0.8;-2.4;21.6;-20.800001
1521665507753;4.0;19.4;0.7;-2.4;21.6;-20.800001
1521665507797;4.1;19.4;0.6;-2.4;21.6;-20.800001
1521665507840;4.0;19.4;0.6;-2.4;21.6;-20.800001
1521665507846;4.0;19.4;0.5;-2.4;21.6;-20.800001
1521665507856;3.9;19.5;0.6;-2.4;21.6;-20.800001
1521665507876;3.9;19.5;0.5;-2.4;21.6;-20.800001
1521665507896;3.9;19.5;0.4;-2.4;21.6;-20.800001
1521665507907;3.8;19.5;0.4;-2.4;21.6;-20.800001
1521665507917;3.8;19.5;0.3;-2.4;21.6;-20.800001
1521665507966;3.7;19.6;0.4;-2.4;21.6;-20.800001
1521665507986;3.6000001;19.6;0.4;-2.4;21.6;-20.800001
1521665507996;3.7;19.6;0.4;-2.4;21.6;-20.800001
1521665508006;3.6000001;19.6;0.3;-2.4;21.6;-20.800001
1521665508057;3.5;19.7;0.4;-2.4;21.6;-20.800001
1521665508067;3.4;19.7;0.4;-2.4;21.6;-20.800001
1521665508107;3.4;19.800001;0.5;-2.4;21.6;-20.800001
1521665508147;3.4;19.7;0.5;-2.4;21.6;-20.800001
1521665508158;3.4;19.7;0.3;-2.4;21.6;-20.800001
1521665508170;3.5;19.7;0.4;-2.4;21.6;-20.800001
1521665508187;3.5;19.7;0.5;-2.4;21.6;-20.800001
1521665508197;3.4;19.7;0.5;-2.4;21.6;-20.800001
1521665508217;3.4;19.7;0.4;-2.4;21.6;-20.800001
1521665508248;3.4;19.7;0.5;-2.4;21.6;-20.800001
1521665508262;3.4;19.7;0.4;-2.4;21.6;-20.800001
1521665508269;3.5;19.6;0.4;-2.4;21.6;-20.800001
1521665508287;3.5;19.6;0.5;-2.4;21.6;-20.800001
1521665508317;3.5;19.6;0.6;-2.4;21.6;-20.800001
1521665508328;3.5;19.6;0.5;-2.4;21.6;-20.800001
1521665508366;3.6000001;19.5;0.4;-2.4;21.6;-20.800001
1521665508407;3.7;19.4;0.4;-2.4;21.6;-20.800001
1521665508417;3.6000001;19.5;0.3;-2.4;21.6;-20.800001
1521665508427;3.6000001;19.4;0.3;-2.4;21.6;-20.800001
1521665508447;3.6000001;19.5;0.4;-2.4;21.6;-20.800001
1521665508457;3.7;19.4;0.3;-2.4;21.6;-20.800001
1521665508467;3.6000001;19.5;0.3;-2.4;21.6;-20.800001
1521665508488;3.6000001;19.5;0.2;-2.4;21.6;-20.800001
1521665508507;3.6000001;19.4;0.2;-2.4;21.6;-20.800001
1521665508520;3.6000001;19.4;0.3;-2.4;21.6;-20.800001
1521665508538;3.7;19.4;0.3;-2.4;21.6;-20.800001
1521665508576;3.7;19.4;0.2;-2.4;21.6;-20.800001
1521665508596;3.6000001;19.4;0.1;-2.4;21.6;-20.800001
1521665508606;3.6000001;19.4;0.2;-2.4;21.6;-20.800001
1521665508646;3.7;19.4;0.2;-2.4;21.6;-20.800001
