1521666009136;0.03991413;-0.05978775;0.0013830662
1521666009140;0.13640594;-0.083070755;0.040398598
1521666009154;0.14672089;-0.05546379;0.12810516
1521666009162;0.13546753;0.08097267;0.1140213
1521666009175;0.20897675;0.042408943;0.11067772
1521666009187;0.10952377;-0.06639671;0.048624992
1521666009195;0.039281845;-0.12711716;0.035847664
1521666009202;-0.051825523;-0.1046257;-0.06541824
1521666009215;-0.009336472;-0.11038399;-0.023762226
1521666009222;-0.007054329;-0.1447792;-0.009790659
1521666009237;0.057800293;-0.05122757;-0.098529816
1521666009242;0.090177536;-0.017434597;-0.054113388
1521666009268;0.048499107;-0.09263611;0.19184875
1521666009281;0.08624077;-0.060853958;0.16526031
1521666009292;0.056835175;0.047371864;0.13658905
1521666009307;0.05859375;-0.19196701;-0.022068977
1521666009327;0.03168297;-0.25312042;-0.018052578
1521666009347;0.15150452;-0.08686066;0.08847618
1521666009365;0.23961258;-0.107810974;-0.08427811
1521666009370;0.15295029;-0.25009155;0.026146412
1521666009379;0.103723526;-0.11927223;-0.027803898
1521666009391;0.052781105;-0.13531494;-0.07785797
1521666009406;0.22095108;-0.17459488;-0.17655945
1521666009426;0.31735992;0.10966873;-0.16763306
1521666009446;0.22194672;0.29289246;-0.090623856
1521666009466;0.20487976;-0.049502373;0.05077362
1521666009480;0.27085876;0.2924347;-0.045715332
1521666009491;0.507782;0.4907608;-0.43606567
1521666009506;0.4338913;0.0404377;-0.32795715
1521666009526;0.44522858;0.46916962;-0.44991302
1521666009546;0.49650574;0.25745392;-0.5039978
1521666009568;0.18131638;0.58810425;-1.0307007
1521666009579;0.13598251;0.40935516;-0.8468933
1521666009592;0.17889404;0.4304123;-0.866745
1521666009605;0.26309967;0.52319336;-0.85450745
1521666009609;0.2636795;0.74453735;-0.9067993
1521666009628;0.36348724;0.370224;-1.3307495
1521666009645;0.22922516;0.8341217;-1.1842651
1521666009665;0.04880333;1.569214;-0.63165283
1521666009677;0.20165253;1.1216432;-0.77934265
1521666009697;0.014609814;0.41729736;-1.5456543
1521666009704;0.062472343;0.43751526;-2.0368652
1521666009717;0.042254448;0.627182;-1.5606995
1521666009724;-0.18379211;1.210724;-1.0941162
1521666009744;0.0029091835;1.0131837;-1.6451721
1521666009767;0.10953522;1.0022279;-2.1776123
1521666009772;0.100349426;0.97247314;-2.2946777
1521666009781;0.0037107468;1.0801088;-2.5215454
1521666009794;-0.17150497;1.0028993;-2.2229614
1521666009808;-0.6101532;0.70503235;-0.28263092
1521666009827;0.105298996;1.017212;-2.422058
1521666009845;0.11926651;1.294159;-2.8636475
1521666009850;-0.1617279;2.0405278;-3.1659546
1521666009867;-0.8131714;2.0178227;-2.5500488
1521666009872;-1.1489563;1.8534852;-2.3666382
1521666009882;-1.3291321;1.4690248;-1.9049377
1521666009892;-1.1003723;0.98716736;-1.5595398
1521666009908;-0.013830662;0.8172302;-3.3778687
1521666009928;-0.08173561;1.9471132;-3.2167358
1521666009945;-0.8916931;2.2962651;-1.8485413
1521666009950;-0.9195709;1.029358;-1.9597778
1521666009967;-0.4674225;0.18650818;-2.887268
1521666009972;0.26630402;0.18780899;-3.399414
1521666009982;0.6665344;0.5924225;-3.0210571
1521666009993;0.664505;1.6164552;-2.7996826
1521666010007;-0.14089966;2.5388188;-1.5178833
1521666010078;0.05497551;0.6000519;-1.6694641
1521666010082;-0.088731766;1.8402711;0.2784195
1521666010098;-0.19412613;1.2517701;0.107133865
1521666010103;0.110845566;0.96099854;0.42491913
1521666010118;0.39076233;0.81259155;1.4892274
1521666010138;0.97787476;2.521607;2.4744267
1521666010139;0.762146;2.6860967;2.5724492
1521666010172;0.13715363;0.20917511;2.6161504
1521666010179;0.23428726;1.2211305;1.9289552
1521666010348;1.9392091;2.6268315;5.995486
1521666010357;3.4841316;-6.4747314;3.375306
1521666010363;2.9329839;-5.803467;4.281374
1521666010376;2.4779058;-4.187134;4.8953876
1521666010388;2.882996;-4.084839;4.4364033
1521666010396;3.5562751;-4.9052734;3.2670906
1521666010403;3.510865;-5.121582;3.5117195
1521666010416;3.3882453;-5.022461;3.4684455
1521666010422;2.9635625;-4.428833;3.46753
1521666010438;2.60669;-4.1606445;3.3827522
1521666010442;2.5988164;-3.9820557;2.888245
1521666010464;2.7237554;-3.6131592;2.348267
1521666010477;2.4755864;-3.328247;1.9537355
1521666010497;3.056153;-3.5704346;1.3286134
1521666010505;2.8944707;-3.1860962;1.6484681
1521666010525;2.7139897;-2.5515747;1.75589
1521666010546;3.0685432;-2.5698853;1.2928468
1521666010586;2.5712895;-3.1117554;0.47317505
1521666010615;1.303589;-1.3527527;0.0437994
1521666010628;1.1084291;-1.4368286;0.20100403
1521666010646;0.8690796;-1.7481995;-0.713974
1521666010651;0.89089966;-2.388977;-1.1619263
1521666010665;-0.07498169;-0.98612976;-0.8085327
1521666010680;-0.2449646;-0.8138275;-0.45837402
1521666010691;-0.32276917;-1.2628174;-1.6619873
1521666010706;0.2059288;-2.369751;-2.3014526
1521666010727;-0.08349037;-2.5794678;-2.5285034
1521666010747;-1.5462646;5.0509057;1.7402345
1521666010765;-1.1979065;4.261965;1.0343934
1521666010779;-0.6362915;1.9327089;0.3888626
1521666010790;-0.12250328;0.23581314;0.36958313
1521666010807;-0.49448395;0.27478027;0.41106415
1521666010821;-1.4604797;2.471314;2.1007085
1521666010830;-1.5160522;2.941895;1.4675294
1521666010854;-1.8005371;0.7249756;-0.7461395
1521666010914;-1.3697815;-0.47893524;0.23339081
1521666010927;-1.857666;0.8134918;-0.580307
1521666010930;-2.1489868;0.76457214;-0.0055589676
1521666010946;-1.5698547;-0.7545929;-1.9412537
1521666010955;-2.5115967;-0.5113678;-1.5297241
1521666010966;-2.828064;-0.46562195;-1.5171509
1521666010969;-2.394226;-1.1073608;-1.5650635
1521666010987;-1.5792847;-1.7979126;-1.0148315
1521666011006;-1.8292847;-0.27422333;-1.8478088
1521666011026;-2.5290527;-0.05449581;-1.0887146
1521666011045;-1.6320496;-0.09020805;1.3684694
1521666011072;-0.92671204;0.2773819;0.65766907
1521666011087;-1.8788757;0.40384674;-0.46043396
1521666011098;-2.6157837;0.5102844;-0.7186432
1521666011104;-3.0892334;0.3241043;-0.49669647
1521666011118;-3.147583;-0.28100586;-0.11712456
1521666011124;-2.6664429;-0.7306061;0.3224182
1521666011146;-1.4874573;-0.72506714;0.5652313
1521666011171;-1.2882385;-1.3083496;-0.62612915
1521666011185;-2.5392456;-0.721817;-0.18873978
1521666011198;-3.060608;0.3081665;0.3012848
1521666011205;-3.0806885;0.914505;0.6197052
1521666011226;-1.5316467;-1.2093506;0.5119324
1521666011247;-1.5754089;-1.319397;-1.5036926
1521666011267;-2.255188;-1.1508179;0.72106934
1521666011287;-1.1187439;0.11180496;0.6422119
1521666011307;-0.7289734;0.14595413;-0.20222092
1521666011327;-0.9124603;0.003595829;-0.32221985
1521666011332;-1.0179443;-0.54444885;-0.4925995
1521666011345;-1.1181946;-0.76979065;-0.5902252
1521666011352;-0.90867615;-0.547287;-0.26062012
1521666011376;-0.3275528;-0.14134979;-0.4108734
1521666011394;-0.021710873;-0.012716293;-0.965744
1521666011408;-0.67085266;0.06456566;-1.2259521
1521666011426;-0.80511475;-0.0068421364;-0.8366089
1521666011431;-0.42100525;-0.09313202;-0.70510864
1521666011448;0.20096207;0.3605194;-0.9700165
1521666011475;-0.10786438;0.8357086;-1.4353638
1521666011481;-0.54455566;0.76779175;-1.7314758
1521666011491;-0.7704315;0.5799408;-1.8009338
1521666011508;-0.59861755;0.65371704;-1.368042
1521666011537;-0.38076782;0.9656677;-1.485321
1521666011548;-1.1149597;1.0849305;-1.9780579
1521666011577;-2.027771;0.8127594;-2.3130493
1521666011594;-2.086975;0.3411026;-2.2507935
1521666011605;-1.619873;0.20493317;-1.8054199
1521666011610;-1.3070679;0.49962616;-2.3568115
1521666011634;-1.6553345;1.4150697;-1.8439636
1521666011648;-2.253601;1.887848;-1.6101074
1521666011675;-1.9642944;1.8793641;-2.185791
1521666011687;-1.2988892;1.3968202;-2.3982544
1521666011691;-1.3267822;1.9741212;-2.916687
1521666011708;-1.9658508;3.3213508;-2.456787
1521666011722;-1.7282104;2.8454595;-2.529663
1521666011732;-1.5470276;2.483643;-3.0841675
1521666011742;-1.0076599;2.2756963;-3.6463623
1521666011749;-1.117218;2.0776982;-3.0933228
1521666011772;-1.4033508;2.217774;-1.446991
1521666011783;-1.5486145;1.5069581;-0.92626953
1521666011789;-1.2430725;1.078888;-1.406311
1521666011809;-0.8511963;0.12478638;-0.797699
1521666011827;-0.9080963;0.65385437;-1.3714905
1521666011829;-1.2775269;0.77563477;0.20048141
1521666011846;-1.6434631;1.5091859;1.4420472
1521666011851;-1.7647705;2.6358647;1.3393861
1521666011875;-1.2711182;1.9287416;2.1481938
1521666011883;-1.0593567;1.5662233;1.8164369
1521666011889;-0.83709717;1.7276918;2.3382573
1521666011906;-1.0953369;2.542481;3.6000984
1521666011911;-1.137207;3.4403694;4.0167255
1521666011927;-0.9426727;3.6483772;4.3468037
1521666011930;-0.73413086;3.3815315;4.086672
1521666011946;-0.8582916;2.6499028;4.192873
1521666011951;-0.7448883;2.8106694;4.4713154
1521666011972;0.29958344;2.2835698;5.3858666
1521666011984;0.68032837;2.5289311;5.2296166
1521666011990;1.1207582;2.5378423;5.297854
1521666012015;0.7717743;1.4023439;5.3302026
1521666012031;0.5629425;1.8104554;6.267947
1521666012042;1.6485597;-3.9944458;2.1514287
1521666012075;2.1967168;-4.1514893;2.084229
1521666012080;2.8493047;-4.838867;2.7122197
1521666012097;3.9072883;-5.5388184;3.2073982
1521666012115;2.947144;-4.3916016;5.5368676
1521666012132;3.4251716;-4.276123;5.037722
1521666012146;3.103028;-4.6706543;4.237795
1521666012162;2.2806401;-5.0231934;4.4646015
1521666012173;2.0647588;-5.765259;3.58191
1521666012181;1.5016176;-5.773926;2.5533452
1521666012196;1.5872194;-5.8255615;2.2606816
1521666012206;2.0561528;-4.844116;1.3551942
1521666012225;2.3015752;-4.503174;1.5255128
1521666012252;2.5018926;-3.7261353;2.4634404
1521666012265;3.0416877;-3.1486206;2.0975957
1521666012278;3.1649787;-3.310608;1.5546876
1521666012286;2.3856206;-3.2945557;1.4607545
1521666012306;0.96266174;-2.0108032;1.7282106
1521666012326;1.1764833;-1.1383057;1.1028749
1521666012482;-0.45417023;0.29454803;0.83413696
1521666012508;0.34977722;-2.588745;-1.6982117
1521666012514;-1.4743652;-1.2583923;-2.258484
1521666012525;-1.9654236;0.2616272;-2.2354126
1521666012538;-1.8674316;4.901369;1.5755311
1521666012545;-1.3231506;3.9577034;1.8651735
1521666012566;-0.91645813;0.940567;0.53845215
1521666012578;-1.2863464;0.5411072;1.3581544
1521666012585;-1.4844971;1.2708436;1.0217897
1521666012626;-2.3998413;1.1646425;-0.5588989
1521666012647;-1.8441162;0.35490417;0.91362
1521666012814;-3.2213745;-1.0809021;-0.49150848
1521666012826;-2.4992676;-1.4706421;-0.53030396
1521666012847;-2.4162598;-0.24150467;-0.09916115
1521666012866;-2.4708862;0.5311279;0.3561859
1521666012885;-2.1552124;-0.7570343;0.857193
1521666012906;-2.0029907;-0.8478241;-0.6449585
1521666012926;-2.5074463;-0.54582214;0.38591003
1521666012946;-2.5159912;-0.091939926;-0.66937256
1521666012966;-2.033142;-1.8417969;-0.4139557
1521666012986;-1.7019043;-1.9763489;-0.29598236
1521666013007;-1.7008972;0.060181618;1.3584291
1521666013022;-1.4651184;0.4363098;0.8197632
1521666013029;-1.5040588;0.23925018;0.141819
1521666013047;-1.4284973;-0.5539551;-0.18607712
1521666013054;-1.6262512;-0.66363525;-0.5251007
1521666013078;-1.4946594;0.26023865;-0.21429062
1521666013083;-1.0451965;-0.3223877;0.6709595
1521666013089;-0.9300232;-0.54174805;0.7445526
1521666013114;-1.2508545;-0.7754364;-0.4582367
1521666013128;-1.5615234;-0.48796082;-1.6071472
1521666013147;-0.97769165;-0.92922974;-1.0522461
1521666013163;-0.6398926;-0.3357315;-0.76449585
1521666013171;-0.30251312;-7.429123E-4;-0.16151047
1521666013183;-0.111263275;0.48375702;-1.0178223
1521666013189;-0.25251007;0.6715393;-2.5056152
1521666013208;-0.8486786;-0.2759781;-2.8639526
1521666013222;-1.3217163;-0.2171402;-3.263733
1521666013229;-1.4311218;-0.107364655;-1.711731
1521666013242;-0.77937317;0.36600494;-1.4732361
1521666013249;-0.5966034;1.2687684;-1.1550903
1521666013276;-0.7032776;1.4096681;-1.340271
1521666013295;-1.8661499;1.0209047;-3.211914
1521666013308;-2.7595825;0.6101074;-2.6200562
1521666013313;-2.117859;0.13663864;-1.9223938
1521666013334;-0.9606323;0.2656021;-2.0482788
1521666013357;-2.024414;1.5253602;-2.0629272
1521666013376;-2.6836548;1.2780763;-3.0264893
1521666013397;-2.0319214;0.39115906;-2.4675903
1521666013404;-1.3839111;0.9636841;-2.6343994
1521666013411;-1.389801;1.4634401;-2.008728
1521666013426;-1.273407;1.7604676;-2.267273
1521666013430;-1.4500427;2.1106572;-3.0077515
1521666013443;-1.7991943;2.1976323;-2.621643
1521666013455;-1.9589539;2.311707;-2.6642456
1521666013476;-1.6390381;1.3125306;-2.2199707
1521666013498;-1.2279358;1.4184266;-1.0522766
1521666013504;-0.8325653;1.2771608;-0.38763428
1521666013510;-0.9095154;1.4851991;-0.32847595
1521666013534;-1.1079102;2.4890752;-0.33847046
1521666013544;-1.3310242;2.5891118;0.015011787
1521666013550;-1.4561157;1.6628114;-0.18868256
1521666013574;-1.465332;0.97987366;0.63131714
1521666013588;-1.1340332;1.5456849;1.4692994
1521666013596;-1.213623;1.9716798;1.939087
1521666013614;-1.2666016;2.724976;1.3022462
1521666013635;-1.5070801;2.610291;2.1961675
1521666013655;-1.2113953;2.403565;3.6546028
1521666013674;-1.179779;3.050782;3.6806037
1521666013682;-0.59594727;3.2901008;2.9722905
1521666013713;-0.71209717;3.988526;4.1051044
1521666013724;-0.6313019;4.147951;4.036867
1521666013745;-0.13581848;2.7583623;4.8603535
1521666013755;0.24922943;2.7954717;5.962649
1521666013777;1.9167176;2.6648564;6.181033
1521666013793;2.3872685;1.8876344;7.0295444
1521666013808;2.4579473;1.5121461;7.159061
1521666013812;2.3670049;1.2182008;6.9628935
1521666013824;3.1805427;-5.795166;3.1541145
1521666013830;3.0182502;-5.350342;3.3011482
1521666013843;3.1469734;-5.2457275;3.0065925
1521666013850;3.1640022;-5.171753;3.1922004
1521666013867;3.8576667;-5.6744385;2.344666
1521666013870;3.3288581;-5.841919;3.076905
1521666013885;3.0140388;-5.7323;3.502076
1521666013917;2.4875493;-4.925415;2.1358037
1521666013924;2.457459;-5.0081787;2.3634648
1521666013930;1.7308656;-3.8917236;3.3664558
1521666013954;2.9215703;-3.77063;2.455567
1521666013967;2.9378667;-3.4013062;2.3710942
1521666013970;3.0239875;-3.0184326;2.4022222
1521666013984;3.1336677;-2.182434;2.582337
1521666013992;3.39795;-2.145935;2.5482183
1521666014005;3.5287483;-2.7354736;2.7640386
1521666014084;3.769471;-3.0672607;2.672913
1521666014098;1.8782045;-2.3683472;1.3163453
1521666014104;1.6161805;-2.0200806;0.46756744
1521666014111;1.3558351;-2.3590088;0.42469025
1521666014168;0.22150803;-1.3191528;-0.4614563
1521666014170;-0.75442505;-0.8782654;-1.6192322
1521666014192;0.09908104;-1.4710999;-1.7245178
1521666014207;0.42391968;-1.6637573;-0.45296478
1521666014227;-0.80656433;-0.934906;-1.0230103
1521666014248;-1.4911194;-1.4188232;-2.5047607
1521666014267;-1.0713196;-2.0128784;-2.4249268
1521666014287;-0.47817993;-2.2167969;-1.6876831
1521666014307;-1.1710815;5.48572;1.2918397
1521666014324;-1.4968262;3.0636604;0.98498535
1521666014332;-1.6239929;0.7819214;-1.2348633
1521666014385;-1.8300476;-0.093912125;-1.3274231
1521666014392;-0.75712585;1.0342103;-0.962265
1521666014436;-2.9143677;-0.0195055;-1.9767151
1521666014454;-2.6851196;-0.72779846;-0.0038795471
1521666014545;-1.7258606;-1.304779;0.050352097
1521666014556;-0.8499603;-1.4341736;-1.7680969
1521666014578;-1.4769897;-0.7131195;-0.6294098
1521666014582;-2.965454;-0.034212112;-0.2939911
1521666014589;-3.5233765;0.495224;0.026791096
1521666014607;-2.6798706;-0.4566803;0.7234955
1521666014627;-1.9063416;-0.84524536;-0.82780457
1521666014648;-2.8587036;-0.01361084;-0.15629578
1521666014662;-3.1539917;0.004778862;-0.19718552
1521666014669;-2.649109;-1.3997803;0.82933044
1521666014687;-1.9198608;-1.0235901;0.51885986
1521666014707;-2.4745483;-0.098293304;-0.6521301
1521666014727;-2.8430786;-0.66134644;-0.6813507
1521666014747;-2.0094604;-0.88237;0.7065277
1521666014765;-1.2894287;-0.58787537;0.53715515
1521666014770;-0.92944336;-0.2626114;0.43139648
1521666014784;-0.82969666;-0.28953552;-0.08935928
1521666014790;-1.1951904;-0.022254467;-0.65341187
1521666014804;-1.7072754;0.1696167;-0.5974121
1521666014810;-1.9076538;-0.16588593;-0.7486572
1521666014823;-1.7516174;-0.62454224;-0.46702576
1521666014830;-1.2045593;-1.0818481;0.14833832
1521666014845;-0.6208954;-0.8222809;0.23486328
1521666014853;-0.283844;0.08504295;0.012729645
1521666014877;-0.14331818;0.7286682;-0.8616638
1521666014887;-0.8247986;0.2877884;-1.9522095
1521666014895;-0.75486755;-0.2793808;-1.6281128
1521666014908;-0.3647461;0.23113632;-1.5602722
1521666014913;0.26148987;0.8027191;-1.1720581
1521666014926;0.6339264;1.1383973;-1.4523621
1521666014932;0.34210968;0.91851807;-2.0147095
1521666014953;-0.3868637;0.70729065;-3.1217651
1521666014959;-1.262207;0.24120712;-3.3132324
1521666015097;-1.7689514;0.14274979;-2.0891113
1521666015118;-1.0239868;0.81126404;-1.8941956
1521666015126;-0.20466995;1.0645753;-1.3671875
1521666015138;-2.3364258;1.177704;-2.3961182
1521666015148;-2.269287;1.3555604;-2.6374512
1521666015168;-2.2661743;1.2033693;-2.2341309
1521666015188;-1.9940491;0.8662567;-1.9440613
1521666015201;-1.8664246;1.4718629;-1.7661133
1521666015214;-1.8504944;2.0733037;-0.7880249
1521666015227;-1.8966064;3.0397956;-0.8653717
1521666015235;-1.8728943;2.5170293;-0.5986786
1521666015246;-1.7226562;1.655945;-0.94869995
1521666015253;-1.7800903;1.1319886;-0.90693665
1521666015280;-1.6786499;1.3103944;-0.2646637
1521666015294;-1.2576904;1.3003846;-0.0014104843
1521666015316;-1.5508423;0.98127747;1.1701967
1521666015326;-1.3111877;1.4158632;1.4584657
1521666015334;-1.0332031;2.002808;1.1113588
1521666015357;-1.5510254;1.6444398;2.7653813
1521666015375;-1.5684509;2.4431157;2.70575
1521666015385;-1.2621765;2.4287724;2.6914067
1521666015397;-0.8728943;3.5501716;3.1746833
1521666015411;-0.96987915;3.8204353;3.5778816
1521666015428;-0.7230377;3.3975227;3.7700202
1521666015435;-0.5822296;2.611939;3.920533
1521666015455;-0.5032501;2.6994634;4.3756123
1521666015491;-0.57499695;3.5661018;4.77466
1521666015506;-0.15891266;4.2617207;5.401736
1521666015512;0.34874725;4.116335;5.1892114
1521666015528;0.78674316;2.6840825;4.4312763
1521666015546;0.16055298;2.381165;6.849612
1521666015552;1.4654237;1.6173707;7.476444
1521666015567;3.8137825;0.32556152;9.382577
1521666015569;5.518313;-6.6533203;5.8334985
1521666015583;5.176394;-6.0183105;6.1743193
1521666015589;4.4885273;-5.723877;6.509036
1521666015603;3.880616;-5.5515137;5.806887
1521666015609;3.432862;-5.4918213;4.597658
1521666015622;3.2890022;-5.618286;3.887513
1521666015630;3.1503303;-5.4001465;2.6793828
1521666015642;2.9602056;-5.545288;1.8749696
1521666015649;2.5573735;-5.411743;1.6561586
1521666015667;2.4145513;-5.378662;1.5358888
1521666015671;2.361939;-5.524658;1.5047609
1521666015685;2.436829;-5.303711;1.9211122
1521666015692;2.6429448;-4.486206;1.3572999
1521666015705;2.4532475;-4.228882;1.2297975
1521666015711;2.261414;-4.296997;1.2863466
1521666015726;2.1229253;-3.975891;0.74572754
1521666015735;1.8370363;-3.8685913;1.1121522
1521666015747;1.4990541;-3.4193726;1.8161622
1521666015754;1.3362428;-2.6445923;0.6934509
1521666015775;0.92160034;-2.3119507;0.69039917
1521666015786;1.1699525;-2.2373047;-0.6185303
1521666015797;1.253296;-2.2338257;-1.2651062
1521666015818;-0.3475418;-2.11615;-2.557495
1521666015838;-0.9512329;-2.8365479;-3.340393
1521666015857;-0.92689514;2.8119512;0.67352295
1521666015877;-0.32850647;3.606263;1.4112855
1521666015885;0.085445404;3.682862;1.1361085
1521666015898;0.2354393;2.9584966;2.2980351
1521666015916;-0.98916626;4.074465;2.1384892
1521666015937;-1.9113464;4.7111835;1.113556
1521666015953;-1.0593567;1.7560426;1.3835756
1521666015976;-0.33514404;0.25672913;1.2556154
1521666015987;-1.035492;1.9660951;1.1962587
1521666015993;-1.5932312;3.0551765;0.5015259
1521666016017;-2.2584229;2.9342046;-0.8897705
1521666016022;-2.9135742;0.78274536;-0.9773865
1521666016038;-2.0819702;0.13706207;-0.9191742
1521666016055;-1.6125183;0.21754456;-0.7025604
1521666016060;-1.6897888;0.7301178;-0.8257141
1521666016087;-2.052124;1.0026857;-0.3359146
1521666016094;-1.9264832;0.43836975;-0.3227539
1521666016126;-2.1051636;0.15236664;-0.7462311
1521666016131;-1.9948425;0.13597107;-0.37961578
1521666016146;-2.190796;0.8918457;-1.0122681
1521666016150;-2.1969604;1.344513;-0.2917633
1521666016165;-2.0740356;1.3114625;0.02704668
1521666016170;-1.9229126;0.8695984;0.33799744
1521666016184;-1.6366272;0.64956665;0.42887115
1521666016190;-1.4248962;0.2890396;0.18806839
1521666016204;-1.4381104;0.22787857;-0.2505188
1521666016211;-1.7913208;0.22986221;0.25804138
1521666016224;-1.8468628;0.27731323;-0.35002136
1521666016231;-2.1799927;0.26891327;-0.80111694
1521666016246;-2.2007446;0.05117321;-0.2567978
1521666016256;-2.1124268;-0.005106926;-0.32627106
1521666016287;-1.8171387;-0.31580353;0.49949646
1521666016295;-1.5304565;-0.6351776;0.51579285
1521666016307;-1.4882202;-0.76690674;0.60813904
1521666016316;-1.5560913;-0.78601074;0.7794037
1521666016336;-1.5522766;-0.8229523;0.35517883
1521666016355;-1.701294;-0.99398804;0.16422272
1521666016360;-1.8999329;-0.8150177;0.25754547
1521666016374;-2.147644;-0.5662079;0.26783752
1521666016386;-1.9737549;-0.600296;0.28035736
1521666016393;-1.9144592;-0.71536255;0.11001396
1521666016407;-1.697113;-1.243866;0.6810303
1521666016413;-1.1651611;-1.5155334;1.0260926
1521666016427;-0.8296356;-1.1681519;0.8281708
1521666016433;-0.7694397;-0.54733276;0.5609741
1521666016446;-0.9949646;0.07334137;0.04761505
1521666016457;-1.5210266;0.24801636;-0.41703033
1521666016478;-2.1575317;-0.32070923;-1.5203857
1521666016481;-2.1036987;-0.2948761;-1.5631104
1521666016495;-1.3788452;-1.5299072;-1.0160522
1521666016500;-0.6304474;-1.1947632;0.55381775
1521666016514;-0.30161285;0.16677094;0.8518982
1521666016519;-0.26248932;1.4619142;0.042780876
1521666016534;-0.52723694;1.7126771;-0.51794434
1521666016539;-1.0712891;0.9056244;-1.4450684
1521666016554;-1.1883545;0.24827194;-1.9104614
1521666016559;-0.8683777;0.20864487;-2.1846313
1521666016587;0.06410599;1.3315736;-0.6373291
1521666016595;0.31887054;2.2000127;-0.7065735
1521666016600;0.31711578;2.1776128;-1.4204102
1521666016617;-0.8457031;0.67837524;-2.8164673
1521666016636;-1.2346191;1.6227113;-2.6271973
1521666016649;-0.9009857;2.1688237;-1.9335632
1521666016677;-0.68925476;2.0156865;-1.0835571
1521666016687;-0.8863373;1.5114442;-0.8993225
1521666016694;-1.7135315;0.93714905;-2.7382812
1521666016708;-2.9319458;2.2537236;-2.7526245
1521666016714;-2.8165894;2.2067876;-1.5284119
1521666016737;-1.7886658;1.6643678;-1.3241272
1521666016747;-1.6625366;0.45175934;-1.6102295
1521666016753;-1.8479004;0.19114685;-2.1185913
1521666016776;-2.557495;0.92456055;-2.598938
1521666016787;-2.8917236;1.9106141;-1.3074646
1521666016795;-2.2147827;1.9829103;-1.723938
1521666016807;-1.7568359;1.5991517;-1.439148
1521666016813;-1.3730469;1.5892335;-0.9814453
1521666016826;-1.2219543;1.9643861;-1.2336426
1521666016836;-1.3633118;2.416016;-2.072998
1521666016855;-1.9173279;1.9541932;-1.9280701
1521666016877;-2.0682983;1.7326051;-1.8974304
1521666016882;-1.5802002;1.5004884;-1.8280334
1521666016897;-1.1295776;0.8298187;-0.47737885
1521666016917;-1.0830688;1.8778688;0.5305786
1521666016936;-1.2016907;0.70695496;0.14070892
1521666016954;-0.73280334;-0.35199738;0.2943802
1521666016986;-0.52420044;1.3545228;2.4896855
1521666016995;-0.4202423;2.415955;2.332337
1521666017028;-0.31661987;1.2760011;2.200379
1521666017039;-0.3406372;1.0911256;1.8023683
1521666017066;-0.8358917;3.0441902;4.6171894
1521666017074;-0.2562561;3.3560188;3.8671272
1521666017097;0.48664856;3.2288826;3.8918464
1521666017107;0.46447754;3.9042976;3.7461555
1521666017111;0.45496368;3.7095954;4.651125
1521666017124;0.43502045;3.0181282;4.7489033
1521666017131;1.0141908;-4.418091;1.0897828
1521666017145;0.54151917;-4.5078125;0.97332764
1521666017151;0.39375305;-3.8929443;1.489319
1521666017166;1.4046327;-3.489746;2.7504888
1521666017173;2.3474126;-4.3032227;3.420533
1521666017186;3.2058113;-5.0716553;3.9230354
1521666017193;3.712159;-5.638672;4.942507
1521666017206;3.953553;-5.5932617;5.9635034
1521666017214;4.256716;-5.0411377;6.2821074
1521666017228;4.114748;-5.203125;6.3394804
1521666017237;4.0808125;-5.562866;6.284793
1521666017255;3.904969;-5.6679688;6.262698
1521666017261;3.953736;-5.779907;5.860598
1521666017278;3.7474983;-5.2980957;4.638796
1521666017315;3.2740486;-5.4210205;3.500611
1521666017378;1.9557801;-4.633423;2.7984014
1521666017387;3.2998054;-3.9421387;2.6898198
1521666017398;2.2846074;-3.4212646;1.6087953
1521666017408;1.9562684;-1.6262512;2.0490727
1521666017415;1.9705812;-1.847229;1.4527589
1521666017427;1.7787172;-2.4649658;0.77996826
1521666017434;1.3749086;-2.2687988;-0.0048947334
1521666017445;0.8371887;-2.1074219;-0.4404068
1521666017495;0.37322235;-1.7992554;-0.10819626
1521666017508;0.5887451;-1.8395996;-0.5350647
1521666017511;0.51057434;-0.835022;-2.0239868
1521666017526;0.35341644;-0.89027405;-1.6094666
1521666017531;-0.12658691;-1.0884094;-0.9878845
1521666017545;-0.4168625;-1.1272583;-2.2177124
1521666017633;-1.2323914;3.981324;1.5959779
1521666017667;-2.1382446;3.8804939;1.2085572
1521666017669;-2.5906372;3.538636;0.7211151
1521666017706;-0.4927826;0.4652176;0.77993774
1521666017715;-1.2599182;0.921402;-0.48984528
1521666017732;-3.000183;1.5244447;-1.05719
1521666017751;-2.991211;0.6713867;-0.9134369
1521666017767;-2.088684;-0.39331055;-0.4317932
1521666017773;-1.3722534;-1.1607056;0.6787262
1521666017805;-1.3864746;-0.17725754;-1.0378723
1521666017811;-2.5352173;0.14014816;-1.3651733
1521666017829;-3.6635742;-0.13191986;-1.1777039
1521666017858;-2.2131348;-0.8306732;0.2726822
1521666017860;-1.3617859;-1.3369751;0.7779846
1521666017873;-1.5772095;-0.6799011;0.42998505
1521666017935;-2.2733154;0.14545822;0.5424347
1521666017944;-2.111084;-0.26075745;-0.48654175
1521666017951;-2.6070557;-0.07262039;-0.9155426
1521666017967;-3.0593872;-0.08708382;-0.024022102
1521666017971;-3.1140137;0.33122253;0.055389404
1521666017985;-3.050171;0.84150696;-0.124362946
1521666017991;-2.4736938;0.47444153;0.08681297
1521666018004;-2.1296387;-0.38964844;0.29697418
1521666018011;-1.8293762;-0.7672577;0.36805725
1521666018025;-1.8141785;-1.1693115;0.2347908
1521666018033;-1.9347839;-0.69944763;-0.49710846
1521666018045;-2.420288;-0.03684044;-0.6954956
1521666018052;-2.5178223;-0.14691162;-0.70428467
1521666018065;-1.84198;-0.85713196;-0.5852814
1521666018071;-1.4519653;-0.77337646;-0.22637177
1521666018085;-1.2912598;0.063726425;-0.28224945
1521666018091;-1.2225647;0.5511627;-0.30799103
1521666018104;-1.4763794;-0.0832119;-0.49773407
1521666018110;-1.5929565;-0.5401306;-0.2720642
1521666018124;-1.5398865;-0.78530884;-0.14871216
1521666018131;-1.4380493;-0.41703796;0.07013512
1521666018144;-1.0539856;0.25308228;0.18651962
1521666018151;-0.79811096;0.49074554;-0.057253838
1521666018173;-0.92796326;-0.53601074;-0.25660706
1521666018186;-1.0030212;-0.54026794;-0.7873688
1521666018193;-1.0627441;0.059479713;-2.1455078
1521666018206;-1.2463379;0.39702606;-2.0527344
1521666018213;-0.8971863;0.31812286;-1.3338318
1521666018238;-0.0026779175;0.3153839;-1.757721
1521666018258;-0.051831245;1.1210939;-2.5134277
1521666018281;-0.56829834;1.5378114;-2.2647705
1521666018294;-0.8385315;1.7528383;-2.5714722
1521666018308;-0.3851776;1.9545594;-2.1986694
1521666018316;-0.30374146;2.1058354;-2.0597534
1521666018327;-1.0845947;2.02356;-2.2924805
1521666018334;-1.5473328;1.6129457;-2.859192
1521666018347;-2.2042847;0.940155;-2.3806763
1521666018354;-2.198059;0.46833038;-2.7163086
1521666018377;-2.1158447;0.4945221;-2.7139282
1521666018388;-2.2504272;0.914917;-2.623169
1521666018394;-2.7018433;0.77290344;-2.0479736
1521666018407;-2.7520752;0.5631714;-2.4574585
1521666018414;-2.9024658;0.27416992;-2.9007568
1521666018427;-2.9005127;0.4738083;-2.749878
1521666018434;-3.0374756;1.2483217;-2.6484985
1521666018447;-3.0735474;1.8940431;-2.3098755
1521666018454;-3.1052856;1.9523317;-1.7253113
1521666018474;-2.74469;0.89875793;-1.1760864
1521666018487;-2.258789;1.0112916;-1.2236023
1521666018495;-1.9605408;1.8899232;-1.3251343
1521666018518;-2.0997925;2.3460088;-1.0803528
1521666018535;-1.9612732;1.4928895;-1.6058044
1521666018540;-1.663147;0.8041229;-1.4177246
1521666018556;-1.5455017;0.8548126;-0.5492096
1521666018561;-1.104065;1.6478883;-0.084775925
1521666018581;-0.8790741;2.4687505;-0.22363281
1521666018596;-1.444519;1.6609498;0.0840168
1521666018615;-1.7657166;1.1470338;0.51387024
1521666018620;-1.7828369;1.2334901;0.62467957
1521666018635;-1.5675049;1.1174623;1.2316896
1521666018640;-1.5884094;1.639618;2.353516
1521666018657;-0.8213043;2.681519;2.2031255
1521666018678;-0.47826385;2.7868047;2.2067266
1521666018696;-0.70329285;3.137696;3.811158
1521666018714;-0.7384796;2.987;4.0078144
1521666018720;-0.74897766;2.5525517;4.5565205
1521666018735;-0.5414734;2.8612676;5.188723
1521666018740;-0.18981552;3.477906;5.1688256
1521666018756;0.6504059;3.059571;5.4372582
1521666018761;0.69485474;2.6026616;5.4638696
1521666018778;0.43980408;2.2280278;5.813967
1521666018789;0.5929413;1.8260499;5.933596
1521666018802;0.18503189;1.9097902;6.09241
1521666018811;0.09132385;1.9966432;6.1673613
1521666018829;1.0971376;-5.2476807;3.2623909
1521666018843;2.8542485;-5.088379;4.566042
1521666018856;2.9411626;-5.5336914;6.014041
1521666018876;2.8998418;-5.0906982;6.295291
1521666018897;3.1439826;-4.5009766;5.721194
1521666018908;3.1199958;-4.2469482;5.250979
1521666018915;3.014283;-3.9448242;4.8276386
1521666018929;2.5542607;-4.4396973;4.20154
1521666018944;2.0993657;-4.6436768;3.125367
1521666018958;1.7404176;-4.828003;2.6348271
1521666018961;1.6994935;-4.58667;2.5904546
1521666018995;2.5509648;-4.171875;1.4757386
1521666019007;2.2188115;-4.2886963;1.7415162
1521666019043;1.4625245;-3.0872803;0.8399658
1521666019055;1.0924073;-3.0271606;0.47479248
1521666019087;0.7461853;-2.1775513;0.14424133
1521666019092;0.60087585;-1.35672;-1.092102
1521666019105;0.35744476;-1.5370178;-1.8458557
1521666019112;-0.49206543;-2.0911865;-2.2523804
1521666019128;-1.2472229;-2.5463257;-1.2223206
1521666019147;-0.7362671;-1.3790283;-0.2578354
1521666019208;-0.6435547;2.6792607;-0.08792877
1521666019213;-3.3841553;5.1412377;0.49912262
1521666019233;-0.059649467;2.4950566;0.4907074
1521666019245;0.50975037;1.9421083;0.46089172
1521666019252;-0.22267532;2.4652104;-0.578537
1521666019267;-1.7922363;2.9553227;-0.7535095
1521666019272;-3.3537598;2.79596;1.8451539
1521666019285;-3.3311157;3.1129768;1.0392457
1521666019296;-2.182495;2.728272;0.079416275
1521666019308;-0.5666046;1.1634523;1.0929872
1521666019315;0.0967083;1.2163087;0.38450623
1521666019367;-3.43927;0.734848;-1.8135681
1521666019378;-2.9179077;0.028298855;-1.478363
1521666019396;-0.7226105;-0.26838684;0.81832886
1521666019428;-0.76690674;1.067566;0.37947083
1521666019429;-2.3990479;0.32887268;-0.44908142
1521666019443;-2.808838;-0.48753357;0.40107727
1521666019537;-2.5583496;-1.3423157;0.889328
1521666019546;-2.3049316;-1.176178;2.2015996
1521666019558;-1.7954102;0.041563034;1.6205446
1521666019574;-1.7411804;0.56025696;1.1549989
1521666019586;-2.0615845;0.35189056;0.71429443
1521666019592;-2.475525;0.19849777;0.3045578
1521666019605;-2.9918823;0.19448471;0.509964
1521666019612;-2.9334717;0.056602478;0.1810875
1521666019627;-2.6098633;-1.3126831;1.2763063
1521666019632;-2.4818726;-1.2694092;1.2005006
1521666019647;-1.9589844;-0.6427765;0.25222778
1521666019652;-2.2615967;-0.3887558;0.26265717
1521666019667;-2.4631958;-0.28121948;-0.16005707
1521666019672;-2.7163086;-0.3269043;-0.6568756
1521666019685;-2.9345093;-0.7432556;-0.17594147
1521666019692;-2.5038452;-1.0747986;-0.25590515
1521666019705;-2.0512085;-1.6667786;-0.08241272
1521666019712;-1.2614441;-1.4584961;-0.36725616
1521666019726;-1.0006409;-0.53053284;-0.80319214
1521666019732;-0.9968262;0.6040344;-1.0351868
1521666019754;-1.351593;1.8256227;-1.848053
1521666019762;-1.4767456;1.996338;-2.077942
1521666019788;-1.265564;1.5533143;-2.0788574
1521666019791;0.29149628;0.8339844;-1.5512085
1521666019800;0.87216187;1.3725587;-1.5719299
1521666019815;1.0835267;2.1959233;-1.3465576
1521666019819;0.95150757;2.587647;-1.4253235
1521666019834;0.25784302;2.5047612;-1.4332886
1521666019845;-0.45941925;1.746338;-1.374115
1521666019857;-1.22406;0.8444824;-1.6838379
1521666019887;-1.5678406;0.75076294;-1.2492371
1521666019894;-1.6310425;0.7551575;-0.99124146
1521666019900;-1.4646912;0.72055054;-0.7574158
1521666019917;-1.2945557;0.4563446;-0.85458374
1521666019922;-1.2105408;0.24452972;-1.6023254
1521666019938;-1.4001465;-0.18636703;-1.6564026
1521666019944;-1.586029;-0.39579773;-1.7562256
1521666019960;-1.8700256;-0.1246624;-1.986145
1521666019985;-1.9067383;0.13526535;-1.3505859
1521666019992;-1.3552551;0.06844902;-1.5418091
1521666020001;-1.13797;0.36277008;-1.4344788
1521666020016;-1.1547546;0.87561035;-0.8028717
1521666020019;-1.1303406;1.584961;-1.4250793
1521666020043;-1.6732178;1.9236757;-1.8807983
1521666020056;-2.3556519;1.4398805;-1.7501526
1521666020063;-2.7820435;0.9832001;-1.9340515
1521666020096;-1.1754761;2.0775762;-1.0536499
1521666020099;-1.173584;2.3904424;-1.3268127
1521666020115;-2.071045;1.6992799;-1.8306885
1521666020128;-1.8682861;1.2861024;-2.4020386
1521666020134;-1.7592163;1.2957155;-2.8514404
1521666020147;-1.655365;1.075226;-2.1968384
1521666020155;-1.495697;0.5390167;-2.052063
1521666020178;-1.6238403;0.2470665;-0.7120056
1521666020196;-1.2141418;1.419098;-0.6301117
1521666020215;-1.3002319;0.9273834;0.2433548
1521666020231;-1.3080139;0.49440002;0.09205246
1521666020239;-1.507782;0.9278717;0.44878387
1521666020255;-1.7101746;1.2567445;2.1802983
1521666020260;-1.4490356;2.5021977;2.79419
1521666020287;-0.19113159;2.894837;3.3558967
1521666020297;0.33824158;2.832703;2.681275
1521666020314;-0.07326889;3.6554573;2.457581
1521666020320;-0.44605255;3.7109382;2.5346684
1521666020337;-0.31241608;2.9468389;3.7561042
1521666020356;0.0134027;3.7412727;4.4177265
1521666020360;0.30530548;4.0374775;5.4548364
1521666020384;0.7571411;3.3502204;5.5542016
1521666020397;0.64575195;2.9492803;5.4465356
1521666020412;0.58950806;2.6940312;6.2109404
1521666020424;0.55944824;1.9463197;5.9949975
1521666020431;0.36271667;1.6113893;5.625857
1521666020445;0.42298126;1.756836;5.6654077
1521666020461;1.2505189;-5.1346436;2.9779668
1521666020524;1.5701295;-4.9257812;3.5571907
1521666020538;2.4849248;-4.97937;3.9751594
1521666020547;2.6236577;-4.972046;5.058718
1521666020556;3.2963874;-4.2197266;5.320925
1521666020561;2.530579;-3.8500977;3.481385
1521666020571;2.1411748;-4.331909;2.9334111
1521666020582;2.1582646;-3.986145;2.1281743
1521666020597;2.5484624;-4.3859863;2.2901006
1521666020628;3.1085823;-4.0838623;1.1395265
1521666020648;2.0313725;-3.5476074;1.4108278
1521666020668;1.9853212;-3.0309448;0.92033386
1521666020673;2.2724614;-3.203247;0.33888245
1521666020686;2.1302495;-3.520752;-0.02209425
1521666020694;1.7913514;-3.3972168;-0.1311264
1521666020707;1.3161317;-2.8135376;-0.26177216
1521666020713;0.98069763;-2.2910156;-0.26605988
1521666020726;0.49144745;-1.7574463;0.004199028
1521666020735;0.54888916;-1.6716919;0.061200142
1521666020756;0.41373444;-1.5133667;-1.4577332
1521666020824;0.5593567;-1.8747253;-2.3208618
1521666020840;0.5720978;-2.2028809;-1.9166565
1521666020852;0.043839455;-1.2702942;-1.3198242
1521666020877;-0.094552994;0.19924164;-4.234009
1521666020906;-1.2770386;0.3027649;-3.331543
1521666020916;0.25551605;3.2821052;1.1817323
1521666020951;-0.0104596615;2.0227056;0.16757965
1521666020960;-2.1294556;0.57307434;0.35440826
1521666020987;-0.83283997;-1.0268555;0.10895157
1521666020995;-0.47977448;-1.1443176;-0.917511
1521666021021;-1.550354;0.472023;-1.5964355
1521666021105;-2.1096191;0.8231354;-1.1559143
1521666021168;-2.7319946;-0.376976;0.35321045
1521666021178;-1.921051;-0.33491516;-0.7811127
1521666021179;-2.039734;0.46316528;-0.32746887
1521666021194;-1.7536621;0.63726807;-0.33963776
1521666021207;-1.6184082;-0.0045466423;-0.102012634
1521666021214;-1.3958435;-0.9169159;0.051859856
1521666021227;-1.7281494;-0.9010773;0.5676727
1521666021234;-2.0037842;-0.3008194;0.51612854
1521666021247;-2.2885132;-0.032866478;0.60879517
1521666021255;-2.2867432;-0.08300972;0.5821991
1521666021274;-1.9968872;-0.8394623;0.17741394
1521666021287;-1.9526672;-0.8435974;0.29649353
1521666021294;-1.9212036;-1.2244263;0.06023121
1521666021307;-2.0269165;-1.6208801;0.037819862
1521666021314;-2.1860352;-1.884613;0.7080536
1521666021328;-2.314087;-2.0628052;0.38508606
1521666021334;-2.5663452;-1.3354492;0.0057024956
1521666021347;-2.7008057;-0.7122345;-0.10669708
1521666021354;-2.6397705;-0.41033936;-0.24328613
1521666021368;-2.3554077;-0.536026;-0.41560364
1521666021375;-2.1974487;-0.85905457;-0.30075073
1521666021388;-1.7972717;-1.1904602;-0.2846756
1521666021394;-1.4988098;-1.2934265;-0.31894684
1521666021407;-1.6178894;-1.0673218;-0.2739563
1521666021414;-1.7051392;-0.8937988;0.3758545
1521666021427;-1.7260742;-0.5768585;0.6576843
1521666021436;-1.5800781;0.007928848;0.03498745
1521666021455;-0.41825867;0.57354736;-0.21078491
1521666021477;-0.6408386;0.72906494;0.047902107
1521666021496;-1.0528564;0.6836548;-0.15618134
1521666021502;-1.095459;0.94747925;-1.0798035
1521666021516;-0.8933716;1.6972352;-2.203308
1521666021522;-0.53530884;1.9978334;-1.7837219
1521666021546;-0.10156059;2.294495;-1.2645569
1521666021552;0.13127136;2.6771245;-1.7950134
1521666021564;-0.053331375;1.4448854;-3.3687134
1521666021585;-0.5383606;0.40346527;-3.256958
1521666021597;-0.64131165;-0.2216568;-3.6015625
1521666021608;-0.15037155;-0.22782516;-3.0186768
1521666021617;0.15489197;-0.01797676;-2.7732544
1521666021621;0.27272034;0.5147095;-3.2855835
1521666021638;-0.2932663;0.9708252;-2.7630005
1521666021643;-0.7989044;1.0274965;-1.9630127
1521666021656;-1.3525085;1.0929261;-2.0706177
1521666021663;-1.4059448;0.90263367;-2.543396
1521666021684;-1.4926147;0.8618469;-2.6033325
1521666021697;-1.9080505;1.9260255;-1.7567444
1521666021704;-2.196289;1.8301698;-0.98213196
1521666021718;-2.2909546;1.7152101;-1.5914307
1521666021723;-2.2787476;1.3725892;-2.529358
1521666021735;-2.1085815;0.58200073;-2.4764404
1521666021741;-2.130066;0.48595428;-2.4229736
1521666021756;-2.283081;0.79992676;-2.6861572
1521666021761;-2.6039429;1.4000245;-2.307434
1521666021784;-3.0318604;1.411255;-1.348999
1521666021794;-2.4355469;1.5401613;-1.8678894
1521666021801;-1.9959717;1.390381;-1.9059143
1521666021824;-1.8664856;1.4786988;-1.6922302
1521666021836;-2.0096436;1.1898805;-1.486206
1521666021842;-2.225708;0.951828;-0.8266907
1521666021853;-2.1088257;1.6446534;0.28623962
1521666021859;-1.6054382;2.9967046;0.52008057
1521666021887;-1.2401733;3.8175666;0.23495483
1521666021896;-0.64598083;2.6531377;0.7893677
1521666021906;-0.27776337;2.5711064;-0.11650276
1521666021924;-0.5417938;2.987;1.3410951
1521666021937;-0.31262207;2.5682988;1.0322877
1521666021942;0.07046318;2.627747;1.2404786
1521666021956;0.2695465;2.7605596;1.57782
1521666021961;0.15576553;2.7060552;1.8581849
1521666021980;-0.21463776;1.5359803;1.572754
1521666021994;-0.4694748;1.5837709;1.3089906
1521666021999;-0.6737213;1.8073426;1.6398622
1521666022027;-0.6910553;2.164002;2.0852056
1521666022065;-0.8806;2.8004766;3.3811042
1521666022074;-0.8798828;3.0441291;4.0579853
1521666022084;-0.14799881;3.3402107;5.001223
1521666022091;0.8548126;3.054444;5.9500756
1521666022157;0.7947998;-3.8571777;4.4057636
1521666022164;2.6533208;-3.9351807;5.825442
1521666022177;2.7598271;-4.5446777;5.3839135
1521666022195;1.7045594;-4.4276123;5.179934
1521666022215;1.8873597;-4.609375;4.0773945
1521666022236;2.389893;-4.088135;3.1901863
1521666022250;2.084351;-4.326782;2.9108891
1521666022260;1.7960206;-4.533203;2.3056035
1521666022283;1.8902589;-4.5203857;2.2307134
1521666022296;2.179749;-3.819336;1.9268495
1521666022299;2.5523076;-3.7963867;2.2814336
1521666022316;2.9311528;-4.2374268;1.9613954
1521666022369;1.3188478;-1.9663086;1.3121339
1521666022380;1.2837831;-2.986023;-0.38627625
1521666022395;0.34711456;-2.4384766;-0.022286892
1521666022416;0.16716766;-0.5552063;-1.0787354
1521666022437;0.36108398;-1.6781311;-1.6375732
1521666022478;0.51760864;-2.208374;-2.623413
1521666022483;0.100982666;-0.2869873;-0.5451813
1521666022507;0.43889618;1.8710634;-0.88365173
1521666022511;0.68515015;0.72654724;-0.9296112
1521666022561;0.56207275;0.32434845;-0.83921814
1521666022578;-0.5088196;-1.5362549;-2.1875
1521666022596;-0.49471283;-2.0093994;-2.3935547
1521666022616;-0.6040802;3.061463;2.1281133
1521666022636;-1.0235901;1.1571656;1.8997804
1521666022648;-0.85606384;1.1108705;1.0954896
1521666022656;-1.3897705;1.7328798;0.541687
1521666022675;-1.6600342;1.5366822;0.5774231
1521666022695;-1.6123047;0.98760986;0.9847717
1521666022715;-1.3668518;0.61665344;1.0534669
1521666022739;-1.4865723;0.36760712;-0.45661926
1521666022757;-2.788147;0.41252136;-0.47955322
1521666022772;-2.9596558;0.121011734;-0.8298187
1521666022888;-2.3973389;-0.6218109;-0.03915119
1521666022896;-1.8583069;-0.66685486;0.21248245
1521666022900;-2.001831;-0.61105347;0.14087677
1521666022913;-2.4841309;-0.4155426;0.2988205
1521666022921;-2.8214111;-0.08273506;0.08070755
1521666022930;-3.036316;0.018044472;0.020177364
1521666022939;-2.9174194;-0.37394714;0.0073013306
1521666022956;-2.371521;-0.83869934;0.6100006
1521666022976;-2.1958618;-0.35682678;0.75115967
1521666022996;-2.3392944;-0.318985;0.508667
1521666023016;-2.3442993;-0.49718475;0.042734146
1521666023029;-2.399109;-0.49515533;-0.11858177
1521666023039;-2.4867554;-0.18245697;-0.36795807
1521666023057;-2.8120728;-0.12486839;0.20808792
1521666023077;-2.1657104;-0.6552887;-0.051387787
1521666023096;-1.9986877;-1.6350708;-0.23113632
1521666023116;-2.0726318;-1.4786987;-0.732254
1521666023136;-1.5785522;-0.32286835;-1.157898
1521666023156;-0.697464;0.8236389;-1.0396729
1521666023176;-0.24119568;0.40219116;-1.6387329
1521666023196;0.0051631927;-0.23251724;-1.6763611
1521666023212;0.24141312;0.38648224;-1.742157
1521666023219;0.54556274;1.0417176;-1.4918213
1521666023237;0.8716278;1.5293275;-1.1878662
1521666023257;0.30303955;0.8703766;-2.1287842
1521666023285;-0.46370697;0.6562958;-1.9167175
1521666023305;0.1807785;1.3522645;-1.2041626
1521666023318;0.022614479;1.5234987;-1.0099182
1521666023326;-0.3764801;1.40683;-1.227356
1521666023337;-1.1904907;1.169861;-1.7979126
1521666023341;-1.7294922;0.9474182;-2.7582397
1521666023357;-2.2891846;0.57347107;-3.3306274
1521666023363;-2.5020142;0.14039993;-2.5773926
1521666023386;-1.9302979;0.72540283;-1.4376831
1521666023404;-1.554596;0.7746277;-0.9352875
1521666023413;-1.8918457;0.5776062;-1.6890869
1521666023425;-2.4136353;0.40654755;-2.5943604
1521666023434;-2.922058;0.24937057;-3.6474
1521666023440;-3.484375;0.66026306;-3.9002075
1521666023456;-3.387207;1.2372133;-3.3668213
1521666023464;-2.9472656;1.8969117;-3.3431396
1521666023483;-2.8530273;2.2790532;-2.6294556
1521666023489;-2.250061;2.1857305;-2.296814
1521666023505;-1.73349;1.7520448;-2.0127563
1521666023526;-1.9601746;1.2203981;-1.9152527
1521666023541;-2.1243286;1.2296754;-1.6154785
1521666023554;-1.8712158;0.9512024;-0.77449036
1521666023569;-1.4553528;0.68489075;-0.4834442
1521666023583;-0.91708374;1.1653749;-0.478714
1521666023607;-1.7430725;1.1630555;-0.6821594
1521666023614;-2.114746;1.346924;-0.8267975
1521666023620;-2.4332275;1.4503785;-0.41210175
1521666023637;-2.2649536;1.7612611;0.12188339
1521666023644;-1.7188416;2.072266;0.4589157
1521666023657;-1.6788025;2.2484746;1.2278138
1521666023665;-1.7520447;2.6074834;2.1076055
1521666023687;-1.6815491;2.1818242;3.102723
1521666023695;-1.4247131;2.7066655;3.3838508
1521666023705;-1.3795471;3.6502082;3.8414314
1521666023714;-1.1450806;4.145632;4.294924
1521666023720;-0.5770416;3.5759284;4.498781
1521666023734;-0.013488531;2.5140996;4.645632
1521666023744;-0.18626785;3.243714;4.9660664
1521666023753;-0.34410095;4.1794453;5.065676
1521666023760;-0.40040588;4.1170673;5.730593
1521666023782;-0.21383667;3.9283454;5.6342797
1521666023791;0.12833405;3.3397224;5.7899194
1521666023800;0.7198944;2.8513188;6.1087675
1521666023828;1.24115;2.3489385;6.1986113
1521666023847;1.1293641;2.5116582;7.437259
1521666023862;2.9860845;-4.7177734;4.7596455
1521666023888;3.4619758;-5.1064453;5.506594
1521666023898;3.2741096;-4.9799805;4.444582
1521666023915;2.348084;-4.604126;3.9404304
1521666023942;1.9599916;-4.3825684;3.0010993
1521666023962;2.8424077;-5.0351562;1.4376222
1521666023994;1.7543947;-4.152954;1.3349916
1521666024004;2.0680547;-3.510315;1.9719545
1521666024025;2.5765996;-3.395874;0.60136414
1521666024035;2.478333;-4.1341553;0.064697266
1521666024041;1.9686586;-4.250366;-0.52386475
1521666024058;0.8193512;-3.5508423;-0.25725555
1521666024077;0.73690796;-1.359375;-0.1770401
1521666024097;1.2407838;-2.4319458;-1.048645
1521666024113;0.832016;-2.6134033;-1.8522949
1521666024120;0.60606384;-2.8509521;-2.1552734
1521666024133;0.0016437769;-3.1226196;-1.85849
1521666024228;-1.2904053;-3.1346436;-3.2145996
1521666024237;-0.44539642;5.503176;2.214478
1521666024239;-0.20877075;5.288943;2.021668
1521666024250;-0.6289215;4.272341;1.9252931
1521666024262;-1.457489;3.3864143;1.0498964
1521666024277;-2.6097412;1.2247316;0.4413147
1521666024297;-1.8901062;0.7898712;0.8352051
1521666024317;-0.8325348;1.0495912;-1.1787109
1521666024335;-1.1935425;0.68725586;-0.90309143
1521666024353;-2.7252197;0.085645676;-1.4019165
1521666024385;-1.5952759;-1.183258;-1.2151184
1521666024405;-1.7112732;-0.52641296;-0.34748077
1521666024418;-3.2225342;1.1409608;-1.7481995
1521666024435;-3.6994019;0.40529633;-1.861908
1521666024474;-1.5158386;0.4474182;-0.50691223
1521666024486;-1.3192749;1.1282045;-0.22428894
1521666024508;-1.8740234;1.6367189;0.19950867
1521666024518;-2.3361816;0.5701752;-0.35207367
1521666024537;-2.0308838;-0.6357727;-0.1825676
1521666024552;-1.8253784;-0.6011963;-0.052188873
1521666024564;-1.7381592;-0.2822342;-0.08533287
1521666024578;-1.760437;-0.14551544;0.049262047
1521666024597;-1.7390747;-0.7617798;-0.34474945
1521666024618;-1.7629089;-1.6201782;-0.24814987
1521666024637;-2.0471191;-1.4174194;0.28668976
1521666024657;-1.8501587;-1.0787048;-0.145504
1521666024678;-1.677063;-0.8980408;0.016514301
1521666024697;-1.9364014;-0.74276733;0.0045819283
1521666024717;-1.8762817;-0.9398346;0.5111847
1521666024737;-1.2441101;-0.16071701;0.18262863
1521666024758;-1.0971985;0.4863205;-0.698761
1521666024779;-1.281311;-0.37284088;-0.93629456
1521666024793;-0.9762268;-0.30436707;-0.9260559
1521666024799;-0.5657959;0.25039673;-0.3991623
1521666024812;0.2096672;1.1533204;-0.28460693
1521666024821;0.60253906;1.8127443;-0.5664978
1521666024848;0.67492676;1.3659669;-1.437439
1521666024864;-1.1956482;-0.04360485;-2.8896484
1521666024889;-1.4827576;-0.11070442;-2.77594
1521666024904;-0.31443024;0.56463623;-2.1290894
1521666024909;-0.12651825;1.1069032;-1.9224243
1521666024927;-1.1036377;0.9306488;-2.2509766
1521666024934;-1.8687439;0.4130249;-2.748108
1521666024940;-2.3439941;-0.16763306;-2.7988281
1521666024954;-2.3087158;-0.03344345;-2.6482544
1521666024960;-1.9890747;0.2871704;-1.9193726
1521666024984;-1.4230042;1.0453187;-1.2787781
1521666025000;-1.6778564;1.0811464;-1.7735901
1521666025068;-2.409912;0.8144989;-1.8622131
1521666025072;-2.777649;0.69781494;-2.4110107
1521666025087;-2.5109863;0.74568176;-1.2954712
1521666025096;-1.9583435;2.2945561;0.03535843
1521666025106;-2.4684448;1.618622;-2.5325928
1521666025127;-2.7148438;1.5816652;-1.15448
1521666025133;-1.8546753;1.8551332;-1.8170776
1521666025140;-1.5739441;1.8466493;-1.5254517
1521666025152;-1.3409729;1.994629;-1.3341675
1521666025159;-1.2701416;2.45752;-1.4653931
1521666025175;-1.7360535;2.443726;-1.0205994
1521666025180;-1.5900879;1.6900331;-0.5683594
1521666025195;-1.3990784;0.36276245;-0.3557434
1521666025200;-1.1517639;-0.14395142;-0.8574219
1521666025213;-1.0345154;0.20061111;-0.35733032
1521666025220;-0.8679352;0.78704834;-0.2779541
1521666025233;-0.6118927;1.3230287;-0.79959106
1521666025240;-0.69503784;0.9662018;0.25165558
1521666025254;-0.3786087;-0.08084679;1.0359803
1521666025260;-0.07517815;-0.7224426;0.9110718
1521666025285;0.7646637;1.1045533;2.0631108
1521666025305;0.31344604;3.9721687;2.8939824
1521666025319;-0.0038215518;3.6632698;2.6854253
1521666025337;0.21860504;2.6209111;2.7366338
1521666025344;0.38344574;2.4927983;2.6504521
1521666025357;0.22339249;3.1441047;2.7432866
1521666025367;-0.2860031;4.0527363;3.4130867
1521666025397;-0.84858704;4.762331;4.026125
1521666025422;-0.3496399;3.8298957;4.416994
1521666025437;0.6630249;2.4135137;4.206911
1521666025448;1.0999147;2.8364263;5.3645043
1521666025456;0.6502075;-2.2348022;3.8300178
1521666025468;0.62687683;-1.8320618;4.828005
1521666025485;2.8939824;-4.1740723;5.183474
1521666025503;4.082155;-6.115967;4.970339
1521666025514;2.9705815;-4.838623;4.8603535
1521666025521;1.3337709;-3.767273;4.498171
1521666025536;0.38141632;-3.3451538;3.38086
1521666025541;0.4056015;-3.1606445;3.8173835
1521666025555;1.8206483;-4.216919;3.8595588
1521666025561;3.135987;-5.5230713;3.5863655
1521666025576;3.765931;-6.456421;3.1163948
1521666025580;3.0547493;-6.331543;1.7108155
1521666025594;1.6307374;-6.3728027;1.6548158
1521666025604;0.6195526;-5.413574;1.2853395
1521666025614;0.51252747;-4.548462;1.6990968
1521666025626;1.0236207;-3.5385742;1.6305543
1521666025644;1.8859864;-3.2630615;2.2260137
1521666025649;2.7193608;-4.081543;2.3541875
1521666025662;3.2431648;-5.587158;1.5629274
1521666025685;2.875855;-5.474365;1.7088624
1521666025690;2.059876;-4.3425293;1.5270082
1521666025708;0.77368164;-2.0751953;1.09433
1521666025717;0.66856384;-1.8371887;0.51194763
1521666025723;0.62997437;-2.2677002;0.6631317
1521666025746;0.9871979;-2.5473633;-0.05491352
1521666025757;0.8619995;-2.2434082;0.028198719
1521666025764;0.19551086;-2.4315186;-0.5189209
1521666025786;0.021555424;-2.3112793;0.44630432
1521666025789;-0.10287094;-2.1773071;1.0732118
1521666025804;-0.2058258;-0.92985535;0.22974014
1521666025875;-0.30802917;-0.35710907;-1.0878296
1521666025897;-1.6255493;-1.4013367;-2.7288818
1521666025908;-2.3738403;1.7450868;-1.6164246
1521666025915;-2.0545654;0.75234985;-2.7287598
1521666025922;-1.5226746;-0.6507416;-1.7305298
1521666025935;-1.0412292;-1.1628723;-1.5133057
1521666025941;-1.0770569;-0.6703491;-2.1941528
1521666025955;-1.2017517;-0.3989334;-1.3321838
1521666025961;-1.6564331;-0.5753784;-0.20265579
1521666025977;-2.0772705;-0.43187714;0.40512085
1521666025984;-2.32135;0.32424927;-0.64530945
1521666026001;-2.717163;1.0238649;-1.4797974
1521666026009;-2.7523193;0.980896;-0.948761
1521666026026;-2.739746;0.8421936;-1.241333
1521666026044;-2.4718018;0.44356537;-1.2990417
1521666026049;-2.454895;-0.2527008;-0.89131165
1521666026085;-2.624878;-0.45169067;-0.13298035
1521666026097;-2.3711548;0.28664398;-1.0994568
1521666026100;-2.2558594;-0.077480316;-1.275177
1521666026116;-2.235962;-0.24853134;-1.1168823
1521666026126;-2.180481;-0.031737328;-0.66127014
1521666026141;-1.9709473;-0.39504242;-0.43531036
1521666026153;-1.9247437;-0.6701355;-0.40470123
1521666026160;-2.0403442;-0.57250977;-0.4845047
1521666026174;-2.0985718;-0.28427124;-0.44989777
1521666026180;-2.3330688;-0.16702652;-0.50253296
1521666026195;-2.2316895;-0.728714;1.4646302
1521666026201;-2.1050415;-0.67778015;1.418152
1521666026214;-1.7092285;0.35760498;0.57302856
1521666026221;-1.8140869;0.3404007;0.19038391
1521666026237;-2.3535767;0.6327362;-0.30117798
1521666026245;-2.8114624;0.19565964;-0.206604
1521666026266;-2.6397095;-1.0811462;1.16568
1521666026286;-1.9502869;-0.61898804;0.80999756
1521666026296;-1.4894104;0.049928665;0.7407532
1521666026305;-1.5996399;0.30947113;-1.0857849
1521666026318;-2.286377;0.10847473;-1.6528931
1521666026329;-2.4487305;-0.42754364;-1.9724731
1521666026347;-1.7979126;-1.0206299;-1.5570679
1521666026356;-1.0687256;-0.8521271;-1.2778015
1521666026364;-0.40516663;-0.3475647;-1.5693359
1521666026397;-0.75587463;0.29389954;-2.27771
1521666026406;-1.5096436;-0.32128906;-1.7907715
1521666026418;-1.1258545;-0.06485748;-2.4835815
1521666026424;-0.6667175;0.40901947;-1.5368652
1521666026438;-0.0011978149;0.79823303;-0.13875961
1521666026445;0.35668945;1.3027345;-0.7711487
1521666026458;-0.36724854;1.1368715;-1.6055603
1521666026468;-1.4819031;0.72273254;-1.7628174
1521666026486;-2.0601807;0.4817047;-2.1236572
1521666026491;-2.347168;0.49736786;-2.3867798
1521666026505;-0.9902649;1.0756532;-0.440094
1521666026518;-0.17754364;1.912964;-0.5582123
1521666026524;-0.3805008;2.2696538;0.35144043
1521666026545;-0.9827881;0.49799347;-1.9174194
1521666026558;-2.1228027;0.32465363;-3.0081177
1521666026569;-2.520691;-0.08621216;-2.5841675
1521666026585;-2.4609375;0.39105988;-3.1327515
1521666026590;-2.013855;1.4212343;-3.3898926
1521666026605;-1.570343;1.5562135;-2.6850586
1521666026610;-1.3125305;1.6827394;-3.1374512
1521666026626;-1.9142456;1.3267823;-2.2922974
1521666026647;-2.6393433;1.3058473;-3.5997925
1521666026666;-2.522522;1.6744996;-3.897705
1521666026695;-1.7158813;1.0321351;-2.3432007
1521666026707;-1.3676453;1.3510438;-0.6997833
1521666026724;-0.80249023;1.4838563;-1.7217712
1521666026729;-0.8547363;1.8446046;-1.3883667
1521666026748;-0.41919708;2.299683;-0.88171387
1521666026764;-1.1948242;1.7319032;-0.39478302
1521666026786;-1.6607666;1.889557;-0.48381805
1521666026791;-1.7349548;2.2532353;0.6719055
1521666026802;-1.4227905;2.905274;1.1253053
1521666026817;0.12172508;2.9115605;3.2946784
1521666026825;0.2870865;4.222048;1.5312501
1521666026838;0.37628937;3.7316902;0.8894348
1521666026845;-0.29755402;3.587281;0.6345978
1521666026864;-1.2697144;4.611574;0.8557434
1521666026886;-1.7215271;5.2310815;1.8822633
1521666026889;-1.7315369;4.427492;2.332398
1521666026906;-0.81993103;1.2931215;3.2250984
1521666026927;0.9213867;-6.5045166;1.2003785
1521666026946;0.3860855;-5.324707;2.0899663
1521666026966;0.67388916;-4.6898193;3.1840827
1521666026988;0.84155273;-4.592163;3.891175
1521666026998;1.7854921;-5.0533447;4.432863
1521666027004;1.9617616;-5.2402344;4.587038
1521666027025;1.5730592;-5.3377686;5.086428
1521666027031;1.1062013;-5.106201;5.7552514
1521666027078;1.5336305;-4.0699463;5.9187036
1521666027109;1.843445;-4.0976562;6.1762724
1521666027132;2.2020268;-3.7160645;6.3011503
1521666027148;1.6676027;-4.1098633;4.0377216
1521666027158;2.4392095;-4.5964355;2.589356
1521666027161;1.8871156;-4.722534;2.1434941
1521666027185;1.5514528;-4.489746;1.3180848
1521666027215;2.3599858;-4.083008;2.0465703
1521666027225;2.6652226;-3.7721558;2.096314
1521666027234;2.8198247;-3.7234497;1.8257447
1521666027241;2.1425176;-2.892334;1.1129762
1521666027253;1.5323793;-2.7095947;1.2857667
1521666027260;0.8748474;-2.2462158;1.1475526
1521666027276;0.22759247;-1.7680054;0.9984436
1521666027282;0.4214096;-1.971405;0.6275482
1521666027295;0.58828735;-2.151245;-0.4189911
1521666027301;0.62568665;-2.175537;-0.4413147
1521666027314;0.6488495;-2.1628418;-0.610672
1521666027322;0.23865128;-1.953186;-0.9365387
1521666027388;-0.49150848;-1.5174866;-1.1850586
1521666027396;-0.36003876;-1.9387512;-1.8901062
1521666027404;-0.7448273;-1.7229309;-0.64564514
1521666027418;-1.103241;-0.54145813;-0.4842682
1521666027425;-1.122467;0.46155548;-0.8078308
1521666027450;-1.0751343;0.56607056;-1.6275635
1521666027471;-1.4854736;0.13811493;-1.3104858
1521666027678;-2.0428467;-0.024819374;-2.6204224
1521666027687;-1.0552673;0.307312;-1.1405334
1521666027694;-2.1779175;-0.08899307;-0.3395157
1521666027702;-3.236206;-0.16105652;-0.9902344
1521666027713;-3.8825073;-0.18521118;-1.9443665
1521666027720;-4.0930176;-0.9509125;-1.7122498
1521666027734;-3.3605957;-1.9166565;-0.9787903
1521666027740;-2.512146;-1.8956909;-0.2544937
1521666027753;-1.9039917;-0.9254303;0.19855118
1521666027760;-1.5124512;-0.11298752;0.2225647
1521666027776;-1.395813;0.305542;-0.015336037
1521666027780;-1.8600464;-0.18737411;-0.19001007
1521666027794;-3.1395874;-1.1418152;-0.35874176
1521666027800;-3.3894043;-1.368866;-0.5262909
1521666027813;-3.3915405;-1.7653198;-0.041797638
1521666027820;-2.9386597;-1.8031311;-0.16537094
1521666027834;-2.6686401;-1.055481;-0.49863434
1521666027841;-2.3834229;-0.7493286;-0.18330002
1521666027853;-2.2984009;-0.43815613;0.25578308
1521666027860;-2.081726;-0.5567932;-0.15588379
1521666027875;-2.0516968;-0.738327;-0.53889465
1521666027881;-2.3340454;-0.83883667;-0.61546326
1521666027894;-2.3827515;-0.8491516;-0.70521545
1521666027901;-2.4696045;-0.8873291;-0.86535645
1521666027914;-2.4835205;-0.98202515;-0.15911484
1521666027930;-2.2422485;-1.2250977;0.60118103
1521666027946;-1.7163086;-1.1806335;0.14657593
1521666027951;-1.6654053;-0.83114624;-0.31950378
1521666027965;-1.6579895;-0.8505707;-0.08641434
1521666027970;-1.9158325;-0.7414856;-0.5259247
1521666027988;-2.1019287;-0.72639465;-0.2325592
1521666027991;-1.9559937;-1.3222046;0.34171295
1521666028000;-1.8121033;-1.3964539;0.93891907
1521666028009;-1.2270813;-0.890625;0.57188416
1521666028030;-0.9407501;-0.5348816;0.26944733
1521666028052;-1.1487122;-0.19108963;-0.13547516
1521666028072;-1.3295288;-0.040127754;-1.0620728
1521666028093;-1.266449;-0.100162506;-0.2240982
1521666028107;-0.7095947;0.2283783;-0.17531204
1521666028116;0.37737274;0.75460815;-0.15096283
1521666028119;0.37737274;0.67803955;-0.5625305
1521666028138;-1.8547974;-0.8726654;-2.7790527
1521666028142;-1.8355103;-0.3273239;-1.9839172
1521666028155;-1.6843262;0.45910645;-1.4372253
1521666028162;-1.2861023;0.9884949;-1.000824
1521666028177;-0.9910126;1.266388;-0.4716034
1521666028182;-0.8139343;0.9983978;-0.2969284
1521666028198;-1.1265259;0.54441833;-0.8486023
1521666028203;-1.4736023;0.1204319;-1.280304
1521666028216;-1.6918335;0.11565018;-2.244812
1521666028223;-2.3635254;0.51023865;-2.4313354
1521666028237;-2.4732056;0.65696716;-2.1870728
1521666028244;-2.5977783;0.9754181;-2.0041504
1521666028257;-1.9160767;1.5913087;-1.1379089
1521666028267;-1.3789368;1.616211;-0.5333557
1521666028291;-0.8573761;0.8321991;-1.7125854
1521666028305;-1.6155396;0.28675842;-3.7122803
1521666028327;-2.897583;0.9977417;-3.84906
1521666028345;-2.456726;2.1491704;-2.6777344
1521666028368;-1.3400879;1.4334108;-2.0269165
1521666028386;-1.0276794;0.7155609;-1.9447327
1521666028391;-0.8912964;0.7155609;-3.2416382
1521666028404;-1.4760437;0.41404724;-3.1819458
1521666028409;-1.7594299;0.12115288;-3.262024
1521666028424;-2.1558228;0.98243713;-3.3954468
1521666028429;-2.0778809;1.682953;-2.5170898
1521666028445;-1.6525879;2.257691;-2.22406
1521666028450;-1.5995483;2.2399297;-1.0697327
1521666028467;-0.78860474;2.5194097;-1.0974426
1521666028487;-0.6646271;1.2027894;-1.2557678
1521666028504;-1.1468811;1.5366212;-1.0027161
1521666028509;-1.7578125;2.1777349;0.14800262
1521666028524;-1.6790161;3.2838142;0.4329834
1521666028529;-1.6158142;4.1209736;0.8062744
1521666028550;-1.1263123;2.648499;2.0150151
1521666028564;-0.83122253;1.7451783;1.8883973
1521666028593;-0.7861023;2.200562;1.9099427
1521666028617;-1.9849548;4.8620625;3.4893806
1521666028626;-1.9800415;3.59784;4.2977314
1521666028644;-0.16718292;2.1221318;4.507204
1521666028655;0.4768448;2.3547368;4.604494
1521666028662;0.5027313;2.926209;5.1220727
1521666028678;0.13814163;3.7984016;5.0367455
1521666028684;-0.42177582;4.532961;4.9697285
1521666028698;-0.7680359;5.6998315;6.6677275
1521666028707;1.235962;-3.6976929;3.86316
1521666028718;2.414063;-4.975708;3.7862556
1521666028724;3.530152;-5.827881;3.9072273
1521666028746;2.8645635;-5.4366455;4.3795185
1521666028765;1.3830568;-3.9327393;4.635988
1521666028788;1.625641;-4.3795166;4.352541
1521666028793;2.2286382;-4.494385;4.522341
1521666028804;3.3890998;-4.8339844;5.0231957
1521666028809;4.128664;-4.6990967;5.4692407
1521666028824;4.0704365;-4.531494;6.0826445
1521666028951;3.0598762;-4.0408936;2.5306401
1521666028968;3.311463;-3.980774;2.7868657
1521666029000;3.3209846;-3.914734;1.685608
1521666029025;1.1159974;-2.8302002;1.997986
1521666029044;1.2699891;-2.4899292;1.1302186
1521666029056;1.6521608;-2.6830444;1.4319459
1521666029063;1.6324769;-2.5186157;0.6376648
1521666029147;1.3083802;-2.429016;0.8766327
1521666029154;0.14631653;-1.6712036;-0.27568054
1521666029162;-0.13631058;-2.2696533;-1.2224121
1521666029178;-0.9845886;-1.6098328;-1.6283569
1521666029182;-1.1830444;-0.95628357;-0.53123474
1521666029195;-0.8469238;-0.30498505;-0.55996704
1521666029202;-0.657074;0.33306885;-1.1771545
1521666029215;-0.23257828;-0.50064087;-0.81785583
1521666029222;-0.0759716;-1.4379272;-0.6248474
1521666029236;-0.2167511;-1.2770996;-0.8871765
1521666029243;-0.3636551;-1.1080322;-1.4579163
1521666029256;-0.98817444;-1.1880798;-1.1451416
1521666029263;-1.3230286;-1.0466919;-0.10065651
1521666029284;-1.3446045;0.62265015;-1.3946533
1521666029358;-1.1269836;0.53440857;-0.94958496
1521666029365;-2.092102;0.4446106;-0.89009094
1521666029404;-1.9648132;-0.5965729;-1.7452087
1521666029416;-1.8968811;-1.2003784;-0.7651062
1521666029568;-1.9538879;1.0643312;-0.21352768
1521666029578;-1.8986816;-0.075675964;0.3118515
1521666029582;-3.809082;-0.11557007;-0.630661
1521666029596;-3.920288;-0.5634308;-0.44813538
1521666029602;-3.664978;-1.0886841;0.04371643
1521666029614;-2.9345093;-0.95028687;0.5958252
1521666029623;-2.871704;-0.33808136;0.929245
1521666029635;-3.0249634;0.609787;0.9192505
1521666029642;-3.2631836;1.0161439;0.93756104
1521666029654;-3.5353394;0.37287903;1.5132753
1521666029663;-3.6497192;-0.26644897;1.4723207
1521666029676;-3.3781128;-0.33546448;0.74057007
1521666029682;-3.335022;-0.7183075;1.1449586
1521666029694;-3.2650757;-0.646225;1.2615052
1521666029702;-3.3150024;-0.12048149;1.279236
1521666029714;-3.2382202;0.16011429;1.2214051
1521666029722;-3.1536255;-0.37133026;1.2509462
1521666029735;-3.1538696;-0.8604126;1.0594484
1521666029742;-3.189148;-0.7506256;0.9395294
1521666029754;-2.9767456;-1.1633911;0.98301697
1521666029766;-2.8477783;-1.5036621;0.6443634
1521666029787;-2.7224731;-1.7981567;0.47039032
1521666029791;-2.7679443;-1.9154053;0.73838806
1521666029807;-2.7251587;-2.3822632;1.3704835
1521666029835;-2.4212036;-2.425537;1.6380922
1521666029847;-2.2269897;-1.8115845;1.5266114
1521666029867;-1.910553;-0.77194214;1.1720582
1521666029885;-1.934082;-0.6282959;1.0715028
1521666029898;-1.9518433;-0.52464294;0.9568939
1521666029907;-1.4205933;-1.3746643;2.0891118
1521666029917;-1.0093994;-0.7678833;1.3687135
1521666029924;-1.1687317;-0.38871765;1.0620729
1521666029939;-1.5478821;-0.053938866;0.97709656
1521666029958;-1.8039246;-0.40065765;1.1706544
1521666029967;-1.5133057;-0.7361603;1.5833131
1521666029981;-1.1304016;-0.7996216;1.7331544
1521666030008;-0.68688965;-0.5045929;1.5087892
1521666030016;-0.78681946;-0.33145905;1.4447633
1521666030036;-1.0276794;-0.6823883;1.7293702
1521666030055;-0.9582062;-1.1298523;1.5836488
1521666030138;-0.89131165;-0.6221924;1.7233888
1521666030144;-0.68074036;-1.0237122;1.0532228
1521666030157;-0.6246643;-1.086792;0.6896515
1521666030163;-0.6881256;-1.1039429;0.81303406
1521666030176;-0.8063507;-1.1185913;1.1780092
1521666030186;-0.73513794;-1.3111572;1.4985353
1521666030195;-0.770874;-1.4535828;1.862671
1521666030203;-0.5268097;-1.2567749;1.9342347
1521666030215;-0.36946106;-1.0718384;1.8083497
1521666030224;-0.19121552;-1.0384827;1.3142396
1521666030235;-0.375206;-1.245636;0.8902893
1521666030244;-0.5213928;-1.5581055;0.70259094
1521666030255;-0.9008026;-1.7256165;0.9023285
1521666030263;-1.0739746;-1.8277588;1.3074037
1521666030277;-1.1617126;-2.0108032;1.520691
1521666030288;-0.9966278;-1.9342651;1.1545717
1521666030301;-0.9625702;-2.710022;-0.14339066
1521666030309;-1.2637634;-3.4192505;0.14130402
