1521665608776;21.34965;28.279839;13.719983
1521665608784;22.539593;33.1095;16.939972
1521665608797;25.549852;37.729633;18.619663
1521665608803;25.12993;42.55973;21.00004
1521665608817;27.019583;47.949398;23.869673
1521665608824;28.769585;54.03927;26.879932
1521665608837;27.719778;60.0598;30.799862
1521665608846;31.50006;76.29941;38.56948
1521665608860;37.029438;88.2702;45.2199
1521665608868;39.199368;96.039795;50.049995
1521665608880;43.60954;101.63944;53.269733
1521665608890;43.119305;104.57892;55.57931
1521665608900;46.54998;109.340675;57.750217
1521665608908;46.969902;114.03017;60.61937
1521665608923;48.50995;117.739174;64.11963
1521665608934;48.159363;124.53024;66.639175
1521665608942;47.949398;131.95122;69.43998
1521665608950;47.319515;139.02165;72.59039
1521665608966;47.59979;151.54918;78.60997
1521665608986;49.699406;157.43208;81.27015
1521665609006;51.8;163.65874;83.369774
1521665609020;54.809776;168.2096;82.80922
1521665609030;51.380077;170.17056;82.73891
1521665609046;46.269707;179.27226;80.56897
1521665609066;41.509922;186.69034;81.96937
1521665609086;30.16998;183.33092;81.76038
1521665609106;32.619263;171.29167;78.119736
1521665609127;22.049847;171.01042;74.82869
1521665609147;11.269786;169.81898;70.97905
1521665609166;5.179934;163.52202;67.340355
1521665609254;8.819832;137.68959;53.550007
1521665609265;31.989805;135.17003;51.519726
1521665609344;32.689575;128.72852;42.840004
1521665609477;17.569857;125.44041;43.189617
1521665609485;7.349979;79.10021;24.710007
1521665609504;31.639708;67.61965;15.399917
1521665609517;31.639708;58.09983;9.659921
1521665609523;16.029816;40.94937;2.8699956
1521665609537;3.359986;31.219786;-1.6099854
1521665609543;0.6299896;21.489786;-5.5999756
1521665609557;4.6899433;10.569834;-8.189941
1521665609564;7.839969;0.13999939;-11.549805
1521665609576;7.4899936;-7.5599365;-14.839844
1521665609583;4.6899433;-12.529785;-16.659668
1521665609597;-0.20999908;-21.55957;-17.569824
1521665609603;-5.669922;-34.01953;-18.689941
1521665609625;-17.359863;-57.3291;-20.57959
1521665609645;-12.529785;-68.17969;-26.879883
1521665609665;-20.719727;-74.26953;-32.899414
1521665609679;-20.299805;-76.859375;-35.90918
1521665609688;-27.22998;-84.62891;-36.679688
1521665609702;-31.219727;-92.88867;-36.3291
1521665609710;-25.47998;-92.259766;-38.63965
1521665609724;-25.619629;-95.33984;-37.30957
1521665609734;-28.769531;-99.259766;-37.86914
1521665609747;-49.90918;-108.5;-43.3291
1521665609767;-61.109375;-116.61914;-47.94922
1521665609782;-60.689453;-115.708984;-46.479492
1521665609793;-63.629883;-115.42969;-49.41992
1521665609813;-55.229492;-111.36914;-56.90918
1521665609831;-48.01953;-122.91992;-52.569336
1521665609847;-49.489258;-110.458984;-62.859375
1521665609865;-59.569336;-105.06836;-62.089844
1521665609886;-24.919922;-104.1582;-70.13867
1521665609905;-38.0791;-104.509766;-66.078125
1521665609934;-21.489746;-97.01953;-70.83984
1521665609941;-13.649902;-95.478516;-68.5293
1521665609949;-12.459961;-96.38867;-69.29883
1521665609964;-18.899902;-106.53906;-63.069336
1521665609969;-0.55999756;-96.59961;-69.228516
1521665609982;-0.769989;-90.29883;-65.86914
1521665609989;2.0299687;-80.63867;-65.09961
1521665610000;4.5499287;-74.96875;-68.94922
1521665610016;0.20999908;-83.228516;-59.289062
1521665610036;4.9699726;-87.42969;-60.129883
1521665610062;0.769989;-93.30859;-62.439453
1521665610073;-0.9099884;-93.37891;-60.479492
1521665610097;-10.639893;-74.33984;-61.179688
1521665610106;-28.769531;-103.109375;-50.679688
1521665610132;-25.409668;-107.30859;-50.75
1521665610147;-20.439941;-90.64844;-51.65918
1521665610164;-22.32959;-81.478516;-47.59961
1521665610185;-19.109863;-97.78906;-57.11914
1521665610205;-1.6099854;-102.12891;-55.789062
1521665610225;-5.039917;-92.11914;-54.59961
1521665610244;-11.269775;-86.728516;-46.899414
1521665610265;-22.399902;-96.458984;-53.339844
1521665610280;-24.009766;-101.5;-47.039062
1521665610290;-12.669922;-97.08984;-48.649414
1521665610301;-13.929932;-96.87891;-49.69922
1521665610313;-20.57959;-100.37891;-45.84961
1521665610355;-21.699707;-94.009766;-47.039062
1521665610365;-26.319824;-92.67969;-47.94922
1521665610387;-29.889648;-95.26953;-47.739258
1521665610394;-14.629883;-87.84961;-42.34961
1521665610418;-5.949951;-82.03906;-38.70996
1521665610433;8.8899;-77.208984;-42.34961
1521665610445;7.4899936;-83.64844;-38.359375
1521665610465;1.0499879;-87.078125;-35.55957
1521665610485;-0.069999695;-84.13867;-35.90918
1521665610505;8.049812;-77.83984;-33.59961
1521665610526;-0.34999847;-80.7793;-35.0
1521665610546;-8.679932;-85.04883;-34.299805
1521665610566;-6.0198975;-85.67969;-37.379883
1521665610580;1.5399781;-83.43945;-36.469727
1521665610618;5.0399194;-80.63867;-34.01953
1521665610646;-2.3099976;-77.06836;-31.429688
1521665610655;9.099862;-70.48828;-34.36914
1521665610662;-1.2599792;-65.79883;-34.649414
1521665610673;-0.9799957;-61.319336;-32.19922
1521665610680;2.729981;-57.88965;-30.589844
1521665610694;10.429941;-52.219727;-31.28955
1521665610709;7.4899936;-47.879883;-28.699707
1521665610777;-14.0;-10.149902;-7.5599365
1521665610785;-9.309814;5.2500024;-0.9799957
1521665610805;-4.7598877;24.56987;5.179934
1521665610829;-1.8899841;38.710106;12.879894
1521665610845;4.409914;48.92987;18.7598
1521665610865;9.93995;59.849834;25.269579
1521665610878;13.089856;65.93995;27.439993
1521665610931;33.389774;94.50072;38.710106
1521665611046;48.649597;155.11955;72.79938
1521665611065;44.449387;159.18211;70.20952
1521665611086;44.93962;167.44005;72.23883
1521665611105;46.059746;169.95961;74.40877
1521665611125;44.38005;168.06897;73.70954
1521665611145;38.500145;169.04945;69.22904
1521665611165;40.73941;171.50261;69.648964
1521665611185;45.569508;171.22136;70.06889
1521665611205;38.500145;168.2096;66.289566
1521665611223;33.670048;165.97127;63.840084
1521665611228;35.139782;167.36974;61.460194
1521665611247;33.460087;162.47122;59.710186
1521665611296;37.170063;158.40866;59.14964
1521665611326;38.079247;146.79129;46.68963
1521665611341;30.099667;143.6389;45.98943
1521665611350;22.469769;139.15837;47.80975
1521665611367;29.960016;133.42;44.659348
1521665611535;-8.049805;107.17074;26.879932
1521665611546;-7.209961;100.44998;24.710007
1521665611566;-7.629883;97.510506;21.909708
1521665611586;-12.389893;81.19984;23.939985
1521665611605;1.2599794;61.94945;18.689976
1521665611626;-17.779785;48.229675;10.0798435
1521665611645;-21.0;31.989805;2.1699834
1521665611666;-4.129883;3.4299934;-0.41999817
1521665611687;-5.669922;-12.5998535;-6.5098877
1521665611707;-6.8599854;-21.069824;-14.839844
1521665611727;2.0299687;-38.009766;-16.239746
1521665611741;4.3399677;-47.25;-18.199707
1521665611751;6.159915;-53.689453;-19.529785
1521665611762;4.0599384;-57.609375;-21.20996
1521665611769;-0.69999695;-60.689453;-22.119629
1521665611784;-2.3099976;-60.19922;-24.779785
1521665611792;-5.529907;-63.13965;-24.779785
1521665611803;-10.219971;-69.29883;-24.989746
1521665611809;-8.259766;-69.29883;-27.439941
1521665611823;-6.159912;-72.09961;-27.929688
1521665611833;-10.779785;-78.609375;-26.529785
1521665611842;-19.739746;-81.05859;-29.469727
1521665611849;-31.359863;-83.1582;-27.089844
1521665611863;-34.859375;-83.1582;-27.22998
1521665611873;-34.509766;-80.63867;-31.919922
1521665611887;-42.41992;-89.73828;-28.909668
1521665611894;-45.289062;-93.09961;-29.259766
1521665611907;-59.91992;-108.56836;-30.169922
1521665611924;-61.039062;-105.48828;-40.109375
1521665611929;-63.55957;-105.2793;-37.65918
1521665611947;-50.259766;-92.75;-47.80957
1521665611967;-56.76953;-109.26953;-39.8291
1521665611981;-49.90918;-112.06836;-46.8291
1521665611992;-39.8291;-116.33984;-49.0
1521665612002;-32.339844;-118.859375;-49.90918
1521665612008;-28.419922;-111.01953;-56.069336
1521665612023;-38.149414;-116.33984;-51.86914
1521665612033;-29.889648;-104.578125;-59.569336
1521665612044;-36.259766;-103.03906;-57.95996
1521665612048;-38.219727;-116.96875;-48.36914
1521665612067;-11.339844;-121.86914;-56.41992
1521665612096;-8.049805;-122.009766;-57.88965
1521665612102;-11.689941;-120.81836;-61.179688
1521665612108;-23.09961;-126.69922;-56.0
1521665612126;-22.119629;-118.71875;-61.25
1521665612129;-36.88965;-126.13867;-52.569336
1521665612147;4.9699726;-111.36914;-59.0791
1521665612167;-0.34999847;-120.39844;-52.91992
1521665612181;-15.609863;-132.01953;-53.899414
1521665612190;-22.259766;-141.32812;-54.179688
1521665612220;-20.299805;-136.5664;-57.189453
1521665612235;-15.259766;-120.958984;-49.069336
1521665612243;-3.1499634;-109.05859;-52.70996
1521665612254;-26.109863;-114.16992;-42.839844
1521665612259;-34.789062;-129.77734;-49.279297
1521665612273;-38.359375;-141.1875;-47.179688
1521665612355;-28.55957;-113.81836;-50.189453
1521665612363;-5.3898926;-97.43945;-38.5
1521665612396;-17.5;-124.66992;-52.70996
1521665612401;13.929944;-100.09961;-45.63965
1521665612414;9.099862;-95.828125;-39.549805
1521665612432;-12.529785;-109.759766;-51.65918
1521665612447;-5.529907;-122.42969;-49.90918
1521665612467;-14.209961;-120.04883;-47.59961
1521665612487;6.2999296;-100.51953;-42.069336
1521665612500;-4.8999023;-102.828125;-41.299805
1521665612508;-10.639893;-103.66992;-49.629883
1521665612521;-13.929932;-104.92969;-46.26953
1521665612530;-8.819824;-106.75;-43.259766
1521665612544;-9.449951;-109.4082;-43.189453
1521665612552;-14.3498535;-111.92969;-43.88965
1521665612566;-6.4399414;-106.75;-45.149414
1521665612572;2.8699956;-98.978516;-44.939453
1521665612589;-2.3099976;-92.75;-40.039062
1521665612696;-9.589844;-90.29883;-41.36914
1521665612706;-4.129883;-88.828125;-39.969727
1521665612717;11.129893;-69.36914;-35.55957
1521665612719;8.750008;-60.479492;-33.039062
1521665612736;6.2999296;-52.429688;-21.839844
1521665612746;5.4599633;-33.039062;-19.529785
1521665612748;3.8499763;-23.72998;-17.009766
1521665612766;-1.8199768;-20.439941;-12.809814
1521665612769;0.9799957;-15.539795;-11.269775
1521665612791;6.78992;-8.889893;-6.0198975
1521665612807;2.519959;4.619997;-0.48999786
1521665612823;-0.69999695;14.979994;2.309998
1521665612847;0.20999908;22.88969;5.4599633
1521665612854;5.179934;33.460087;12.669933
1521665612865;6.5098906;36.049942;13.439954
1521665612868;9.379891;40.599762;14.419935
1521665612924;13.719983;66.639175;21.699747
1521665612933;6.0199003;85.11979;30.869686
1521665612947;3.9199836;98.84059;38.21987
1521665612967;7.6999545;104.93048;43.329266
1521665612980;10.779795;107.37972;43.46989
1521665612988;14.979994;111.51061;42.90934
1521665613007;16.239777;122.0107;44.029465
1521665613027;16.379913;132.72076;48.229675
1521665613040;18.339878;134.4708;49.349796
1521665613051;21.489786;137.54897;50.609566
1521665613063;21.55961;142.17014;51.869335
1521665613071;21.98002;146.09207;52.219925
1521665613084;20.859901;149.72884;52.92012
1521665613090;22.960003;150.50229;53.479694
1521665613104;25.829638;151.83043;53.759968
1521665613110;23.169966;151.27184;54.179893
1521665613125;19.87992;151.27184;54.599815
1521665613134;16.799835;150.92026;54.949425
1521665613144;18.339878;154.9086;55.090054
1521665613151;22.88969;160.58057;57.32932
1521665613164;36.889786;165.20174;57.39963
1521665613171;41.019688;165.83064;57.609592
1521665613184;37.65932;162.54153;56.349823
1521665613190;36.889786;159.38914;52.359573
1521665613204;41.159336;158.47897;50.049995
1521665613210;40.109528;158.47897;51.309765
1521665613225;38.849754;161.42043;52.219925
1521665613233;37.65932;166.81113;51.659374
1521665613244;35.699352;169.75258;52.989456
1521665613250;39.759914;169.54164;53.340046
1521665613263;35.48939;162.04935;53.130085
1521665613270;33.809696;154.9086;51.170116
1521665613326;40.17984;157.22115;51.519726
1521665613330;30.799862;157.08052;49.210148
1521665613343;33.949345;152.81091;50.539253
1521665613349;35.210094;150.29135;46.68963
1521665613387;44.659348;144.54907;44.38005
1521665613388;51.519726;142.45139;43.119305
1521665613402;52.149612;143.99046;38.289207
1521665613408;49.84003;141.4709;38.920067
1521665613425;49.84003;140.27948;35.349743
1521665613434;47.03924;135.24034;33.250126
1521665613557;48.369324;134.88876;32.059692
1521665613564;-14.699951;87.28973;33.179813
1521665613568;-11.549805;81.34046;33.949345
1521665613587;-11.129883;71.26031;32.549927
1521665613607;-25.269531;56.349823;27.439993
1521665613621;-33.45996;46.89959;26.529835
1521665613628;-32.40918;35.699352;23.029829
1521665613647;-30.379883;14.629896;14.699965
1521665613660;-28.97998;9.93995;7.979984
1521665613668;-28.97998;5.2500024;3.9199836
1521665613687;-10.709961;-1.6099854;-0.6299896
1521665613707;-9.309814;-26.109863;-6.9299316
1521665613721;-11.829834;-30.659668;-8.399902
1521665613730;-10.359863;-30.589844;-12.109863
1521665613745;-9.869873;-33.039062;-13.719971
1521665613750;-9.309814;-37.30957;-15.469971
1521665613763;-8.539795;-44.029297;-15.399902
1521665613769;-4.339966;-49.489258;-16.589844
1521665613783;-4.0599365;-52.0791;-18.619629
1521665613789;-4.7598877;-53.129883;-19.25
1521665613803;-7.839966;-54.319336;-21.20996
1521665613809;-12.039795;-56.489258;-21.699707
1521665613823;-14.909912;-56.979492;-24.149902
1521665613830;-24.989746;-66.7793;-23.239746
1521665613843;-30.589844;-71.67969;-24.639648
1521665613849;-34.15918;-74.4082;-24.569824
1521665613862;-37.239258;-76.509766;-24.639648
1521665613869;-41.229492;-78.958984;-24.779785
1521665613893;-49.979492;-85.609375;-27.369629
1521665613914;-51.589844;-84.76953;-32.549805
1521665613919;-60.40918;-89.73828;-35.489258
1521665613934;-79.86914;-100.6582;-40.45996
1521665613946;-87.91992;-102.61914;-38.289062
1521665613952;-80.21875;-103.38867;-38.779297
1521665613965;-64.609375;-99.328125;-47.109375
1521665613971;-56.13965;-102.89844;-46.339844
1521665613986;-53.479492;-105.69922;-46.129883
1521665613994;-52.989258;-102.4082;-53.969727
1521665614014;-68.17969;-109.33984;-53.479492
1521665614034;-65.30859;-112.69922;-51.44922
1521665614065;-44.939453;-102.54883;-64.18945
1521665614095;-33.38965;-110.59961;-59.219727
1521665614104;-34.299805;-113.75;-59.0791
1521665614115;-28.769531;-109.89844;-65.0293
1521665614121;-23.659668;-115.28906;-60.479492
1521665614137;-7.909912;-121.86914;-69.29883
1521665614143;-33.25;-126.34961;-67.54883
1521665614149;-27.57959;-117.59961;-65.728516
1521665614162;-18.47998;-109.478516;-64.609375
1521665614169;-14.0;-114.79883;-59.569336
1521665614182;-13.019775;-122.359375;-64.18945
1521665614190;-13.019775;-125.36914;-66.91992
1521665614203;-21.55957;-131.3164;-64.53906
1521665614210;-26.80957;-135.9375;-63.55957
1521665614224;-32.689453;-136.07812;-63.839844
1521665614230;-22.889648;-121.58984;-62.509766
1521665614243;-9.939941;-104.36914;-56.34961
1521665614249;-15.399902;-102.26953;-50.3291
1521665614263;-22.189941;-110.458984;-55.36914
1521665614270;-23.239746;-120.259766;-60.689453
1521665614286;-24.009766;-131.8789;-56.41992
1521665614293;-19.80957;-135.9375;-53.969727
1521665614306;-7.3499756;-129.77734;-54.38965
1521665614311;3.0799568;-116.828125;-52.779297
1521665614335;-6.4399414;-99.67969;-41.859375
1521665614345;-5.3898926;-95.89844;-48.439453
1521665614353;1.399994;-98.62891;-51.16992
1521665614366;5.3199487;-106.53906;-51.16992
1521665614371;-2.3799438;-115.009766;-50.399414
1521665614397;-9.519775;-112.69922;-43.539062
1521665614417;2.3799443;-90.08984;-30.72998
1521665614445;-5.3898926;-88.89844;-32.339844
1521665614455;2.2399907;-96.31836;-37.799805
1521665614465;-4.9699707;-98.13867;-35.90918
1521665614474;-13.22998;-101.078125;-35.13965
1521665614484;-12.669922;-101.84961;-35.55957
1521665614491;0.69999695;-97.01953;-38.009766
1521665614504;4.0599384;-93.09961;-36.819336
1521665614510;-2.4499512;-87.84961;-35.839844
1521665614525;-11.409912;-84.76953;-35.839844
1521665614530;-17.989746;-87.21875;-34.929688
1521665614545;-6.089966;-87.708984;-34.649414
1521665614550;3.569947;-85.81836;-33.80957
1521665614563;5.0399194;-85.81836;-29.32959
1521665614570;7.6999545;-83.578125;-28.769531
1521665614588;4.199953;-79.79883;-31.84961
1521665614606;-2.7299805;-78.67969;-33.66992
1521665614609;-4.409912;-75.25;-33.66992
1521665614626;3.6399543;-70.41992;-30.029785
1521665614635;10.429941;-66.14844;-28.0
1521665614647;7.2799106;-62.15918;-24.28955
1521665614650;6.9299345;-55.15918;-25.549805
1521665614663;7.769901;-47.039062;-27.019531
1521665614670;5.3199487;-43.259766;-25.269531
1521665614684;6.5098906;-40.59961;-22.609863
1521665614720;3.5000007;-40.879883;-21.489746
1521665614744;-2.9399414;-10.8498535;-13.509766
1521665614749;-0.69999695;-3.1499634;-10.289795
1521665614762;-1.6099854;0.69999695;-5.8099365
1521665614769;-2.169983;2.729981;-3.0099487
1521665614782;-0.9099884;8.119881;-2.3799438
1521665614821;-7.209961;21.909708;1.399994
1521665614836;-5.25;33.88001;6.159915
1521665614846;-2.3099976;43.67985;11.129893
1521665614850;1.1199952;53.550007;12.459972
1521665614867;-0.6299896;58.6594;15.25978
1521665614870;-5.1099854;63.4895;17.289583
1521665614884;-4.829956;70.84038;17.989779
1521665614934;10.149912;92.61008;30.239803
1521665614942;14.069838;100.44998;32.19934
1521665614949;15.889907;107.65902;33.88001
1521665614962;15.189956;115.9208;35.839977
1521665614969;15.819839;119.48919;37.2394
1521665614981;15.750014;122.0107;40.109528
1521665614989;15.539809;125.15916;42.55973
1521665615004;17.569857;130.40823;45.2199
1521665615009;15.609878;135.79893;48.369324
1521665615024;10.849863;141.18965;50.88984
1521665615030;9.239999;145.45924;53.059772
1521665615042;8.119881;149.5218;56.979706
1521665615049;10.149912;152.04138;60.759995
1521665615062;17.009798;155.54143;64.11963
1521665615072;20.089882;157.36177;65.59034
1521665615085;19.389685;156.93988;64.53955
1521665615092;20.299843;156.24066;64.04932
1521665615105;24.849655;161.20949;64.32861
1521665615113;22.469769;164.99078;67.340355
1521665615135;18.409702;166.6705;69.02006
1521665615146;19.459997;165.20174;70.770065
1521665615152;26.669971;161.77199;71.32867
1521665615165;27.789602;158.54929;70.420456
1521665615173;32.19934;158.47897;68.879425
1521665615186;36.18959;160.02197;68.18021
1521665615193;38.21987;159.7407;67.27004
1521665615205;37.029438;159.7407;64.53955
1521665615213;34.36927;159.25243;62.7893
1521665615234;45.569508;161.49074;62.929924
1521665615246;47.46014;161.35011;63.069576
1521665615252;46.13006;158.83054;63.630123
1521665615265;46.409355;160.7915;60.61937
1521665615272;37.170063;155.4008;60.82933
1521665615286;35.979626;151.97105;59.00999
1521665615293;33.809696;151.90074;55.509975
1521665615356;28.210014;153.02187;58.23948
1521665615360;37.30971;153.29921;58.23948
1521665615586;-15.609863;45.2199;14.069838
1521665615592;-14.419922;37.65932;10.639902
1521665615605;-8.819824;29.539606;5.879885
1521665615613;-5.1799316;19.31986;2.4499516
1521665615625;0.83999634;8.189949;-1.4699707
1521665615630;4.6899433;-0.27999878;-7.209961
1521665615644;-3.5;-15.959961;-10.569824
1521665615650;-8.189941;-22.189941;-16.239746
1521665615664;-14.419922;-29.53955;-18.759766
1521665615669;-12.669922;-33.45996;-21.97998
1521665615683;-9.939941;-37.939453;-25.339844
1521665615690;-11.619873;-47.879883;-24.779785
1521665615703;-8.679932;-55.789062;-27.649902
1521665615709;-6.2299805;-61.59961;-29.679688
1521665615724;-7.3499756;-65.44922;-29.259766
1521665615730;-10.8498535;-67.19922;-32.40918
1521665615745;-18.199707;-70.76953;-34.5791
1521665615751;-7.629883;-65.93945;-40.739258
1521665615764;-6.5098877;-71.04883;-40.45996
1521665615771;-10.8498535;-83.01953;-35.13965
1521665615784;-8.679932;-82.66992;-42.489258
1521665615791;-17.07959;-90.36914;-38.429688
1521665615813;-26.59961;-97.92969;-42.069336
1521665615837;-35.69922;-103.31836;-38.0791
1521665615847;-29.399902;-97.64844;-46.479492
1521665615854;-33.45996;-104.36914;-45.0791
1521665615866;-35.90918;-108.21875;-47.039062
1521665615874;-42.34961;-109.478516;-50.88965
1521665615886;-66.14844;-123.54883;-40.179688
1521665615894;-66.28906;-123.828125;-45.989258
1521665615907;-55.789062;-117.458984;-52.779297
1521665615921;-52.63965;-120.11914;-44.589844
1521665615949;-46.339844;-118.29883;-50.679688
1521665615960;-44.729492;-118.1582;-55.929688
1521665615977;-37.589844;-120.958984;-61.38965
1521665615982;-39.549805;-121.728516;-66.63867
1521665615988;-56.069336;-135.09766;-58.30957
1521665616014;-7.909912;-118.71875;-69.71875
1521665616030;-15.469971;-126.9082;-67.61914
1521665616039;-28.069824;-136.07812;-60.8291
1521665616056;-19.179688;-134.53906;-63.489258
1521665616086;0.069999695;-125.64844;-67.54883
1521665616098;-0.55999756;-124.109375;-65.37891
1521665616177;-16.239746;-120.04883;-62.719727
1521665616186;-24.569824;-116.89844;-55.089844
1521665616191;-42.0;-127.259766;-51.30957
1521665616204;-29.95996;-123.33984;-52.5
1521665616211;-23.939941;-113.958984;-49.41992
1521665616225;-27.929688;-110.66992;-41.36914
1521665616231;-19.25;-102.4082;-42.20996
1521665616245;-17.989746;-97.29883;-42.76953
1521665616251;-17.639648;-100.58984;-40.66992
1521665616264;-15.75;-106.11914;-42.489258
1521665616274;-20.57959;-112.62891;-43.609375
1521665616286;-23.449707;-116.89844;-42.489258
1521665616294;-18.129883;-112.9082;-42.629883
1521665616314;-17.639648;-108.98828;-41.649414
1521665616319;-10.149902;-101.98828;-34.859375
1521665616328;-5.8099365;-88.96875;-34.229492
1521665616340;-8.469971;-86.6582;-35.90918
1521665616354;-11.759766;-99.259766;-39.549805
1521665616367;-17.07959;-108.91992;-37.589844
1521665616373;-16.72998;-114.23828;-37.029297
1521665616393;-1.2599792;-111.578125;-36.819336
1521665616407;7.0699496;-104.228516;-36.399414
1521665616414;12.949963;-96.03906;-35.069336
1521665616433;8.39991;-91.06836;-35.0
1521665616457;2.099976;-92.53906;-38.91992
1521665616464;-0.9099884;-96.59961;-37.029297
1521665616470;1.399994;-99.18945;-35.069336
1521665616484;6.0899687;-100.728516;-34.5791
1521665616497;8.750008;-99.53906;-34.649414
1521665616502;15.25978;-94.14844;-36.049805
1521665616547;8.959969;-80.63867;-27.57959
1521665616552;11.759776;-82.38867;-28.489746
1521665616566;8.609871;-82.87891;-29.469727
1521665616576;8.469978;-79.728516;-31.639648
1521665616585;8.959969;-73.42969;-31.009766
1521665616592;8.8899;-67.26953;-28.139648
1521665616622;7.349979;-58.239258;-21.139648
1521665616637;6.369998;-52.0791;-18.82959
1521665616645;4.7598896;-50.189453;-18.129883
1521665616651;5.179934;-45.779297;-17.569824
1521665616664;5.1099877;-39.689453;-15.679932
1521665616671;4.5499287;-34.789062;-12.319824
1521665616684;4.3399677;-28.909668;-10.079834
1521665616691;0.9799957;-22.32959;-9.659912
1521665616705;-1.3299866;-16.239746;-10.079834
1521665616845;1.9599916;-8.259766;-7.909912
1521665616852;7.2799106;-2.7299805;-4.5499268
1521665616867;5.4599633;47.179867;12.250011
1521665616871;1.1199952;73.56892;20.43998
1521665616884;7.349979;79.658806;24.219772
1521665616890;10.919931;82.45961;26.599659
1521665616904;10.21998;87.70965;28.419975
1521665616910;8.049812;96.039795;30.309628
1521665616927;3.989991;103.18047;32.96985
1521665616931;3.8499763;107.94027;35.06947
1521665616945;7.139896;112.62976;35.909313
1521665616951;9.93995;116.2001;38.14956
1521665616964;11.339854;119.77044;41.22965
1521665616971;12.389904;123.05953;42.420082
1521665616987;12.459972;126.209946;44.029465
1521665616994;13.859876;131.11137;46.13006
1521665617007;13.859876;134.25986;49.000187
1521665617014;13.859876;137.68959;51.59004
1521665617037;15.469985;145.25221;54.250206
1521665617054;24.500046;153.86171;52.5002
1521665617073;32.479614;155.54143;50.049995
1521665617087;31.079649;155.11955;52.779495
1521665617094;26.949757;153.86171;54.949425
1521665617107;26.949757;155.18987;57.259983
1521665617114;24.639694;158.40866;60.199448
1521665617128;27.439993;158.20163;61.52953
1521665617139;29.399958;159.88133;60.61937
1521665617154;20.509804;159.7407;59.3596
1521665617167;20.859901;161.97902;57.819553
1521665617174;24.500046;163.72905;58.519753
1521665617196;27.230032;161.13918;61.73949
1521665617208;24.849655;158.27194;60.82933
1521665617219;25.89995;156.52191;60.340073
1521665617236;29.119684;158.061;57.53928
1521665617247;34.089973;158.68991;56.27951
1521665617254;32.759888;158.76022;56.48947
1521665617267;35.139782;157.85005;55.57931
1521665617279;26.669971;154.63126;56.420135
1521665617303;32.4093;147.13896;54.949425
1521665617367;37.170063;146.02176;46.54998
1521665617372;50.189644;135.65831;43.39958
1521665617385;58.6594;136.22083;45.569508
1521665617540;69.36967;145.25221;41.09
1521665617593;53.40938;134.81845;37.65932
1521665617607;-20.78955;103.45977;47.109554
1521665617614;5.5299096;74.76033;33.179813
1521665617632;-0.9099884;54.670128;29.81988
1521665617646;3.9199836;44.30974;24.77983
1521665617652;5.879885;35.349743;19.739782
1521665617665;5.7399926;26.739796;18.059605
1521665617672;14.349867;26.80962;10.359873
1521665617685;7.55994;20.089882;10.149912
1521665617692;0.069999695;8.539803;9.099862
1521665617706;-1.6799927;-1.6799927;4.409914
1521665617711;0.9799957;-8.119873;2.0299687
1521665617727;5.389895;-11.129883;-0.55999756
1521665617731;3.5000007;-16.239746;-2.0999756
1521665617745;2.0299687;-18.05957;-6.7199707
1521665617751;2.4499516;-18.129883;-10.079834
1521665617765;1.399994;-19.529785;-11.339844
1521665617774;-1.9599915;-23.869629;-11.689941
1521665617786;-3.079956;-26.389648;-12.459961
1521665617793;-3.9899902;-32.8291;-10.009766
1521665617807;0.069999695;-35.69922;-13.019775
1521665617813;1.8199769;-38.63965;-15.119873
1521665617833;-4.8999023;-43.3291;-19.179688
1521665617846;-10.919922;-46.8291;-21.34961
1521665617853;-15.679932;-50.399414;-22.189941
1521665617866;-15.75;-49.489258;-25.549805
1521665617873;-21.0;-56.839844;-22.469727
1521665617886;-26.879883;-61.66992;-23.659668
1521665617893;-29.609863;-63.55957;-26.59961
1521665617906;-42.629883;-72.79883;-23.939941
1521665617913;-42.34961;-77.13867;-28.34961
1521665617935;-42.76953;-88.33984;-31.149902
1521665617953;-41.15918;-85.46875;-41.649414
1521665617966;-42.629883;-88.89844;-40.319336
1521665617974;-38.009766;-88.89844;-47.179688
1521665617987;-39.479492;-92.328125;-48.01953
1521665617993;-50.3291;-105.83984;-41.649414
1521665618015;-35.0;-109.68945;-51.51953
1521665618037;-19.179688;-100.86914;-62.859375
1521665618056;-21.629883;-108.14844;-56.34961
1521665618059;-28.909668;-114.09961;-53.479492
1521665618068;-30.449707;-109.61914;-62.859375
1521665618079;-47.66992;-116.828125;-54.739258
1521665618095;-38.429688;-112.978516;-65.79883
1521665618115;-33.80957;-119.69922;-55.089844
1521665618134;-28.489746;-122.5;-60.339844
1521665618146;-30.029785;-120.67969;-66.42969
1521665618154;-45.569336;-123.96875;-66.7793
1521665618166;-64.39844;-136.70703;-58.16992
1521665618173;-51.379883;-133.20703;-65.728516
1521665618187;-43.469727;-133.97656;-67.61914
1521665618194;-27.159668;-131.3164;-61.109375
1521665618207;-8.049805;-123.12891;-67.61914
1521665618213;-7.1398926;-124.17969;-67.759766
1521665618237;-23.239746;-125.92969;-70.48828
1521665618257;-29.32959;-139.08984;-70.83984
1521665618275;-14.48999;-135.16797;-62.789062
1521665618294;3.149964;-123.19922;-66.91992
1521665618299;3.569947;-116.89844;-66.42969
1521665618316;-14.419922;-131.8086;-61.80957
1521665618336;-31.919922;-143.35938;-62.15918
1521665618343;-30.799805;-149.16797;-58.239258
1521665618350;1.189972;-129.14844;-62.509766
1521665618361;9.309823;-115.28906;-53.689453
1521665618375;-7.839966;-119.69922;-58.65918
1521665618396;-11.47998;-124.17969;-51.16992
1521665618416;-42.20996;-139.92969;-47.94922
1521665618443;-25.689941;-132.64844;-47.25
1521665618451;-1.9599915;-114.16992;-48.089844
1521665618515;-7.629883;-106.11914;-37.44922
1521665618524;-27.089844;-110.458984;-38.569336
1521665618535;-20.22998;-115.21875;-37.029297
1521665618545;-7.699951;-93.44922;-29.049805
1521665618553;-9.869873;-92.53906;-38.009766
1521665618566;0.69999695;-96.458984;-37.86914
1521665618573;4.8999043;-101.14844;-38.009766
1521665618586;-0.13999939;-105.69922;-36.819336
1521665618593;3.569947;-102.61914;-35.489258
1521665618607;9.729989;-100.37891;-35.34961
1521665618613;13.019788;-100.23828;-34.439453
1521665618629;12.879894;-100.6582;-35.279297
1521665618677;3.0799568;-96.73828;-41.089844
1521665618696;-4.829956;-88.61914;-38.91992
1521665618707;-4.4799805;-86.16992;-40.179688
1521665618716;-2.7299805;-82.5293;-40.179688
1521665618764;-4.6899414;-60.689453;-30.029785
1521665618774;-3.4299927;-57.11914;-31.569824
1521665618787;-4.619995;-53.969727;-32.479492
1521665618794;-4.339966;-51.65918;-32.549805
1521665618806;-2.7299805;-48.36914;-28.97998
1521665618813;-0.27999878;-43.819336;-27.299805
1521665618827;0.6299896;-36.75;-26.80957
1521665618833;-6.789917;-29.32959;-21.20996
1521665618863;-14.559814;-16.239746;-18.47998
1521665618871;-15.119873;-12.389893;-15.889893
1521665618987;-3.9899902;60.13011;20.43998
1521665618993;-6.4399414;67.47903;23.309614
1521665619007;-6.4399414;74.54939;24.710007
1521665619013;-3.8499756;81.76038;27.579641
1521665619027;3.0799568;87.21941;31.359922
1521665619033;11.759776;91.139366;36.9601
1521665619046;12.529797;94.85033;38.429832
1521665619055;10.009775;100.658966;38.21987
1521665619067;7.6999545;108.14926;41.22965
1521665619074;8.39991;115.9208;43.889812
1521665619095;15.329848;129.22072;48.229675
1521665619116;10.289804;134.4708;58.09983
1521665619131;14.490004;134.88876;57.32932
1521665619139;18.409702;134.11923;56.909393
1521665619156;18.269566;146.79129;59.920147
1521665619176;13.859876;158.76022;66.85011
1521665619196;18.7598;159.04149;70.139206
1521665619216;19.739782;158.061;71.68023
1521665619233;23.730024;160.65088;73.70954
1521665619239;26.179737;164.15094;74.82869
1521665619256;21.00004;168.13928;76.859955
1521665619276;24.710007;169.11977;78.60997
1521665619296;35.349743;165.06111;79.86974
1521665619316;31.149961;168.06897;78.68028
1521665619332;33.949345;171.50261;77.90879
1521665619339;35.210094;172.20184;77.06895
1521665619351;39.199368;170.9401;77.62949
1521665619359;51.729687;169.3307;74.54939
1521665619377;54.88009;164.77985;69.930214
1521665619390;48.50995;161.70168;67.689964
1521665619398;50.11933;160.43994;66.5005
1521665619410;57.819553;164.36188;65.6587
1521665619424;53.899616;164.85016;64.81885
1521665619438;50.469917;164.43219;62.64965
1521665619454;39.199368;160.86182;60.969955
1521665619505;35.839977;146.09207;51.869335
1521665619512;33.250126;142.59201;52.779495
1521665619519;46.269707;141.11934;49.699406
1521665619528;54.599815;136.0802;46.479668
1521665619554;60.47972;135.93956;43.67985
1521665619731;48.789246;129.63869;39.899563
1521665619757;16.86966;118.71965;39.82925
1521665619767;-9.029785;24.079636;11.689952
1521665619773;-2.6599731;17.500032;4.4799824
1521665619787;1.1199952;11.619884;1.4699708
1521665619794;0.6299896;7.2099643;-2.3799438
1521665619807;-2.3799438;3.2199714;-5.5999756
1521665619813;-5.1099854;0.13999939;-8.469971
1521665619827;0.34999847;-7.7698975;-9.72998
1521665619833;1.1199952;-16.799805;-10.639893
1521665619847;-2.5199585;-26.80957;-9.799805
1521665619853;-4.5499268;-30.799805;-11.829834
1521665619873;-12.669922;-32.339844;-14.97998
1521665619887;-12.389893;-32.40918;-18.05957
1521665619893;-11.619873;-36.819336;-19.529785
1521665619915;-8.679932;-49.979492;-20.299805
1521665619937;-14.3498535;-58.939453;-19.739746
1521665619955;-14.419922;-60.339844;-25.339844
1521665619977;-20.089844;-69.92969;-28.909668
1521665619997;-26.59961;-84.69922;-28.55957
1521665620016;-26.80957;-92.75;-29.95996
1521665620021;-28.0;-95.54883;-34.5791
1521665620064;-27.019531;-91.978516;-35.76953
1521665620117;-45.0791;-121.16992;-50.469727
1521665620121;-54.38965;-124.80859;-56.69922
1521665620134;-57.95996;-132.85938;-54.45996
1521665620154;-50.11914;-136.28906;-62.439453
1521665620175;-45.91992;-133.41797;-65.58984
1521665620194;-56.55957;-136.77734;-64.75
1521665620215;-60.8291;-139.4375;-68.03906
1521665620235;-30.30957;-135.16797;-74.4082
1521665620255;-32.759766;-147.27734;-70.9082
1521665620272;-31.429688;-142.72656;-76.1582
1521665620278;-44.239258;-147.20703;-72.728516
1521665620293;-48.229492;-142.23828;-73.21875
1521665620300;-50.189453;-136.84766;-72.6582
1521665620312;-54.179688;-142.44922;-64.88867
1521665620320;-32.19922;-139.78906;-68.87891
1521665620347;-15.259766;-134.04688;-66.91992
1521665620351;-23.239746;-138.8789;-66.708984
1521665620358;-35.489258;-146.57812;-68.80859
1521665620371;-39.969727;-153.50781;-69.36914
1521665620381;-35.979492;-155.39844;-72.23828
1521665620397;-2.9399414;-125.64844;-63.279297
1521665620410;8.189949;-115.28906;-60.19922
1521665620418;3.0799568;-115.21875;-58.589844
1521665620431;-2.9399414;-124.458984;-58.51953
1521665620443;-3.7799683;-131.45703;-60.8291
1521665620451;-4.829956;-134.53906;-61.25
1521665620459;-14.419922;-133.6289;-58.799805
1521665620471;-21.839844;-129.21875;-57.469727
1521665620478;-29.189941;-128.02734;-57.3291
1521665620491;-31.429688;-129.84766;-56.69922
1521665620498;-13.439941;-122.42969;-55.5791
1521665620510;-7.48999;-111.228516;-51.939453
1521665620520;-18.269531;-114.23828;-52.70996
1521665620537;-12.879883;-115.708984;-55.719727
1521665620538;-5.3199463;-116.478516;-52.5
1521665620561;6.0899687;-117.87891;-51.239258
1521665620587;5.389895;-120.04883;-54.45996
1521665620605;3.989991;-113.53906;-56.69922
1521665620677;5.389895;-99.259766;-48.859375
1521665620686;-10.779785;-91.69922;-42.979492
1521665620704;-10.289795;-90.78906;-42.34961
1521665620716;3.5000007;-84.83984;-38.5
1521665620735;4.199953;-80.078125;-35.90918
1521665620738;3.989991;-70.48828;-34.36914
1521665620766;10.289804;-63.90918;-33.45996
1521665620775;13.509778;-62.929688;-30.659668
1521665620794;11.619884;-52.289062;-26.03955
1521665620808;8.8899;-43.679688;-23.449707
1521665620835;-2.5899658;-30.799805;-17.359863
1521665620840;-2.3799438;-29.469727;-16.30957
1521665620905;-2.3099976;-26.25;-13.299805
1521665620917;-14.909912;-7.9799805;-7.3499756
1521665620921;-9.589844;11.619884;0.769989
1521665620935;-3.0099487;19.87992;4.409914
1521665620955;-4.5499268;36.609512;9.869882
1521665620975;-3.289978;48.50995;13.509778
1521665620995;1.4699708;54.460167;17.359896
1521665621015;8.959969;64.75049;18.409702
1521665621035;-1.539978;78.88927;23.309614
1521665621055;-11.969971;90.71944;30.730038
1521665621075;-12.459961;97.29957;37.44936
1521665621095;-12.459961;105.35041;41.929844
1521665621111;-9.659912;110.80943;43.8195
1521665621118;-4.6899414;118.090744;44.93962
1521665621134;-1.8899841;125.020485;46.68963
1521665621141;1.399994;130.68948;49.210148
1521665621151;-0.9799957;133.13875;52.28926
1521665621158;-0.769989;132.15826;53.269733
1521665621171;3.8499763;133.84187;54.179893
1521665621178;12.179943;137.06068;55.509975
1521665621191;23.659712;143.70921;56.000214
1521665621198;25.68999;146.51004;56.979706
1521665621211;20.369667;147.3499;58.800026
1521665621218;14.629896;147.00224;60.26976
1521665621234;14.069838;149.5218;61.809803
1521665621239;15.399917;151.90074;63.90942
1521665621251;14.979994;155.68205;66.85011
1521665621259;11.059825;156.79926;69.57865
1521665621272;14.490004;158.40866;70.62944
1521665621279;20.43998;160.58057;71.46929
1521665621293;23.799849;159.7407;72.10016
1521665621299;24.919968;159.45946;71.75054
1521665621312;22.960003;159.52977;72.65875
1521665621325;19.459997;159.7407;73.70954
1521665621334;20.299843;159.25243;73.70954
1521665621341;23.730024;159.81102;73.779854
1521665621351;28.69976;160.02197;75.10995
1521665621365;34.859505;159.04149;74.54939
1521665621372;39.47964;158.20163;73.92048
1521665621384;38.500145;155.4008;72.44977
1521665621394;40.73941;153.15858;67.89895
1521665621401;40.250153;153.36952;64.32861
1521665621412;48.299988;156.59222;61.94945
1521665621419;44.93962;157.99068;62.019768
1521665621445;33.670048;149.17024;62.22973
1521665621457;40.039215;140.3498;59.920147
1521665621477;43.25993;140.70135;55.789272
1521665621497;29.609919;141.33028;51.8
1521665621566;45.710133;122.85054;42.840004
1521665621577;62.579338;124.38962;37.44936
1521665621718;59.079327;127.329094;38.500145
1521665621767;31.429747;128.6582;35.139782
1521665621774;-5.879883;76.859955;23.169966
1521665621782;-8.75;66.21925;18.7598
1521665621796;-10.219971;37.939594;7.2099643
1521665621816;-1.4699707;13.719983;0.9099884
1521665621836;9.93995;2.1699834;-3.7799683
1521665621856;0.069999695;-13.579834;-12.25
1521665621875;-13.929932;-42.279297;-15.959961
1521665621896;-13.369873;-56.55957;-18.549805
1521665621915;-17.989746;-65.58984;-23.379883
1521665621937;-28.0;-78.39844;-23.449707
1521665621957;-21.909668;-89.17969;-24.84961
1521665621977;-18.199707;-97.01953;-32.899414
1521665621991;-22.119629;-97.228516;-35.41992
1521665622000;-25.619629;-97.509766;-39.479492
1521665622013;-34.649414;-100.51953;-41.789062
1521665622020;-51.86914;-116.89844;-32.8291
1521665622042;-44.86914;-119.41992;-36.819336
1521665622074;-40.039062;-121.79883;-40.66992
1521665622084;-41.36914;-126.208984;-35.69922
1521665622106;-49.20996;-122.98828;-49.069336
1521665622115;-62.01953;-135.58984;-51.44922
1521665622127;-61.529297;-140.76953;-55.5791
1521665622146;-66.98828;-143.70703;-53.61914
1521665622157;-66.14844;-153.36719;-58.65918
1521665622177;-15.539795;-134.60938;-67.68945
1521665622196;-21.699707;-127.328125;-67.05859
1521665622211;-45.91992;-128.86719;-65.728516
1521665622218;-51.86914;-136.28906;-62.229492
1521665622234;-40.879883;-139.71875;-61.59961
1521665622241;-16.09961;-130.0586;-63.76953
1521665622251;-9.169922;-128.23828;-58.589844
1521665622258;-11.969971;-128.9375;-56.279297
1521665622273;-10.98999;-121.37891;-60.969727
1521665622278;-25.129883;-121.93945;-57.88965
1521665622292;-31.70996;-123.478516;-57.539062
1521665622298;-38.779297;-124.59961;-62.929688
1521665622325;-50.609375;-130.82812;-56.489258
1521665622330;-30.09961;-122.98828;-57.399414
1521665622344;-12.179932;-120.46875;-49.20996
1521665622355;-3.3599854;-115.56836;-52.779297
1521665622359;-9.869873;-117.17969;-54.179688
1521665622381;-0.9099884;-115.28906;-59.91992
1521665622397;-15.819824;-115.14844;-55.789062
1521665622411;-26.45996;-121.79883;-52.70996
1521665622418;-27.159668;-126.34961;-50.189453
1521665622431;11.269786;-111.1582;-47.319336
1521665622438;12.809826;-101.63867;-41.929688
1521665622451;-2.7999878;-104.228516;-42.41992
1521665622458;-5.039917;-106.81836;-51.939453
1521665622471;-6.4399414;-112.978516;-52.91992
1521665622478;-4.0599365;-118.92969;-47.94922
1521665622491;-9.589844;-123.05859;-46.61914
1521665622498;-18.619629;-125.228516;-46.26953
1521665622514;-9.0998535;-118.43945;-46.479492
1521665622520;12.740002;-105.978516;-45.91992
1521665622534;21.00004;-99.46875;-41.789062
1521665622544;19.809607;-101.359375;-42.629883
1521665622554;6.579959;-110.25;-48.789062
1521665622560;8.8899;-115.5;-46.8291
1521665622573;16.379913;-118.859375;-44.30957
1521665622584;21.279825;-120.04883;-47.319336
1521665622596;17.569857;-119.978516;-47.66992
1521665622608;18.619663;-114.44922;-45.429688
1521665622632;20.230019;-106.88867;-44.16992
1521665622638;10.289804;-105.34961;-39.61914
1521665622726;-1.539978;-107.6582;-37.729492
1521665622735;2.1699834;-95.12891;-37.44922
1521665622744;6.78992;-81.19922;-32.40918
1521665622751;9.869882;-72.93945;-29.95996
1521665622759;12.599865;-61.94922;-29.469727
1521665622778;4.199953;-47.739258;-22.889648
1521665622800;2.8699956;-44.589844;-19.529785
1521665622817;-3.2199707;-33.80957;-16.799805
1521665622837;-8.959961;-17.5;-12.879883
1521665622850;-10.289795;-14.069824;-9.799805
1521665622935;-1.539978;18.199741;1.9599916
1521665622957;-0.55999756;25.619677;4.199953
1521665622961;9.869882;35.839977;10.50001
1521665622970;11.059825;41.29996;13.509778
1521665623026;3.149964;86.72917;30.589901
1521665623031;0.069999695;91.139366;32.619263
1521665623038;-3.5699463;96.87964;34.509895
1521665623057;-6.6499023;108.14926;38.56948
1521665623077;-0.83999634;117.95011;44.86931
1521665623097;6.5098906;122.92085;49.97968
1521665623117;5.6699243;134.61142;52.989456
1521665623131;4.4799824;140.90839;55.01974
1521665623141;7.0699496;144.34204;57.259983
1521665623153;10.779795;145.7405;59.21995
1521665623160;15.889907;146.2991;61.109608
1521665623173;19.1099;148.26007;62.85961
1521665623180;19.949743;149.93977;64.398926
1521665623193;17.009798;150.29135;64.95947
1521665623200;15.959975;150.70932;64.680176
1521665623213;20.579628;155.26018;66.43019
1521665623220;20.43998;163.86967;71.539604
1521665623234;20.509804;166.31894;73.779854
1521665623245;24.149948;166.81113;74.619705
1521665623253;26.739796;166.52988;77.69981
1521665623260;31.639708;164.29156;78.95958
1521665623273;33.389774;163.3814;78.19005
1521665623280;36.819473;163.52202;76.36972
1521665623295;36.119278;167.22911;74.899
1521665623301;29.81988;168.97913;75.039635
1521665623313;27.15972;171.22136;75.31893
1521665623320;25.269579;170.65884;75.039635
1521665623335;28.210014;170.86978;74.82869
1521665623344;26.879932;168.2799;76.36972
1521665623353;27.299856;166.11191;75.670494
1521665623360;29.119684;166.18222;73.21931
1521665623374;30.239803;168.2799;73.21931
1521665623380;30.799862;167.7213;73.70954
1521665623394;30.589901;168.42053;71.32867
1521665623400;16.169952;162.11966;72.17047
1521665623414;20.64994;159.04149;69.22904
1521665623420;19.599646;157.22115;65.93995
1521665623487;44.029465;155.68205;56.769745
1521665623488;44.93962;148.75226;56.000214
1521665623522;58.02952;141.68184;51.02949
1521665623536;61.31957;146.79129;40.94937
1521665623541;59.920147;146.93192;39.13003
1521665623571;60.199448;148.11945;37.380024
1521665623707;33.460087;124.87985;45.289234
1521665623710;-25.82959;120.819275;47.529476
1521665623724;14.839857;62.09008;18.549839
1521665623733;12.250011;43.329266;13.439954
1521665623738;8.959969;23.519575;7.9099154
1521665623752;5.9499536;7.2099643;2.519959
1521665623758;4.6899433;-2.3099976;-2.0999756
1521665623771;-0.6299896;-9.379883;-4.2698975
1521665623778;1.8899843;-11.829834;-6.789917
1521665623792;-3.5699463;-24.989746;-7.48999
1521665623798;-7.909912;-38.779297;-7.0699463
1521665623817;-19.45996;-64.259766;-13.159912
1521665623832;-25.82959;-72.93945;-14.97998
1521665623838;-26.949707;-76.43945;-18.759766
1521665623851;-24.429688;-76.859375;-24.359863
1521665623858;-21.419922;-77.41992;-29.469727
1521665623873;-21.279785;-83.29883;-31.429688
1521665623879;-17.70996;-87.14844;-36.189453
1521665623893;-13.439941;-89.94922;-42.69922
1521665623900;-14.97998;-104.1582;-39.05957
1521665623914;-9.799805;-105.69922;-45.989258
1521665623921;-14.209961;-110.03906;-45.84961
1521665623939;-23.09961;-116.96875;-39.8291
1521665623956;-30.939941;-114.79883;-48.789062
1521665623963;-34.719727;-117.03906;-47.25
1521665623975;-36.95996;-117.31836;-56.069336
1521665623982;-49.34961;-129.91797;-53.40918
1521665623995;-63.69922;-147.41797;-51.029297
1521665624006;-56.34961;-147.48828;-60.05957
1521665624026;-46.899414;-139.78906;-62.789062
1521665624065;-47.529297;-129.70703;-62.229492
1521665624069;-50.259766;-122.56836;-70.208984
1521665624086;-56.0;-138.38672;-71.04883
1521665624107;-39.05957;-147.27734;-70.06836
1521665624115;-18.549805;-119.76953;-77.2793
1521665624120;-26.389648;-121.23828;-83.01953
1521665624133;-27.78955;-137.47656;-77.2793
1521665624139;-3.5;-141.32812;-76.92969
1521665624152;23.379927;-131.17969;-83.71875
1521665624158;20.369667;-134.60938;-74.759766
1521665624171;18.7598;-130.6875;-71.88867
1521665624179;18.059605;-125.859375;-75.87891
1521665624193;9.239999;-128.3086;-69.36914
1521665624199;0.9799957;-133.20703;-68.5293
1521665624213;-13.089844;-137.0586;-69.78906
1521665624219;-31.84961;-145.3164;-64.39844
1521665624234;-26.739746;-140.5586;-61.66992
1521665624239;-0.55999756;-112.9082;-61.179688
1521665624253;-18.969727;-116.68945;-47.319336
1521665624261;-33.38965;-125.228516;-49.839844
1521665624275;-40.25;-129.84766;-54.66992
1521665624282;-46.05957;-133.6289;-48.649414
1521665624296;-49.629883;-135.02734;-49.839844
1521665624301;-61.529297;-137.6875;-53.689453
1521665624315;-59.359375;-133.6289;-50.189453
1521665624322;-35.489258;-113.88867;-49.76953
1521665624346;-59.84961;-102.05859;-30.379883
1521665624356;-49.76953;-104.29883;-45.5
1521665624363;-30.589844;-110.03906;-45.149414
1521665624375;-16.869629;-114.728516;-43.679688
1521665624381;-23.239746;-117.94922;-46.26953
1521665624396;-32.899414;-121.51953;-46.129883
1521665624401;-17.70996;-112.76953;-45.429688
1521665624415;-2.0299683;-101.078125;-44.239258
1521665624422;2.5899663;-95.478516;-35.55957
1521665624436;4.5499287;-96.87891;-35.0
1521665624446;6.159915;-101.21875;-42.76953
1521665624467;13.789807;-106.67969;-45.149414
1521665624475;2.309998;-105.48828;-45.5
1521665624481;-13.439941;-108.078125;-42.41992
1521665624503;-3.289978;-100.23828;-37.65918
1521665624515;-1.0499878;-96.87891;-35.629883
1521665624521;-11.969971;-96.38867;-35.069336
1521665624537;-16.799805;-92.53906;-39.05957
1521665624549;-22.399902;-89.109375;-43.609375
1521665624558;-23.379883;-90.859375;-45.359375
1521665624569;-25.05957;-94.98828;-41.089844
1521665624583;-28.769531;-98.41992;-38.91992
1521665624589;-16.379883;-93.0293;-37.379883
1521665624604;-12.389893;-89.03906;-33.59961
1521665624696;-15.119873;-86.09961;-32.8291
1521665624706;0.6299896;-63.34961;-36.539062
1521665624713;-2.2399902;-61.319336;-35.979492
1521665624741;-1.75;-59.0791;-34.229492
1521665624753;-2.5899658;-46.899414;-23.029785
1521665624758;-5.3898926;-39.05957;-23.30957
1521665624772;-12.319824;-32.759766;-22.609863
1521665624779;-12.529785;-26.669922;-22.049805
1521665624792;-6.4399414;-21.20996;-21.489746
1521665624799;0.069999695;-17.219727;-16.589844
1521665624812;3.6399543;-11.059814;-12.529785
1521665624827;-0.41999817;-6.6499023;-8.609863
1521665624957;17.709993;38.920067;13.299817
1521665624965;15.049819;77.42051;33.250126
1521665624973;12.389904;84.27994;36.259903
1521665624980;12.879894;89.879585;38.21987
1521665624994;15.889907;94.50072;39.47964
1521665624999;15.329848;99.819115;41.43961
1521665625013;11.409923;105.13947;43.46989
1521665625019;10.359873;112.489136;45.710133
1521665625034;8.469978;120.04974;50.049995
1521665625039;7.55994;122.079056;52.28926
1521665625053;9.44996;124.319305;54.03927
1521665625059;13.929944;128.86914;55.439663
1521665625072;15.889907;135.52159;57.32932
1521665625079;14.2797985;142.31076;60.199448
1521665625092;11.409923;146.8616;63.2102
1521665625099;11.269786;150.0101;64.88916
1521665625112;14.209974;152.1117;65.93995
1521665625119;17.359896;152.31873;67.12942
1521665625133;19.599646;152.45935;69.15873
1521665625139;21.210001;152.04138;69.648964
1521665625152;28.4898;158.47897;72.02985
1521665625159;36.609512;165.90096;72.94
1521665625173;37.65932;170.65884;73.85017
1521665625179;35.420055;173.0417;74.19978
1521665625192;32.899536;174.51047;74.47908
1521665625199;33.739384;177.45192;76.578705
1521665625216;33.670048;179.06133;78.04942
1521665625223;35.630016;177.3816;78.19005
1521665625246;35.06947;175.97923;80.359985
1521665625256;35.420055;179.5496;81.34046
1521665625264;29.539606;180.88165;83.29946
1521665625277;30.16998;180.18243;83.93032
1521665625282;27.509817;177.72926;84.069
1521665625296;19.87992;175.2097;84.840485
1521665625303;20.64994;177.79958;84.77017
1521665625316;23.099653;182.63168;84.908844
1521665625325;29.889704;185.56923;86.799484
1521665625347;38.710106;176.75269;83.64907
1521665625356;37.729633;169.68227;80.85022
1521665625363;43.960125;170.72916;77.62949
1521665625432;47.319515;176.11987;76.15878
1521665625447;39.339993;168.49084;69.648964
1521665625453;42.13981;156.79926;61.94945
1521665625460;38.77944;158.97116;58.6594
1521665625474;32.269653;159.81102;58.09983
1521665625491;27.719778;156.86957;57.889866
1521665625503;34.22962;146.02176;57.18967
1521665625513;33.670048;140.84198;57.53928
1521665625520;27.299856;135.09972;56.630096
1521665625535;26.0396;133.56062;52.779495
1521665625542;24.989792;133.34969;50.539253
1521665625697;3.2899787;88.89911;36.889786
1521665625701;13.859876;9.869882;-0.9799957
1521665625712;9.16993;-12.879883;-5.8099365
1521665625719;1.8899843;-26.03955;-9.799805
1521665625733;-7.48999;-37.51953;-12.319824
1521665625739;-8.399902;-41.649414;-16.449707
1521665625754;-6.2299805;-46.969727;-19.529785
1521665625759;-4.4799805;-53.479492;-21.909668
1521665625773;-5.1799316;-61.38965;-23.589844
1521665625779;-7.9799805;-67.828125;-25.619629
1521665625793;-10.98999;-73.078125;-27.509766
1521665625800;-10.639893;-77.62891;-29.679688
1521665625813;-7.0;-83.509766;-33.45996
1521665625820;-3.7799683;-86.79883;-37.029297
1521665625843;-9.869873;-91.34961;-43.469727
1521665625855;-16.799805;-95.33984;-40.66992
1521665625861;-15.539795;-92.88867;-47.25
1521665625875;-20.089844;-101.14844;-44.51953
1521665625881;-24.919922;-112.0;-41.299805
1521665625896;-20.369629;-116.33984;-47.25
1521665625902;-18.269531;-121.79883;-49.069336
1521665625915;-21.0;-124.31836;-52.289062
1521665625921;-27.369629;-121.09961;-59.009766
1521665625935;-36.609375;-115.21875;-59.84961
1521665625941;-50.609375;-111.29883;-63.069336
1521665625954;-48.5791;-113.81836;-62.5791
1521665625961;-39.19922;-115.5;-64.328125
1521665625975;-33.66992;-121.23828;-64.18945
1521665625981;-26.25;-119.76953;-68.31836
1521665625996;-25.969727;-117.66992;-71.11914
1521665626015;-42.90918;-114.6582;-73.14844
1521665626021;-50.75;-117.17969;-73.56836
1521665626044;-45.70996;-115.359375;-73.14844
1521665626056;-43.609375;-117.66992;-63.76953
1521665626063;-43.3291;-124.94922;-60.899414
1521665626076;-40.80957;-128.58984;-63.55957
1521665626083;-43.609375;-125.08984;-68.109375
1521665626096;-62.859375;-123.54883;-70.13867
1521665626103;-86.728516;-129.63672;-69.08984
1521665626116;-88.26953;-134.67969;-71.04883
1521665626122;-64.39844;-130.47656;-75.94922
1521665626141;-15.119873;-106.88867;-73.84961
1521665626154;-22.53955;-111.71875;-71.609375
1521665626161;-21.629883;-125.43945;-77.76953
1521665626175;-16.239746;-132.15625;-77.83984
1521665626181;-14.839844;-140.48828;-76.08984
1521665626215;-8.959961;-143.21875;-79.51953
1521665626224;41.579258;-95.05859;-73.84961
1521665626236;34.01966;-89.66992;-66.7793
1521665626242;19.1099;-97.859375;-66.56836
1521665626255;5.4599633;-112.0;-68.5293
1521665626261;-7.0699463;-123.89844;-65.86914
1521665626275;-20.649902;-131.10938;-60.759766
1521665626281;-27.299805;-127.328125;-53.05957
1521665626295;-13.019775;-114.728516;-49.76953
1521665626301;-1.8899841;-103.94922;-47.94922
1521665626315;-18.82959;-104.1582;-41.859375
1521665626321;-48.5791;-109.759766;-40.529297
1521665626347;-49.279297;-104.92969;-42.13965
1521665626357;-41.089844;-104.228516;-43.469727
1521665626369;-50.11914;-108.21875;-45.359375
1521665626385;-53.549805;-106.958984;-43.399414
1521665626407;-14.699951;-98.76953;-34.15918
1521665626417;-13.929932;-103.25;-37.589844
1521665626424;-11.619873;-106.53906;-44.86914
1521665626443;-4.339966;-107.86914;-47.59961
1521665626451;0.69999695;-108.98828;-49.76953
1521665626465;-16.379883;-113.328125;-50.11914
1521665626477;-2.3799438;-106.53906;-49.0
1521665626484;20.159706;-98.978516;-45.5
1521665626509;16.3096;-100.09961;-37.239258
1521665626597;0.769989;-102.96875;-44.16992
1521665626607;2.2399907;-82.73828;-33.879883
1521665626608;-3.9899902;-78.609375;-34.01953
1521665626624;13.439954;-70.13867;-27.57959
1521665626684;22.750042;-23.029785;-10.289795
1521665626695;20.369667;-20.019531;-12.109863
1521665626701;18.269566;-18.899902;-9.449951
1521665626713;17.849642;-18.899902;-7.279907
1521665626720;13.509778;-19.319824;-5.25
1521665626742;4.8999043;-5.3199463;-1.8199768
1521665626757;0.069999695;1.4699708;-0.13999939
1521665626782;-7.5599365;23.799849;5.1099877
1521665626837;-5.1799316;27.509817;10.21998
1521665626843;3.2899787;52.779495;15.25978
1521665626854;3.569947;60.13011;17.219759
1521665626861;2.4499516;66.43019;19.809607
1521665626874;-1.8899841;70.55913;22.819866
1521665626880;-2.869995;74.12947;26.529835
1521665626893;1.6099855;80.63928;29.750055
1521665626901;6.5098906;87.21941;32.619263
1521665626914;6.78992;93.17063;35.27943
1521665626921;7.629886;99.750755;38.00991
1521665626935;13.089856;107.2391;39.6896
1521665626942;14.349867;112.55945;41.64957
1521665626955;11.129893;115.50088;44.5197
1521665626961;9.93995;123.54977;48.92987
1521665626974;12.250011;130.34183;51.869335
1521665626981;15.750014;135.45128;54.670128
1521665626994;19.739782;139.36931;56.27951
1521665627001;24.079636;142.65842;57.679905
1521665627015;27.36968;146.43973;57.96018
1521665627021;26.599659;150.29135;59.56956
1521665627035;26.179737;154.63126;61.880116
1521665627045;24.849655;159.1118;65.17042
1521665627064;33.250126;168.35022;71.959526
1521665627084;40.670074;175.7722;74.82869
1521665627097;44.38005;178.50272;74.05916
1521665627104;42.420082;178.22147;74.69002
1521665627117;37.30971;176.2605;75.10995
1521665627124;29.609919;176.33081;74.47908
1521665627147;32.899536;184.24109;75.87948
1521665627165;27.929739;187.45988;80.14905
1521665627177;17.63968;181.22932;79.0299
1521665627185;9.93995;178.92068;75.60018
1521665627204;7.6999545;180.88165;74.19978
1521665627217;9.589852;180.38947;74.47908
1521665627224;17.079622;181.79182;72.729065
1521665627245;12.389904;179.06133;72.94
1521665627248;15.119887;178.29178;73.779854
1521665627265;18.480015;168.2799;71.88921
1521665627293;34.01966;160.36963;61.109608
1521665627306;35.559704;159.60008;57.750217
1521665627312;36.9601;162.81888;51.939648
1521665627366;56.27951;162.11966;49.279484
1521665627385;60.340073;145.67018;46.969902
1521665627583;-7.7698975;73.85017;30.309628
1521665627603;6.78992;6.649905;-7.839966
1521665627616;13.509778;2.309998;-7.7698975
1521665627622;11.969981;-4.7598877;-9.72998
1521665627635;-6.579956;-31.359863;-14.839844
1521665627642;-9.029785;-47.039062;-19.03955
1521665627655;-7.629883;-56.90918;-23.939941
1521665627661;-4.7598877;-61.66992;-28.699707
1521665627675;-7.1398926;-66.63867;-29.609863
1521665627681;-10.639893;-66.91992;-33.319336
1521665627695;-14.279785;-68.80859;-36.75
1521665627701;-16.869629;-73.91992;-38.70996
1521665627715;-15.959961;-80.84961;-42.41992
1521665627721;-16.239746;-91.208984;-44.799805
1521665627735;-10.359863;-102.68945;-50.259766
1521665627742;-10.639893;-105.9082;-51.65918
1521665627756;-19.03955;-110.17969;-53.26953
1521665627761;-19.59961;-105.83984;-57.469727
1521665627775;-16.869629;-100.79883;-60.339844
1521665627784;-7.909912;-96.25;-66.078125
1521665627797;-6.8599854;-102.05859;-68.80859
1521665627803;-22.53955;-117.31836;-66.84961
1521665627817;-53.969727;-138.45703;-59.779297
1521665627824;-59.779297;-132.15625;-59.91992
1521665627842;-44.239258;-127.259766;-59.5
1521665627849;-25.969727;-129.28906;-53.129883
1521665627866;-30.30957;-143.42969;-55.36914
1521665627886;-63.839844;-145.66797;-66.078125
1521665627898;-73.708984;-145.73828;-67.12891
1521665627911;-64.53906;-143.14844;-67.05859
1521665627927;-38.289062;-134.88672;-70.76953
1521665627932;-14.629883;-130.82812;-68.458984
1521665627948;-1.4699707;-132.01953;-67.89844
1521665627967;-19.03955;-149.65625;-73.7793
1521665627972;-27.369629;-154.0664;-76.36914
1521665627985;-21.0;-137.75781;-78.958984
1521665627999;-3.5699463;-127.88867;-77.208984
1521665628008;5.7399926;-132.57812;-65.0293
1521665628019;20.929726;-132.85938;-66.7793
1521665628033;6.579959;-140.27734;-73.5
1521665628049;-12.529785;-153.22656;-72.0293
1521665628067;-20.439941;-151.26953;-78.75
1521665628075;-34.01953;-155.75;-74.26953
1521665628147;18.549839;-119.62891;-66.708984
1521665628157;-32.969727;-149.23828;-65.30859
1521665628165;-55.5791;-148.11719;-61.45996
1521665628176;-23.379883;-122.359375;-61.94922
1521665628183;-24.149902;-112.76953;-54.039062
1521665628196;-42.629883;-121.6582;-44.799805
1521665628203;-56.34961;-127.609375;-54.179688
1521665628216;-50.75;-130.75781;-62.01953
1521665628223;-31.639648;-138.8086;-58.729492
1521665628237;-19.45996;-142.16797;-59.989258
1521665628243;-9.72998;-132.57812;-62.439453
1521665628266;25.339891;-97.228516;-49.34961
1521665628285;26.949757;-96.458984;-45.5
1521665628305;38.289207;-109.68945;-51.86914
1521665628318;36.469864;-116.478516;-46.479492
1521665628328;26.0396;-114.44922;-45.149414
1521665628340;14.629896;-110.31836;-40.66992
1521665628351;11.269786;-103.73828;-36.679688
1521665628361;3.0099494;-99.18945;-35.13965
1521665628370;-6.369995;-98.0;-32.759766
1521665628380;-17.70996;-97.01953;-33.38965
1521665628388;-22.889648;-95.828125;-34.36914
1521665628400;-22.53955;-95.05859;-33.25
1521665628437;-21.489746;-96.25;-33.039062
1521665628446;-17.779785;-97.509766;-32.549805
1521665628457;-11.059814;-88.33984;-34.929688
1521665628525;-1.8899841;-83.71875;-35.489258
1521665628535;10.149912;-82.38867;-35.13965
1521665628547;23.659712;-81.4082;-33.739258
1521665628554;7.769901;-60.61914;-32.689453
1521665628564;1.7500001;-53.549805;-25.409668
1521665628587;0.769989;-45.289062;-22.889648
1521665628597;-15.539795;-43.399414;-21.909668
1521665628604;-15.889893;-35.55957;-20.719727
1521665628624;-12.25;-21.20996;-16.799805
1521665628637;-14.069824;-14.769775;-12.669922
1521665628643;-16.939941;-9.23999;-8.609863
1521665628656;-14.97998;-3.289978;-5.039917
1521665628663;-9.799805;0.41999817;-6.369995
1521665628676;-3.079956;5.5299096;-5.1799316
1521665628683;-0.27999878;11.129893;-2.2399902
1521665628753;0.13999939;27.089895;4.9699726
1521665628766;1.7500001;45.63982;14.349867
1521665628773;9.44996;66.14894;24.079636
1521665628779;7.2099643;75.25057;28.139702
1521665628793;5.179934;85.11979;31.28961
1521665628798;1.6799928;91.06905;34.439583
1521665628876;6.5098906;120.04974;47.389828
1521665628883;17.569857;140.90839;58.939674
1521665628896;22.609905;142.93967;61.94945
1521665628903;28.909721;146.8616;64.53955
1521665628916;30.239803;151.34215;66.14894
1521665628922;29.81988;155.88908;66.70949
1521665628937;25.829638;159.88133;66.70949
1521665628943;23.799849;163.93999;66.988785
1521665628957;22.960003;169.19008;67.27004
1521665628963;22.539593;172.61981;69.15873
1521665628976;20.719765;172.5495;70.62944
1521665628983;16.379913;170.24088;71.8189
1521665628996;6.159915;167.22911;73.148994
1521665629005;8.049812;171.15105;76.510345
1521665629026;29.04986;184.45203;81.129524
1521665629040;31.919981;183.47154;80.078735
1521665629049;30.659725;179.61992;76.229095
1521665629066;26.0396;175.97923;70.90874
1521665629085;39.759914;185.63954;73.70954
1521665629106;46.54998;185.43251;70.420456
1521665629126;43.8195;175.35033;72.17047
1521665629142;39.339993;172.27216;65.72901
1521665629149;35.210094;170.3815;64.81885
1521665629165;32.619263;174.93234;64.95947
1521665629180;33.460087;175.2097;62.369377
1521665629191;30.519588;174.1589;59.079327
1521665629206;30.37994;169.8893;57.469944
1521665629226;28.769585;152.81091;52.5002
1521665629240;34.789192;147.20927;50.399605
1521665629251;46.199394;147.00224;47.59979
1521665629335;32.479614;151.47887;43.67985
1521665629341;33.599735;140.9787;36.819473
1521665629348;9.729989;141.95918;36.5392
1521665629365;5.1099877;131.18169;36.39955
1521665629436;1.4699708;119.84075;41.85953
1521665629439;-3.1499634;117.8798;41.369297
1521665629557;-2.0299683;56.06955;27.719778
1521665629563;-0.48999786;-24.639648;-4.5499268
1521665629584;-7.839966;-51.029297;-10.5
1521665629597;-9.23999;-60.339844;-14.48999
1521665629604;-5.73999;-65.79883;-17.009766
1521665629617;-1.75;-68.73828;-19.879883
1521665629623;-0.9099884;-74.19922;-21.769531
1521665629643;-6.5098877;-83.08984;-28.489746
1521665629657;-12.459961;-85.46875;-28.909668
1521665629663;-15.469971;-90.228516;-29.32959
1521665629677;-14.909912;-98.34961;-33.94922
1521665629683;-15.679932;-101.5;-36.259766
1521665629697;-19.45996;-106.75;-35.55957
1521665629703;-24.07959;-110.94922;-38.219727
1521665629717;-22.32959;-111.36914;-43.539062
1521665629725;-31.989746;-119.48828;-41.719727
1521665629746;-50.539062;-127.75;-47.38965
1521665629765;-55.649414;-136.5;-50.75
1521665629785;-42.34961;-141.75;-58.51953
1521665629807;-38.91992;-144.47656;-62.229492
1521665629827;-47.039062;-148.67969;-66.359375
1521665629841;-37.51953;-140.5586;-72.51953
1521665629854;-27.159668;-137.61719;-74.61914
1521665629866;-10.98999;-142.79688;-75.59961
1521665629881;-17.28955;-148.25781;-74.54883
1521665629889;-19.59961;-147.69922;-69.78906
1521665629901;-27.22998;-145.3164;-72.86914
1521665629909;-34.929688;-146.29688;-71.328125
1521665629921;-31.639648;-140.41797;-76.29883
1521665629928;-36.049805;-142.65625;-75.25
1521665629941;-31.70996;-148.11719;-69.578125
1521665629962;-11.549805;-140.90625;-76.29883
1521665629971;-9.589844;-150.42969;-64.39844
1521665629981;-12.879883;-149.72656;-70.978516
1521665629994;-22.469727;-146.22656;-70.83984
1521665630001;-19.669922;-138.3164;-68.66992
1521665630013;-17.569824;-134.8164;-73.42969
1521665630022;-24.07959;-146.01953;-69.859375
1521665630030;-3.7799683;-142.3086;-70.69922
1521665630057;-3.2199707;-137.1289;-60.969727
1521665630075;-21.629883;-134.1875;-64.46875
1521665630082;-21.139648;-132.50781;-61.80957
1521665630089;-18.899902;-134.46875;-59.63965
1521665630106;-36.819336;-146.85938;-54.80957
1521665630126;-22.189941;-139.64844;-55.229492
1521665630129;-8.119873;-123.96875;-50.11914
1521665630145;-16.869629;-121.79883;-42.34961
1521665630148;-18.05957;-117.17969;-43.539062
1521665630166;-15.469971;-118.71875;-47.879883
1521665630187;-21.34961;-131.52734;-45.359375
1521665630204;0.13999939;-123.4082;-45.84961
1521665630224;-1.4699707;-113.18945;-36.95996
1521665630244;-5.949951;-115.21875;-45.009766
1521665630261;-1.8899841;-118.01953;-41.789062
1521665630269;-5.529907;-119.9082;-39.759766
1521665630287;-11.759766;-118.71875;-40.38965
1521665630301;-13.929932;-116.05859;-41.299805
1521665630308;-18.269531;-113.46875;-42.069336
1521665630326;-23.239746;-110.5293;-41.649414
1521665630359;-26.59961;-109.61914;-43.679688
1521665630369;-19.109863;-106.11914;-44.09961
1521665630422;-11.129883;-102.05859;-40.45996
1521665630433;-3.1499634;-85.328125;-37.65918
1521665630473;2.8699956;-75.109375;-32.969727
1521665630487;10.569834;-70.2793;-32.899414
1521665630495;9.16993;-59.63965;-26.03955
1521665630503;6.579959;-52.289062;-23.72998
1521665630514;4.6899433;-41.509766;-20.57959
1521665630525;10.289804;-35.279297;-19.389648
1521665630547;2.729981;7.629886;0.48999786
1521665630548;5.4599633;9.44996;2.7999883
1521665630567;17.009798;16.799835;8.679939
1521665630586;11.829844;32.549927;14.069838
1521665630605;11.059825;40.109528;15.189956
1521665630629;18.829624;61.31957;22.960003
1521665630645;16.239777;71.26031;32.059692
1521665630666;21.139688;84.559235;36.049942
1521665630685;20.01957;94.01048;38.289207
1521665630697;20.369667;105.35041;41.09
1521665630704;19.529821;112.90906;44.449387
1521665630725;13.089856;122.6396;52.359573
1521665630745;21.210001;131.74028;55.649624
1521665630765;27.579641;142.45139;59.00999
1521665630785;22.609905;150.43198;61.52953
1521665630805;27.15972;164.29156;68.25052
1521665630825;41.64957;175.63158;73.85017
1521665630845;46.34002;176.8894;75.18026
1521665630865;45.569508;175.70189;74.05916
1521665630885;35.27943;184.10046;76.09042
1521665630905;22.469769;187.60051;76.29941
1521665630925;29.81988;187.67082;80.98889
1521665630945;25.829638;184.52234;82.18031
1521665630965;24.289597;181.0223;77.84043
1521665630985;28.4898;186.54971;77.42051
1521665631005;25.619677;182.97934;74.47908
1521665631025;26.25005;169.26039;64.53955
1521665631082;36.609512;169.8893;66.21925
1521665631127;37.939594;148.4007;54.460167
1521665631128;41.929844;152.81091;52.429886
1521665631176;38.21987;139.8615;37.799946
1521665631186;34.789192;146.51004;34.299934
1521665631345;1.8199769;142.09982;41.369297
1521665631357;7.979984;107.94027;37.170063
1521665631365;15.819839;75.60018;21.839884
1521665631385;6.859988;42.420082;14.419935
1521665631405;8.39991;25.339891;9.659921
1521665631426;-1.2599792;4.9699726;3.2199714
1521665631445;-2.2399902;-19.179688;-2.3099976
1521665631467;-10.8498535;-37.44922;-5.3199463
1521665631486;-1.0499878;-53.339844;-13.929932
1521665631504;4.619997;-59.359375;-17.779785
1521665631508;8.119881;-63.629883;-20.78955
1521665631527;13.299817;-66.078125;-24.009766
1521665631556;10.919931;-70.0;-25.619629
1521665631567;12.459972;-73.078125;-28.069824
1521665631568;13.719983;-78.609375;-28.419922
1521665631586;8.750008;-86.0293;-31.429688
1521665631606;-8.399902;-91.55859;-28.839844
1521665631626;-7.629883;-89.87891;-32.689453
1521665631640;-12.459961;-92.328125;-31.429688
1521665631675;-45.70996;-108.078125;-34.929688
1521665631684;-45.219727;-104.78906;-41.36914
1521665631695;-58.86914;-111.859375;-37.589844
1521665631707;-56.20996;-107.37891;-44.239258
1521665631764;-54.66992;-111.36914;-46.40918
1521665631771;-70.208984;-121.79883;-59.359375
1521665631779;-54.45996;-108.84961;-61.80957
1521665631792;-44.65918;-99.81836;-60.61914
1521665631806;-42.0;-103.38867;-66.84961
1521665631825;-48.36914;-123.759766;-64.11914
1521665631846;-18.05957;-116.12891;-69.36914
1521665631865;-17.07959;-98.76953;-68.109375
1521665631885;-33.039062;-102.26953;-70.48828
1521665631906;-39.40918;-124.73828;-65.58984
1521665631935;-11.47998;-115.98828;-65.93945
1521665631963;-2.7299805;-96.38867;-65.09961
1521665631968;1.1199952;-102.19922;-67.89844
1521665631980;-6.4399414;-112.69922;-65.86914
1521665632026;-12.179932;-115.078125;-58.09961
1521665632160;-16.939941;-110.66992;-54.38965
1521665632186;-9.0998535;-100.6582;-44.44922
1521665632206;-9.589844;-102.68945;-46.689453
1521665632226;-4.0599365;-110.59961;-47.80957
1521665632246;-10.289795;-107.86914;-43.539062
1521665632267;-15.049805;-102.68945;-39.899414
1521665632286;-18.05957;-104.78906;-42.76953
1521665632306;-10.5;-108.708984;-45.63965
1521665632326;3.149964;-102.19922;-42.279297
1521665632346;-6.2999268;-101.708984;-42.76953
1521665632366;-2.7299805;-101.98828;-44.589844
1521665632386;0.20999908;-104.78906;-45.429688
1521665632406;8.39991;-99.88867;-46.759766
1521665632426;1.0499879;-92.39844;-46.899414
1521665632447;-10.5;-87.14844;-46.26953
1521665632467;-16.659668;-82.87891;-41.15918
1521665632487;-11.619873;-80.63867;-40.179688
1521665632504;-1.8199768;-73.56836;-38.149414
1521665632509;-8.469971;-70.0;-34.649414
1521665632522;-15.539795;-63.41992;-32.40918
1521665632528;-18.689941;-56.0;-32.8291
1521665632545;-20.929688;-52.5;-32.05957
1521665632551;-11.549805;-49.20996;-30.72998
1521665632562;-7.629883;-48.859375;-27.649902
1521665632568;-4.8999023;-46.969727;-25.759766
1521665632581;-0.6299896;-40.59961;-25.339844
1521665632588;-2.869995;-32.339844;-22.609863
1521665632602;-7.209961;-24.429688;-19.529785
1521665632610;-10.8498535;-17.569824;-17.639648
1521665632624;-8.399902;-11.199951;-12.879883
1521665632630;-6.0198975;-10.569824;-8.819824
1521665632646;-1.1199951;-8.469971;-5.8099365
1521665632657;2.3799443;-4.9699707;-3.8499756
1521665632664;1.7500001;-0.34999847;-1.6099854
1521665632672;-1.4699707;7.2799106;-1.6099854
1521665632684;-4.7598877;14.839857;2.8699956
1521665632691;-6.0198975;19.949743;5.4599633
1521665632704;-4.4799805;23.029829;6.649905
1521665632710;-1.9599915;26.25005;9.309823
1521665632724;1.5399781;30.869686;12.949963
1521665632731;8.8899;37.380024;16.659698
1521665632746;10.359873;41.159336;17.919954
1521665632755;9.379891;46.54998;19.179724
1521665632765;9.239999;53.759968;21.00004
1521665632771;11.129893;61.039295;23.379927
1521665632784;13.859876;66.289566;26.0396
1521665632795;14.419935;69.299355;28.069878
1521665632804;13.929944;72.44977;30.029842
1521665632810;14.139906;76.78964;31.359922
1521665632824;15.25978;82.73891;32.689575
1521665632831;15.399917;89.18037;33.88001
1521665632853;13.649915;97.578865;38.56948
1521665632864;13.789807;100.658966;40.809723
1521665632871;14.419935;104.020325;43.189617
1521665632884;16.029816;108.3602;44.93962
1521665632890;14.2797985;113.46961;45.77947
1521665632905;13.089856;119.35052;46.479668
1521665632910;13.929944;124.80954;47.739437
1521665632924;16.379913;129.22072;49.210148
1521665632932;17.849642;133.00203;51.659374
1521665632955;12.809826;139.50993;59.920147
1521665632965;16.09964;146.79129;65.449715
1521665632972;21.489786;151.27184;67.12942
1521665632984;24.35991;152.88123;68.38919
1521665632990;26.879932;154.35;69.02006
1521665633013;29.399958;156.10004;67.828636
1521665633018;32.19934;158.68991;67.27004
1521665633106;39.82925;164.29156;67.61965
1521665633117;39.13003;173.6003;72.94
1521665633126;64.260254;183.47154;80.98889
1521665633135;62.019768;199.15147;76.09042
1521665633151;53.059772;200.62024;76.229095
1521665633167;42.489418;192.29199;72.02985
1521665633187;37.380024;192.29199;74.47908
1521665633215;25.059618;187.11223;73.56892
1521665633221;21.699747;188.37006;69.15873
1521665633228;13.509778;182.49106;70.69975
1521665633243;17.009798;179.61992;68.67044
1521665633249;14.419935;177.9402;65.86964
1521665633261;7.55994;171.50261;66.988785
1521665633269;6.649905;166.52988;64.88916
1521665633284;10.289804;164.56891;62.579338
1521665633289;14.629896;160.51025;63.69946
1521665633303;22.960003;156.86957;60.689682
1521665633309;29.399958;155.11955;59.500225
1521665633324;32.4093;151.47887;57.819553
1521665633331;38.56948;148.61163;53.689655
1521665633345;37.939594;147.06865;49.279484
1521665633365;39.26968;141.40059;46.059746
1521665633371;31.429747;135.38097;44.17009
1521665633384;38.289207;135.93956;44.17009
1521665633392;44.5197;139.15837;40.52945
1521665633404;35.06947;132.43951;43.46989
1521665633410;28.419975;124.67087;41.78922
1521665633424;24.989792;124.04001;36.049942
1521665633431;16.799835;120.88959;37.939594
1521665633446;18.199741;123.27047;38.989403
1521665633456;14.909925;127.39941;33.1095
1521665633465;0.41999817;118.090744;40.670074
1521665633471;-6.4399414;106.81917;40.31949
1521665633485;-15.75;93.94016;40.809723
1521665633495;-19.879883;84.48892;46.13006
1521665633505;-13.089844;82.45961;46.059746
1521665633511;-10.919922;79.72912;43.539227
1521665633525;-4.8999023;75.25057;36.049942
1521665633532;-3.0099487;66.35988;29.399958
1521665633554;-7.5599365;38.35952;18.059605
1521665633565;-10.149902;23.309614;11.759776
1521665633571;-14.0;8.819832;6.159915
1521665633584;-13.509766;-2.3799438;3.6399543
1521665633595;-5.039917;-8.399902;0.48999786
1521665633606;1.5399781;-12.459961;-1.6099854
1521665633611;0.769989;-19.109863;-4.8999023
1521665633624;-0.83999634;-30.519531;-8.539795
1521665633635;-1.539978;-44.44922;-11.759766
1521665633657;-1.1199951;-68.109375;-18.82959
1521665633667;-2.0999756;-71.67969;-21.97998
1521665633671;-1.4699707;-71.18945;-25.47998
1521665633684;-1.6799927;-70.69922;-28.20996
1521665633690;-2.169983;-73.42969;-29.189941
1521665633705;0.9099884;-77.0;-31.569824
1521665633710;2.519959;-84.13867;-32.129883
1521665633724;1.2599794;-89.87891;-33.739258
1521665633736;-6.579956;-96.73828;-33.25
1521665633756;-15.259766;-95.828125;-39.339844
1521665633765;-15.119873;-96.94922;-40.94922
1521665633771;-15.469971;-94.7793;-45.70996
1521665633785;-29.95996;-104.71875;-44.09961
1521665633791;-44.729492;-119.55859;-39.969727
1521665633805;-33.879883;-115.359375;-47.879883
1521665633811;-24.5;-115.7793;-47.94922
1521665633824;-27.369629;-121.58984;-45.779297
1521665633835;-28.20996;-121.6582;-54.109375
1521665633856;-39.479492;-117.38867;-56.90918
1521665633864;-47.25;-119.9082;-62.439453
1521665633874;-46.8291;-119.208984;-63.069336
1521665633885;-41.649414;-125.36914;-58.09961
1521665633891;-24.359863;-120.11914;-64.958984
1521665633905;-21.20996;-121.37891;-66.91992
1521665633911;-33.109375;-128.3789;-60.129883
1521665633925;-46.339844;-132.78906;-63.629883
1521665633931;-49.979492;-129.14844;-67.12891
1521665633957;-48.15918;-126.48828;-68.87891
1521665633964;-32.129883;-123.33984;-72.23828
1521665633975;-12.879883;-119.41992;-73.28906
1521665633984;-2.5899658;-114.6582;-73.56836
1521665633991;-21.279785;-124.17969;-69.08984
1521665634005;-34.439453;-134.75;-70.0
1521665634021;-43.539062;-141.1875;-71.958984
1521665634031;-41.859375;-136.91797;-72.6582
1521665634054;-35.839844;-128.79688;-73.359375
1521665634067;-2.3799438;-113.18945;-70.978516
1521665634071;-23.799805;-125.1582;-64.958984
1521665634084;-33.039062;-135.65625;-71.88867
1521665634096;-38.359375;-143.84766;-69.43945
1521665634104;-38.219727;-140.69922;-69.509766
1521665634110;-38.0791;-135.23828;-69.36914
1521665634122;-26.109863;-127.11914;-67.828125
1521665634129;-2.3799438;-116.26953;-68.87891
1521665634144;-0.55999756;-114.44922;-64.88867
1521665634148;-20.509766;-126.2793;-61.25
1521665634163;-31.07959;-136.21875;-66.42969
1521665634169;-35.069336;-141.75;-66.63867
1521665634183;-29.679688;-140.27734;-63.55957
1521665634189;-24.70996;-136.5;-64.958984
1521665634203;-32.969727;-140.0664;-62.15918
1521665634211;-13.369873;-130.1289;-62.439453
1521665634225;8.8899;-113.11914;-59.84961
1521665634231;-1.0499878;-111.29883;-48.929688
1521665634255;-20.509766;-122.84961;-56.41992
1521665634265;-15.959961;-127.958984;-56.0
1521665634273;-6.2299805;-129.07812;-51.86914
1521665634285;-11.129883;-128.58984;-51.029297
1521665634292;-25.269531;-131.59766;-48.859375
1521665634306;-18.899902;-122.5;-47.039062
1521665634316;-14.279785;-117.38867;-46.689453
1521665634325;-19.179688;-108.7793;-41.229492
1521665634331;-25.05957;-107.86914;-40.739258
1521665634355;-25.409668;-109.478516;-46.899414
1521665634362;-22.049805;-114.93945;-49.55957
1521665634376;-14.559814;-125.36914;-48.15918
1521665634386;-6.9299316;-120.04883;-49.69922
1521665634391;-1.2599792;-112.9082;-48.229492
1521665634405;-2.5199585;-107.93945;-45.009766
1521665634411;-3.5;-105.06836;-43.259766
1521665634427;-1.3999939;-103.59961;-45.779297
1521665634498;-4.2698975;-109.26953;-45.569336
1521665634527;-2.7999878;-112.0;-44.09961
1521665634536;0.9799957;-101.708984;-40.80957
1521665634544;-3.9899902;-93.30859;-36.679688
1521665634555;9.589852;-84.48828;-30.869629
1521665634565;12.529797;-74.89844;-26.529785
1521665634572;16.939972;-71.46875;-24.989746
1521665634604;19.599646;-68.73828;-22.679688
1521665634612;25.339891;-50.399414;-21.20996
1521665634627;18.339878;-44.029297;-15.469971
1521665634630;16.659698;-37.86914;-16.379883
1521665634644;19.250036;-31.989746;-13.019775
1521665634649;18.339878;-29.819824;-6.8599854
1521665634684;9.379891;-14.48999;0.69999695
1521665634690;3.989991;-7.209961;0.48999786
1521665634766;-2.4499512;18.96976;8.8899
1521665634771;1.6799928;42.13981;15.469985
1521665634782;1.3299867;48.439636;15.889907
1521665634789;3.2199714;56.139862;17.779818
1521665634802;3.0799568;61.17992;20.509804
1521665634808;2.3799443;64.60986;22.539593
1521665634821;3.779969;68.60013;23.519575
1521665634829;5.7399926;73.56892;24.849655
1521665634843;5.5299096;78.818954;26.0396
1521665634849;3.569947;84.00064;25.969774
1521665634863;0.769989;88.96942;27.089895
1521665634869;-1.8899841;93.10032;28.769585
1521665634882;-1.3299866;98.97926;30.730038
1521665634889;-0.55999756;101.98905;31.779844
1521665634902;-0.48999786;105.48908;33.03919
1521665634909;-2.0299683;109.059425;34.089973
1521665634922;-3.0099487;111.86022;34.299934
1521665634929;-3.8499756;115.98916;34.929817
1521665634943;-4.829956;118.64934;36.469864
1521665634952;-3.6399536;122.85054;38.079247
1521665634967;-2.5899658;126.06932;39.969875
1521665634973;-1.9599915;129.00978;42.069496
1521665634985;-0.069999695;131.74028;43.960125
1521665634993;3.4299934;136.50208;45.42986
1521665635006;7.139896;138.74039;46.409355
1521665635013;8.39991;140.77167;47.319515
1521665635025;12.879894;142.45139;48.019714
1521665635032;16.379913;146.09207;49.210148
1521665635052;17.779818;149.38118;53.619343
1521665635065;18.129917;149.72884;54.88009
1521665635078;22.469769;150.5687;55.719936
1521665635095;19.529821;154.97891;58.86936
1521665635105;21.769571;156.93988;58.519753
1521665635112;27.579641;157.99068;59.429913
1521665635125;32.059692;159.6704;59.849834
1521665635132;32.130005;160.58057;60.82933
1521665635156;22.399944;162.11966;65.799324
1521665635173;29.25982;165.20174;68.25052
1521665635186;53.689655;165.69002;71.60992
1521665635192;58.86936;166.11191;69.78959
1521665635206;53.130085;165.90096;67.76028
1521665635219;46.409355;167.58067;65.17042
1521665635232;32.339966;168.49084;62.64965
1521665635247;30.449764;174.58078;65.02979
1521665635265;19.739782;166.88144;67.61965
1521665635271;20.089882;164.5025;65.72901
1521665635316;-10.289795;156.4516;63.13989
1521665635333;-11.059814;153.36952;63.069576
1521665635546;-9.379883;113.32899;43.329266
1521665635556;-22.679688;101.01054;45.359547
1521665635564;-13.019775;93.44993;45.569508
1521665635569;-4.4799805;96.31909;47.03924
1521665635582;-0.55999756;95.76049;50.189644
1521665635589;-3.8499756;94.50072;47.6701
1521665635603;-12.109863;87.70965;43.46989
1521665635609;-12.73999;78.32872;38.00991
1521665635622;-2.2399902;67.340355;34.22962
1521665635630;0.769989;55.01974;31.079649
1521665635644;4.6899433;48.50995;25.549852
1521665635649;9.869882;42.840004;19.31986
1521665635664;17.779818;33.949345;13.1599245
1521665635669;18.7598;25.829638;9.379891
1521665635682;16.939972;16.730011;4.4799824
1521665635689;4.3399677;3.6399543;3.0099494
1521665635705;0.6299896;-7.209961;1.6099855
1521665635711;-0.48999786;-16.519531;-0.55999756
1521665635724;-0.069999695;-22.75;-2.3799438
1521665635731;-2.0999756;-30.029785;-3.8499756
1521665635754;-0.769989;-37.799805;-10.219971
1521665635766;1.189972;-38.989258;-11.339844
1521665635772;3.0099494;-40.879883;-13.019775
1521665635785;3.359986;-43.539062;-17.70996
1521665635791;-3.079956;-50.679688;-16.169922
1521665635805;1.6799928;-50.539062;-18.619629
1521665635812;6.78992;-48.719727;-20.649902
1521665635825;13.859876;-51.09961;-17.28955
1521665635831;18.549839;-53.129883;-18.339844
1521665635853;19.250036;-48.229492;-18.199707
1521665635873;12.389904;-45.0791;-20.78955
1521665635885;2.3799443;-49.69922;-20.159668
1521665635892;2.2399907;-50.049805;-22.119629
1521665635905;0.769989;-53.129883;-24.779785
1521665635913;-3.7799683;-60.549805;-23.09961
1521665635926;-8.889893;-65.0293;-28.20996
1521665635934;-19.179688;-71.81836;-26.529785
1521665635953;-36.3291;-79.44922;-29.889648
1521665635966;-52.989258;-85.958984;-28.839844
1521665635971;-57.049805;-84.13867;-31.639648
1521665635985;-53.759766;-79.37891;-39.689453
1521665635991;-52.429688;-87.84961;-36.539062
1521665636017;-35.839844;-91.06836;-49.69922
1521665636036;-56.34961;-97.92969;-50.819336
1521665636063;-62.5791;-98.48828;-56.55957
1521665636074;-73.009766;-116.759766;-53.339844
1521665636088;-54.38965;-116.4082;-58.09961
1521665636106;-17.149902;-107.51953;-56.279297
1521665636112;-22.189941;-108.359375;-61.739258
1521665636124;-24.5;-112.978516;-57.88965
1521665636131;-27.22998;-115.42969;-64.18945
1521665636145;-47.59961;-121.58984;-65.728516
1521665636150;-57.399414;-134.53906;-62.15918
1521665636165;-43.819336;-134.32812;-69.509766
1521665636171;-26.25;-130.82812;-76.71875
1521665636184;-3.289978;-122.5;-74.4082
1521665636192;5.2500024;-111.64844;-78.11914
1521665636204;-14.909912;-113.328125;-76.43945
1521665636211;-37.44922;-122.91992;-74.89844
1521665636226;-45.91992;-135.51953;-79.93945
1521665636233;-44.44922;-145.45703;-80.98828
1521665636336;1.9599916;-201.03906;-91.83984
1521665636347;52.359573;-185.28906;-72.728516
1521665636352;146.2991;-101.91992;-106.67969
1521665636367;97.64918;-97.78906;-73.708984
1521665636373;27.929739;-123.828125;-38.63965
1521665636386;-7.629883;-149.58984;-61.739258
1521665636392;-16.029785;-169.67969;-80.98828
1521665636416;-14.139893;-196.41797;-49.41992
1521665636436;25.059618;-169.67969;-48.36914
1521665636454;15.889907;-115.708984;-48.299805
1521665636467;-37.44922;-104.509766;-45.569336
1521665636473;-51.44922;-104.578125;-57.469727
1521665636485;-62.719727;-108.63867;-51.86914
1521665636492;-66.91992;-114.79883;-49.41992
1521665636506;-64.88867;-116.12891;-51.51953
1521665636512;-55.789062;-110.25;-48.089844
1521665636525;-39.899414;-93.09961;-46.8291
1521665636532;-34.5791;-74.19922;-51.939453
1521665636552;-71.75;-67.12891;-41.719727
1521665636567;-76.509766;-66.359375;-42.13965
1521665636574;-75.109375;-63.839844;-39.479492
1521665636585;-53.8291;-59.009766;-37.30957
1521665636592;-41.509766;-53.899414;-34.299805
1521665636615;-25.689941;-31.779785;-27.78955
1521665636629;-30.939941;-20.57959;-23.939941
1521665636704;-35.55957;-12.459961;-20.649902
1521665636726;-24.07959;-9.309814;-18.619629
1521665636728;-24.429688;-4.129883;-16.589844
1521665636742;-75.73828;14.559828;-9.029785
1521665636757;-103.73828;40.039215;-8.679932
1521665636766;-112.0;44.099777;-3.0099487
1521665636806;-144.6875;59.21995;2.519959
1521665636826;-166.73828;74.12947;5.2500024
1521665636831;-168.41797;71.39898;6.0899687
1521665636844;-159.45703;70.55913;7.2799106
1521665636851;-159.38672;70.62944;7.2099643
1521665636865;-160.29688;74.969315;8.259773
1521665636871;-163.09766;82.3893;10.849863
1521665636885;-175.48828;90.51045;12.109875
1521665636894;-191.58984;96.94995;10.21998
1521665637037;-199.91797;100.940216;12.319836
1521665637043;-206.14844;93.17063;27.439993
1521665637054;-190.60938;75.10995;28.069878
1521665637065;-176.60938;73.56892;27.230032
1521665637071;-166.45703;78.88927;25.969774
1521665637084;-164.28906;83.5104;22.329632
1521665637091;-152.10938;87.77996;19.389685
1521665637104;-147.34766;78.750595;15.889907
1521665637111;-139.4375;76.78964;12.949963
1521665637124;-117.03906;71.8189;8.049812
1521665637131;-97.228516;72.86969;8.539803
1521665637145;-70.41992;65.72901;10.0798435
1521665637151;-59.149414;57.609592;6.649905
1521665637165;-53.479492;50.259956;2.1699834
1521665637171;-46.61914;47.739437;-3.2199707
1521665637184;-38.91992;45.98943;-9.799805
1521665637191;-27.509766;46.479668;-12.039795
1521665637204;-9.72998;44.93962;-11.339844
1521665637211;3.6399543;45.710133;-11.339844
1521665637224;10.70997;44.659348;-12.669922
1521665637231;14.2797985;42.55973;-15.259766
1521665637245;18.480015;36.9601;-19.739746
1521665637251;23.869673;33.739384;-22.049805
1521665637274;35.559704;21.55961;-23.169922
1521665637287;37.729633;18.829624;-22.889648
1521665637294;42.69938;18.829624;-24.009766
1521665637314;50.469917;20.43998;-22.469727
1521665637327;53.130085;22.259808;-22.53955
1521665637334;50.469917;25.059618;-25.199707
1521665637348;44.449387;24.289597;-26.529785
1521665637358;43.04997;22.469769;-24.569824
1521665637375;40.809723;2.519959;-20.929688
1521665637396;44.72966;-0.20999908;-19.25
1521665637403;46.13006;2.099976;-18.549805
1521665637423;54.599815;17.709993;-20.299805
1521665637436;51.449413;24.710007;-23.169922
1521665637442;44.17009;28.629936;-24.149902
1521665637467;35.06947;19.809607;-19.109863
1521665637474;32.4093;9.869882;-12.949951
1521665637495;35.559704;1.8199769;-4.829956
1521665637498;39.6896;8.609871;-5.949951
1521665637517;43.8195;20.230019;-9.869873
