1521666400411;0.20673548;-0.8302252;0.17407036
1521666400431;0.030970886;-0.55852675;0.7866554
1521666400462;-0.27037513;-0.45022345;1.1915941
1521666400472;0.09172055;-0.49516582;1.1118078
1521666400482;0.059936434;-0.48068476;0.8845501
1521666400491;-0.3260434;-0.4570253;0.6360197
1521666400501;-0.54672277;-0.41915798;0.41443157
1521666400511;-0.6480237;-0.3675418;0.27739048
1521666400521;-0.6923058;-0.26992798;0.098018646
1521666400531;-0.6608695;-0.23939157;-0.16056252
1521666400541;-0.60724884;-0.17802882;-0.51739025
1521666400551;-0.6174252;-0.08764434;-0.86445713
1521666400561;-0.51319706;-0.20080566;-1.187273
1521666400571;-0.19109422;-0.44974494;-1.8404727
1521666400582;0.25300157;-0.028353214;-1.6594019
1521666400591;0.5325275;0.032238007;-1.1164985
1521666400601;0.57012224;-0.25023675;-0.18115234
1521666400612;0.73111004;-0.20319676;0.49954605
1521666400621;0.6567529;0.064634085;0.83259106
1521666400631;0.4621284;0.32179856;1.1372986
1521666400643;0.1579457;0.4632523;1.1755266
1521666400652;0.1617682;0.49364734;1.0990658
1521666400681;0.17284298;0.30554867;-0.046966553
1521666400691;0.032475308;0.17844462;-0.58175564
1521666400702;0.34366217;0.053601265;-0.6709986
1521666400712;0.53935295;0.030133724;-0.68432045
1521666400721;0.54684407;0.02867961;-0.5239544
1521666400731;0.5795985;0.07172704;-0.53027153
1521666400741;0.5890409;0.13668156;-0.5603943
1521666400751;0.6059848;0.1596322;-0.5119257
1521666400761;0.56584054;0.16584516;-0.51659966
1521666400771;0.41223305;0.20401478;-0.41865063
1521666400782;0.41162223;0.21564364;-0.41686153
1521666400791;0.38161886;0.15987015;-0.4999199
1521666400801;0.3393654;0.05049038;-0.7174177
1521666400811;0.3038624;0.025306225;-0.7776861
1521666400832;0.37094548;-0.072627306;-0.73813343
1521666400852;0.52757335;0.2184968;-0.4967928
1521666400862;0.48282823;0.28234673;-0.49744225
1521666400872;0.24849458;0.42601895;-0.48048878
1521666400882;0.16514629;0.58947134;-0.5403557
1521666400891;0.43425298;0.78979564;-1.0063963
1521666400902;1.0100372;0.11792326;3.1145468
1521666400911;1.6767619;0.43359756;-0.18607998
1521666400922;2.2426171;1.0096979;0.41426086
1521666400933;2.0360417;1.1315644;0.346632
1521666400942;0.6100967;0.9528296;1.1836243
1521666400951;0.24932605;0.6708214;0.97587585
1521666400961;0.16996905;0.3906765;0.6243429
1521666400972;0.10501738;0.14512849;0.44585133
1521666400981;0.077931106;0.03341651;0.40021038
1521666400991;0.090546384;-0.0073883533;0.26636887
1521666401011;0.090509415;-0.13846493;-0.12677288
1521666401022;0.065941826;-0.22173643;-0.3827076
1521666401052;-0.12730214;-0.34227633;-0.33266735
1521666401071;-0.104251385;-0.24626231;0.019796371
1521666401081;-0.10688773;-0.13515115;0.1268549
1521666401091;-0.11682255;-0.049623013;0.19589043
1521666401103;-0.12610665;-0.015903473;0.08842182
1521666401111;-0.0527173;0.033080578;-0.08011246
1521666401122;0.05953619;0.12108517;-0.18688107
1521666401131;0.14422917;0.15638065;-0.13687897
1521666401142;0.22849531;0.16119099;0.016349792
1521666401152;0.29499316;0.14433384;0.06376171
1521666401161;0.34836057;0.09827423;-0.01657486
1521666401171;0.3358948;0.07241058;-0.08834934
1521666401192;0.3720087;0.18894196;-0.20978832
1521666401212;0.37474093;0.26850605;-0.13824558
1521666401222;0.30514818;0.2623806;-0.111255646
1521666401231;0.26208603;0.31783438;-0.12528706
1521666401242;0.0923739;0.35030127;-0.16375923
1521666401252;0.02608385;0.28704405;-0.1028862
1521666401261;-0.08322145;0.19465351;-0.059724808
1521666401271;-0.17276889;0.047015667;-0.007390976
1521666401281;-0.37568504;-0.14653015;0.09558582
1521666401292;-0.5693527;-0.2640252;0.2014246
1521666401302;-0.73076665;-0.3088069;0.22082138
1521666401312;-0.8372312;-0.30421495;0.25282574
1521666401321;-0.8628839;-0.25562215;0.2719183
1521666401332;-0.81018436;-0.14060163;0.22608185
1521666401342;-0.78529334;-0.092971325;0.30486107
1521666401352;-0.7524947;-0.109306335;0.33468246
1521666401372;-0.68839085;-0.16679335;0.26917744
1521666401381;-0.62906146;-0.15694332;0.31024647
1521666401392;-0.5406792;-0.16430092;0.33840656
1521666401401;-0.48521423;-0.2449832;0.42417908
1521666401412;-0.45175445;-0.2877028;0.41274452
1521666401423;-0.43647388;-0.28231168;0.2415123
1521666401462;-0.3373462;-0.26322365;-0.23135185
1521666401471;-0.2522285;-0.23211193;-0.3564701
1521666401482;-0.16182345;-0.15123081;-0.34861565
1521666401492;-0.010688603;-0.031232834;-0.33480263
1521666401501;0.122537285;0.023591042;-0.3581171
1521666401511;0.23481908;0.09113836;-0.48671627
1521666401521;0.32314885;0.13442993;-0.5355911
1521666401532;0.33486307;0.1920886;-0.57605267
1521666401551;0.42591655;0.3372774;-0.40195942
1521666401561;0.47935706;0.38115454;-0.16819382
1521666401571;0.55288726;0.4287324;-0.06572342
1521666401632;0.6634711;0.4076457;0.24817562
1521666401672;0.6877277;0.20836115;-0.20669746
1521666401681;0.7474903;0.30017328;-0.39943695
1521666401692;0.8057636;0.36046028;-0.5182152
1521666401701;0.78114045;0.38649893;-0.54314613
1521666401712;0.719705;0.42393017;-0.46770382
1521666401723;0.5819484;0.4440689;-0.40856934
1521666401732;0.5202058;0.43970537;-0.29092503
1521666401742;0.432008;0.43199015;-0.13802433
1521666401751;0.31196636;0.35224438;-0.021501541
1521666401761;0.18676937;0.27075243;0.033665657
1521666401782;0.04691621;0.24824142;0.21499729
1521666401792;0.02140753;0.22055626;0.5065565
1521666401802;-0.08412819;0.14638948;0.5143328
1521666401812;-0.15073651;0.067765236;0.34905434
1521666401822;-0.2508559;-0.0133214;0.21205711
1521666401832;-0.32670054;-0.081199646;0.07629871
1521666401842;-0.3596382;-0.1161232;-0.087285995
1521666401852;-0.39659184;-0.17637587;-0.10411835
1521666401862;-0.40976197;-0.20175505;-0.10367298
1521666401871;-0.40928182;-0.23654222;-0.0344944
1521666401892;-0.36570966;-0.30652666;-0.19568348
1521666401905;-0.40647537;-0.33760738;-0.18863392
1521666401912;-0.37535056;-0.30996656;-0.20139599
1521666401924;-0.30867916;-0.2841506;-0.1504221
1521666401933;-0.22042349;-0.20121574;-0.034075737
1521666401944;-0.14220032;-0.09541464;0.025315285
1521666401953;-0.07006842;0.04001236;0.09382534
1521666401966;-0.07751447;0.06893587;0.14853954
1521666401982;0.014502853;0.14314032;0.06613827
1521666401992;0.066485584;0.1984644;0.14361858
1521666402003;0.15269451;0.1925788;0.20615768
1521666402022;0.16297537;0.20177746;0.293849
1521666402034;0.18813275;0.22428465;0.29140663
1521666402046;0.18247911;0.25543785;0.31282997
1521666402063;0.13319749;0.28021002;0.09291363
1521666402073;0.018465787;0.3328743;0.12070942
1521666402085;-0.08633363;0.34378815;0.104836464
1521666402093;-0.17355841;0.2884617;0.13362789
1521666402103;-0.22497943;0.2750635;0.27871227
1521666402114;-0.2336793;0.21203375;0.312912
1521666402133;-0.40997988;0.12009716;0.2801895
1521666402143;-0.5199882;0.040843487;0.19476604
1521666402152;-0.5724023;-0.05979061;0.08079147
1521666402162;-0.60376227;-0.15202093;0.05322075
1521666402173;-0.544859;-0.2524252;-0.061742783
1521666402184;-0.51204306;-0.2820835;-0.12761593
1521666402193;-0.4454118;-0.40551805;-0.31346893
1521666402212;-0.33620536;-0.45311785;-0.5547061
1521666402223;-0.3495584;-0.48736763;-0.7651863
1521666402232;-0.29707187;-0.44228125;-0.85148525
1521666402241;-0.23352551;-0.36516476;-0.8309312
1521666402253;-0.11420208;-0.2995863;-0.77947426
1521666402266;-0.03526318;-0.1995554;-0.7368531
1521666402275;-0.01351887;-0.1684947;-0.7259836
1521666402283;-0.08914989;-0.14479733;-0.49335098
1521666402294;-0.18962604;-0.14914608;-0.3321228
1521666402304;-0.23223364;-0.13111782;-0.2783966
1521666402315;-0.2562483;0.015136719;-0.115343094
1521666402326;-0.26212692;0.04260063;-0.102555275
1521666402333;-0.22976655;0.19483185;0.22889614
1521666402343;-0.18782699;0.26210928;0.3871479
1521666402354;-0.18816704;0.24554586;0.3791294
1521666402363;-0.16721737;0.31537008;0.4545269
1521666402374;-0.09059578;0.36431074;0.54519844
1521666402384;0.003458321;0.3459077;0.5676098
1521666402395;0.029848278;0.27423477;0.5365448
1521666402412;0.051190495;0.096943855;0.21490383
1521666402451;0.029746652;-0.20540428;-0.17409515
1521666402461;0.059554458;-0.24605322;-0.17579079
1521666402471;0.07543421;-0.29912806;-0.22173691
1521666402482;0.0866456;-0.3372035;-0.2866335
1521666402491;0.052856803;-0.36854935;-0.43035507
1521666402502;-0.013035893;-0.41240692;-0.54686785
1521666402513;-0.07354081;-0.43923235;-0.6307564
1521666402532;-0.07472551;-0.388494;-0.39817047
1521666402542;-0.025838614;-0.3504367;-0.23640347
1521666402551;0.013005614;-0.3047948;-0.22076797
1521666402562;0.0270226;-0.19626904;-0.2307415
1521666402572;-0.05975926;-0.10850191;-0.14063072
1521666402581;-0.08959746;-0.0073132515;-0.070552826
1521666402592;-0.09303343;0.072761536;0.0393219
1521666402602;-0.120093465;0.11457634;0.14136791
1521666402612;-0.12594211;0.11739874;0.1355133
1521666402632;0.013420582;0.23197699;0.41904354
1521666402645;0.09278613;0.21894884;0.58993053
1521666402654;0.07912427;0.1836381;0.5974283
1521666402671;-0.25267828;0.0801487;0.3891325
1521666402682;-0.37247396;0.06504583;0.23344803
1521666402691;-0.42230844;0.06935024;0.11269188
1521666402702;-0.42970955;0.044231415;0.044394493
1521666402712;-0.39759076;0.039304733;-0.115460396
1521666402721;-0.3170892;0.07962179;-0.24226475
1521666402733;-0.24819946;0.16223383;-0.33744144
1521666402752;-0.18149257;0.23087883;-0.35288525
1521666402762;-0.2561549;0.22556257;-0.3558445
1521666402772;-0.28732562;0.20660448;-0.25140953
1521666402781;-0.3282082;0.16842556;-0.13154316
1521666402795;-0.32447994;0.14039135;-0.07847023
1521666402812;-0.22477531;0.102874756;-0.094944
1521666402822;-0.18934143;0.113378525;-0.12538338
1521666402831;-0.15047431;0.1597166;-0.22147179
1521666402843;-0.16994429;0.12279749;-0.3463831
1521666402864;-0.16816616;-0.05984783;-0.37905407
1521666402872;-0.16114938;-0.06054926;-0.37769604
1521666402881;-0.12530565;-0.16070032;-0.12178326
1521666402891;-0.077938795;-0.2042737;-0.014203072
1521666402902;-0.023073554;-0.24529266;0.011598587
1521666402912;0.062572956;-0.25218773;0.019571304
1521666402923;0.09388554;-0.31036758;-0.12756729
1521666402932;0.07950342;-0.3258648;-0.28391266
1521666402942;0.07431555;-0.33132648;-0.3494234
1521666402952;0.030675173;-0.27453756;-0.30191326
1521666402963;0.0063819885;-0.24117851;-0.2579069
1521666402971;-0.023844838;-0.25495148;-0.15769958
1521666402992;0.11194432;-0.2597518;0.14455414
1521666403002;0.19669545;-0.2775898;0.2302599
1521666403022;0.19590193;-0.34490442;0.09947109
1521666403032;0.089741826;-0.38437366;-0.033714294
1521666403043;-0.041113853;-0.37065125;-0.17639446
1521666403062;-0.14878833;-0.27978706;-0.4166069
1521666403072;0.039218903;-0.11554289;-0.4419651
1521666403082;0.17912513;0.069777966;-0.2684183
1521666403092;0.35093743;0.22107172;0.002995491
1521666403102;0.48645478;0.33728838;0.27661324
1521666403116;0.58497;0.35993814;0.40732193
1521666403132;0.5469842;0.43478727;0.48893642
1521666403141;0.5175348;0.47173023;0.5000572
1521666403151;0.5384177;0.5081067;0.4883728
1521666403171;0.54091144;0.40537214;0.43684006
1521666403182;0.47588748;0.35616112;0.38082218
1521666403191;0.4308441;0.34932327;0.22019672
1521666403205;0.3808989;0.31023598;0.061393738
1521666403222;0.31694883;0.2021079;-0.13518143
1521666403232;0.30355638;0.16844797;-0.1567421
1521666403241;0.22988385;0.11100292;-0.11725235
1521666403252;0.12100929;0.0063414574;-0.17381668
1521666403261;0.008204222;-0.05243349;-0.30221748
1521666403271;-0.03289908;-0.0019721985;-0.43056393
1521666403283;-0.088282704;0.0717082;-0.532711
1521666403301;-0.10158175;0.13109303;-0.24855328
1521666403312;-0.09922463;0.102157116;0.006093979
1521666403325;-0.06279957;0.13618565;0.20774364
1521666403335;-0.058277547;0.18279028;0.33100224
1521666403344;-0.20065784;0.13445902;0.46019745
1521666403361;-0.32934743;0.043388367;0.4926796
1521666403373;-0.46229327;-0.06481743;0.41233826
1521666403392;-0.44662672;-0.13419914;0.06249714
1521666403405;-0.4478386;-0.22449732;-0.03312111
1521666403413;-0.4027375;-0.22683811;-0.06868839
1521666403424;-0.31335002;-0.19547987;-0.030237198
1521666403434;-0.21532649;-0.16584921;-0.0018014908
1521666403472;-0.17762113;-0.2661314;-0.27895832
1521666403481;-0.16460419;-0.26047707;-0.28039837
1521666403491;-0.2219615;-0.3423519;-0.19404984
1521666403501;-0.2114309;-0.39420033;-0.20503616
1521666403511;-0.17772198;-0.42267656;-0.27475262
1521666403532;-0.18541527;-0.36758614;-0.6545377
1521666403541;-0.14594817;-0.3112254;-0.68775463
1521666403551;-0.07311094;-0.26536036;-0.5772047
1521666403562;0.09103751;-0.16033888;-0.25667477
1521666403572;0.20039964;-0.09294176;0.074887276
1521666403583;0.26868737;-0.022912025;0.38084888
1521666403592;0.27784157;-0.01943779;0.46106625
1521666403613;0.21772605;0.034519672;0.38424778
1521666403622;0.1788333;0.07428217;0.3776226
1521666403632;0.19740659;0.07730532;0.40796185
1521666403652;0.21045494;0.03961754;0.26013756
1521666403661;0.1973536;0.043170452;0.19771099
1521666403682;0.14428675;0.03794241;0.048965454
1521666403692;0.14649159;0.04972267;0.005531311
1521666403712;0.17415029;0.04034376;-0.03332901
1521666403721;0.15641767;0.050112247;-0.0681715
1521666403743;0.12727201;0.027756214;0.0709486
1521666403752;0.093842685;0.03333807;0.20158958
1521666403772;0.12247896;0.0020251274;0.28549576
1521666403781;0.097135544;-0.0025987625;0.21318054
1521666403792;0.037554502;-0.0152311325;0.09955692
1521666403801;0.009960115;-0.04407835;0.01747799
1521666403812;-0.011197388;-0.04352379;3.566742E-4
1521666403822;-0.05011618;-0.05510521;-0.14116383
1521666403832;-0.08896732;-0.05915928;-0.085326195
1521666403842;-0.092145324;-0.056466103;-0.035884857
1521666403852;-0.11251372;-0.07718468;-0.020274162
1521666403861;-0.08850902;-0.08318138;-0.004835129
1521666403884;-0.017781496;-0.07514143;-0.06477928
1521666403892;-0.022983551;-0.07176781;-0.07082844
1521666403902;-0.073982894;-0.087127686;-0.06993866
1521666403911;-0.045886576;-0.07073736;-0.123220444
1521666403931;-0.06728619;-0.06723118;-0.08345032
1521666403942;-0.06632978;-0.029521942;-0.052901268
1521666403952;-0.012656033;0.009809971;0.11140156
1521666403962;0.040808737;-0.003806591;0.20867157
1521666403971;0.070569634;-0.035903454;0.20687675
1521666403982;0.11318636;-0.002105236;0.15426731
1521666403992;0.09581691;-0.017139912;0.081890106
1521666404012;0.053595245;-0.025464535;0.09538078
1521666404023;0.04826063;0.006895542;0.08394432
1521666404042;0.056811154;0.09333229;0.15832901
1521666404053;0.074739635;0.0915575;0.10931206
1521666404066;0.07179099;0.10963583;0.1132803
1521666404083;0.07621467;0.092107296;0.12668991
1521666404093;0.031214654;0.062437534;0.1403799
1521666404104;0.027439952;0.05234289;0.21496582
1521666404118;0.020116925;0.05762911;0.2824602
1521666404123;0.041464984;0.035894394;0.2820568
1521666404135;0.08482772;0.03076744;0.1746254
1521666404153;0.05721563;0.017185211;-0.046795845
1521666404161;0.07853532;0.0029759407;-0.14842701
1521666404171;0.06333017;0.013415337;-0.13183975
1521666404182;0.06001681;-0.0041031837;-0.1407814
1521666404191;0.057819128;0.006942749;-0.16819859
1521666404201;0.047549248;8.535385E-5;-0.18962288
1521666404211;0.0151562095;-0.010409832;-0.2410078
1521666404221;0.0022993684;-0.04126835;-0.18592644
1521666404233;0.033706486;-0.012627125;-0.1846571
1521666404251;0.048234344;0.020998955;-0.2729206
1521666404262;0.024362862;0.008690357;-0.2106142
1521666404272;-0.012387931;-0.0050110817;-0.12255573
1521666404282;-0.013645649;0.015670776;-0.13792038
1521666404291;0.011285067;0.052871704;-0.044834137
1521666404302;-0.010135293;0.053845406;0.09920788
1521666404323;-0.03854364;0.04781866;0.19629192
1521666404332;-0.024013638;0.017325878;0.23121929
1521666404342;-0.04791671;0.017805576;0.33575726
1521666404352;-0.07126522;-0.0014328957;0.3269062
1521666404372;-0.037982225;-0.042363167;0.22501755
1521666404383;-0.01963979;-0.047876358;0.058049202
1521666404396;0.019821227;-0.04232931;-0.034295082
1521666404405;0.07905775;0.007423401;-0.051229477
1521666404414;0.105234265;0.025515556;-0.07095814
1521666404432;0.07969749;-0.034626007;-0.081869125
1521666404471;0.15197104;-0.06698036;-0.018323898
1521666404491;0.22384048;-0.022348404;0.052025795
1521666404502;0.24469167;0.014420509;0.082660675
1521666404511;0.22941977;0.06833172;0.062927246
1521666404522;0.14384437;0.058600903;0.015903473
1521666404531;0.02705878;0.03544426;0.015805244
1521666404542;-0.03633052;-0.0142297745;0.030229568
1521666404552;-0.08783203;-0.041054726;0.008687019
1521666404562;-0.059918582;-0.07898903;-0.047366142
1521666404572;-0.050342977;-0.07420492;-0.09489155
1521666404581;-0.04071486;-0.05920458;-0.10155487
1521666404594;-0.017508626;-0.04790306;-0.17168713
1521666404605;-0.03299743;-0.064222336;-0.16879463
1521666404614;-0.09954554;-0.11029863;-0.18270302
1521666404625;-0.20779169;-0.13028288;-0.15982628
1521666404642;-0.29740888;-0.12809181;-0.025475502
1521666404651;-0.32141942;-0.12809134;0.20882893
1521666404662;-0.31382632;-0.07383871;0.3137083
1521666404672;-0.32788157;-0.065015316;0.3085413
1521666404682;-0.36369914;-0.06281662;0.27745533
1521666404701;-0.28788906;-0.02551651;0.16184616
1521666404713;-0.17022169;-0.045683384;0.0258255
1521666404723;-0.11229259;-0.029583931;-0.03687191
1521666404731;-0.016183913;-0.0069556236;-0.057489395
1521666404742;0.035149157;0.04649067;-0.018278122
1521666404752;0.1408841;0.061518192;0.021987915
1521666404762;0.18576062;0.09567547;0.12081814
1521666404772;0.18632394;0.10588026;0.07839584
1521666404792;0.12228346;0.1423378;-0.10154915
1521666404804;0.093889534;0.123907566;-0.07316017
1521666404813;0.103860915;0.13888025;0.0072488785
1521666404823;0.11205155;0.13441849;0.051237106
1521666404834;0.16927826;0.15571213;0.23737144
1521666404846;0.17246479;0.16087961;0.26814175
1521666404855;0.14526695;0.12672758;0.22047806
1521666404863;0.15247536;0.11634159;0.21906948
1521666404875;0.14352697;0.09071779;0.114006996
1521666404888;0.11825889;0.068825245;0.10754967
1521666404894;0.12649518;0.035393238;0.12899876
1521666404912;0.13878417;-0.054313183;-0.13897133
1521666404922;0.10451853;-0.063229084;-0.1988802
1521666404932;0.075122;-0.052076817;-0.25683594
1521666404944;0.02934432;-0.056768417;-0.2697153
1521666404954;0.025238156;-0.034036636;-0.19576359
1521666404965;0.02831614;-0.014056206;-0.1810131
1521666404974;0.018467963;-0.009007454;-0.100839615
1521666404984;-0.0058846474;-0.016899109;-0.07585621
1521666405002;-0.077530205;-0.013347149;5.893707E-4
1521666405012;-0.17605287;-0.088225365;0.025810242
1521666405032;-0.27445072;-0.09291458;0.032165527
1521666405043;-0.23774207;-0.11428213;-0.036872864
1521666405054;-0.1347332;-0.083815575;-0.14388657
1521666405069;-0.10648179;-0.04786873;-0.20162582
1521666405074;-0.10762191;-0.06324148;-0.13741112
1521666405084;-0.09872681;-0.03863287;-0.1405487
1521666405095;-0.070212245;-0.030439377;-0.08049202
1521666405105;-0.07067287;-0.04244566;-0.055254936
1521666405119;-0.10102439;-0.073152065;0.033208847
1521666405143;-0.07812798;0.022887707;-0.015445709
1521666405152;-0.07571697;0.022918701;-0.015191078
1521666405162;-0.10042846;0.09043503;-0.030216217
1521666405171;-0.043644607;0.06687927;0.0049619675
1521666405182;-0.008167505;0.05824852;0.039751053
1521666405191;0.016343653;0.05578327;0.11048031
1521666405212;-0.037528753;0.032048702;0.0067682266
1521666405222;-0.0632624;0.021653652;-0.012233734
1521666405242;-0.085985124;0.040337086;0.09435654
1521666405253;-0.08029288;0.030992508;0.08955765
1521666405272;-0.06890243;-0.0071849823;0.088772774
1521666405288;-0.11302459;0.015857697;0.087721825
1521666405302;-0.05957961;0.01586914;-0.061886787
1521666405313;-0.041526914;0.029184341;-0.05389595
1521666405332;-0.010627389;0.07106781;-0.026571274
1521666405342;-0.005005121;0.0671649;0.020504951
1521666405354;0.004163027;0.04771185;0.06158638
1521666405365;0.029834867;0.036324978;0.042938232
1521666405374;0.008924246;0.0052638054;0.034136772
1521666405384;-0.004775405;0.0036110878;-0.04263687
1521666405394;-0.026410699;-0.024631023;-0.11803532
1521666405405;-0.055334806;-0.06702328;-0.10017681
1521666405413;-0.037294626;-0.059835434;-0.035985947
1521666405423;-0.009097457;-0.08809519;0.012335777
1521666405434;0.0020990372;-0.03587389;-0.006545067
1521666405444;0.004891634;-0.07232332;-0.011019707
1521666405491;0.012392163;-0.13614798;-0.26193047
1521666405511;0.075863004;-0.10340452;-0.28337193
1521666405531;0.22974342;-0.042317867;-0.21529007
1521666405541;0.18944293;-0.014737606;-0.15085983
1521666405551;0.18941945;-0.0186553;-0.021039963
1521666405563;0.14065003;0.035377026;0.055768967
1521666405571;0.16375846;0.042642593;0.018910408
1521666405582;0.202061;0.068247795;0.083717346
1521666405592;0.17017263;0.062253952;0.09076309
1521666405603;0.15975511;0.062506676;0.01999855
1521666405614;0.13567936;0.094566345;0.0046396255
1521666405624;0.11651814;0.05621195;0.079566
1521666405633;0.090975285;0.00436306;0.015750885
1521666405645;0.053198338;-0.035832405;-0.045539856
1521666405654;0.044832945;-0.015208721;-0.093468666
1521666405673;0.07131958;0.06771612;-0.11245537
1521666405692;0.0050733685;0.058519363;0.02677536
1521666405702;-0.020502448;0.07401228;0.06784153
1521666405713;-0.11045104;0.06080532;0.10293579
1521666405726;-0.18952847;0.023684502;0.1836443
1521666405735;-0.26210874;0.041764736;0.1781578
1521666405744;-0.25428241;0.045247555;0.20273018
1521666405762;-0.24112016;0.04567337;0.290246
1521666405772;-0.2898457;-0.04799986;0.35179615
1521666405783;-0.27296984;-0.08181763;0.43140602
1521666405792;-0.21956098;-0.06295586;0.44702148
1521666405804;-0.17418838;-0.03518963;0.30437183
1521666405822;-0.1511302;-0.060734272;-0.0947113
1521666405842;-0.11141837;-0.09405613;-0.43309307
1521666405853;-0.08681238;-0.09388256;-0.5207386
1521666405872;-0.05308783;-0.114655495;-0.4979782
1521666405892;0.06731194;-0.024411201;-0.32465363
1521666405902;0.076247215;0.004734993;-0.38909054
1521666405911;0.08725172;0.05632782;-0.40087605
1521666405922;0.09145254;0.043498516;-0.31841946
1521666405931;0.12650847;0.043843746;-0.1457243
1521666405941;0.1416251;0.03978777;0.014149666
1521666405952;0.1470496;0.030900955;0.041906357
1521666405972;0.020556033;0.004339695;0.2535982
1521666405992;0.03657812;-0.047124386;0.35686016
1521666406014;0.09678298;-0.04222679;0.2219038
1521666406022;0.095594764;-0.051705837;0.23350334
1521666406032;0.14271426;-0.07828331;0.15193939
1521666406052;0.1494025;-0.058444977;0.14946651
1521666406062;0.11759949;-0.049040318;0.08835697
1521666406072;0.1243307;-0.04442644;0.061985016
1521666406086;0.113088906;-0.006333828;-0.023023605
1521666406096;0.06759149;0.01974535;0.022396088
1521666406104;0.07234907;0.08171463;0.07740307
1521666406113;0.06651318;0.08766127;0.04133606
1521666406142;0.08649403;0.119057655;0.053632736
1521666406152;-0.016339898;0.05623865;0.012073517
1521666406163;-0.017521083;0.057929993;0.011151314
1521666406182;0.018721223;0.0069470406;-0.065398216
1521666406191;0.027659595;0.004827976;-0.14591694
1521666406203;0.06305343;0.0073227882;-0.13895321
1521666406212;0.093618155;-0.0027503967;-0.14065933
1521666406224;0.07327014;-0.027525902;-0.06741905
1521666406232;0.078838825;-0.015445709;-0.009032249
1521666406244;0.09619486;-0.001938343;1.4781952E-4
1521666406255;0.13366073;0.05167675;0.031136513
1521666406264;0.14583057;0.05353117;-0.0035943985
1521666406273;0.12495381;0.044562817;0.019208908
1521666406284;0.09237802;0.020506382;0.0154771805
1521666406293;0.06858605;0.0734725;0.095274925
1521666406303;0.07691461;0.09895992;0.11876488
1521666406313;0.07134336;0.09670687;0.19028568
1521666406324;0.08865827;0.12049627;0.23682117
1521666406337;0.10979968;0.13336611;0.24993038
1521666406352;0.09704918;0.14497423;0.24257374
1521666406363;0.06603867;0.08353233;0.2235012
1521666406372;0.037087202;0.05009222;0.15816689
1521666406382;0.010909259;0.009443283;0.13597775
1521666406392;0.009269834;-0.017706394;0.09573078
1521666406412;-0.023348153;-0.09482241;0.14057064
1521666406423;-0.01919192;-0.13176203;0.13467312
1521666406434;-0.008770585;-0.16521454;0.10969639
1521666406445;-0.0064611435;-0.17929149;0.082247734
1521666406492;-0.13969922;-0.15493011;-0.2053976
1521666406501;-0.13481468;-0.10956192;-0.1284113
1521666406511;-0.13901508;-0.09533501;-0.05998516
1521666406523;-0.14019811;-0.035838604;-0.08129215
1521666406532;-0.10514146;0.01710558;-0.107087135
1521666406542;-0.07439923;0.033707142;-0.18530941
1521666406552;-0.08013719;0.079211235;-0.21218872
1521666406562;-0.06831771;0.09758997;-0.20338821
1521666406572;-0.05026114;0.092197895;-0.112158775
1521666406591;-0.027728438;0.07663679;-0.02933979
1521666406603;0.014796019;0.111795425;0.0845232
1521666406622;-0.0138142705;0.05896473;0.23437881
1521666406633;-0.01476562;0.027719498;0.21451569
1521666406652;0.034959078;0.011002064;0.09517765
1521666406662;-0.034140587;-0.02214384;0.0058116913
1521666406673;-0.031194568;-0.059841633;0.0348711
1521666406684;-0.030822694;-0.059872627;0.034921646
1521666406693;-0.0279755;-0.045339108;0.04075718
1521666406704;0.01099968;-0.059823513;0.025083542
1521666406718;0.04720527;-0.059052944;0.05142021
1521666406723;0.04416412;-0.059787273;0.051473618
1521666406736;0.052237988;-0.05230856;-0.03814411
1521666406744;0.029200077;-0.0030536652;-0.12280178
1521666406755;0.028384566;0.028113842;-0.1426878
1521666406772;0.056202352;0.068614006;-0.041787148
1521666406792;0.0020218492;0.036239624;0.13795662
1521666406803;0.018350184;0.06770468;0.072999954
1521666406813;-0.018192232;0.049238205;0.021705627
1521666406825;-0.06257278;0.01611805;-0.013839722
1521666406835;-0.04720217;0.009109974;-0.10316181
1521666406843;-0.058533728;0.019715786;-0.11693859
1521666406857;-0.030169666;0.011292458;-0.116503716
1521666406864;0.008319199;0.018679142;-0.052797318
1521666406883;0.011055648;-0.032433033;0.044146538
1521666406902;0.03322375;0.029779911;-0.06437397
1521666406912;0.021615744;0.053626537;-0.03271866
1521666406924;0.061124325;0.058622837;0.008228302
1521666406932;0.12195903;0.08549261;0.053788185
1521666406946;0.14712578;0.11294222;0.12663555
1521666406953;0.13642257;0.11959648;0.28412533
1521666406972;0.059342563;0.08708906;0.3800106
1521666406982;0.044730008;0.09166527;0.3084793
1521666406992;0.049048603;0.07548952;0.22102928
1521666407003;0.10894096;0.10429478;0.13073063
1521666407012;0.19450945;0.10784769;0.10803032
1521666407022;0.26764452;0.10993767;0.063863754
1521666407032;0.34447703;0.1781416;0.004020691
1521666407042;0.35115853;0.18671131;-0.040315628
1521666407056;0.40554172;0.26956892;-0.12539768
1521666407064;0.49727866;0.34866047;-0.1949215
1521666407075;0.57248366;0.39968204;-0.101584435
1521666407084;0.5814778;0.45965528;-0.024961472
1521666407102;0.5355065;0.47865915;-0.07596111
1521666407113;0.42818028;0.44379568;-0.07779789
1521666407127;0.2738393;0.38158655;0.017335892
1521666407133;0.1904388;0.33995724;0.096476555
1521666407152;-0.042465985;0.24184561;0.306221
1521666407162;-0.088495314;0.29284716;0.35965157
1521666407172;-0.01280421;0.3130107;0.46628094
1521666407183;0.16444701;0.3082528;0.55183506
1521666407192;0.23276871;0.29830313;0.53560257
1521666407202;0.37871978;0.26498842;0.47140598
1521666407212;0.5204613;0.18199539;0.42218876
1521666407224;0.5584106;0.07281065;0.41511726
1521666407234;0.5142399;-0.023497105;0.27160072
1521666407244;0.38964796;-0.11810112;0.07811165
1521666407253;0.22057623;-0.2137518;-0.07547569
1521666407264;0.06720251;-0.29966974;-0.17127609
1521666407274;-0.06039214;-0.41887546;-0.37217712
1521666407283;-0.22889566;-0.53171206;-0.51912594
1521666407295;-0.34165752;-0.5936036;-0.65539074
1521666407312;-0.54494464;-0.56449056;-0.8094101
1521666407324;-0.5677484;-0.53327775;-0.63940334
1521666407342;-0.5593878;-0.4817872;-0.3119974
1521666407355;-0.5437492;-0.39890838;-0.17442608
1521666407364;-0.56181514;-0.34054947;-0.06863308
1521666407373;-0.52198625;-0.30797195;0.10963726
1521666407385;-0.49180913;-0.3044219;0.29327774
1521666407394;-0.49112356;-0.28903627;0.55410385
1521666407413;-0.57993853;-0.30198765;0.79692364
1521666407433;-0.69469917;-0.39079785;0.8243427
1521666407442;-0.70095026;-0.41901898;0.7716503
1521666407452;-0.7150825;-0.421453;0.64111614
1521666407501;-0.75669205;-0.3456447;-0.11166477
1521666407511;-0.6124822;-0.35706878;-0.011227608
1521666407521;-0.62960684;-0.3651359;-0.008534431
1521666407531;-0.70290315;-0.32835674;-0.012497902
1521666407542;-0.70301974;-0.3049655;-0.08738518
1521666407551;-0.58174944;-0.1982603;-0.3228016
1521666407562;-0.42814362;-0.08546209;-0.5120287
1521666407571;-0.33000696;-0.008545399;-0.57646656
1521666407582;-0.27373743;0.06980705;-0.6950817
1521666407595;-0.23436141;0.1308279;-0.77713156
1521666407605;-0.20978141;0.19679403;-0.7404432
1521666407613;-0.2041856;0.19638538;-0.67518616
1521666407625;-0.2126267;0.16517496;-0.5392666
1521666407633;-0.2034738;0.15256166;-0.41475487
1521666407643;-0.18852675;0.15926647;-0.3469429
1521666407654;-0.11790526;0.16155577;-0.2491417
1521666407665;0.042168975;0.12502766;-0.24356174
1521666407674;0.086791635;0.09442663;-0.20477772
1521666407686;0.14452589;0.100230694;-0.22155952
1521666407694;0.19795513;0.10754061;-0.28771973
1521666407712;0.3498156;0.12465334;-0.31463337
1521666407723;0.5148891;0.11761427;-0.21104908
1521666407742;0.5569842;0.072384834;-0.058214188
1521666407752;0.532987;0.046453;-0.054169655
1521666407763;0.5226611;0.047461033;0.004501343
1521666407775;0.5125401;0.033158302;0.10714054
1521666407786;0.5290265;0.019702911;0.12537289
1521666407795;0.5200497;0.028585434;0.15248394
1521666407804;0.5065627;0.02679205;0.1506443
1521666407814;0.4609604;0.020393372;0.069768906
1521666407824;0.37898993;0.031986237;-0.016942978
1521666407833;0.36722672;0.030407429;-0.01848507
1521666407847;0.2614081;-0.017372131;0.067233086
1521666407856;0.19744611;-0.003973961;0.15347767
1521666407864;0.08887029;-0.022987366;0.19624996
1521666407875;-0.024490356;-0.048288822;0.16362667
1521666407884;-0.04196906;-0.06727171;0.17704773
1521666407894;-0.16606605;-0.113162994;0.060725212
1521666407912;-0.18966699;-0.16996431;-0.18444443
1521666407932;-0.1539923;-0.15738201;-0.27653027
1521666407942;-0.10842252;-0.16232014;-0.26620197
1521666407955;-0.057075977;-0.13294601;-0.25870705
1521666407965;-0.01896882;-0.09090376;-0.2683363
1521666407974;-0.06604743;-0.06367874;-0.32603168
1521666407983;-0.11933231;-0.0653944;-0.34095
1521666407995;-0.196141;-0.042248726;-0.29878998
1521666408005;-0.22088599;-0.042108536;-0.19137573
1521666408024;-0.26902246;-0.036320686;-0.06508732
1521666408032;-0.26941347;-0.04438448;0.0046138763
1521666408042;-0.30233145;-0.026985168;0.019275665
1521666408052;-0.32671595;-0.04677534;0.03303337
1521666408067;-0.32218385;-0.04370737;0.0936842
1521666408075;-0.29704082;-0.032445908;0.088638306
1521666408085;-0.31903338;-0.019176483;0.009708405
1521666408093;-0.3514943;-0.013665676;-0.01957035
1521666408103;-0.5192106;-0.0069093704;-0.00554657
1521666408113;-0.6111351;0.006185055;0.021761894
1521666408129;-0.67026734;0.0088272095;0.10668945
1521666408136;-0.68241334;0.06701708;0.18926907
1521666408151;-0.64972174;0.13538742;0.18606949
1521666408162;-0.2772616;0.13480139;0.19055271
1521666408171;-0.12453592;0.086773396;0.2919979
1521666408182;-0.070837855;-0.03216505;0.34650326
1521666408192;-0.100176215;-0.12773657;0.3802662
1521666408211;-0.21342528;-0.20232058;0.28855038
1521666408222;-0.2636553;-0.2595458;0.21454811
1521666408231;-0.20836306;-0.2842822;0.11273861
1521666408242;-0.17152607;-0.28279257;0.12318325
1521666408263;0.023983836;-0.41039228;0.020202637
1521666408273;0.09626901;-0.39513898;-0.004422188
1521666408292;0.35391593;-0.29785156;-0.14003944
1521666408302;0.53063273;-0.10493803;-0.3442135
1521666408311;0.61240065;-0.027744293;-0.3758974
1521666408332;0.81547433;0.3820529;-0.85467386
1521666408342;0.85037506;0.44425392;-0.593173
1521666408353;0.8746292;0.44964743;-0.4834442
1521666408364;0.9437273;0.44434118;-0.27484417
1521666408373;0.8834511;0.4420228;-0.08859348
1521666408385;0.8105504;0.552722;0.08682728
1521666408394;0.68768823;0.6223316;0.27376938
1521666408404;0.52993536;0.58433104;0.3890524
1521666408417;0.33080637;0.44587326;0.48066044
1521666408432;0.04852724;0.23088121;0.4003477
1521666408443;-0.22688115;0.090693474;0.39100742
1521666408483;-0.36069894;-0.3059337;0.33594894
1521666408491;-0.36011994;-0.35578895;0.21928978
1521666408502;-0.31523395;-0.430897;0.088727
1521666408511;-0.24603009;-0.4458413;-0.09540081
1521666408521;-0.13654935;-0.38665938;-0.22328377
1521666408531;-0.106226325;-0.3978932;-0.28086567
1521666408542;0.0057986975;-0.31133127;-0.35595322
1521666408552;0.10532546;-0.1920929;-0.40057087
1521666408572;0.2803172;0.027187824;-0.31298065
1521666408582;0.37664247;0.086502075;-0.249897
1521666408593;0.4717855;0.14652205;-0.1861372
1521666408604;0.5149958;0.22291803;-0.11445522
1521666408614;0.5298001;0.25914812;1.3160706E-4
1521666408632;0.4614216;0.34872007;0.100333214
1521666408642;0.414401;0.30643463;0.14517307
1521666408652;0.32725728;0.2479229;0.13298416
1521666408662;0.27047384;0.23145151;0.11140919
1521666408673;0.17604983;0.1940093;0.17842293
1521666408683;0.13223588;0.14653683;0.19262981
1521666408695;0.03884518;0.07898188;0.16149521
1521666408706;0.06328678;0.057826996;0.13075352
1521666408722;0.0149611235;-0.029646873;0.12115097
1521666408732;0.0292449;-0.05740547;0.08123207
1521666408752;-0.02018559;-0.07381678;0.043639183
1521666408763;-0.028282642;-0.06371212;-0.0736475
1521666408773;-0.055552244;-0.055998802;-0.05686283
1521666408783;-0.022286654;-0.041981697;-0.11332893
1521666408794;0.03884816;-0.010861397;-0.058753014
1521666408806;0.08597219;0.031594276;-0.029712677
1521666408813;0.080672026;0.032239914;-0.030773163
1521666408824;0.1697501;0.062787056;0.010055542
1521666408833;0.17164242;0.0625;4.930496E-4
1521666408844;0.1271137;0.056008816;-0.10588646
1521666408853;0.051041245;0.05134058;-0.13047218
1521666408866;0.042270064;0.053604126;-0.11419392
1521666408873;0.049907684;0.051884174;-0.021743774
1521666408896;0.06401265;0.05287981;0.10275364
1521666408913;0.011217713;0.04318428;0.22322369
1521666408932;-0.07578015;-0.023768425;0.19135666
1521666408941;-0.093639374;-0.04807949;0.25246716
1521666408982;-0.052088022;-0.10706568;0.114486694
1521666408992;-0.04697156;-0.10297537;-0.0012454987
1521666409001;-0.046643138;-0.12007713;0.031287193
1521666409012;0.02525258;-0.12701035;0.034765244
1521666409021;0.101959586;-0.12941504;0.0645504
1521666409031;0.18025458;-0.095579624;-0.06336117
1521666409042;0.23071128;-0.039218903;-0.27920628
1521666409052;0.23594636;-0.003285408;-0.39159775
1521666409064;0.2486965;0.045796394;-0.39530945
1521666409082;0.35877866;0.08420181;-0.15685368
1521666409092;0.47637212;0.14504719;-0.097374916
1521666409104;0.51698434;0.17354059;-0.063046455
1521666409114;0.56219596;0.23706102;-0.07915306
1521666409131;0.59922075;0.3429284;-0.03151226
1521666409142;0.6220029;0.40268183;0.16762352
1521666409152;0.5188199;0.38451004;0.3309002
1521666409162;0.43214625;0.35185003;0.3519287
1521666409172;0.3117118;0.3349929;0.49401855
1521666409182;0.14569736;0.2903056;0.6013651
1521666409191;0.03894776;0.21705818;0.7121115
1521666409201;-0.08624476;0.14567757;0.84455776
1521666409213;-0.20198876;0.06335497;0.8148041
1521666409223;-0.30130047;0.019028187;0.7001047
1521666409242;-0.4516816;-0.10197735;0.30531502
1521666409262;-0.51661515;-0.16775894;-0.053725243
1521666409272;-0.5643854;-0.19926739;-0.2240448
1521666409292;-0.48952377;-0.22725964;-0.2795925
1521666409312;-0.4391017;-0.16921377;-0.23953915
1521666409323;-0.39168608;-0.18630695;-0.21166706
1521666409332;-0.27671647;-0.16572905;-0.363101
1521666409343;-0.279832;-0.12031889;-0.37319565
1521666409362;-0.27233195;-0.057456493;-0.28697777
1521666409373;-0.27024686;-0.023357868;-0.16850471
1521666409383;-0.24504566;-0.025275707;-0.12012005
1521666409394;-0.24458528;-0.0049567223;0.035553932
1521666409405;-0.25453663;-0.010686398;0.21970463
1521666409414;-0.25762856;-0.027220726;0.3272152
1521666409425;-0.26787376;-0.053468227;0.3186922
1521666409434;-0.29391456;-0.05778694;0.24967384
1521666409444;-0.293509;-0.079817295;0.22802448
1521666409454;-0.26750112;-0.076328754;0.18412685
1521666409502;0.122431755;-0.13418913;-0.20507145
1521666409512;0.16606152;-0.14650297;-0.14896107
1521666409522;0.22895205;-0.16364431;-0.12353134
1521666409531;0.24540496;-0.14930487;-0.20257378
1521666409542;0.29223597;-0.06260586;-0.3723631
1521666409551;0.34986746;-0.016433239;-0.49511814
1521666409562;0.4810233;0.07559061;-0.6608181
1521666409572;0.5605824;0.17474413;-0.7251196
1521666409582;0.6106613;0.27364445;-0.6443372
1521666409591;0.5705892;0.29573584;-0.52737236
1521666409602;0.43262923;0.33095074;-0.45183563
1521666409611;0.36177784;0.35274982;-0.30015564
1521666409621;0.26007473;0.34686756;-0.061580658
1521666409632;0.19259918;0.33171606;0.06739044
1521666409651;-0.036667943;0.21503067;0.328887
1521666409661;-0.1425618;0.11786318;0.44361687
1521666409671;-0.17908704;0.05188942;0.37190056
1521666409682;-0.2139628;-0.015695572;0.37503433
1521666409694;-0.25471997;-0.077153206;0.4225788
1521666409706;-0.27394366;-0.1506548;0.349432
1521666409722;-0.3700328;-0.20532131;0.14992332
1521666409731;-0.39653456;-0.19196844;0.08042717
1521666409742;-0.39608884;-0.23516226;0.07084942
1521666409752;-0.38415253;-0.19354963;0.048135757
1521666409763;-0.38199627;-0.21196079;0.037457466
1521666409774;-0.36191237;-0.23420191;0.04725361
1521666409792;-0.37883198;-0.20056581;-0.105249405
1521666409802;-0.38353503;-0.15491056;-0.1279602
1521666409812;-0.3659271;-0.16158772;-0.12677383
1521666409823;-0.3842405;-0.15102291;-0.06238556
1521666409832;-0.3747958;-0.15336514;-0.017429352
1521666409841;-0.3337947;-0.16457129;-0.08486366
1521666409853;-0.30569816;-0.16339064;-0.08739662
1521666409866;-0.25722528;-0.16667652;-0.10402107
1521666409875;-0.18709445;-0.16893673;-0.19016361
1521666409884;-0.07701719;-0.1557684;-0.17699814
1521666409894;-0.002900362;-0.08287048;-0.18192387
1521666409915;0.09194231;-0.047832012;-0.2639799
1521666409922;0.16246676;-0.029477596;-0.2561636
1521666409932;0.23300278;0.016431808;-0.19966984
1521666409952;0.41075385;0.09639549;0.012178421
1521666409965;0.49170232;0.0900259;0.1173172
1521666409975;0.6169001;0.19717455;0.18646908
1521666409984;0.6448887;0.2887969;0.17101955
1521666409993;0.6303515;0.28545284;0.17050076
1521666410006;0.68072796;0.29555416;0.23241043
1521666410022;0.6377529;0.33446693;0.2556467
1521666410034;0.57052726;0.32260513;0.37809372
1521666410052;0.3955474;0.28747368;0.55801964
1521666410072;0.19519556;0.23317528;0.39734554
1521666410085;0.14750493;0.21488285;0.3113718
1521666410093;-0.03387189;0.17455149;-0.07722473
1521666410103;-0.081519365;0.1979394;-0.17158985
1521666410115;-0.09925473;0.1645093;-0.10228157
1521666410132;-0.09603226;0.117816925;0.03444004
1521666410151;-0.23984337;0.06780958;0.085811615
1521666410162;-0.28651607;-0.002676487;0.08957195
1521666410171;-0.3376665;-0.0331769;0.024045944
1521666410192;-0.48563564;-0.109509945;-0.023402214
1521666410203;-0.53256655;-0.16875505;-0.065096855
1521666410212;-0.59375834;-0.21309423;-0.068546295
1521666410222;-0.62506473;-0.25538826;-0.07941723
1521666410231;-0.6351297;-0.2799363;-0.11079788
1521666410252;-0.66582716;-0.28559875;-0.10367775
1521666410262;-0.6390364;-0.3027773;-0.12757397
1521666410271;-0.6100832;-0.28141785;-0.19205284
1521666410282;-0.60359323;-0.27587557;-0.1557045
1521666410292;-0.61985946;-0.29776764;-0.2248764
1521666410312;-0.5417675;-0.2793913;-0.19548321
1521666410324;-0.4686594;-0.22839022;-0.18686771
1521666410342;-0.27369416;-0.17953682;-0.19114971
1521666410352;-0.22597528;-0.15146446;-0.15992832
1521666410365;-0.16218066;-0.19918966;-0.21264076
1521666410373;-0.13177454;-0.18570995;-0.23450279
1521666410384;-0.11845434;-0.20118713;-0.22802353
1521666410393;-0.092754245;-0.20731306;-0.22681713
1521666410412;0.13683605;-0.15701962;-0.028098106
1521666410423;0.18105996;-0.16917086;-0.1027441
1521666410442;0.29539132;-0.11298323;-0.09667969
1521666410482;0.65665394;0.07147169;0.014576912
1521666410493;0.6357818;0.07974863;-0.015459061
1521666410502;0.5993964;0.09102535;-0.091828346
1521666410512;0.6384343;0.1381402;-0.1453867
1521666410523;0.6544479;0.1910758;-0.27189827
1521666410543;0.5941496;0.17772865;-0.33660698
1521666410551;0.5785563;0.19950342;-0.24549198
1521666410562;0.61519295;0.23783445;-0.14317036
1521666410571;0.5746157;0.28867197;-0.09884739
1521666410582;0.55342054;0.2869749;-0.101389885
1521666410592;0.6017258;0.25286055;0.01099968
1521666410603;0.57553923;0.31130219;-0.013179779
1521666410612;0.51144975;0.34305668;-0.0030879974
1521666410622;0.48438972;0.32577658;0.019235611
1521666410633;0.47266412;0.28865433;0.06309223
1521666410643;0.4747975;0.2712965;0.13076878
1521666410653;0.5217937;0.2697482;0.11828518
1521666410672;0.44188982;0.2723565;0.008466721
1521666410682;0.38621438;0.27581263;0.041779518
1521666410695;0.31325758;0.261878;0.10796261
1521666410704;0.26463217;0.24167585;0.26796532
1521666410712;0.13990456;0.20297194;0.3639183
1521666410723;-0.020756245;0.13225842;0.473876
1521666410733;-0.14417398;0.06624079;0.60285187
1521666410743;-0.261971;-0.004034519;0.6888342
1521666410753;-0.381768;-0.03664255;0.7132511
1521666410772;-0.56676424;-0.12345886;0.4197874
1521666410783;-0.6218127;-0.16651344;0.24170208
1521666410792;-0.58611035;-0.16096115;0.09526348
1521666410803;-0.54405034;-0.16511679;-0.06885719
1521666410814;-0.49281752;-0.1736126;-0.11340046
1521666410825;-0.46343815;-0.13410378;-0.15802574
1521666410834;-0.3636365;-0.08442259;-0.19874859
1521666410852;-0.15784597;-0.023652554;-0.26867485
1521666410862;-0.08159685;0.0056324005;-0.3183422
1521666410882;0.041407466;0.051733494;-0.30727196
1521666410892;0.07453525;0.11257172;-0.29722214
1521666410904;0.06746125;0.14737082;-0.14561558
1521666410913;0.07989216;0.14178562;0.072099686
1521666410932;0.026115894;0.1116004;0.33198643
1521666410942;-0.017956495;0.08624077;0.349267
1521666410952;-0.22973096;0.02160263;0.30512524
1521666410962;-0.31588936;-0.019036293;0.30125523
1521666410972;-0.34403777;-0.071418285;0.3219328
1521666410982;-0.36997223;-0.13627338;0.27343178
1521666411003;-0.35436666;-0.2204566;0.06852722
1521666411012;-0.3441081;-0.22840118;-0.07009792
1521666411023;-0.22854662;-0.27075052;-0.1226902
1521666411043;-0.042285323;-0.26975155;-0.1296072
1521666411053;0.054847836;-0.24889326;-0.19132614
1521666411064;0.076925874;-0.26008224;-0.21093273
1521666411075;0.20153415;-0.20948839;-0.26642895
1521666411086;0.23947418;-0.16363621;-0.27310467
1521666411096;0.27107328;-0.12445593;-0.24675846
1521666411104;0.31979078;-0.12489891;-0.20795059
1521666411114;0.34193492;-0.09876156;-0.17491817
1521666411132;0.47910988;0.080899715;-0.096141815
1521666411153;0.5568441;0.23803902;-0.081357
1521666411162;0.55850077;0.30438423;-0.026454926
1521666411173;0.54966664;0.34034395;0.045357704
1521666411193;0.47784555;0.42075253;0.07092953
1521666411212;0.35475552;0.3702216;0.17868614
1521666411233;0.21195364;0.31807852;0.07769966
1521666411242;0.17038137;0.23996258;0.097076416
1521666411253;0.12937587;0.204525;0.08871651
1521666411272;0.14043444;0.13788176;-1.783371E-4
1521666411281;0.05751872;0.03250742;0.03131962
1521666411292;-0.05887115;-0.069042206;-0.092577934
1521666411303;-0.23096943;-0.16194296;-0.16301155
1521666411316;-0.33695173;-0.21030426;-0.16288185
1521666411325;-0.39906;-0.26657772;-0.16613674
1521666411342;-0.5138347;-0.38604927;-0.21053791
1521666411352;-0.5489402;-0.36228943;-0.14922523
1521666411363;-0.5024067;-0.28437614;-0.04406452
1521666411382;-0.31142056;-0.2543168;0.14735031
1521666411394;-0.253847;-0.23602772;0.12952042
1521666411404;-0.25630212;-0.19591045;0.11288357
1521666411422;-0.22940242;-0.15844536;0.051463127
1521666411432;-0.19811594;-0.16746569;0.015032768
1521666411444;-0.13696754;-0.12680435;0.021847725
1521666411453;-0.10034561;-0.08679342;0.069467545
1521666411511;0.15329635;0.12439203;-0.029860497
1521666411531;0.1692245;0.16721249;-0.045329094
1521666411542;0.08301759;0.1816082;-0.03131008
1521666411552;0.15132606;0.17267275;0.024770737
1521666411563;0.21222162;0.18082857;0.02605915
1521666411572;0.22053951;0.19455862;-0.02987957
1521666411581;0.22274548;0.19691896;-0.053027153
1521666411591;0.17367494;0.19726992;0.050540924
1521666411602;0.14282537;0.17445469;0.06155014
1521666411611;0.09955859;0.15208006;-0.0028295517
1521666411632;-0.081911564;0.005887985;0.110001564
1521666411642;-0.16164649;-0.06415892;0.1757536
1521666411653;-0.22117317;-0.127172;0.09089184
1521666411673;-0.320351;-0.18390608;-0.08710194
1521666411682;-0.31891513;-0.2263813;-0.13519001
1521666411692;-0.32046092;-0.26001215;-0.07346916
1521666411702;-0.26380658;-0.2601695;0.024679184
1521666411712;-0.23102725;-0.28453445;0.05513382
1521666411721;-0.21880317;-0.28538227;-0.015408516
1521666411743;-0.11368668;-0.2147417;-0.15421581
1521666411752;-0.017400742;-0.15096521;-0.14953041
1521666411762;0.03496933;-0.14862871;-0.14611816
1521666411773;0.20508087;-0.06163454;-0.015511513
1521666411783;0.2610945;-0.038443565;0.10006428
1521666411793;0.30108142;0.039179802;0.13268375
1521666411804;0.3212278;0.07082176;0.067474365
1521666411822;0.329539;0.13430738;0.10469246
1521666411834;0.3110863;0.16046238;0.017730713
1521666411844;0.30853605;0.16719723;-8.0394745E-4
1521666411853;0.29843116;0.20030832;0.095519066
1521666411864;0.34437937;0.25103617;0.04715252
1521666411874;0.3664577;0.2986169;-0.017559052
1521666411884;0.32883114;0.29981422;-0.069794655
1521666411893;0.30213577;0.31489992;-0.11217117
1521666411903;0.28331906;0.312963;-0.102832794
1521666411928;0.18524581;0.2646718;0.037947655
1521666411942;-0.0018978119;0.11175394;-0.10161495
1521666411951;-0.07603836;0.0667367;-0.0785265
1521666411962;-0.08832061;0.009412289;-0.109669685
1521666411972;-0.1128006;-0.04200697;-0.055103302
1521666411984;-0.065834045;-0.037904263;-0.08033085
1521666411993;-0.18308854;-0.11845875;0.040981293
1521666412006;-0.22550225;-0.15284157;0.12609291
1521666412015;-0.28816724;-0.20614386;0.17397976
1521666412025;-0.31915665;-0.24802351;0.14083481
1521666412043;-0.4013716;-0.2881465;0.09198475
1521666412053;-0.4094758;-0.28334236;0.026856422
1521666412072;-0.31570423;-0.2244916;0.055233955
1521666412084;-0.28382766;-0.20621157;0.06583309
1521666412093;-0.1962924;-0.19148397;0.012891769
1521666412106;-0.16605365;-0.15812922;-0.0385437
1521666412115;-0.12599647;-0.13171673;-0.10036659
1521666412137;-0.03304434;-0.051115513;-0.16232395
1521666412150;0.018604517;-0.032277584;-0.14840889
1521666412161;0.01743853;-0.0312891;-0.14909172
1521666412172;0.17584944;0.058116913;-0.017318726
1521666412182;0.19118321;0.09355974;0.03517437
1521666412192;0.20986623;0.08577585;0.0134887695
1521666412202;0.19476575;0.11076307;-0.056913376
1521666412212;0.19728357;0.14463139;-0.020290375
1521666412222;0.15782428;0.09806061;0.076304436
1521666412233;0.1940152;0.09976721;0.032502174
1521666412242;0.21242923;0.15525866;-0.011230469
1521666412262;0.18454474;0.15250158;-0.055844307
1521666412271;0.18244022;0.15222216;-0.05596924
1521666412282;0.20913404;0.15555;0.023955345
1521666412291;0.19694239;0.086081505;0.100097656
1521666412302;0.12846744;0.043294907;0.07325649
1521666412312;0.059702992;0.03229475;0.037955284
1521666412321;0.018976688;0.02251196;0.035183907
1521666412335;-0.024085283;-8.201599E-4;-0.014063835
1521666412346;-0.026073933;-0.017597675;-0.08567238
1521666412356;-0.022526026;-0.020125866;-0.19797707
1521666412372;-0.030143261;-0.022346973;-0.10284138
1521666412382;-0.026011229;-0.049729347;0.006011009
1521666412393;-0.08961129;-0.061825275;0.02824688
1521666412403;-0.117658734;-0.094231606;0.029024124
1521666412415;-0.14416671;-0.107868195;-0.021425247
1521666412425;-0.15237856;-0.1119895;0.023817062
1521666412442;-0.115746975;-0.081309795;0.0037441254
1521666412452;-0.13885283;-0.07180452;0.086987495
1521666412463;-0.0930841;-0.07368088;0.15907478
1521666412492;-0.08910704;-0.10041571;0.030261993
1521666412511;-0.18403733;-0.09290409;-0.05350399
1521666412532;-0.07164192;-0.035089493;-0.036026
1521666412541;-0.06610882;0.017490387;0.035259247
1521666412551;-0.054691434;-7.9488754E-4;0.093491554
1521666412562;-0.07687199;0.013743401;0.12933254
1521666412571;-0.071859956;0.017878056;0.051836967
1521666412582;-0.045984864;0.006363392;-0.011751175
1521666412593;-0.040793538;0.033946514;-0.0584116
1521666412611;0.07818508;0.060174942;0.013215065
1521666412622;0.12046158;0.0706296;0.06579018
1521666412631;0.14025152;0.06778288;-0.018000603
1521666412642;0.15362322;0.043097973;-0.050065994
1521666412662;0.08698976;0.0446887;-0.024612427
1521666412672;0.05837488;0.016169548;0.019429207
1521666412683;0.054315925;0.007167816;0.033276558
1521666412693;0.06743324;0.032012463;0.05418682
1521666412704;0.047026515;0.018671036;0.16003036
1521666412722;0.044195414;0.06319761;0.03816223
1521666412733;0.04301679;0.050270557;0.09310436
1521666412742;0.046325922;0.0038862228;0.14797592
1521666412753;0.055292726;0.0017766953;0.10106087
1521666412763;0.06656134;0.006356716;0.013845444
1521666412773;0.02971232;0.040229797;-0.047772408
1521666412783;0.028732419;0.027059555;-0.08047962
1521666412794;0.0805552;0.011409283;-0.009131432
1521666412804;0.1348511;0.04499817;0.094306946
1521666412813;0.1688168;0.05467224;0.11138821
1521666412825;0.14425433;0.053619385;0.11529255
1521666412833;0.132918;0.041727543;0.057146072
1521666412844;0.06873214;0.06673622;0.06627941
1521666412854;0.058522582;0.04717636;0.027691841
1521666412864;0.055939198;0.057378292;0.044154167
1521666412874;0.06337941;0.051507473;0.02727127
1521666412885;0.07463753;0.021852493;0.05223465
1521666412893;0.06271827;0.041559696;0.07475567
1521666412913;0.048239946;0.070272446;-0.030788422
1521666412922;0.058802962;0.08854914;-0.047527313
1521666412932;0.043825984;0.055077553;-0.040228844
1521666412944;0.014395237;0.027442932;0.059311867
1521666412954;-0.023971438;0.036744118;0.033335686
1521666412965;-0.061091304;0.0015535355;-0.047437668
1521666412974;-0.08356905;0.0214715;-0.03362465
1521666412985;-0.05027497;0.04882431;0.0111169815
1521666412993;-0.005497813;0.042900085;0.06404877
1521666413005;0.023831964;0.06332779;0.039177895
1521666413013;-0.00277102;0.052772045;0.06455326
1521666413025;-0.024319649;0.0653162;0.09336853
1521666413033;-0.04319489;0.032359123;0.158144
1521666413044;-0.02927494;0.029266357;0.13323307
1521666413063;-0.07307339;0.042850494;0.11160755
1521666413073;-0.11781168;-0.014426231;0.021354675
1521666413093;-0.05139339;-0.07914448;0.0037755966
1521666413112;0.06697118;-0.113848686;-0.105075836
1521666413123;0.11460841;-0.1227088;-0.11209965
1521666413133;0.14280903;-0.14779043;-0.10285473
1521666413142;0.22171211;-0.1714654;-0.13812065
1521666413152;0.24276513;-0.16529894;-0.23564148
1521666413161;0.19810009;-0.17018986;-0.24457741
1521666413171;0.1607846;-0.09498024;-0.4247818
1521666413182;0.16554582;-0.04267931;-0.47336102
1521666413191;0.16103017;0.018269539;-0.37033653
1521666413201;0.16947496;0.038329124;-0.32806396
1521666413212;0.23547608;0.124955654;-0.20611286
1521666413222;0.16840053;0.24647665;-0.06991577
1521666413232;0.10122383;0.2758422;-0.1131382
1521666413252;-0.052990794;0.280622;-0.16817474
1521666413263;-0.20348859;0.21889973;0.075240135
1521666413271;-0.23960662;0.19076347;0.13148212
1521666413282;-0.36273634;0.108017445;0.22136784
1521666413311;-0.5552927;-0.08881521;0.17635345
1521666413321;-0.5233234;-0.13646364;0.18744946
1521666413332;-0.5065893;-0.21334267;0.20484447
1521666413342;-0.52160776;-0.27500725;0.15500164
1521666413354;-0.4602816;-0.30312014;0.12157631
1521666413373;-0.34270322;-0.34896183;-0.1002388
1521666413384;-0.27944458;-0.37920094;-0.17856884
1521666413393;-0.18650973;-0.37252712;-0.26792526
1521666413412;-0.019343376;-0.24688578;-0.21272373
1521666413425;0.11166179;-0.17877245;-0.24337673
1521666413442;0.30832285;0.067313194;-0.20654392
1521666413453;0.35118484;0.2029314;-0.116075516
1521666413463;0.40622765;0.27420998;-0.03485012
1521666413513;0.29809242;0.25366974;0.061405182
1521666413523;0.22063899;0.19225693;0.024398804
1521666413542;0.15709484;0.04477024;-0.069719315
1521666413551;0.11380696;-0.0047750473;-0.10677433
1521666413562;0.051869154;-0.035457134;-0.008964539
1521666413572;-0.03034997;-0.11741543;0.14780998
1521666413581;-0.07719314;-0.17682266;0.22257996
1521666413593;-0.080660105;-0.17401218;0.27721977
1521666413604;-0.094863296;-0.2218628;0.24364471
1521666413615;-0.112936854;-0.21150923;0.22838974
1521666413623;-0.13000417;-0.23182106;0.18789196
1521666413636;-0.15026283;-0.21480751;0.21317863
1521666413652;-0.1747098;-0.19511223;0.10026741
1521666413664;-0.17082286;-0.1342535;0.046076775
1521666413682;0.01282382;-0.023785591;-0.039025307
1521666413703;0.15354192;0.090649605;-0.088092804
1521666413717;0.16423202;0.12539625;-0.06433964
1521666413725;0.12014198;0.08846998;-0.059783936
1521666413733;0.1244092;0.12928629;-0.0706892
1521666413752;0.25953215;0.27378368;-0.07158375
1521666413772;0.23245603;0.30800772;-0.12536716
1521666413792;0.1787982;0.1925106;-0.19805717
1521666413803;0.17486131;0.17930222;-0.16283703
1521666413814;0.15841961;0.15655279;-0.15450764
1521666413824;0.09815276;0.107271194;-0.07122803
1521666413836;0.049249887;0.049081326;-0.048072815
1521666413845;-0.019664645;-0.018037796;0.026260376
1521666413853;-0.082024455;-0.09862995;0.07625675
1521666413865;-0.13626981;-0.14116335;0.038492203
1521666413875;-0.19639063;-0.19183731;-0.009997368
1521666413881;-0.1919663;-0.18965197;-0.010545731
1521666413895;-0.24998236;-0.28179312;-0.0316
1521666413905;-0.22372317;-0.28595734;0.018770218
1521666413922;-0.15984261;-0.24976587;0.038149834
1521666413943;-0.08275449;-0.1172781;-0.019675255
1521666413952;0.0036625862;-0.07350588;-0.03743744
1521666413964;-0.0014680624;-0.042755604;0.012881279
1521666413974;0.04701197;-0.0073637962;0.045861244
1521666413984;0.044926643;0.016863823;0.06464577
1521666413993;0.045304418;0.04769993;0.104091644
1521666414005;0.027491808;0.028830528;0.14383411
1521666414015;0.07693708;0.047293186;-0.0026340485
1521666414032;0.12009895;0.07517004;-0.047923088
1521666414042;0.1429466;0.115195274;-0.032201767
1521666414053;0.15157723;0.09655142;-0.06673622
1521666414063;0.11713731;0.079246044;0.025557518
1521666414073;0.12801182;0.077486515;0.011293411
1521666414085;0.10599995;0.07541561;0.04635811
1521666414095;0.103619814;0.030118942;0.070780754
1521666414103;0.050328612;0.014455318;0.070290565
1521666414115;0.016441464;0.04043579;0.020890236
1521666414137;-0.0641309;0.012096882;0.08424854
1521666414152;-0.053732038;-0.0033550262;0.027005196
1521666414162;-0.05077684;-0.0041947365;0.03424263
1521666414172;-0.06266105;-0.007364273;-0.0027475357
1521666414182;-0.11818004;-0.03312874;-0.01937294
1521666414191;-0.10760951;-0.019656181;-0.045401573
1521666414212;-0.09354532;-0.02351284;-0.052861214
1521666414223;-0.09165466;-0.06176281;-0.045445442
1521666414232;-0.10365915;-0.06036997;-0.034446716
1521666414242;-0.13535142;-0.06374788;-0.11075115
1521666414254;-0.124317646;-0.07329178;-0.05772686
1521666414263;-0.12699568;-0.06681919;-0.07324791
1521666414282;-0.01658678;-0.050706863;-0.06300163
1521666414292;0.047249436;0.011263847;-0.059829712
1521666414302;0.07066333;0.013383865;0.0796814
1521666414313;0.12297189;-0.003604889;0.1053009
1521666414324;0.08709431;-0.014817238;0.11432552
1521666414333;0.07723379;-0.008315086;0.099653244
1521666414352;0.06278908;-0.0070014;0.07741833
1521666414363;0.083022475;0.006536007;0.13946152
1521666414375;0.07436621;0.0022058487;0.093696594
1521666414385;0.09835172;0.008450031;0.042095184
1521666414393;0.04386449;0.02407837;0.032565117
1521666414405;0.044980288;0.023780823;0.032873154
1521666414415;0.0113943815;-0.003127098;-0.06364155
1521666414425;-0.004394412;-0.011122704;-0.08343601
1521666414434;0.030728817;-0.029641628;-0.051963806
1521666414446;0.037688494;-0.009754658;-0.0014781952
1521666414463;0.058454275;0.01812458;-0.032440186
1521666414472;0.08465445;0.05812168;-0.022686005
1521666414521;0.0010710955;0.017164707;0.0010709763
1521666414532;0.009927154;0.009482861;-0.009542465
1521666414542;0.018652916;0.023346901;0.05883217
1521666414551;0.020955086;0.031344414;0.0492754
1521666414562;0.059824824;0.008699894;-0.040029526
1521666414572;0.026568174;0.003458023;-0.057097435
1521666414582;3.322363E-4;0.028170586;-0.07779312
1521666414592;0.00501585;0.014637947;-0.11770153
1521666414602;-0.0032684803;0.03124237;-0.17684269
1521666414612;-0.030807614;0.048913956;-0.14016438
1521666414622;-0.08111036;0.027231216;-0.12750912
1521666414631;-0.08922517;0.0022568703;-0.13292217
1521666414641;-0.093504906;-0.012741089;-0.11576557
1521666414652;-0.0955292;-0.05233717;-0.120453835
1521666414661;-0.074802995;-0.07578516;-0.15537357
1521666414672;-0.07930529;-0.050775528;-0.117580414
1521666414692;-0.03803253;-0.06907463;0.034747124
1521666414702;-0.018778801;-0.073093414;0.11481762
1521666414712;-0.030254722;-0.08930254;0.12322903
1521666414722;-0.08010316;-0.094964504;0.10557747
1521666414732;-0.106355906;-0.0796051;-0.008647919
1521666414742;-0.08856845;-0.078727245;-0.03665924
1521666414752;-0.073773384;-0.053828716;-0.061200142
1521666414762;-0.033514142;-0.05350542;-0.039463997
1521666414772;0.013113499;0.031210423;-0.008570671
1521666414782;0.079395056;0.039999485;0.08173084
1521666414792;0.10366011;0.081050396;0.11698151
1521666414803;0.14418244;0.08577728;0.15852833
1521666414812;0.15277958;0.14463711;0.08090019
1521666414822;0.14636636;0.13458681;-0.029828072
1521666414832;0.11972535;0.11875057;-0.15619946
1521666414842;0.09961724;0.11113739;-0.21240425
1521666414852;0.14320993;0.107646465;-0.18925285
1521666414863;0.16949153;0.09759712;-0.019864082
1521666414872;0.17735481;0.08671093;0.0048570633
1521666414882;0.1288209;0.046325207;0.04850483
1521666414891;0.031436205;-0.0012388229;0.06346035
1521666414902;-0.01598978;-0.02115202;0.015035629
1521666414912;-0.05760932;-0.06294489;-0.08455086
1521666414923;-0.076305985;-0.11892128;-0.14828491
1521666414931;-0.05392468;-0.13790321;-0.16837311
1521666414942;-0.05665481;-0.12768888;-0.17387962
1521666414951;-0.052448273;-0.057353973;-0.1735506
1521666414961;-0.055116773;-0.042477608;-0.18133831
1521666414971;0.0390687;-0.103431225;-0.17333126
1521666414981;-0.07218075;-0.1514821;-0.20414543
1521666414992;-0.11330688;-0.16221762;-0.029764175
1521666415001;-0.07575929;-0.12376928;0.12723446
1521666415011;-0.08136022;-0.10269642;0.11625767
1521666415021;0.04026997;3.3187866E-4;0.250247
1521666415031;0.07329047;0.031937122;0.2321806
1521666415042;0.06137979;0.08044386;0.23581314
1521666415051;0.08520222;0.035943985;0.16515732
1521666415071;0.09615481;0.014219284;0.096912384
1521666415081;0.1380254;0.032072544;-0.007922173
1521666415091;0.09572494;0.021933079;0.05101776
1521666415102;0.12218022;0.021556377;0.1117897
1521666415111;0.11772835;0.0147333145;0.15326214
1521666415131;0.052538753;0.021732807;-6.7806244E-4
1521666415142;0.026983142;0.03456402;-0.052227974
1521666415151;0.0021793842;0.038535118;-0.04613495
1521666415171;0.07245362;0.052532196;0.021945
1521666415181;0.09233534;0.03521633;-0.07639599
1521666415191;0.07661629;0.036886215;-0.094408035
1521666415201;0.06719744;0.057904243;-0.08492851
1521666415211;0.018647552;0.00954628;-0.18196297
1521666415223;-0.022499323;-0.026550531;-0.13612652
1521666415231;-0.01039505;-0.09547734;0.042877197
1521666415251;-0.0028686523;-0.14712787;0.2936182
1521666415261;-0.032488465;-0.1347754;0.28629303
1521666415271;-0.08997798;-0.17443967;0.2461977
1521666415282;-0.12999582;-0.17168283;0.19744873
1521666415291;-0.1834184;-0.22353983;0.065356255
1521666415301;-0.17914927;-0.23464179;0.06016636
1521666415312;-0.17377579;-0.19793963;0.0813427
1521666415322;-0.20101964;-0.20825148;0.11460304
1521666415331;-0.2080946;-0.20979142;0.14460945
1521666415342;-0.14297545;-0.18276596;0.029212952
1521666415351;-0.14494848;-0.17635703;-0.042450905
1521666415371;-0.07528031;-0.016001225;-0.1854477
1521666415381;-0.0359447;0.04240012;-0.08501339
1521666415391;0.036356688;0.052821398;0.012485504
1521666415402;0.040614963;0.07063484;0.046476364
1521666415421;0.016008615;0.056066275;0.06404972
1521666415431;0.011331558;0.05242133;0.11813736
1521666415451;0.059641004;0.039614916;0.03205204
1521666415461;0.05801177;0.04565358;0.038809776
1521666415481;0.11425984;0.0552814;0.022023201
1521666415491;0.16087776;0.02995348;0.04877472
1521666415501;0.16389245;-0.012303591;0.018079758
1521666415511;0.14639705;0.0036649704;-0.02920723
1521666415522;0.11496949;-0.0117414;-0.10146999
1521666415541;0.06543183;-0.020139217;-0.088181496
1521666415561;0.02362144;-0.06942487;0.06909275
1521666415571;-0.0360837;-0.093096256;0.096894264
1521666415583;-0.045527577;-0.08987379;0.057930946
1521666415591;-0.08327365;-0.098772526;0.043531418
1521666415601;-0.10020232;-0.082568645;-0.10436249
1521666415611;-0.11546993;-0.10551095;-0.11313057
1521666415631;-0.05202341;-0.10591149;0.089580536
1521666415651;-0.0013808012;-0.059190273;0.15503693
1521666415661;-0.017356396;-0.05190921;0.11733246
1521666415671;-0.038155794;-0.051526546;0.095570564
1521666415682;-0.048168898;-0.04921055;0.051257133
1521666415692;-0.02645135;-0.055686235;0.027542114
1521666415702;-0.008123755;-0.06344342;-0.029632568
1521666415711;-0.007950187;-0.024695873;-0.008942604
1521666415724;0.046461344;0.023586273;0.00807476
1521666415732;0.06692481;0.05305481;0.01821804
1521666415744;0.08104217;0.021968842;0.039385796
1521666415752;0.062070847;0.010705948;-0.067258835
1521666415764;0.032256246;-0.010271549;-0.098293304
1521666415773;-0.0056551695;-0.0075888634;-0.15721226
1521666415782;-0.025678754;-0.031324863;-0.1818943
1521666415792;-0.015306473;-0.010574341;-0.0911293
1521666415802;0.039204836;0.0029792786;0.0887537
1521666415812;0.07235515;0.023955345;0.15828419
1521666415823;0.097841024;0.03824234;0.17193317
1521666415833;0.054967523;0.0287714;0.13586044
1521666415843;0.025659204;0.039423704;0.15071297
1521666415852;-0.0053880215;-0.02766323;0.012889862
1521666415862;-0.013452172;-0.029544353;-0.0061244965
1521666415873;-0.014301777;-0.044184923;-1.6593933E-4
1521666415882;-0.019822717;-0.016551495;0.0020561218
1521666415893;-0.029936671;-0.010266066;0.0724535
1521666415902;-0.035736322;-0.026794195;0.120079994
1521666415912;-0.0024211407;-0.051358223;0.11654568
1521666415924;0.04967892;-0.041190147;0.058404922
1521666415932;0.073482394;-0.04398322;-0.047145844
1521666415944;-0.03036344;-0.047371387;-0.12964153
1521666415953;-0.033468008;-0.051782846;-0.11881161
1521666415962;-0.052245975;-0.07130122;-0.10938454
1521666415974;-0.04848838;-0.07355738;-0.0032262802
1521666415992;-0.007875085;-0.015079498;-0.08336258
1521666416003;-0.0449847;-0.022857666;-0.015725136
1521666416013;-0.038531423;-0.026623726;-0.023767471
1521666416023;1.3566017E-4;0.0010333061;0.056634903
1521666416035;-9.468794E-4;-0.002430439;0.057998657
1521666416045;0.026455283;0.0052375793;0.12142944
1521666416054;0.088641405;0.041089535;-0.050722122
1521666416064;0.111693144;0.061125517;-0.02040863
1521666416073;0.1126675;0.057674885;0.007252693
1521666416083;0.11719495;0.027504683;0.0022363663
1521666416093;0.13145489;0.028871298;0.004242897
1521666416103;0.12800509;0.025315285;-0.006828308
1521666416116;0.07912135;0.020932436;-0.007956505
1521666416128;0.053597927;-0.0053784847;0.06642914
1521666416131;0.062422037;-0.0121665;0.04843712
1521666416142;0.042812824;-0.007584095;-0.04864788
1521666416152;0.02399981;0.0167737;-0.07408047
1521666416162;0.0066366196;0.04065609;0.016320229
1521666416172;-0.028025746;0.032211542;0.05039692
1521666416183;-0.067744136;-0.006804943;0.117043495
1521666416192;-0.07137513;-0.050601006;0.01783371
1521666416204;-0.09850609;-0.05005002;0.0113554
1521666416213;-0.10539806;-0.05714655;-0.015282631
1521666416222;-0.09335363;-0.04168272;-0.010737419
1521666416232;-0.02978909;-0.02346301;-0.033875465
1521666416242;0.023191571;0.03199005;-0.03070736
1521666416252;0.029083848;0.016784906;-0.0060214996
1521666416262;0.030875206;-0.0032145977;0.050930977
1521666416272;0.022553205;0.020137548;0.049051285
1521666416282;0.024709702;-0.010198116;0.006498337
1521666416292;-0.031831145;-0.015039206;-0.027692795
1521666416303;-0.045086026;0.023487568;-0.0619812
1521666416312;-0.041967988;0.040968418;4.2819977E-4
1521666416321;0.023135304;0.0301857;-0.0068302155
1521666416332;0.06617391;0.03873205;-0.011833191
1521666416342;0.03986907;0.024792433;0.04052162
1521666416352;0.023526669;0.042163372;0.012633324
1521666416363;0.035611033;0.045181036;0.018363953
1521666416372;0.04532838;0.03922081;-0.040275574
1521666416383;-0.0031125546;0.036622047;-0.01031208
1521666416393;-0.01120913;-0.0033779144;-0.014975548
1521666416402;0.010284424;-0.04131198;-0.033895493
1521666416414;0.038529277;-0.05314946;-0.118600845
1521666416424;0.046459436;-0.050113916;-0.15683937
1521666416432;0.067833066;-0.037685394;-0.10571575
1521666416442;0.06485617;-0.020773172;-0.059827805
1521666416451;0.08888745;-0.015153408;0.008440018
1521666416462;0.11550683;-0.022684097;-0.04418564
1521666416472;0.06453824;-0.025597334;-0.06318855
1521666416512;-0.047231793;-0.027374983;-0.07561207
1521666416524;-0.025328994;-0.045804024;7.1907043E-4
1521666416532;-0.024059415;-0.045873404;-0.009353638
1521666416542;-0.0400846;-0.02084136;0.04397297
1521666416561;9.880066E-4;-0.020506144;-4.7683716E-5
1521666416571;0.019908905;-0.00835371;-0.021845818
1521666416581;0.018760681;0.0010609627;-0.07577896
1521666416591;-0.001260519;-0.0064046383;-0.08892155
1521666416602;-0.01510036;0.015174627;-0.0734539
1521666416613;-0.034603596;0.015615702;-0.02820301
1521666416624;-0.017648697;0.027251959;0.033542633
1521666416633;0.0069494247;0.012427568;0.009065628
1521666416642;-0.005146265;0.013599396;-0.024596214
1521666416652;-0.080174446;0.019488573;0.0052785873
1521666416664;-0.043948293;0.026768684;-0.040356636
1521666416672;0.013573289;0.025755882;-0.027405739
1521666416682;0.012220502;0.027650833;0.08345413
1521666416692;0.02062428;8.869171E-4;0.13205528
1521666416702;0.0069510937;0.029186964;0.08017826
1521666416712;0.0069515705;-0.0041561127;0.03460884
1521666416725;0.013100743;-2.0456314E-4;-0.05717373
1521666416735;0.028462172;-0.0030949116;-0.07319927
1521666416745;0.019595504;-0.04557848;-0.06288242
1521666416754;0.025639296;-0.024137259;-0.075600624
1521666416763;0.0072888136;-0.051336765;-0.18180084
1521666416773;-0.022916555;-0.033119917;-0.080197334
1521666416783;-0.005926013;-0.012583017;-0.04621315
1521666416793;0.021363616;0.017965794;-0.006491661
1521666416802;0.03850937;0.050391197;-0.0013217926
1521666416812;0.012531877;0.04499674;-0.0042152405
1521666416822;0.0022653341;0.04623103;-8.5926056E-4
1521666416835;-0.0035284758;0.01734376;0.0647974
1521666416846;-0.010626793;-0.0015308857;0.08715153
1521666416854;-0.003930807;0.009667635;0.11789417
1521666416864;0.028312564;0.017415524;0.16537857
1521666416875;0.015447497;0.016265154;0.15687752
1521666416885;0.047083735;0.005889654;0.09969425
1521666416894;0.074071825;0.035614967;0.042796135
1521666416905;0.07618731;0.0074994564;-0.009113312
1521666416915;0.033409357;-0.026580095;-0.03941536
1521666416924;0.04688871;-0.044991493;-0.043427467
1521666416934;0.05300474;-0.027077436;-0.0703907
1521666416943;0.06018305;-0.014704943;-0.13108921
1521666416952;0.07061213;0.029323101;-0.12502289
1521666416964;0.059966207;0.020926952;-0.06049633
1521666416974;0.06578946;0.023640633;0.020608902
1521666416984;0.053654075;0.042010307;0.09808159
1521666416992;0.07344967;0.0682528;0.032219887
1521666417002;0.05716312;0.07250023;-0.11353111
1521666417013;0.041767478;0.05986905;-0.18145084
1521666417024;0.055242896;0.04322052;-0.059495926
1521666417035;0.0855847;0.04956317;-0.05922222
1521666417042;0.08958143;0.051967382;-0.04137039
1521666417052;0.03093803;0.0155284405;0.06725788
1521666417064;0.03047502;0.018586159;0.06583786
1521666417072;-0.0029810667;0.016224146;-0.02262783
1521666417087;-0.006850958;0.016969204;-0.0031747818
1521666417096;-0.008794546;-0.01981163;0.029580116
1521666417104;-0.0047217607;-0.044302702;0.015507698
1521666417114;-0.049278855;-0.06044078;0.08409977
1521666417125;-0.009684324;-0.079818726;0.017303467
1521666417134;-0.04139614;-0.10145903;-0.07343483
1521666417145;-0.07951784;-0.12012124;-0.096110344
1521666417153;-0.111582994;-0.14025116;0.025663376
1521666417163;-0.083107114;-0.10529709;0.12409687
1521666417175;-0.075115204;-0.09681964;0.15660477
1521666417185;-0.08812833;-0.08365798;0.14665699
1521666417192;-0.095719814;-0.026203632;-0.09133625
1521666417203;-0.09364116;-0.0149924755;-0.21166801
1521666417212;-0.08292818;0.009045839;-0.12897587
1521666417223;-0.0013561249;0.0038189888;-0.1010828
1521666417232;0.052022338;0.015877962;0.061252594
1521666417243;0.107767165;0.026579857;0.20397949
1521666417251;0.0997079;0.028580666;0.19850922
1521666417272;0.084242165;0.052306414;-0.008810997
1521666417282;0.022611141;0.05583906;-0.11736488
1521666417291;0.023474097;0.017129421;-0.18038368
1521666417302;0.0034469366;0.021670341;-0.21599865
1521666417312;0.020070434;0.03192544;-0.18503189
1521666417323;0.08528024;0.050463438;-0.17734337
1521666417332;0.0882501;0.054531813;-0.033655167
1521666417343;0.10541338;0.058094263;-0.014780045
1521666417355;0.14881647;0.054466963;0.06514263
1521666417363;0.11896294;0.034408808;0.07359409
1521666417376;0.09794909;0.0277493;0.034632683
1521666417384;0.03763783;0.01305151;0.01641655
1521666417392;0.008069634;-0.04275155;0.11085987
1521666417402;-0.0046687126;-0.052721977;0.112989426
1521666417412;-0.01436758;-0.06755018;0.10444832
1521666417423;-0.008096933;-0.045553207;0.11403179
1521666417433;0.015258908;-0.038650513;0.103616714
1521666417444;-0.050899148;-0.032269478;0.06951523
1521666417457;-0.04483068;-0.054027557;0.0788126
1521666417464;-0.01682043;-0.04291606;0.09322071
1521666417473;-0.078490734;-0.060897827;0.008437157
1521666417482;-0.10980916;-0.09583187;-0.04508972
1521666417512;-0.078087926;-0.080620766;-0.007971764
1521666417526;-0.081353664;-0.06535554;-0.02973175
1521666417533;-0.07159245;-0.061076164;-0.021489143
1521666417541;-0.07468951;-0.08107495;-0.06214714
1521666417551;-0.07406008;-0.05203247;-0.012989998
1521666417564;-0.04682374;-0.07352853;-0.03924656
1521666417572;-0.039293766;-0.06182623;-0.042681694
1521666417582;-0.030802608;-0.038607597;-0.0076436996
1521666417591;-0.027322888;0.0061986446;0.068053246
1521666417602;-0.026957989;0.024703741;0.17837048
1521666417612;0.05127716;0.02736187;0.1906519
1521666417625;0.08646363;0.04064536;0.16999817
1521666417633;0.08166355;0.04369092;0.072413445
1521666417643;0.049230933;0.023260832;-0.07089996
1521666417652;0.018807292;0.0040438175;-0.19099998
1521666417662;-0.017040372;0.0046885014;-0.24630928
1521666417673;0.04008615;0.028359652;-0.27797508
1521666417683;0.1584444;0.033019066;-0.28465176
1521666417693;0.12252432;0.02268815;-0.18218899
1521666417703;0.08253807;0.028362274;-0.12157631
1521666417714;0.13799071;0.049853325;-0.13345718
1521666417723;0.10445565;0.03171301;-0.15476894
1521666417733;0.04923284;0.00842762;-0.15559006
1521666417744;-0.018267155;0.0017104149;-0.094249725
1521666417753;-0.012758732;-0.026828527;-0.035323143
1521666417765;-0.024262905;-0.05400133;0.02829361
1521666417772;-0.026516676;-0.039973974;0.076229095
1521666417782;-0.031828403;-0.0022718906;0.11664486
1521666417792;-0.048332095;8.44717E-4;0.20976353
1521666417803;-0.024438858;-0.008442402;0.23958969
1521666417812;-0.0146353245;0.0026562214;0.1753788
1521666417822;-0.017397642;-0.053740025;0.12473583
1521666417833;-0.025294423;-0.032459974;0.03234768
1521666417842;-0.040903807;0.0095767975;-0.021832466
1521666417852;-0.02453208;-0.011888266;-0.05088806
1521666417862;-0.017425537;-0.003414631;-0.06687927
1521666417872;0.023584604;-0.013000488;-0.1499548
1521666417882;0.035494566;0.0022854805;-0.11205006
1521666417891;0.07225996;0.008888483;-0.11355114
1521666417902;0.058707833;0.021525145;-0.06599808
1521666417913;0.045075655;0.05700016;-0.019688606
1521666417924;0.006046891;0.031082392;-0.024739265
1521666417933;-0.020870805;0.0073919296;-0.032094
1521666417943;-0.052500367;-0.028306723;0.05514431
1521666417954;-0.056299925;-0.04160452;0.06543636
1521666417964;-0.03036356;-0.036590576;0.111468315
1521666417974;0.012652874;-0.025025606;0.065629005
1521666417984;0.02376926;-0.037817;0.024804115
1521666417995;0.016397357;-0.0151968;0.024971008
1521666418003;0.018541574;-0.009979248;-0.048811913
1521666418012;-0.051292896;-0.0036315918;-0.035193443
1521666418033;0.046129227;0.0012252331;-0.018034935
1521666418045;-0.029834151;-0.020266771;0.025109291
1521666418053;-0.032360315;-0.0042455196;0.038202286
1521666418062;-0.05350554;-0.025467157;-0.010837555
1521666418072;-0.052258253;-0.025826931;-0.010541916
1521666418084;-0.056576848;-0.010332108;-0.05303955
1521666418097;0.017484903;-0.04565525;-0.088196754
1521666418105;0.0323956;-0.0043108463;-0.1318121
1521666418116;0.049462557;0.00965333;-0.0941143
1521666418125;0.07370061;0.012864828;-0.119874
1521666418138;0.041226625;0.023592472;-0.07998657
1521666418144;0.020069242;0.039678574;-0.07393932
1521666418151;0.019952536;-0.013753653;0.0034017563
1521666418163;0.02887392;0.00699687;0.05877018
1521666418172;0.026546955;-0.006112814;0.13539886
1521666418182;0.023145556;-0.0032651424;0.24419403
1521666418192;0.014175177;-0.040628433;0.19891548
1521666418202;-0.02081287;-0.02505064;0.192379
1521666418211;0.0020900965;-0.02464509;0.13955021
1521666418222;-0.030040264;-0.039485693;0.11703205
1521666418232;0.010618091;-0.027334213;0.037257195
1521666418242;0.051359534;-0.0011594296;-0.05193901
1521666418251;0.0948655;-0.010850191;-0.06210327
1521666418264;0.082110465;0.0065705776;-0.09414768
1521666418274;0.08148712;-0.012476206;-0.07736969
1521666418284;0.08469325;0.017788172;-0.10854721
1521666418292;0.072829545;0.036158085;-0.13145828
1521666418303;0.070791304;0.026107788;-0.11271
1521666418314;0.07490021;0.010360241;-0.042726517
1521666418323;0.09633392;0.0047314167;-0.005367279
1521666418332;0.08819431;-0.0074059963;-0.04367256
1521666418344;0.0644505;0.014552593;-0.080901146
1521666418352;0.0028464794;0.028873444;-0.095648766
1521666418366;-0.04299593;0.004621029;-0.05570507
1521666418375;-0.03687209;-0.0036296844;0.019887924
1521666418384;-0.022696018;-0.0034701824;0.006849289
1521666418394;-0.0057843924;-0.022955418;0.021595001
1521666418406;-0.0018601418;0.005071163;0.020960808
1521666418413;0.042351425;-0.006802559;-0.10391712
1521666418423;-0.11429995;-0.020925522;-0.18799305
1521666418432;-0.16977388;-0.04487562;-0.053461075
1521666418442;-0.054818988;-0.015244484;-0.021281242
1521666418451;0.04385972;-0.061604977;0.019073486
1521666418464;-0.06010109;-0.02959299;0.030565262
1521666418472;-0.041147888;-0.030293465;-9.1362E-4
1521666418523;-0.069681466;-0.07055998;0.29424
1521666418534;-0.060756266;-0.047349215;0.2907877
1521666418541;-0.031596363;-0.0210855;0.1960001
1521666418551;0.045261323;0.0092897415;0.078030586
1521666418561;0.044454217;0.010209084;0.07756138
1521666418571;0.028258264;0.043880463;-0.20904446
1521666418583;-0.066055596;-0.013902664;-0.25798988
1521666418592;-0.10010153;-0.09201598;-0.098032
1521666418603;-0.1006546;-0.087441206;-0.09998226
1521666418612;0.14588672;-0.04750061;0.09464359
1521666418622;0.0970853;-0.048397303;0.28636646
1521666418632;-0.08177179;-0.021893263;0.62221813
1521666418644;-0.1916781;-0.102654934;0.7189026
1521666418651;-0.24353623;-0.18509007;0.5791998
1521666418662;-0.2048468;-0.21245193;0.13915634
1521666418672;-0.18807393;-0.118198395;0.1179924
1521666418682;-0.1320768;-0.05462098;0.19371319
1521666418692;0.17035943;0.08066034;-0.046548843
1521666418703;0.28743225;0.13233352;-0.15001392
1521666418714;0.24261886;0.1482215;-0.21070576
1521666418723;0.08955437;0.1510179;-0.2896843
1521666418734;-0.03339976;0.07765007;-0.3364992
1521666418744;-0.035868943;0.03450036;-0.24354267
1521666418753;0.02897942;0.026783705;-0.20377254
1521666418765;0.085196495;0.010608673;-0.107040405
1521666418775;0.098926306;0.010388851;-0.16534138
1521666418787;0.031034172;0.0069727898;-0.15465927
1521666418793;0.044648886;0.017796993;-0.22860336
1521666418803;0.04169303;0.043626547;-0.28415585
1521666418815;0.047134817;0.06764555;-0.23643875
1521666418823;0.1336155;0.077564955;-0.19177532
1521666418832;0.121696234;0.09780979;-0.13201046
1521666418841;0.16850144;0.15921545;-0.16593266
1521666418851;0.14890248;0.22977042;-0.11951923
1521666418862;0.048236907;0.1347084;-0.14017868
1521666418871;0.02685529;-0.00616765;-0.24257469
1521666418882;-0.034007132;-0.021585226;-0.19011879
1521666418892;-0.04368788;-0.016285896;-0.038778305
1521666418901;-0.01118505;-0.045631886;0.048965454
1521666418912;-0.032704353;-0.02533269;0.28072453
1521666418921;-0.018755496;-0.031797886;0.48703194
1521666418931;0.05249244;-0.061400175;0.56461143
1521666418943;0.12671995;-0.066018105;0.42354774
1521666418952;0.13858736;-0.036429644;0.25901985
1521666418962;0.05862719;-0.018034458;-0.053961754
1521666418972;-0.021716237;-0.03127432;-0.29708767
1521666418982;-0.034861922;-0.07275581;-0.33005142
1521666418992;0.009950757;-0.08598542;-0.26004887
1521666419004;0.087268114;-0.06823659;-0.06401062
1521666419013;0.095597625;-0.01704979;-0.03246975
1521666419026;0.09291601;-0.04468155;-0.053325653
1521666419035;0.00738281;-0.023950338;-0.22785473
1521666419042;0.011066794;-0.013180971;-0.23168564
1521666419052;-0.12116462;-0.060827494;-0.3205328
1521666419063;-0.055990636;-0.03229761;-0.26900673
1521666419074;-0.023314297;-0.017218828;-0.1692133
1521666419083;-0.046276927;0.006100893;-0.036542892
1521666419092;-0.045797467;0.053728342;0.15789318
1521666419103;0.0014942884;0.057356596;0.18203163
1521666419113;0.029296875;0.06032896;0.1576643
1521666419123;0.055464447;0.039872885;0.0079813
1521666419139;-0.015708804;0.0014343262;-0.096829414
1521666419143;-0.017628431;-0.040107965;-0.10395908
1521666419155;0.03017354;-0.02808714;-0.11401558
1521666419164;0.08571631;-0.0468266;-0.08742237
1521666419172;0.08475429;-0.034705162;-0.04797077
1521666419183;0.10408133;-0.011752605;-0.01088047
1521666419191;0.050040603;-0.009708405;-0.060956955
1521666419202;-0.016861677;-0.049663067;-0.09624767
1521666419212;-0.05629742;-0.07042408;-0.1623478
1521666419222;-0.05175972;-0.081159115;-0.3611908
1521666419232;-0.05347979;-0.09187508;-0.50031567
1521666419245;-0.07031667;-0.095448256;-0.57860565
1521666419254;-0.07278156;-0.10017228;-0.6720848
1521666419262;-0.08402133;-0.09764886;-0.65346336
1521666419273;-0.05131471;-0.14990044;-0.5471811
1521666419282;-0.04681611;-0.25093222;-0.19136906
1521666419293;0.032763958;-0.2879529;0.2006073
1521666419303;0.10651761;-0.26129532;0.5942869
1521666419312;0.17927861;-0.20327878;0.7642603
1521666419325;0.15278244;-0.100800276;0.8113928
1521666419333;0.07319951;-0.0578115;0.56036663
1521666419346;0.071737885;-0.050871372;0.2763796
1521666419352;0.09070104;-0.029167175;0.1113348
1521666419364;0.065647006;-0.04618883;0.026033401
1521666419372;-0.042589664;-0.09160066;-0.01954937
1521666419381;-0.04734969;-0.091958284;0.08207226
1521666419391;-0.021387339;-0.12858844;0.15752697
1521666419402;-0.012411475;-0.1145587;0.1857214
1521666419412;-0.018453717;-0.15286255;0.3068428
1521666419423;0.025168061;-0.14056015;0.29492855
1521666419432;0.012529492;-0.12199712;0.25191402
1521666419443;0.01972127;-0.08283925;0.14193916
1521666419453;0.04087448;-0.03498721;0.1381216
1521666419463;0.014870763;0.0017662048;0.1529131
1521666419473;0.06666899;0.029882193;0.08458614
1521666419484;0.077889144;0.04570985;-0.033311844
1521666419532;0.041377664;-0.007989407;0.074739456
1521666419544;0.02729094;-0.049001217;-0.092411995
1521666419551;2.645254E-4;-0.051275253;-0.14190102
1521666419562;0.022565722;-0.021547556;-0.08695793
1521666419572;0.074858546;0.012986422;-0.15192318
1521666419582;0.11714476;-3.0970573E-4;-0.18683624
1521666419592;0.07632905;0.0077295303;-0.212039
1521666419602;0.06252307;0.06497812;-0.14891815
1521666419611;0.060867906;0.090327024;-0.02752781
1521666419623;-0.021737933;0.036070585;0.1434288
1521666419632;-0.05231005;-0.0033597946;0.13697624
1521666419645;-0.065134704;-0.05176568;0.13658047
1521666419652;-0.061882496;-0.08405566;0.26538944
1521666419664;-0.057163596;-0.083990574;0.29234695
1521666419673;-0.009159207;-0.081340075;0.3016243
1521666419682;-0.020287871;-0.09995389;0.34951305
1521666419695;-0.006222844;-0.1073606;0.26723766
1521666419704;6.751418E-4;-0.09870744;0.17927265
1521666419712;-0.024992824;-0.11338997;0.12148094
1521666419725;-0.026520908;-0.09631348;0.10215664
1521666419733;-0.023547709;-0.08371258;0.03873062
1521666419742;-0.007742107;-0.12536645;0.104655266
1521666419755;0.07090545;-0.06895447;-0.13686848
1521666419765;0.046075404;-0.049128056;-0.21762466
1521666419775;-0.029824793;0.0057435036;-0.06762123
1521666419786;0.018508732;-0.005856037;-0.14613342
1521666419795;0.008416951;-0.033246517;-0.17518234
1521666419804;-0.04038483;-0.019339085;-0.094112396
1521666419816;-0.034610987;-0.02740097;-0.05381012
1521666419825;-0.044327617;-0.024698496;-0.086520195
1521666419836;-0.006978333;-0.04454255;-0.034244537
1521666419844;-0.024420917;-0.045135975;-0.008602142
1521666419852;-0.062476993;-0.03474164;0.114943504
1521666419862;-0.04983747;-0.04134512;0.19878769
1521666419872;-0.05621326;-0.039200544;0.22748661
1521666419882;-0.06712991;-0.06088209;0.20261383
1521666419892;-0.056216836;-0.08392167;0.25353146
1521666419904;-0.089610755;-0.0872159;0.29262924
1521666419913;-0.080712855;-0.1063447;0.2567215
1521666419923;-0.052788734;-0.0834465;0.24860764
1521666419934;-0.034121573;-0.05928445;0.14983654
1521666419954;0.0153265;-0.06579518;-0.074352264
1521666419964;0.05917996;-0.025657415;-0.27075577
1521666419972;0.064042985;-0.036611557;-0.28643322
1521666419983;0.10452932;-0.017603397;-0.255764
1521666419993;0.16009998;-0.01602602;-0.2281084
1521666420004;0.21313018;-0.010908842;-0.11110878
1521666420017;0.21285552;-0.013581514;-0.11044693
1521666420026;0.21690136;0.03622222;-0.023719788
1521666420035;0.1597085;0.037624836;-0.0685606
1521666420042;0.15874398;0.033795357;-0.067668915
1521666420052;0.07620758;0.0634408;-0.1253128
1521666420062;0.07805616;-0.022004843;-0.05954647
1521666420075;0.04027152;0.062525034;-0.09824848
1521666420083;-0.04230845;0.113428116;0.12513351
1521666420092;0.015299201;0.10205221;0.16134739
1521666420101;0.10720235;0.07968545;0.120075226
1521666420111;0.15062273;0.0906384;0.13297558
1521666420125;0.18762904;0.068908215;0.17944431
1521666420132;0.19050723;0.08449483;0.18522167
1521666420142;0.16662502;0.045013905;0.24615002
1521666420151;0.052894235;-0.024842262;0.27947044
1521666420161;-0.020357251;-0.07508612;0.17644024
1521666420172;-0.041641474;-0.11273217;0.14676952
1521666420182;-0.075847864;-0.14236307;0.08251095
1521666420191;-0.12511063;-0.12892938;0.0040922165
1521666420202;-0.14455116;-0.10756755;-0.14351082
1521666420212;-0.15233457;-0.07309508;-0.26358604
1521666420222;-0.13335693;-0.023772478;-0.31922722
1521666420232;-0.1063472;-0.01795578;-0.27588558
1521666420242;-0.056457877;-0.016117096;-0.19949818
1521666420253;-0.013625383;-0.005755663;-0.14016438
1521666420264;0.004020214;-0.028814554;-0.10494232
1521666420273;-0.00961864;-0.013941765;-0.15463352
1521666420283;-0.03795314;-0.015675068;-0.21743202
1521666420293;-0.074493885;-0.014245987;-0.15711403
1521666420303;-0.093468904;0.0037493706;-0.08154678
1521666420313;-0.09395254;0.019286871;0.0068063736
1521666420323;-0.069668055;-9.200573E-4;0.08429909
1521666420334;-0.030677438;-0.022619486;0.16789627
1521666420343;-0.042839527;-0.03409481;0.15604877
1521666420352;-0.026639342;-0.013923645;0.15764618
1521666420363;-0.025220752;0.02055931;0.056720734
1521666420373;-0.059281588;0.014707565;0.011137009
1521666420384;-0.111326456;0.0067982674;-0.04411602
1521666420395;-0.07000935;-0.011389494;-0.030067444
1521666420405;-0.03361404;-0.012433052;0.009003639
1521666420414;-0.0036222935;0.0029728413;0.037334442
1521666420425;0.03842616;0.036889553;-0.022734642
1521666420435;0.056809187;0.06257796;-0.052559853
1521666420445;-0.04805267;0.030015945;0.10458565
1521666420456;-0.16652644;-0.050679445;0.32639122
1521666420465;-0.08736861;-0.102155924;-0.02500534
1521666420475;0.06095922;-0.045970917;0.0040130615
1521666420524;0.16051221;-0.1378932;0.09715843
1521666420533;0.13724494;-0.101878166;0.061005592
1521666420543;0.07604408;-0.06351161;-0.0048589706
1521666420552;-0.11008906;0.0019369125;0.09605503
1521666420562;-0.1805259;0.1130476;0.03078556
1521666420572;-0.14284241;0.18071747;0.15482235
1521666420582;-0.13948667;0.20966339;0.3132639
1521666420592;-0.10901439;0.17531943;0.38303757
1521666420603;-0.12434816;0.14043689;0.45788097
1521666420612;-0.11024606;0.030940771;0.34294128
1521666420625;-0.037708998;0.035320282;0.13421726
1521666420632;-0.059325814;0.032015085;-0.030845642
1521666420643;-0.15474844;-0.08036089;-0.22074127
1521666420653;-0.19997501;-0.10270691;-0.303977
1521666420664;-0.2712369;-0.13044786;-0.35395432
1521666420673;-0.2245568;-0.17225957;-0.5253191
1521666420684;-0.08374655;-0.12976456;-0.6684885
1521666420695;-0.0012202263;-0.057752132;-0.56812286
1521666420704;0.01919651;0.05402255;-0.42113495
1521666420715;0.07493317;0.1336987;-0.28456402
1521666420726;0.18565619;0.15475988;-0.16973591
1521666420734;0.21635902;0.16903639;0.11003113
1521666420745;0.24885869;0.16339254;0.2926178
1521666420755;0.28566456;0.15230227;0.6263399
1521666420764;0.2970189;0.19362569;0.65468216
1521666420776;0.38355768;0.3024304;0.67212677
1521666420786;0.2666241;0.22710657;0.97975063
1521666420793;0.014534354;0.047869205;1.0874338
1521666420803;-0.020650506;-0.25761962;0.46740532
1521666420812;-0.052433014;-0.36474347;0.16143036
1521666420822;-0.17709982;-0.3951726;-0.48646736
1521666420831;-0.36396492;-0.39342856;-1.0860558
1521666420843;-0.091769695;-0.12423277;-1.6599774
1521666420854;0.18066776;0.19346619;-1.4125967
1521666420864;0.2939744;0.41395664;-1.1996202
1521666420881;0.29523683;0.44927764;0.35599995
1521666420891;-0.11954582;-0.2055378;1.2574024
1521666420901;-0.2676059;-0.3097787;1.7766104
1521666420911;-0.23849213;-0.209131;1.948451
