1521666047660;21.839884;-3.6399536;13.1599245
1521666047668;24.009811;-1.6799927;13.019788
1521666047680;25.549852;1.8899843;12.879894
1521666047688;23.44975;4.1298847;13.299817
1521666047709;18.339878;4.4799824;11.969981
1521666047720;15.469985;3.359986;12.109875
1521666047728;15.119887;1.399994;10.569834
1521666047741;13.1599245;-1.0499878;11.059825
1521666047753;13.929944;-0.69999695;12.389904
1521666047762;9.659921;-0.20999908;12.949963
1521666047772;7.839969;4.7598896;13.649915
1521666047792;3.0799568;11.339854;13.369885
1521666047809;3.5000007;8.609871;13.019788
1521666047814;2.939942;3.989991;12.179943
1521666047833;-1.3999939;1.4699708;12.599865
1521666047844;0.769989;6.78992;13.439954
1521666047862;0.6299896;22.539593;19.250036
1521666047871;-5.459961;24.849655;21.909708
1521666047882;-11.059814;22.750042;23.659712
1521666047891;-11.059814;22.11967;26.25005
1521666047913;8.8899;27.15972;31.989805
1521666047933;11.899913;40.039215;32.96985
1521666047952;11.269786;50.609566;36.5392
1521666047963;9.099862;49.76972;40.250153
1521666047971;14.069838;47.46014;40.94937
1521666047982;22.67973;49.489445;44.93962
1521666047991;26.669971;53.96993;50.399605
1521666048008;32.689575;62.719963;54.599815
1521666048014;29.469782;66.920425;58.729713
1521666048033;24.639694;71.11968;64.260254
1521666048043;31.849669;75.389244;67.828636
1521666048053;31.639708;80.56897;73.98884
1521666048063;35.839977;86.94011;77.06895
1521666048071;33.529423;96.809326;81.129524
1521666048083;20.089882;104.22931;86.94011
1521666048091;18.269566;114.65907;92.46945
1521666048113;12.740002;118.71965;99.68044
1521666048118;21.419962;119.42083;106.39925
1521666048132;28.769585;127.12011;117.45988
1521666048144;26.179737;136.56848;119.13958
1521666048154;19.599646;146.93192;122.56929
1521666048172;5.1099877;156.38129;132.50983
1521666048183;12.179943;149.65852;138.74039
1521666048192;22.750042;151.54918;139.8615
1521666048213;28.069878;167.09239;148.18976
1521666048232;24.500046;181.29964;152.31873
1521666048244;25.12993;177.9402;152.7406
1521666048254;31.569883;174.22922;153.15858
1521666048271;44.86931;176.68237;150.15073
1521666048283;46.969902;183.33092;147.9788
1521666048294;46.269707;192.85059;144.06079
1521666048351;31.639708;193.76076;130.7598
1521666048354;31.219786;198.2413;127.88964
1521666048392;11.479991;177.52223;111.57897
1521666048453;17.359896;168.49084;107.94027
1521666048456;29.399958;158.6196;90.299515
1521666048480;41.29996;122.360306;76.15878
1521666048582;46.34002;84.13931;46.969902
1521666048590;52.71016;40.460114;15.539809
1521666048595;14.2797985;1.5399781;-1.3299866
1521666048609;-7.3499756;-28.55957;-8.539795
1521666048629;-13.159912;-51.379883;-11.759766
1521666048649;-19.529785;-66.63867;-17.919922
1521666048661;-33.45996;-82.458984;-24.639648
1521666048670;-43.3291;-95.33984;-25.969727
1521666048681;-46.339844;-106.11914;-28.769531
1521666048690;-42.489258;-112.978516;-29.119629
1521666048702;-33.109375;-114.58984;-31.569824
1521666048709;-22.119629;-111.29883;-35.20996
1521666048721;-17.429688;-105.2793;-37.939453
1521666048729;-15.189941;-100.23828;-40.25
1521666048742;-15.889893;-100.0293;-41.789062
1521666048749;-17.84961;-106.11914;-40.59961
1521666048761;-14.629883;-110.458984;-41.649414
1521666048769;-13.439941;-114.93945;-39.899414
1521666048781;-19.80957;-114.30859;-43.539062
1521666048790;-24.149902;-107.728516;-44.939453
1521666048802;-30.30957;-101.84961;-49.34961
1521666048810;-34.089844;-102.26953;-50.11914
1521666048832;-37.799805;-109.12891;-51.51953
1521666048851;-38.84961;-111.36914;-50.539062
1521666048863;-40.179688;-106.46875;-55.089844
1521666048873;-41.509766;-103.5293;-56.839844
1521666048893;-46.479492;-108.42969;-60.61914
1521666048913;-38.0791;-109.05859;-58.589844
1521666048936;-38.359375;-108.21875;-60.689453
1521666048952;-39.40918;-101.359375;-65.79883
1521666048957;-36.679688;-99.328125;-68.94922
1521666048971;-27.299805;-109.96875;-66.91992
1521666048983;-22.32959;-117.87891;-65.44922
1521666048993;-21.0;-127.04883;-60.549805
1521666049003;-19.59961;-130.75781;-65.16992
1521666049012;-20.089844;-126.41992;-66.7793
1521666049030;-20.509766;-118.1582;-73.63867
1521666049043;-22.049805;-113.53906;-74.828125
1521666049062;-24.5;-114.51953;-67.759766
1521666049073;-21.069824;-113.67969;-75.458984
1521666049076;-17.429688;-120.18945;-69.64844
1521666049100;-17.569824;-125.228516;-71.88867
1521666049121;-20.089844;-129.70703;-74.96875
1521666049131;-33.45996;-109.68945;-80.14844
1521666049143;-40.25;-109.89844;-78.46875
1521666049149;-53.61914;-115.63867;-75.03906
1521666049161;-66.21875;-121.728516;-79.44922
1521666049169;-68.17969;-124.59961;-83.43945
1521666049182;-64.88867;-125.509766;-84.41992
1521666049190;-46.26953;-123.12891;-85.259766
1521666049203;-29.049805;-116.19922;-85.328125
1521666049210;-22.679688;-109.19922;-83.43945
1521666049233;-16.30957;-102.828125;-79.16992
1521666049252;-0.069999695;-115.359375;-77.34961
1521666049273;10.21998;-121.79883;-74.96875
1521666049293;10.50001;-101.84961;-73.91992
1521666049304;7.629886;-91.9082;-72.79883
1521666049314;0.769989;-87.98828;-71.328125
1521666049328;-2.6599731;-88.12891;-69.78906
1521666049337;-4.8999023;-89.80859;-67.4082
1521666049348;-6.2299805;-94.84961;-63.20996
1521666049354;-10.289795;-98.06836;-60.19922
1521666049366;-17.70996;-100.09961;-57.399414
1521666049374;-19.529785;-96.73828;-56.279297
1521666049386;-14.629883;-83.92969;-57.469727
1521666049394;-12.25;-70.62891;-55.649414
1521666049405;-14.209961;-61.25;-53.40918
1521666049416;-15.329834;-56.90918;-51.589844
1521666049437;-15.399902;-56.839844;-48.299805
1521666049501;-21.839844;-62.789062;-44.589844
1521666049513;-0.13999939;-50.75;-34.859375
1521666049520;5.3199487;-36.679688;-23.519531
1521666049531;2.519959;-34.01953;-21.20996
1521666049537;-1.1899719;-16.029785;-14.699951
1521666049552;-5.1099854;3.149964;-11.059814
1521666049562;-5.529907;10.289804;-5.529907
1521666049570;-8.399902;10.149912;0.83999634
1521666049582;-10.709961;9.44996;7.139896
1521666049591;-18.199707;17.219759;7.139896
1521666049602;-8.819824;20.089882;1.8899843
1521666049610;-3.8499756;19.31986;5.7399926
1521666049632;1.5399781;29.189997;14.000013
1521666049652;0.41999817;44.099777;16.449738
1521666049672;5.179934;47.389828;24.989792
1521666049684;20.089882;53.40938;26.25005
1521666049695;20.789589;63.76977;26.80962
1521666049706;16.86966;76.44003;28.139702
1521666049714;13.719983;89.45966;27.439993
1521666049736;7.349979;96.039795;30.029842
1521666049747;2.6599736;95.12963;36.679825
1521666049760;8.679939;94.989;45.920094
1521666049769;17.63968;98.06911;51.170116
1521666049777;25.199755;103.950005;56.840057
1521666049788;31.849669;112.90906;61.809803
1521666049794;33.389774;126.840805;62.64965
1521666049806;37.799946;140.3498;62.159416
1521666049814;33.670048;148.54132;63.420162
1521666049828;33.179813;156.72894;67.27004
1521666049836;30.099667;158.47897;69.43998
1521666049853;28.839897;158.83054;79.86974
1521666049873;25.89995;170.02994;88.5495
1521666049886;25.269579;177.03004;92.39914
1521666049895;22.67973;178.63943;94.989
1521666049913;19.459997;185.85048;98.55934
1521666049931;13.1599245;194.95218;98.13942
1521666049937;0.20999908;202.09293;101.92069
1521666049947;-9.799805;203.28044;107.100426
1521666049954;-8.329834;200.3429;107.65902
1521666049966;2.729981;201.53041;106.75081
1521666049974;7.4899936;201.88197;108.01059
1521666049986;10.70997;204.26093;108.28989
1521666049998;8.119881;208.88208;106.11995
1521666050009;-5.1799316;211.75322;104.64923
1521666050016;-10.98999;210.35086;103.87969
1521666050027;-10.569824;193.4092;108.28989
1521666050042;1.189972;188.72162;105.70002
1521666050054;7.629886;189.7021;104.71954
1521666050071;6.859988;190.61227;104.44025
1521666050078;4.2698994;192.70996;100.44998
1521666050094;1.189972;194.11234;97.44019
1521666050112;-6.4399414;180.81134;94.01048
1521666050116;-4.0599365;168.2096;96.45972
1521666050130;-0.9099884;160.09229;97.29957
1521666050142;23.099653;169.95961;86.94011
1521666050152;25.969774;157.29146;77.77012
1521666050163;24.56987;146.15848;73.63923
1521666050171;26.389698;134.18954;72.86969
1521666050183;30.099667;125.44041;69.57865
1521666050191;35.48939;119.97942;69.02006
1521666050203;44.86931;120.53998;61.880116
1521666050212;43.8195;113.75086;56.210175
1521666050232;45.920094;82.03969;52.0793
1521666050253;28.559624;27.299856;40.109528
1521666050266;19.31986;11.689952;33.250126
1521666050277;10.50001;5.4599633;27.36968
1521666050293;-2.7299805;3.6399543;9.029794
1521666050307;-11.689941;-0.13999939;3.9199836
1521666050314;-25.689941;-7.9799805;1.6099855
1521666050333;-34.439453;-17.009766;-1.4699707
1521666050334;-38.989258;-25.05957;-5.8099365
1521666050348;-45.779297;-33.66992;-5.25
1521666050355;-49.20996;-40.66992;-8.399902
1521666050366;-39.8291;-52.219727;-16.659668
1521666050375;-28.0;-66.91992;-21.34961
1521666050387;-14.839844;-84.62891;-25.689941
1521666050395;-3.2199707;-101.56836;-27.57959
1521666050413;6.2299833;-110.66992;-30.30957
1521666050431;7.4899936;-103.5293;-34.929688
1521666050434;12.529797;-95.33984;-38.219727
1521666050448;18.829624;-91.83984;-40.179688
1521666050455;26.25005;-92.609375;-43.609375
1521666050473;17.989779;-106.04883;-43.609375
1521666050486;10.429941;-104.64844;-44.16992
1521666050494;0.41999817;-103.31836;-42.90918
1521666050506;-10.079834;-102.4082;-41.15918
1521666050518;-16.379883;-101.009766;-40.38965
1521666050529;-16.72998;-97.578125;-41.089844
1521666050536;-15.539795;-93.86914;-47.80957
1521666050548;-17.569824;-96.109375;-47.319336
1521666050556;-23.589844;-98.9082;-50.189453
1521666050568;-29.95996;-100.86914;-50.95996
1521666050574;-36.679688;-103.73828;-46.479492
1521666050587;-37.029297;-101.28906;-50.539062
1521666050594;-38.84961;-97.509766;-48.649414
1521666050607;-37.65918;-96.87891;-45.009766
1521666050614;-32.40918;-91.0;-53.61914
1521666050631;-32.339844;-92.259766;-53.689453
1521666050638;-37.09961;-96.66992;-50.95996
1521666050648;-40.45996;-98.62891;-54.879883
1521666050658;-43.609375;-102.759766;-51.65918
1521666050669;-46.759766;-106.328125;-48.089844
1521666050676;-45.989258;-102.05859;-53.19922
1521666050688;-44.589844;-94.21875;-53.899414
1521666050695;-38.91992;-80.708984;-59.219727
1521666050707;-34.789062;-79.16992;-64.259766
1521666050714;-35.90918;-91.55859;-61.039062
1521666050737;-32.40918;-104.64844;-62.36914
1521666050748;-27.019531;-113.88867;-56.90918
1521666050761;-9.659912;-110.87891;-62.5791
1521666050767;-5.3199463;-101.84961;-64.88867
1521666050774;-9.449951;-94.5;-67.759766
1521666050787;-14.97998;-95.19922;-68.03906
1521666050796;-24.149902;-106.11914;-66.28906
1521666050807;-23.379883;-118.71875;-66.14844
1521666050815;-9.939941;-127.39844;-63.34961
1521666050829;-5.5999756;-126.9082;-65.79883
1521666050840;-0.41999817;-121.86914;-68.80859
1521666050848;-5.8099365;-117.17969;-70.208984
1521666050854;-15.889893;-114.44922;-73.009766
1521666050867;-28.139648;-115.42969;-73.56836
1521666050874;-31.779785;-115.078125;-75.73828
1521666050888;-27.509766;-113.609375;-75.03906
1521666050895;-19.45996;-113.259766;-73.7793
1521666050908;-12.529785;-114.86914;-72.23828
1521666050915;-10.429932;-119.06836;-72.79883
1521666050931;-6.9299316;-123.759766;-74.759766
1521666050936;-9.029785;-129.91797;-74.54883
1521666050948;-8.679932;-129.91797;-76.78906
1521666050955;-13.579834;-126.13867;-76.228516
1521666050967;-11.829834;-119.83984;-76.29883
1521666050975;-6.089966;-111.01953;-78.46875
1521666050988;-5.3199463;-109.12891;-73.708984
1521666050995;-2.7999878;-110.73828;-73.009766
1521666051007;-1.1899719;-115.21875;-71.04883
1521666051016;-1.8899841;-117.31836;-72.37891
1521666051031;-2.3799438;-115.7793;-72.30859
1521666051039;-4.829956;-112.69922;-70.76953
1521666051049;-12.809814;-111.01953;-70.13867
1521666051057;-16.72998;-109.54883;-68.17969
1521666051068;-16.589844;-107.6582;-67.4082
1521666051076;-11.549805;-102.478516;-66.63867
1521666051102;-7.7698975;-93.23828;-61.739258
1521666051106;-5.039917;-91.34961;-58.44922
1521666051143;-7.699951;-87.28906;-52.84961
1521666051146;-7.209961;-77.55859;-47.80957
1521666051154;-7.7698975;-71.609375;-46.759766
1521666051172;-14.139893;-62.789062;-40.66992
1521666051192;-9.169922;-55.929688;-37.86914
1521666051213;-9.589844;-48.509766;-26.45996
1521666051233;0.20999908;-37.51953;-20.509766
1521666051253;4.199953;-28.769531;-14.559814
1521666051267;7.349979;-26.03955;-13.929932
1521666051275;11.689952;-17.28955;-10.079834
1521666051291;7.839969;-6.789917;-6.8599854
1521666051297;7.349979;3.6399543;-5.3199463
1521666051308;6.4399443;11.619884;-2.7299805
1521666051316;5.3199487;16.169952;5.389895
1521666051329;-6.0198975;22.11967;8.750008
1521666051338;0.55999756;19.389685;6.78992
1521666051348;3.2199714;14.629896;13.439954
1521666051354;4.0599384;15.959975;18.899937
1521666051368;7.629886;26.25005;19.039587
1521666051376;5.4599633;40.460114;17.079622
1521666051387;-9.659912;61.31957;21.210001
1521666051396;-15.399902;68.529816;25.269579
1521666051407;-17.639648;67.408714;27.019583
1521666051414;-14.629883;64.680176;28.629936
1521666051433;-9.589844;65.02979;27.929739
1521666051440;-10.779785;69.299355;30.939999
1521666051448;-10.5;76.09042;31.639708
1521666051455;-11.059814;81.96937;32.549927
1521666051468;-9.72998;86.72917;35.210094
1521666051488;-6.2299805;89.45966;38.21987
1521666051503;3.359986;88.19989;47.109554
1521666051510;5.179934;88.96942;50.329292
1521666051518;7.0699496;90.649124;52.219925
1521666051532;13.299817;93.65891;53.340046
1521666051541;21.909708;98.97926;53.340046
1521666051549;26.319874;106.04964;58.09983
1521666051555;24.989792;114.03017;59.849834
1521666051567;22.189983;122.0107;61.94945
1521666051576;16.939972;127.12011;66.01027
1521666051588;14.000013;130.34183;70.97905
1521666051596;20.01957;135.52159;71.539604
1521666051608;24.149948;146.22879;77.06895
1521666051616;24.009811;150.77963;82.11
1521666051630;19.599646;155.4008;82.318985
1521666051637;13.859876;164.70953;83.5104
1521666051649;4.3399677;171.63933;89.879585
1521666051656;-0.55999756;175.90892;93.379616
1521666051667;-3.6399536;175.97923;97.29957
1521666051677;-4.8999023;175.7722;100.520294
1521666051687;-6.2999268;174.02219;102.760544
1521666051695;0.20999908;175.49095;103.80938
1521666051709;5.389895;182.63168;100.658966
1521666051718;4.7598896;193.4092;98.42067
1521666051733;-5.949951;198.38193;101.56913
1521666051750;-20.719727;187.67082;103.53008
1521666051756;-24.779785;182.49106;106.53987
1521666051769;-23.379883;183.88951;109.82896
1521666051776;-16.589844;187.25285;116.34073
1521666051788;-12.809814;191.31151;114.03017
1521666051795;-14.839844;191.45213;112.20984
1521666051807;-22.049805;187.60051;110.95006
1521666051816;-29.119629;185.29189;108.14926
1521666051830;-31.5;181.0223;111.51061
1521666051836;-20.369629;172.27216;115.21963
1521666051849;-11.829834;169.54164;113.68055
1521666051855;1.1199952;169.19008;111.57897
1521666051868;13.439954;171.29167;104.159
1521666051876;17.42972;171.4323;96.94995
1521666051888;18.129917;165.90096;94.149155
1521666051895;23.799849;163.3814;92.81906
1521666051908;28.980034;159.31883;91.000694
1521666051917;36.819473;150.0101;92.11984
1521666051930;48.229675;142.45139;91.27999
1521666051938;59.079327;142.31076;87.21941
1521666051950;74.19978;141.68184;74.969315
1521666051956;80.85022;129.91994;65.02979
1521666051969;81.129524;114.87001;55.649624
1521666051976;76.510345;97.93043;51.309765
1521666051988;66.988785;88.2702;52.429886
1521666051996;53.899616;86.52019;54.179893
1521666052011;47.59979;83.44009;46.68963
1521666052018;47.880062;77.90879;43.750164
1521666052040;49.210148;66.35988;35.420055
1521666052063;36.819473;23.799849;14.139906
1521666052100;-10.009766;-33.38965;-4.8999023
1521666052108;-17.779785;-43.259766;-12.669922
1521666052117;-22.049805;-59.569336;-19.319824
1521666052131;-25.129883;-74.19922;-22.049805
1521666052138;-32.19922;-82.87891;-23.659668
1521666052151;-38.219727;-86.16992;-23.869629
1521666052156;-40.319336;-90.01953;-22.049805
1521666052167;-38.0791;-94.28906;-24.149902
1521666052174;-35.279297;-102.96875;-27.089844
1521666052186;-31.149902;-104.228516;-32.689453
1521666052194;-28.909668;-105.41992;-40.45996
1521666052206;-29.819824;-107.51953;-42.20996
1521666052214;-28.55957;-109.19922;-43.049805
1521666052230;-28.629883;-110.73828;-43.75
1521666052235;-32.05957;-112.9082;-45.989258
1521666052249;-36.189453;-114.44922;-46.549805
1521666052256;-40.38965;-111.43945;-53.129883
1521666052268;-45.359375;-109.54883;-57.049805
1521666052276;-48.439453;-114.0293;-53.40918
1521666052288;-42.979492;-112.978516;-62.439453
1521666052297;-46.339844;-118.29883;-60.8291
1521666052308;-52.5;-124.94922;-59.429688
1521666052316;-53.479492;-122.21875;-64.39844
1521666052342;-51.09961;-120.75;-67.828125
1521666052349;-42.0;-121.86914;-69.509766
1521666052356;-31.84961;-121.51953;-70.978516
1521666052368;-20.159668;-119.55859;-70.55859
1521666052375;-15.959961;-117.38867;-74.759766
1521666052387;-17.639648;-120.88867;-74.19922
1521666052396;-15.889893;-121.79883;-80.078125
1521666052408;-10.359863;-123.05859;-82.94922
1521666052416;-7.629883;-126.978516;-76.71875
1521666052431;-0.48999786;-123.4082;-76.36914
1521666052441;-0.27999878;-118.1582;-80.009766
1521666052449;-8.049805;-116.61914;-76.859375
1521666052456;-18.969727;-121.6582;-74.19922
1521666052470;-21.839844;-125.29883;-77.978516
1521666052477;-20.719727;-126.208984;-82.31836
1521666052488;-18.969727;-128.58984;-84.06836
1521666052496;-12.039795;-124.73828;-83.859375
1521666052570;-9.869873;-117.5293;-84.69922
1521666052582;-17.989746;-132.22656;-79.16992
1521666052590;-12.109863;-129.5;-83.71875
1521666052595;-9.72998;-105.48828;-84.41992
1521666052607;-15.469971;-109.26953;-82.03906
1521666052614;-14.839844;-115.21875;-81.89844
1521666052627;-4.199951;-122.91992;-81.68945
1521666052635;1.6099855;-124.25;-81.26953
1521666052648;7.2099643;-124.03906;-78.88867
1521666052654;11.409923;-118.36914;-78.81836
1521666052666;9.379891;-110.80859;-78.11914
1521666052674;8.049812;-104.78906;-77.06836
1521666052688;10.359873;-102.61914;-76.29883
1521666052696;12.039806;-106.11914;-76.36914
1521666052710;17.009798;-111.29883;-74.96875
1521666052717;22.259808;-117.38867;-74.478516
1521666052732;19.179724;-117.66992;-74.33984
1521666052738;15.119887;-112.208984;-69.08984
1521666052750;15.119887;-100.51953;-69.78906
1521666052757;10.009775;-95.54883;-66.21875
1521666052768;5.6699243;-94.078125;-60.479492
1521666052778;4.199953;-94.078125;-58.029297
1521666052789;-1.1199951;-93.23828;-55.089844
1521666052797;-4.829956;-90.08984;-53.339844
1521666052811;-10.98999;-84.48828;-51.239258
1521666052819;-12.319824;-77.2793;-46.19922
1521666052839;-5.879883;-70.41992;-42.839844
1521666052850;-5.949951;-65.58984;-35.41992
1521666052858;-6.2999268;-60.26953;-31.779785
1521666052868;-7.419922;-51.379883;-30.239746
1521666052876;-9.72998;-41.859375;-26.80957
1521666052889;-9.23999;-33.45996;-24.919922
1521666052896;-8.959961;-30.169922;-19.529785
1521666052909;-6.0198975;-29.609863;-13.089844
1521666052917;2.8699956;-25.82959;-11.059814
1521666052932;7.2799106;-18.969727;-5.8099365
1521666052938;9.519784;-7.909912;-2.4499512
1521666052951;9.44996;3.4299934;-0.13999939
1521666052957;3.2899787;10.429941;4.6899433
1521666052969;2.2399907;13.929944;10.70997
1521666052976;8.119881;17.009798;12.529797
1521666052989;12.809826;19.459997;14.2797985
1521666052998;14.699965;24.289597;17.500032
1521666053009;15.679946;31.849669;21.769571
1521666053063;14.419935;41.22965;24.639694
1521666053072;14.209974;49.279484;26.669971
1521666053101;12.740002;60.26976;31.079649
1521666053111;7.349979;63.00024;36.39955
1521666053121;8.259773;79.44982;44.239426
1521666053142;0.769989;96.039795;53.479694
1521666053151;-9.379883;110.0399;62.929924
1521666053160;-7.0699463;121.10053;66.85011
1521666053166;-5.669922;128.79883;66.639175
1521666053174;-11.339844;134.25986;74.82869
1521666053186;-9.029785;139.93181;78.19005
1521666053194;-5.879883;148.75226;82.45961
1521666053207;-0.20999908;150.99057;84.27994
1521666053214;8.819832;157.77974;84.35025
1521666053228;10.779795;163.65874;84.69986
1521666053234;10.99;170.52213;89.45966
1521666053248;8.39991;173.74092;93.10032
1521666053255;9.659921;176.2605;94.56908
1521666053267;10.009775;172.40887;102.54961
1521666053275;18.059605;168.70178;102.129684
1521666053287;28.069878;169.26039;103.38946
1521666053296;30.239803;172.34247;106.04964
1521666053307;22.11967;191.38182;99.95974
1521666053315;4.619997;199.08116;101.28983
1521666053330;-12.25;199.36241;102.61992
1521666053335;-17.429688;195.79204;101.56913
1521666053351;-19.319824;183.95982;105.559395
1521666053357;-12.809814;175.28001;106.32893
1521666053369;-14.839844;177.52223;106.04964
1521666053377;-26.949707;184.45203;111.57897
1521666053389;-34.229492;197.96004;112.350464
1521666053397;-37.51953;200.76086;112.55945
1521666053411;-31.219727;197.26082;112.20984
1521666053419;-7.0;191.31151;106.75081
1521666053438;4.2698994;186.20206;105.840645
1521666053453;18.689976;187.31926;99.469505
1521666053458;15.679946;182.63168;99.68044
1521666053469;16.939972;178.70975;97.93043
1521666053481;16.239777;183.75279;103.87969
1521666053491;27.230032;173.52998;99.53982
1521666053499;37.380024;166.88144;94.92064
1521666053511;47.25018;152.95154;93.23899
1521666053519;54.739464;148.4007;86.17058
1521666053537;51.239452;142.45139;80.010376
1521666053546;49.000187;135.45128;76.71933
1521666053559;50.11933;110.879745;68.94974
1521666053569;63.279537;92.11984;63.90942
1521666053578;66.35988;84.069;57.469944
1521666053591;64.04932;76.44003;49.42011
1521666053597;54.250206;70.420456;42.069496
1521666053609;54.03927;61.73949;35.48939
1521666053621;42.840004;42.840004;28.4898
1521666053637;26.949757;16.449738;20.789589
1521666053646;16.799835;-3.079956;20.579628
1521666053663;-1.1199951;-19.529785;14.419935
1521666053671;-8.189941;-28.139648;5.9499536
1521666053677;-12.809814;-42.279297;-1.1199951
1521666053691;-23.659668;-63.76953;-7.839966
1521666053698;-36.679688;-83.92969;-13.649902
1521666053709;-44.30957;-97.43945;-17.779785
1521666053718;-49.76953;-108.14844;-20.649902
1521666053731;-50.609375;-115.21875;-23.09961
1521666053739;-48.089844;-115.84961;-25.47998
1521666053759;-32.19922;-118.78906;-44.51953
1521666053769;-28.0;-126.34961;-52.149414
1521666053777;-26.59961;-129.84766;-58.86914
1521666053789;-29.75;-134.8164;-63.13965
1521666053797;-33.879883;-138.25;-60.40918
1521666053809;-35.489258;-140.27734;-59.219727
1521666053817;-31.429688;-137.96875;-58.65918
1521666053832;-26.949707;-135.72656;-57.469727
1521666053842;-21.97998;-128.16797;-63.839844
1521666053850;-22.95996;-128.02734;-71.75
1521666053859;-27.78955;-132.64844;-74.61914
1521666053870;-32.899414;-130.82812;-81.12891
1521666053878;-38.5;-136.98828;-73.708984
1521666053891;-37.44922;-135.16797;-74.68945
1521666053898;-33.25;-131.8789;-72.16992
1521666053909;-28.629883;-128.44922;-72.6582
1521666053918;-23.09961;-123.89844;-81.19922
1521666053940;-31.989746;-128.16797;-85.39844
1521666053951;-29.399902;-125.859375;-85.04883
1521666053958;-27.299805;-124.25;-84.13867
1521666053971;-25.549805;-125.01953;-80.21875
1521666053978;-18.689941;-125.43945;-77.2793
1521666053989;-0.55999756;-120.04883;-82.03906
1521666053999;4.1298847;-119.0;-83.578125
1521666054011;0.769989;-123.12891;-84.2793
1521666054019;-1.539978;-121.16992;-85.18945
1521666054041;-1.1199951;-114.58984;-81.4082
1521666054093;2.729981;-106.259766;-75.87891
1521666054101;15.889907;-123.19922;-75.458984
1521666054121;10.779795;-135.3789;-77.41992
1521666054129;-18.05957;-90.859375;-72.93945
1521666054136;-26.25;-108.98828;-66.56836
1521666054148;-15.959961;-118.43945;-67.759766
1521666054155;-11.129883;-122.56836;-68.03906
1521666054167;-14.279785;-120.18945;-69.64844
1521666054175;-19.179688;-112.13867;-69.43945
1521666054187;-23.799805;-98.978516;-68.458984
1521666054195;-19.529785;-86.44922;-72.6582
1521666054207;-16.72998;-82.87891;-67.26953
1521666054215;-10.569824;-94.98828;-67.61914
1521666054243;6.859988;-112.48828;-66.21875
1521666054251;10.0798435;-112.48828;-65.79883
1521666054258;7.769901;-107.16992;-64.67969
1521666054271;3.2899787;-99.39844;-63.0
1521666054278;0.41999817;-92.259766;-61.25
1521666054290;-1.6799927;-88.478516;-59.5
1521666054298;-1.0499878;-89.73828;-58.65918
1521666054310;1.8899843;-95.4082;-59.429688
1521666054318;-1.2599792;-100.09961;-57.259766
1521666054332;-9.23999;-96.80859;-54.38965
1521666054352;-20.159668;-76.859375;-52.70996
1521666054358;-22.32959;-71.18945;-50.88965
1521666054369;-21.769531;-69.36914;-47.879883
1521666054380;-19.389648;-72.93945;-46.129883
1521666054391;-18.549805;-75.80859;-43.819336
1521666054399;-18.619629;-76.509766;-41.299805
1521666054412;-13.579834;-68.5293;-39.479492
1521666054418;-11.409912;-57.88965;-37.09961
1521666054431;-8.959961;-49.69922;-35.0
1521666054453;-0.13999939;-45.91992;-26.879883
1521666054461;1.8899843;-45.63965;-23.799805
1521666054470;1.7500001;-41.439453;-23.379883
1521666054479;-3.2199707;-34.229492;-19.109863
1521666054491;-4.9699707;-22.95996;-18.199707
1521666054499;-9.449951;-12.529785;-16.72998
1521666054512;-11.339844;-6.0198975;-13.22998
1521666054520;-10.009766;-3.919983;-9.72998
1521666054539;-7.0699463;-2.0299683;-2.3799438
1521666054551;-8.329834;8.049812;0.34999847
1521666054558;-11.129883;16.589874;1.8199769
1521666054570;-17.5;23.309614;5.599978
1521666054579;-21.34961;26.669971;9.44996
1521666054592;-17.70996;27.15972;13.229993
1521666054599;-11.199951;26.669971;13.719983
1521666054620;4.3399677;32.759888;17.779818
1521666054639;9.799813;41.29996;22.329632
1521666054652;10.429941;47.80975;23.659712
1521666054660;6.7199736;55.859585;27.579641
1521666054671;4.409914;66.35988;31.079649
1521666054678;2.5899663;70.90874;32.899536
1521666054691;3.6399543;73.35993;35.979626
1521666054699;6.9299345;75.52987;39.26968
1521666054710;11.619884;77.9791;42.13981
1521666054719;13.929944;81.69007;47.739437
1521666054739;15.329848;92.88937;53.059772
1521666054752;7.979984;101.43046;57.050022
1521666054759;2.309998;111.78991;61.039295
1521666054771;-2.7999878;117.6005;65.23878
1521666054779;-3.8499756;118.090744;72.79938
1521666054791;2.729981;122.6396;76.15878
1521666054799;8.049812;129.22072;80.98889
1521666054811;11.269786;138.38882;83.64907
1521666054819;6.9299345;146.8616;88.76044
1521666054833;2.0299687;158.90085;91.770226
1521666054839;-3.7799683;167.36974;95.82885
1521666054851;-0.83999634;171.92058;101.14921
1521666054859;9.099862;169.54164;104.22931
1521666054871;20.159706;161.9087;112.62976
1521666054879;33.739384;156.02972;117.25089
1521666054901;46.269707;186.13174;113.61024
1521666054911;37.029438;206.01096;109.690285
1521666054919;20.369667;212.65948;116.05948
1521666054942;9.799813;199.01085;117.53019
1521666054953;13.089856;194.25296;122.360306
1521666054960;9.099862;199.921;124.38962
1521666054971;5.809939;210.90945;122.14937
1521666054979;-3.289978;225.81984;120.04974
1521666054991;-12.25;226.52298;119.77044
1521666055000;-15.679932;217.06972;116.969635
1521666055012;-14.839844;199.56944;121.10053
1521666055020;-2.869995;206.50314;124.04001
1521666055040;3.0099494;219.24162;121.30952
1521666055059;8.119881;231.28087;116.69034
1521666055066;10.50001;230.15976;111.36999
1521666055101;16.3096;226.59329;108.3602
1521666055113;32.269653;194.25296;106.46956
1521666055121;52.989456;187.45988;105.559395
1521666055127;83.09048;182.63168;96.31909
1521666055142;85.75065;173.18233;86.100266
1521666055151;81.27015;151.20152;66.21925
1521666055157;69.71928;144.61938;65.100105
1521666055168;56.630096;129.50197;62.369377
1521666055176;52.92012;116.89932;61.039295
1521666055188;43.750164;111.4403;58.23948
1521666055196;32.19934;102.05937;52.429886
1521666055209;32.479614;95.19994;46.829277
1521666055217;50.469917;82.318985;40.250153
1521666055231;44.239426;48.85956;25.480028
1521666055237;38.35952;23.869673;22.049847
1521666055252;32.130005;7.0699496;17.079622
1521666055259;15.819839;-0.6299896;8.679939
1521666055271;5.7399926;-10.289795;3.149964
1521666055280;2.2399907;-15.049805;-1.0499878
1521666055298;1.7500001;-28.629883;-9.939941
1521666055329;-19.669922;-69.36914;-16.519531
1521666055343;-47.039062;-92.11914;-19.669922
1521666055359;-56.13965;-97.36914;-21.55957
1521666055383;-44.379883;-121.728516;-40.039062
1521666055413;-53.40918;-150.35938;-54.38965
1521666055417;-49.839844;-146.64844;-55.089844
1521666055447;-41.089844;-134.25781;-61.38965
1521666055461;-42.0;-132.50781;-67.759766
1521666055480;-59.219727;-151.54688;-79.728516
1521666055489;-61.879883;-158.40625;-81.4082
1521666055496;-58.029297;-161.76953;-78.53906
1521666055508;-54.319336;-159.38672;-79.30859
1521666055516;-50.11914;-148.32812;-83.64844
1521666055529;-51.029297;-136.00781;-89.59961
1521666055537;-56.69922;-128.65625;-97.228516
1521666055549;-57.259766;-130.1289;-95.54883
1521666055591;-21.769531;-154.0;-90.08984
1521666055763;0.069999695;-115.42969;-86.58984
1521666055768;8.259773;-122.98828;-81.4082
1521666055776;11.689952;-116.96875;-78.958984
1521666055812;-10.289795;-89.31836;-71.88867
1521666055818;-10.009766;-94.708984;-71.328125
1521666055830;-3.289978;-100.86914;-69.64844
1521666055836;1.6799928;-104.36914;-69.1582
1521666055851;5.599978;-102.68945;-68.03906
1521666055869;5.6699243;-87.63867;-67.26953
1521666055877;5.3199487;-82.87891;-66.63867
1521666055889;4.9699726;-83.71875;-65.79883
1521666055897;5.7399926;-88.05859;-64.04883
1521666055909;8.819832;-96.94922;-62.299805
1521666055916;10.0798435;-98.76953;-60.759766
1521666055931;10.70997;-99.75;-59.91992
1521666055936;9.099862;-95.33984;-60.19922
1521666055949;3.569947;-90.29883;-56.839844
1521666055956;1.7500001;-83.92969;-56.839844
1521666055968;-0.9099884;-78.259766;-56.279297
1521666055976;-6.2999268;-75.109375;-53.759766
1521666055988;-8.819824;-72.728516;-52.569336
1521666055998;-11.269775;-72.30859;-51.09961
1521666056009;-19.109863;-73.42969;-47.80957
1521666056017;-29.53955;-77.978516;-46.549805
1521666056032;-27.649902;-73.98828;-47.25
1521666056037;-27.159668;-69.228516;-45.0791
1521666056050;-25.269531;-64.18945;-42.55957
1521666056056;-20.22998;-60.05957;-42.839844
1521666056069;-18.82959;-60.129883;-41.15918
1521666056076;-16.799805;-61.739258;-39.05957
1521666056089;-13.509766;-60.479492;-38.359375
1521666056096;-13.159912;-56.839844;-36.679688
1521666056110;-10.359863;-49.13965;-36.679688
1521666056118;-8.399902;-41.509766;-34.649414
1521666056133;-7.629883;-39.339844;-31.779785
1521666056139;-3.289978;-38.70996;-27.019531
1521666056151;-1.75;-38.84961;-22.32959
1521666056158;0.55999756;-34.859375;-20.089844
1521666056172;-2.7999878;-28.699707;-17.429688
1521666056192;-14.139893;-8.399902;-6.789917
1521666056200;-17.219727;-2.7999878;-2.5899658
1521666056213;-11.619873;0.20999908;-1.1899719
1521666056222;-3.2199707;2.5899663;3.569947
1521666056236;7.2099643;5.9499536;5.879885
1521666056251;9.869882;12.039806;10.009775
1521666056257;8.119881;29.539606;14.209974
1521666056273;3.2199714;48.92987;25.480028
1521666056281;9.029794;52.71016;29.679743
1521666056293;17.989779;51.59004;33.529423
1521666056299;26.879932;49.699406;37.44936
1521666056312;30.309628;51.309765;40.52945
1521666056322;29.119684;58.729713;44.72966
1521666056342;20.509804;90.02022;51.729687
1521666056355;9.93995;102.27031;60.899643
1521666056373;8.8899;103.18047;73.92048
1521666056381;12.740002;101.98905;78.818954
1521666056402;25.409716;113.539925;84.77017
1521666056413;26.879932;126.42088;86.5905
1521666056421;24.219772;139.15837;89.60029
1521666056442;23.799849;154.8422;99.19021
1521666056453;24.219772;150.77963;104.57892
1521666056461;30.239803;147.42021;105.559395
1521666056472;41.579258;150.08041;105.909004
1521666056481;49.76972;164.92047;107.86996
1521666056493;47.46014;172.13153;108.989105
1521666056501;43.960125;179.90117;108.43051
1521666056512;40.94937;182.702;109.27036
1521666056520;41.09;179.27226;109.54966
1521666056543;41.29996;175.7722;111.02038
1521666056562;27.089895;199.08116;109.47935
1521666056572;16.659698;211.47197;109.27036
1521666056580;6.0899687;217.90956;108.78012
1521666056661;-19.80957;221.69087;114.7997
1521666056673;-31.5;222.8823;126.209946
1521666056681;10.569834;229.8824;108.56918
1521666056691;12.669933;221.40962;106.46956
1521666056699;23.659712;213.29231;104.09064
1521666056711;37.2394;194.74124;102.2
1521666056719;51.099804;184.79968;97.64918
1521666056731;52.92012;181.22932;101.01054
1521666056739;57.889866;192.01074;98.42067
1521666056753;67.689964;199.921;80.63928
1521666056759;65.59034;196.56158;73.35993
1521666056772;58.6594;179.40898;66.289566
1521666056780;49.63007;160.51025;61.38988
1521666056792;45.42986;141.18965;62.510002
1521666056800;39.969875;124.45993;61.31957
1521666056811;38.500145;119.629814;56.769745
1521666056818;65.72901;110.95006;49.63007
1521666056831;71.04937;103.950005;39.26968
1521666056838;65.799324;90.71944;29.119684
1521666056851;52.359573;73.779854;21.139688
1521666056857;41.159336;58.6594;14.559828
1521666056870;19.599646;35.769665;7.0000033
1521666056878;3.149964;16.029816;15.329848
1521666056889;-3.919983;1.1199952;19.250036
1521666056898;-1.539978;6.159915;15.049819
1521666056910;-4.339966;-4.2698975;10.99
1521666056917;-7.7698975;-8.679932;-4.129883
1521666056933;5.3199487;-35.979492;-6.159912
1521666056938;-12.669922;-52.5;-17.429688
1521666056952;-20.509766;-74.26953;-17.569824
1521666056959;-41.859375;-89.73828;-19.80957
1521666056973;-53.899414;-102.05859;-23.029785
1521666056998;-55.229492;-104.08984;-22.609863
1521666057093;-47.039062;-135.44922;-55.15918
1521666057099;-51.51953;-132.01953;-74.26953
1521666057131;-70.13867;-136.28906;-72.09961
1521666057137;-68.25;-138.59766;-71.609375
1521666057150;-67.05859;-141.60938;-71.11914
1521666057158;-62.299805;-136.35938;-79.23828
1521666057169;-61.80957;-132.78906;-83.78906
1521666057177;-61.94922;-133.76953;-83.92969
1521666057273;-40.039062;-128.65625;-84.48828
1521666057277;-27.439941;-134.60938;-83.228516
1521666057286;-13.159912;-130.75781;-88.61914
1521666057303;-1.3299866;-125.92969;-91.48828
1521666057310;12.319836;-140.76953;-82.109375
1521666057326;10.849863;-141.60938;-80.708984
1521666057377;11.899913;-137.26953;-85.259766
1521666057413;7.0000033;-119.76953;-85.609375
1521666057414;-10.569824;-122.42969;-78.53906
1521666057432;-19.80957;-126.2793;-77.62891
1521666057439;7.2099643;-103.458984;-76.36914
1521666057502;27.859915;-100.728516;-73.078125
1521666057512;19.669958;-89.66992;-69.29883
1521666057523;12.669933;-84.76953;-68.31836
1521666057532;6.859988;-87.359375;-66.359375
1521666057540;3.2199714;-96.59961;-63.90918
1521666057551;1.399994;-105.13867;-62.01953
1521666057558;-0.13999939;-107.79883;-59.149414
1521666057570;-1.6799927;-101.7793;-59.219727
1521666057578;-4.619995;-90.08984;-61.179688
1521666057590;-14.559814;-79.23828;-58.729492
1521666057598;-23.449707;-71.609375;-55.229492
1521666057611;-30.09961;-71.328125;-53.549805
1521666057618;-32.26953;-73.28906;-49.41992
1521666057631;-32.689453;-75.25;-44.44922
1521666057638;-27.019531;-71.88867;-42.069336
1521666057651;-19.669922;-63.0;-39.549805
1521666057658;-13.299805;-53.129883;-37.51953
1521666057670;-10.639893;-43.609375;-35.069336
1521666057678;-10.98999;-38.289062;-31.639648
1521666057690;-11.269775;-34.929688;-27.859863
1521666057698;-12.73999;-32.969727;-23.449707
1521666057710;-13.019775;-28.34961;-19.80957
1521666057718;-7.48999;-16.869629;-17.5
1521666057731;-2.9399414;-10.5;-13.579834
1521666057738;-0.55999756;-7.1398926;-11.409912
1521666057751;2.5899663;-3.289978;-7.209961
1521666057758;2.1699834;0.34999847;-3.8499756
1521666057773;1.7500001;7.349979;0.34999847
1521666057780;0.48999786;16.379913;2.3799443
1521666057800;-0.55999756;35.559704;9.239999
1521666057812;-0.6299896;38.920067;11.829844
1521666057821;3.2899787;40.039215;13.789807
1521666057840;18.269566;39.759914;23.44975
1521666057860;20.789589;57.259983;31.989805
1521666057872;18.7598;69.15873;35.27943
1521666057880;11.969981;79.44982;38.849754
1521666057897;6.369998;87.50066;43.39958
1521666057904;2.309998;92.11984;47.949398
1521666057922;-2.0299683;87.988945;58.380104
1521666057939;-2.4499512;88.5495;65.93995
1521666057947;-1.1899719;96.31909;70.20952
1521666057954;-2.0299683;117.80949;74.69002
1521666057964;-5.73999;131.74028;77.13926
1521666057982;-6.579956;142.65842;82.3893
1521666057996;-1.9599915;137.7599;84.209625
1521666058007;8.39991;132.22858;87.21941
1521666058022;27.649954;140.63104;87.21941
1521666058036;23.44975;150.77963;91.06905
1521666058056;15.119887;157.85005;93.59055
1521666058102;4.9699726;162.11966;98.90895
1521666058121;-2.0999756;167.36974;96.18042
1521666058124;-14.48999;173.11201;94.50072
1521666058142;-52.289062;173.6003;103.80938
1521666058153;-65.58984;171.63933;111.57897
1521666058159;-73.84961;175.35033;118.37004
1521666058171;-71.18945;185.3622;122.21968
1521666058179;-59.569336;196.13971;121.79975
1521666058192;-50.259766;193.13185;119.42083
1521666058200;-37.86914;187.04192;117.389565
1521666058212;-20.439941;180.81134;122.50093
1521666058220;-3.9899902;178.92068;123.62008
1521666058232;15.399917;181.0926;122.360306
1521666058240;24.009811;178.08084;121.72944
1521666058252;29.329645;176.81909;117.8798
1521666058260;31.149961;170.02994;117.80949
1521666058282;55.300014;176.40112;121.45014
1521666058302;74.619705;179.27226;112.20984
1521666058322;83.44009;150.50229;88.2702
1521666058337;75.52987;124.04001;82.80922
1521666058346;70.06889;115.01064;75.670494
1521666058362;72.30914;127.95995;67.47903
1521666058374;78.26036;132.50983;59.920147
1521666058390;79.79943;119.70013;52.71016
1521666058403;77.13926;99.39919;37.799946
1521666058408;74.05916;87.920586;29.04986
1521666058424;75.31893;68.879425;21.98002
1521666058441;62.929924;35.420055;20.64994
1521666058444;51.869335;29.25982;21.98002
1521666058461;40.039215;26.80962;17.989779
1521666058473;24.149948;13.509778;6.0899687
1521666058481;17.779818;-10.8498535;-0.9099884
1521666058493;8.39991;-37.09961;-5.669922
1521666058502;-23.379883;-55.01953;-10.009766
1521666058511;-39.129883;-62.929688;-5.949951
1521666058521;-50.95996;-57.609375;-7.0
1521666058533;-65.51953;-61.319336;-10.289795
1521666058539;-69.578125;-73.14844;-13.789795
1521666058553;-54.25;-85.75;-21.34961
1521666058561;-46.61914;-103.109375;-30.449707
1521666058572;-40.179688;-119.9082;-31.919922
1521666058580;-42.069336;-129.77734;-32.339844
1521666058597;-47.25;-132.15625;-34.509766
1521666058604;-49.69922;-128.58984;-36.679688
1521666058649;-30.169922;-118.509766;-46.40918
1521666058670;-21.97998;-121.51953;-54.039062
1521666058682;-30.659668;-134.46875;-60.8291
1521666058691;-39.689453;-137.82812;-63.34961
1521666058702;-46.549805;-135.3789;-63.76953
1521666058712;-44.86914;-136.5664;-65.16992
1521666058722;-41.509766;-136.84766;-67.89844
1521666058741;-53.899414;-136.00781;-81.12891
1521666058753;-59.359375;-133.76953;-82.59961
1521666058761;-62.439453;-134.75;-80.84961
1521666058772;-57.11914;-136.98828;-80.56836
1521666058781;-48.859375;-136.14844;-82.25
1521666058793;-41.859375;-134.95703;-83.71875
1521666058801;-33.94922;-131.73828;-89.458984
1521666058812;-25.199707;-126.69922;-95.828125
1521666058826;-16.519531;-122.009766;-103.03906
1521666058838;-11.759766;-123.26953;-104.08984
1521666058845;-10.009766;-127.259766;-100.30859
1521666058854;-8.259766;-138.25;-94.63867
1521666058865;-5.1799316;-141.75;-91.83984
1521666058882;5.0399194;-141.32812;-93.23828
1521666058903;0.9099884;-132.29688;-95.05859
1521666058979;0.55999756;-122.5;-97.78906
1521666058992;-5.039917;-119.34961;-95.68945
1521666058997;-14.0;-129.21875;-90.29883
1521666059008;-12.5998535;-132.57812;-90.01953
1521666059033;-11.199951;-109.68945;-86.0293
1521666059041;6.78992;-130.82812;-83.08984
1521666059053;17.919954;-133.48828;-82.03906
1521666059061;21.069864;-129.84766;-80.359375
1521666059072;21.489786;-119.83984;-80.63867
1521666059080;11.829844;-105.69922;-79.93945
1521666059092;9.099862;-100.37891;-79.51953
1521666059101;8.8899;-99.81836;-78.958984
1521666059112;10.21998;-103.31836;-76.859375
1521666059120;15.609878;-109.68945;-71.67969
1521666059133;17.849642;-117.59961;-69.1582
1521666059140;19.179724;-119.13867;-66.98828
1521666059153;16.3096;-116.61914;-63.839844
1521666059163;10.849863;-109.68945;-61.80957
1521666059183;2.8699956;-92.39844;-60.19922
1521666059203;12.949963;-90.71875;-50.88965
1521666059223;23.799849;-99.18945;-43.11914
1521666059238;21.839884;-96.87891;-39.549805
1521666059246;17.569857;-89.87891;-36.609375
1521666059255;17.569857;-81.54883;-36.189453
1521666059266;17.989779;-72.16992;-34.649414
1521666059283;16.86966;-67.478516;-28.20996
1521666059296;6.859988;-69.71875;-23.239746
1521666059304;5.2500024;-67.68945;-21.909668
1521666059317;0.20999908;-52.219727;-19.389648
1521666059383;-12.879883;-28.489746;-14.209961
1521666059388;-11.969971;-21.699707;-4.5499268
1521666059411;9.239999;-5.949951;1.4699708
1521666059421;6.9299345;45.42986;18.7598
1521666059441;15.119887;38.989403;23.519575
1521666059493;18.129917;87.43035;33.1095
1521666059502;11.129893;97.64918;37.44936
1521666059512;3.0799568;104.71954;41.43961
1521666059520;-6.2999268;109.82896;46.199394
1521666059541;-18.82959;121.72944;57.53928
1521666059593;-11.549805;138.38882;64.680176
1521666059603;-2.3799438;157.29146;75.10995
1521666059613;6.0199003;161.70168;81.34046
1521666059622;14.629896;163.02983;86.799484
1521666059653;28.629936;166.52988;88.96942
1521666059654;26.949757;174.86203;89.879585
1521666059680;-1.2599792;196.6319;92.68039
1521666059700;-13.509766;197.96004;100.10037
1521666059712;-16.09961;197.47176;104.57892
1521666059720;-21.909668;194.11234;113.26063
1521666059733;-19.80957;196.35065;115.70986
1521666059740;-14.909912;205.59297;112.000854
1521666059752;-20.719727;210.13992;111.86022
1521666059760;-13.859863;209.44069;116.2001
1521666059772;-10.709961;212.59308;120.9599
1521666059780;-13.789795;212.94073;125.29978
1521666059805;7.55994;192.50293;130.54886
1521666059821;59.429913;189.90913;114.59071
1521666059883;-2.869995;178.36209;92.61008
1521666059893;-43.3291;215.25328;89.6706
1521666059988;45.009937;108.3602;73.35993
1521666060002;90.09053;126.28026;53.96993
1521666060020;96.87964;102.40898;16.379913
1521666060041;69.22904;36.5392;20.509804
1521666060053;53.619343;15.329848;26.949757
1521666060063;41.85953;14.629896;24.219772
1521666060073;28.210014;23.869673;16.3096
1521666060081;11.269786;30.37994;7.419925
1521666060093;-10.219971;29.750055;1.2599794
1521666060102;-31.009766;2.7999883;-13.299805
1521666060113;-41.719727;-29.049805;-13.509766
1521666060120;-57.189453;-59.91992;-17.359863
1521666060140;-59.91992;-74.68945;-17.84961
1521666060152;-39.8291;-72.09961;-24.429688
1521666060160;-25.619629;-73.5;-31.219727
1521666060173;-15.609863;-84.2793;-36.95996
1521666060180;-8.609863;-100.23828;-43.95996
1521666060192;-9.589844;-114.37891;-48.15918
1521666060201;-13.439941;-122.708984;-48.649414
1521666060212;-18.969727;-126.48828;-46.899414
1521666060220;-18.05957;-120.328125;-48.15918
1521666060233;-17.009766;-114.09961;-49.34961
1521666060242;-14.3498535;-109.54883;-52.0791
1521666060262;-20.509766;-112.06836;-59.149414
1521666060282;-42.979492;-127.04883;-62.929688
1521666060302;-59.219727;-135.3789;-60.899414
1521666060322;-42.13965;-125.1582;-69.01953
1521666060337;-39.40918;-117.87891;-73.84961
1521666060346;-44.239258;-119.2793;-78.958984
1521666060358;-44.65918;-122.91992;-81.26953
1521666060368;-46.899414;-129.70703;-80.98828
1521666060377;-44.379883;-136.77734;-75.458984
1521666060387;-33.039062;-137.54688;-73.28906
1521666060397;-22.049805;-134.75;-73.5
1521666060404;-11.339844;-126.76953;-74.61914
1521666060418;-5.529907;-120.328125;-76.578125
1521666060425;-3.289978;-117.31836;-80.5
1521666060441;1.9599916;-113.328125;-85.67969
1521666060461;7.629886;-125.78906;-81.96875
1521666060467;7.4899936;-134.88672;-74.96875
1521666060477;10.849863;-136.84766;-74.4082
1521666060486;13.579846;-133.41797;-74.828125
1521666060497;10.50001;-127.88867;-76.29883
1521666060506;2.729981;-121.23828;-79.09961
1521666060589;-6.7199707;-112.83984;-78.958984
1521666060603;-28.699707;-105.41992;-76.08984
1521666060611;-16.869629;-127.88867;-79.93945
1521666060619;-16.72998;-96.31836;-83.92969
1521666060626;-20.369629;-89.17969;-77.208984
1521666060643;5.4599633;-113.11914;-78.04883
1521666060662;33.31946;-133.20703;-74.828125
1521666060682;25.12993;-116.61914;-75.31836
1521666060697;24.219772;-98.978516;-76.64844
1521666060705;19.739782;-89.80859;-70.48828
1521666060716;19.389685;-92.53906;-67.759766
1521666060728;20.719765;-104.228516;-67.478516
1521666060739;21.489786;-118.509766;-65.86914
1521666060747;19.599646;-125.71875;-67.05859
1521666060756;11.549815;-123.61914;-65.58984
1521666060766;2.729981;-113.39844;-67.05859
1521666060777;-10.359863;-91.83984;-69.29883
1521666060784;-24.70996;-85.609375;-65.86914
1521666060798;-29.889648;-84.48828;-64.46875
1521666060805;-31.28955;-88.26953;-64.04883
1521666060816;-30.449707;-94.5;-61.80957
1521666060824;-25.759766;-97.71875;-61.109375
1521666060840;-21.55957;-95.33984;-59.63965
1521666060847;-20.57959;-90.36914;-57.399414
1521666060857;-18.47998;-82.109375;-56.69922
1521666060868;-16.869629;-73.009766;-53.40918
1521666060885;-13.859863;-65.44922;-48.439453
1521666060909;-11.969971;-56.069336;-36.819336
1521666060915;-7.629883;-50.88965;-34.509766
1521666060924;-3.2199707;-44.30957;-32.61914
1521666060937;0.769989;-35.629883;-29.469727
1521666060949;-2.869995;-26.669922;-26.03955
1521666060963;-15.679932;-9.029785;-17.70996
1521666060983;-19.529785;-2.7999878;-7.909912
1521666061003;-10.009766;-1.0499878;3.0099494
1521666061017;-8.679932;11.339854;2.7999883
1521666061028;-9.23999;24.849655;4.4799824
1521666061043;-9.029785;36.750137;9.519784
1521666061050;-7.3499756;43.750164;15.959975
1521666061062;2.8699956;42.069496;24.009811
1521666061083;12.879894;46.34002;31.009825
1521666061102;13.789807;62.019768;38.35952
1521666061122;15.189956;79.658806;49.000187
1521666061142;10.99;85.4694;61.94945
1521666061162;11.899913;96.25073;65.6587
1521666061183;16.379913;109.12974;74.12947
1521666061203;24.219772;121.239204;79.658806
1521666061223;20.230019;132.29889;91.84054
1521666061240;19.039587;147.00224;93.3093
1521666061249;16.86966;158.061;93.94016
1521666061257;14.490004;163.4517;94.56908
1521666061270;10.21998;160.93213;96.389404
1521666061278;9.519784;155.88908;100.8699
1521666061285;14.000013;150.92026;103.319145
1521666061301;19.1099;153.2289;105.0008
1521666061308;21.210001;161.77199;107.30941
1521666061317;19.31986;173.95186;106.95979
1521666061325;10.70997;187.45988;103.03985
1521666061351;2.099976;193.4795;104.159
1521666061358;-10.569824;186.90128;102.760544
1521666061372;-14.769775;178.78006;103.600395
1521666061379;-4.0599365;192.85059;111.649284
1521666061384;-9.0998535;209.86256;112.55945
1521666061398;-14.769775;220.92133;114.17079
1521666061409;-23.029785;221.2729;110.73912
1521666061418;-26.529785;210.0032;109.54966
1521666061425;-21.139648;192.70996;111.22936
1521666061441;-3.6399536;185.56923;113.75086
1521666061448;5.389895;203.42107;128.72852
1521666061458;24.429733;202.37027;116.34073
1521666061467;17.149935;198.65927;111.57897
1521666061479;18.129917;189.77242;107.72933
1521666061485;16.239777;191.31151;106.39925
1521666061498;15.750014;189.63179;97.860115
1521666061509;20.159706;179.27226;92.7507
1521666061518;23.029829;169.54164;92.68039
1521666061526;29.81988;160.65088;84.840485
1521666061546;35.979626;150.43198;83.369774
1521666061561;53.059772;161.8423;71.46929
1521666061567;51.380077;156.17035;65.02979
1521666061591;57.469944;112.42078;53.340046
1521666061598;53.130085;98.55934;49.76972
1521666061606;54.250206;88.059265;47.109554
1521666061618;54.949425;91.139366;47.529476
1521666061625;68.4595;102.479294;40.109528
1521666061640;68.94974;102.129684;32.130005
1521666061649;66.14894;84.69986;22.539593
1521666061658;63.69946;64.398926;14.909925
1521666061666;55.15939;40.52945;13.509778
1521666061678;27.089895;19.599646;15.469985
1521666061686;7.0699496;18.409702;12.599865
1521666061698;-13.859863;14.419935;10.359873
1521666061705;-15.469971;7.629886;6.579959
1521666061721;-15.539795;-3.3599854;1.0499879
1521666061727;-27.509766;-19.529785;-5.5999756
1521666061741;-30.72998;-33.66992;-11.969971
1521666061749;-30.379883;-45.149414;-14.909912
1521666061758;-36.679688;-57.11914;-14.769775
1521666061766;-48.299805;-69.43945;-14.629883
1521666061778;-39.129883;-76.228516;-12.5998535
1521666061785;-36.189453;-77.41992;-13.859863
1521666061798;-29.189941;-81.4082;-18.409668
1521666061806;-17.70996;-86.58984;-19.389648
1521666061817;-14.699951;-90.92969;-24.70996
1521666061826;-15.75;-95.828125;-27.369629
1521666061841;-16.589844;-105.69922;-29.679688
1521666061848;-20.299805;-109.828125;-28.629883
1521666061861;-20.439941;-112.13867;-28.34961
1521666061865;-22.889648;-110.458984;-25.619629
1521666061878;-24.359863;-104.859375;-24.639648
1521666061885;-25.759766;-98.978516;-25.269531
1521666061897;-29.889648;-96.458984;-27.859863
1521666061905;-30.72998;-98.9082;-34.299805
1521666061919;-38.429688;-108.28906;-39.759766
1521666061927;-40.039062;-115.28906;-40.66992
1521666061941;-39.479492;-115.91992;-41.509766
1521666061948;-33.739258;-116.26953;-40.66992
1521666061959;-28.0;-113.88867;-39.689453
1521666061966;-26.529785;-109.96875;-39.479492
1521666061978;-25.82959;-109.61914;-42.069336
1521666061985;-26.739746;-104.228516;-48.649414
1521666061999;-27.089844;-103.38867;-51.799805
1521666062006;-25.619629;-105.48828;-53.19922
1521666062018;-21.279785;-110.109375;-53.8291
1521666062042;-17.219727;-122.63867;-52.0791
1521666062052;-15.189941;-131.8086;-49.069336
1521666062078;-12.459961;-131.38672;-52.359375
1521666062090;-16.169922;-127.67969;-56.76953
1521666062101;-31.009766;-111.92969;-60.61914
1521666062112;-32.26953;-103.5293;-64.259766
1521666062131;-28.839844;-129.84766;-67.759766
1521666062141;-24.70996;-136.98828;-72.58984
1521666062146;-24.5;-132.71875;-73.078125
1521666062163;-22.399902;-108.21875;-77.9082
1521666062181;-28.419922;-107.93945;-74.54883
1521666062187;-25.269531;-114.79883;-73.708984
1521666062203;1.9599916;-126.41992;-79.30859
1521666062223;12.389904;-133.34766;-77.69922
1521666062243;12.389904;-109.26953;-82.458984
1521666062256;8.39991;-97.08984;-76.78906
1521666062264;6.859988;-103.109375;-73.28906
1521666062277;12.669933;-115.98828;-73.14844
1521666062284;19.809607;-128.72656;-73.5
1521666062297;24.429733;-135.09766;-71.75
1521666062307;25.12993;-133.90625;-71.39844
1521666062318;21.98002;-125.29883;-72.16992
1521666062326;15.25978;-114.09961;-73.009766
1521666062339;12.250011;-102.54883;-73.359375
1521666062353;7.2799106;-98.0;-71.75
1521666062359;3.8499763;-102.05859;-70.9082
1521666062366;1.4699708;-113.958984;-71.18945
1521666062387;3.149964;-119.2793;-67.96875
1521666062398;4.6899433;-112.9082;-67.89844
1521666062407;2.309998;-104.1582;-66.63867
1521666062418;-1.6799927;-95.89844;-65.93945
1521666062426;-6.369995;-90.859375;-65.0293
1521666062441;-13.299805;-89.80859;-63.55957
1521666062452;-16.519531;-90.78906;-61.38965
1521666062459;-14.839844;-90.509766;-59.5
1521666062467;-13.579834;-87.7793;-57.049805
1521666062478;-11.689941;-77.62891;-53.969727
1521666062487;-10.289795;-70.48828;-49.41992
1521666062498;-9.0998535;-63.13965;-47.59961
1521666062507;-10.149902;-57.469727;-43.049805
1521666062527;-12.179932;-49.069336;-34.439453
1521666062541;-15.539795;-45.5;-31.219727
1521666062548;-15.609863;-37.729492;-28.629883
1521666062560;-14.069824;-27.78955;-26.80957
1521666062566;-11.129883;-18.759766;-23.869629
1521666062579;-11.059814;-13.439941;-18.689941
1521666062587;-12.389893;-10.709961;-16.09961
1521666062599;-8.959961;-5.3898926;-8.259766
1521666062607;-3.709961;-2.0999756;-5.3199463
1521666062618;-2.3799438;3.8499763;-0.13999939
1521666062627;-0.769989;9.729989;3.2199714
1521666062647;-1.0499878;21.839884;7.419925
1521666062661;2.939942;26.389698;11.059825
1521666062666;7.839969;28.000053;14.769789
1521666062679;15.25978;30.939999;17.63968
1521666062686;20.089882;35.979626;21.629923
1521666062698;21.210001;43.329266;24.849655
1521666062707;20.64994;56.06955;29.25982
1521666062718;19.039587;60.689682;33.179813
1521666062727;19.179724;63.4895;37.939594
1521666062743;25.68999;67.059105;39.6896
1521666062747;29.960016;72.02985;42.630043
1521666062759;25.759813;77.13926;48.85956
1521666062767;24.989792;86.02995;50.539253
1521666062778;17.63968;98.00075;52.429886
1521666062786;10.779795;109.96958;56.979706
1521666062799;7.4899936;116.2001;61.31957
1521666062807;9.16993;115.98916;66.07863
1521666062819;12.529797;111.57897;71.189995
1521666062826;12.599865;114.03017;73.35993
1521666062842;9.519784;126.42088;73.148994
1521666062848;-1.9599915;144.47876;76.64902
1521666062859;-11.829834;163.65874;81.19984
1521666062867;-21.279785;176.61206;85.1901
1521666062879;-29.399902;175.49095;90.71944
1521666062886;-29.399902;168.2799;89.60029
1521666062900;-25.619629;163.02983;90.51045
1521666062910;-18.339844;164.5025;93.79954
1521666062921;-16.72998;171.08073;96.809326
1521666062931;-19.25;183.11998;100.59061
1521666062953;-20.439941;196.28033;104.369934
1521666062962;-16.869629;188.79193;106.32893
1521666062967;-8.959961;182.97934;106.95979
1521666062977;-5.8099365;179.27226;109.340675
1521666062984;-5.1799316;181.93245;114.94032
1521666062997;4.2698994;192.70996;116.12979
1521666063008;15.750014;207.20238;112.770386
1521666063028;26.669971;204.96014;107.450035
1521666063050;20.579628;194.38968;103.53008
1521666063063;22.960003;196.21002;106.46956
1521666063067;16.939972;198.45224;109.89927
1521666063079;22.609905;203.84294;112.70007
1521666063085;25.619677;211.1204;105.48908
1521666063099;23.029829;203.84294;94.149155
1521666063106;26.949757;192.43262;81.40882
1521666063117;26.879932;182.77231;72.59039
1521666063125;16.3096;175.56126;66.35988
1521666063142;5.179934;175.84251;63.420162
1521666063145;-2.3099976;172.61981;63.69946
1521666063157;8.679939;176.19019;59.989483
1521666063168;20.299843;171.99089;56.979706
1521666063180;28.279839;162.81888;53.40938
1521666063189;35.979626;151.34215;45.710133
1521666063200;36.9601;138.8107;38.56948
1521666063208;53.40938;122.6396;30.939999
1521666063220;60.82933;101.78007;28.000053
1521666063227;62.09008;82.45961;29.469782
1521666063252;56.139862;68.38919;28.69976
1521666063262;50.049995;66.639175;26.46001
1521666063271;43.60954;55.15939;22.819866
1521666063312;37.589985;23.799849;10.99
1521666063318;14.909925;4.199953;2.939942
1521666063336;10.0798435;-12.459961;4.8999043
1521666063369;-12.25;-18.269531;4.199953
1521666063381;-41.789062;-29.679688;-1.8899841
1521666063391;-37.86914;-100.0293;-23.30957
1521666063398;-33.879883;-94.009766;-20.299805
1521666063406;-30.939941;-91.62891;-20.649902
1521666063417;-26.879883;-92.81836;-20.509766
1521666063426;-20.369629;-99.46875;-22.95996
1521666063448;-13.299805;-103.458984;-29.119629
1521666063463;-10.569824;-113.39844;-36.88965
1521666063471;-14.279785;-112.83984;-36.88965
1521666063480;-17.359863;-112.208984;-34.089844
1521666063488;-16.169922;-109.96875;-32.8291
1521666063500;-15.049805;-108.7793;-33.179688
1521666063509;-13.579834;-108.359375;-37.16992
1521666063522;-18.129883;-107.86914;-39.969727
1521666063530;-20.089844;-112.2793;-42.55957
1521666063548;-21.55957;-106.67969;-43.88965
1521666063561;-16.799805;-109.26953;-42.41992
1521666063571;-15.819824;-109.12891;-42.55957
1521666063580;-15.959961;-111.71875;-43.75
1521666063587;-15.75;-112.13867;-48.719727
1521666063599;-19.739746;-114.58984;-51.51953
1521666063608;-21.769531;-118.64844;-51.729492
1521666063619;-18.05957;-113.81836;-52.009766
1521666063627;-19.25;-111.78906;-52.359375
1521666063648;-22.119629;-110.03906;-53.61914
1521666063662;-32.479492;-106.67969;-56.76953
1521666063668;-36.539062;-107.86914;-62.789062
1521666063680;-40.94922;-110.94922;-62.5791
1521666063687;-34.719727;-113.39844;-60.689453
1521666063699;-29.32959;-112.48828;-64.39844
1521666063711;-29.95996;-114.6582;-63.979492
1521666063719;-33.38965;-119.208984;-61.319336
1521666063727;-32.549805;-118.859375;-65.23828
1521666063746;-30.589844;-114.51953;-70.34961
1521666063760;-22.259766;-108.63867;-72.93945
1521666063768;-17.779785;-106.259766;-77.2793
1521666063782;-16.589844;-106.04883;-79.23828
1521666063788;-16.449707;-108.5;-77.62891
1521666063800;-13.789795;-109.4082;-76.78906
1521666063807;-11.619873;-112.13867;-75.80859
1521666063819;-10.429932;-114.79883;-77.208984
1521666063827;-8.819824;-117.73828;-77.69922
1521666063850;-5.3898926;-104.78906;-77.208984
1521666063861;-10.359863;-95.96875;-78.328125
1521666063868;-18.689941;-94.359375;-76.71875
1521666063882;-24.919922;-98.62891;-76.43945
1521666063887;-22.259766;-101.91992;-78.46875
1521666063899;-18.689941;-104.43945;-80.63867
1521666063907;-14.909912;-106.88867;-79.86914
1521666063920;-10.359863;-105.2793;-80.708984
1521666063928;-8.189941;-99.18945;-81.478516
1521666063952;-2.0999756;-87.84961;-76.1582
1521666063961;2.3799443;-90.43945;-73.359375
1521666063968;9.029794;-97.71875;-70.69922
1521666063982;18.059605;-102.61914;-68.03906
1521666063989;23.169966;-103.5293;-66.56836
1521666064001;24.149948;-101.359375;-64.75
1521666064015;20.719765;-96.31836;-64.46875
1521666064033;17.219759;-90.859375;-65.30859
1521666064053;14.419935;-85.75;-65.0293
1521666064072;9.44996;-81.54883;-64.11914
1521666064082;-9.029785;-79.6582;-56.20996
1521666064087;-10.639893;-73.7793;-55.5791
1521666064101;-10.429932;-67.4082;-53.05957
1521666064107;-5.949951;-63.34961;-50.259766
1521666064118;-1.2599792;-60.759766;-48.859375
1521666064126;-6.159912;-64.53906;-45.84961
1521666064139;-11.409912;-66.28906;-45.0791
1521666064145;-10.569824;-59.359375;-42.34961
1521666064157;-7.629883;-50.609375;-40.879883
1521666064165;-6.8599854;-39.129883;-37.44922
1521666064179;-6.159912;-29.53955;-34.439453
1521666064186;-4.8999023;-30.379883;-33.38965
1521666064198;-3.0099487;-32.549805;-30.379883
1521666064206;-1.3299866;-31.149902;-26.669922
1521666064218;-0.769989;-25.269531;-23.589844
1521666064226;-1.75;-16.029785;-21.279785
1521666064240;-3.1499634;-6.089966;-16.939941
1521666064246;-4.6899414;0.9099884;-12.949951
1521666064258;-2.9399414;0.9099884;-8.889893
1521666064269;0.69999695;-3.1499634;-6.6499023
1521666064281;3.569947;-6.4399414;-2.0999756
1521666064288;3.779969;-5.1099854;2.519959
1521666064301;2.4499516;8.750008;5.2500024
1521666064309;-2.5899658;21.909708;6.2299833
1521666064321;-5.459961;33.250126;7.979984
1521666064329;-7.629883;38.14956;11.759776
1521666064347;-4.409912;35.48939;15.049819
1521666064361;11.199962;28.839897;20.01957
1521666064370;17.359896;31.009825;24.289597
1521666064382;18.619663;37.799946;28.069878
1521666064389;15.329848;47.529476;30.939999
1521666064402;10.149912;58.590065;34.789192
1521666064409;6.369998;70.69975;41.159336
1521666064421;9.099862;72.86969;44.72966
1521666064429;16.169952;70.420456;48.159363
1521666064453;19.739782;66.56886;59.920147
1521666064460;17.849642;74.82869;62.64965
1521666064469;8.819832;86.5905;65.6587
1521666064482;0.20999908;96.60034;70.97905
1521666064490;-2.2399902;103.319145;74.76033
1521666064501;3.2199714;104.369934;76.578705
1521666064509;11.549815;101.98905;78.32872
1521666064520;26.599659;104.09064;83.93032
1521666064528;31.989805;108.3602;84.00064
1521666064552;29.25982;129.22072;90.51045
1521666064560;27.019583;138.95132;91.420616
1521666064568;23.169966;144.47876;95.619865
1521666064581;18.549839;144.40845;98.629654
1521666064588;17.709993;145.11159;99.53982
1521666064600;15.750014;148.61163;101.92069
1521666064610;12.809826;158.97116;100.37967
1521666064622;4.1298847;169.95961;101.50077
1521666064628;-8.819824;177.59254;103.53008
1521666064653;-16.029785;175.06908;105.70002
1521666064661;-12.809814;179.27226;104.64923
1521666064669;-11.059814;186.62003;105.209785
1521666064681;-15.189941;188.22943;110.67076
1521666064689;-8.889893;187.88176;109.27036
1521666064700;-5.5999756;180.95197;109.20005
1521666064709;6.78992;172.69012;110.0399
1521666064722;16.379913;176.2605;103.87969
1521666064730;14.139906;181.79182;106.53987
1521666064749;13.859876;191.38182;108.989105
1521666064763;16.519562;194.95218;109.340675
1521666064771;30.939999;197.96004;114.379776
1521666064782;51.939648;190.8193;92.539764
1521666064791;59.849834;185.50282;89.6706
1521666064802;56.349823;184.03015;87.1491
1521666064810;42.069496;193.90138;83.44009
1521666064822;19.250036;197.96004;83.86001
1521666064830;15.819839;197.04988;83.57876
1521666064853;32.829224;176.61206;75.60018
1521666064862;46.13006;164.15094;70.06889
1521666064869;54.389854;168.42053;60.0598
1521666064881;58.23948;174.79172;51.309765
1521666064892;55.01974;168.49084;42.420082
1521666064901;43.8195;148.54132;37.519672
1521666064908;33.03919;128.93945;36.18959
1521666064922;43.960125;114.59071;37.170063
1521666064928;46.479668;112.350464;32.899536
1521666064947;54.739464;115.780174;29.81988
1521666064961;49.909367;103.87969;17.989779
1521666064969;64.95947;67.059105;17.989779
1521666065033;53.689655;40.250153;-0.769989
1521666065076;33.250126;15.819839;2.7999883
1521666065095;16.029816;10.359873;9.099862
1521666065113;-24.219727;5.2500024;6.9299345
1521666065120;-26.389648;-14.629883;0.9799957
1521666065132;-21.069824;-35.979492;-7.3499756
1521666065143;-52.359375;-88.61914;-15.539795
1521666065153;-19.949707;-119.2793;-38.63965
1521666065162;-20.509766;-124.25;-42.069336
1521666065166;-19.59961;-130.33984;-41.5791
1521666065178;-11.409912;-124.25;-39.339844
1521666065186;-3.1499634;-116.19922;-40.45996
1521666065198;0.48999786;-111.859375;-38.70996
1521666065206;4.3399677;-111.92969;-41.649414
1521666065218;3.0799568;-116.89844;-48.719727
1521666065227;0.41999817;-128.58984;-52.5
1521666065239;-7.279907;-135.02734;-51.239258
1521666065247;-14.629883;-137.54688;-51.239258
1521666065259;-10.779785;-133.34766;-49.0
1521666065267;-5.879883;-129.14844;-44.44922
1521666065280;-3.8499756;-123.4082;-44.09961
1521666065287;-3.8499756;-122.5;-45.359375
1521666065301;-8.889893;-120.46875;-46.549805
1521666065309;-17.779785;-115.28906;-56.13965
1521666065321;-26.45996;-118.08984;-58.029297
1521666065333;-30.029785;-123.478516;-58.939453
1521666065352;-36.259766;-125.1582;-59.569336
1521666065361;-40.45996;-120.88867;-59.219727
1521666065372;-43.469727;-115.078125;-60.549805
1521666065381;-47.319336;-111.578125;-62.5791
1521666065389;-50.88965;-114.86914;-64.328125
1521666065403;-47.45996;-114.37891;-66.7793
1521666065410;-41.439453;-113.88867;-68.59961
1521666065422;-38.779297;-116.19922;-69.859375
1521666065429;-35.0;-122.28906;-70.208984
1521666065443;-31.07959;-127.46875;-69.29883
1521666065452;-22.889648;-129.5664;-71.46875
1521666065462;-14.909912;-127.11914;-73.14844
1521666065469;-10.289795;-120.328125;-72.58984
1521666065482;-5.1799316;-111.509766;-70.76953
1521666065489;-1.539978;-104.29883;-71.958984
1521666065502;1.3299867;-101.7793;-71.88867
1521666065511;4.1298847;-106.328125;-69.43945
1521666065521;9.16993;-113.67969;-69.92969
1521666065530;10.919931;-120.04883;-69.92969
1521666065547;3.7099617;-126.34961;-65.728516
1521666065562;-6.6499023;-108.078125;-63.20996
1521666065569;-14.629883;-99.88867;-63.069336
1521666065582;-21.699707;-97.509766;-63.69922
1521666065589;-25.339844;-100.58984;-63.489258
1521666065602;-23.799805;-105.55859;-65.44922
1521666065609;-18.129883;-108.009766;-68.38867
1521666065621;-15.469971;-108.14844;-68.73828
1521666065629;-14.559814;-103.03906;-68.31836
1521666065648;-16.72998;-95.759766;-67.26953
1521666065659;-18.619629;-86.0293;-65.86914
1521666065672;-10.98999;-87.359375;-62.649414
1521666065682;-2.3799438;-92.81836;-62.15918
1521666065689;4.829958;-98.978516;-60.61914
1521666065701;9.379891;-101.708984;-59.84961
1521666065709;9.44996;-100.37891;-58.86914
1521666065721;9.029794;-95.12891;-58.44922
1521666065729;8.959969;-88.05859;-58.44922
1521666065743;5.9499536;-84.69922;-57.469727
1521666065756;7.139896;-84.41992;-55.929688
1521666065773;7.839969;-90.228516;-53.689453
1521666065783;5.7399926;-89.5293;-54.739258
1521666065792;-0.34999847;-86.30859;-54.879883
1521666065803;-8.819824;-80.359375;-54.45996
1521666065811;-14.3498535;-72.6582;-52.359375
1521666065820;-17.359863;-66.91992;-51.799805
1521666065827;-13.859863;-66.009766;-50.539062
1521666065842;-13.789795;-71.259766;-47.529297
1521666065848;-14.839844;-74.759766;-44.729492
1521666065860;-15.329834;-73.7793;-44.379883
1521666065868;-11.899902;-66.7793;-46.40918
1521666065882;-14.0;-51.30957;-41.929688
1521666065891;-13.859863;-44.029297;-36.95996
1521666065902;-10.5;-39.61914;-34.299805
1521666065910;-11.549805;-37.239258;-29.95996
1521666065922;-11.549805;-31.989746;-26.109863
1521666065931;-14.699951;-23.379883;-21.769531
1521666065948;-21.489746;-14.97998;-19.739746
1521666065961;-25.549805;-8.399902;-18.82959
1521666065971;-22.32959;-6.159912;-11.059814
1521666065982;-11.549805;-5.529907;-7.3499756
1521666065993;-6.789917;0.34999847;-5.8099365
1521666066009;-8.75;8.539803;-1.9599915
1521666066015;-11.619873;16.3096;2.1699834
1521666066031;-12.879883;21.909708;4.199953
1521666066037;-9.72998;24.77983;4.619997
1521666066053;-4.129883;24.009811;7.0699496
1521666066063;0.48999786;29.81988;11.689952
1521666066069;-1.3299866;37.44936;17.219759
1521666066092;-8.399902;53.19942;26.949757
1521666066103;-2.169983;53.340046;33.179813
1521666066122;12.319836;45.569508;36.39955
1521666066128;19.529821;53.899616;38.21987
1521666066153;18.619663;80.98889;43.889812
1521666066161;19.669958;87.85027;48.71991
1521666066167;25.409716;87.1491;53.689655
1521666066180;31.359922;79.72912;57.32932
1521666066188;39.05972;73.98884;60.82933
1521666066200;41.85953;74.270096;63.76977
1521666066210;41.64957;81.19984;66.289566
1521666066222;35.909313;100.72928;69.02006
1521666066230;29.539606;111.57897;71.46929
1521666066252;24.639694;125.51072;76.93027
1521666066262;18.480015;125.93064;81.47913
1521666066269;13.859876;127.19042;82.80922
1521666066282;10.0798435;130.47855;85.53971
1521666066290;10.919931;137.131;83.71938
1521666066303;6.369998;143.0803;85.88932
1521666066312;1.9599916;146.02176;91.20968
1521666066323;2.0299687;155.68205;85.04948
1521666066331;-11.129883;168.8424;91.420616
1521666066349;-14.279785;178.56912;92.88937
1521666066363;-27.089844;178.50272;97.02027
1521666066371;-16.519531;178.15115;98.20973
1521666066383;-8.609863;172.27216;98.06911
1521666066389;-3.2199707;167.86192;96.60034
1521666066402;2.1699834;173.38936;96.60034
1521666066409;-2.869995;187.81145;91.770226
1521666066425;-16.029785;201.53041;101.43046
1521666066434;-25.689941;209.511;107.2391
1521666066444;-24.5;212.87042;105.13947
1521666066457;-18.409668;206.2219;106.61018
1521666066470;2.6599736;202.65152;103.600395
1521666066474;13.649915;196.21002;101.78007
1521666066493;25.199755;197.753;98.77028
1521666066503;18.339878;214.69077;105.06916
1521666066512;16.799835;213.56966;91.27999
1521666066523;6.7199736;204.26093;92.39914
1521666066532;-0.34999847;187.11223;95.05932
1521666066548;7.349979;177.03004;93.17063
1521666066563;42.21012;187.04192;78.95958
1521666066570;47.529476;190.7529;72.30914
1521666066583;46.969902;185.9911;63.55981
1521666066591;45.2199;177.45192;57.679905
1521666066602;34.15931;170.02994;52.92012
1521666066613;33.179813;144.40845;55.57931
1521666066633;39.05972;113.539925;55.15939
1521666066647;48.369324;112.489136;54.319542
1521666066661;55.090054;117.11027;47.389828
1521666066671;52.5002;100.940216;19.389685
1521666066683;54.670128;77.90879;14.209974
1521666066691;40.17984;56.27951;10.149912
1521666066703;36.119278;39.339993;17.779818
1521666066711;22.609905;33.809696;22.67973
1521666066723;7.4899936;35.769665;23.23979
1521666066731;-1.0499878;27.929739;24.289597
1521666066745;10.779795;17.989779;17.569857
1521666066754;11.689952;1.6799928;5.599978
1521666066773;14.209974;-36.609375;-5.1099854
1521666066783;-0.069999695;-59.429688;-6.8599854
1521666066791;-33.319336;-67.12891;-12.5998535
1521666066803;-29.75;-72.23828;-5.949951
1521666066812;-35.489258;-68.03906;-6.8599854
1521666066833;-35.489258;-72.30859;-12.179932
1521666066856;-31.359863;-73.708984;-12.879883
1521666066873;-32.689453;-96.109375;-26.669922
1521666066882;-35.69922;-113.259766;-30.519531
1521666066889;-34.299805;-113.328125;-29.049805
1521666066932;-23.939941;-107.0293;-28.839844
1521666066953;-22.259766;-102.478516;-40.109375
1521666066960;-29.75;-118.36914;-48.229492
1521666066968;-29.609863;-126.69922;-44.16992
1521666066981;-23.589844;-120.259766;-47.59961
1521666066988;-18.129883;-119.0;-49.69922
1521666067002;-15.609863;-118.43945;-46.969727
1521666067009;-18.339844;-113.18945;-51.029297
1521666067021;-26.03955;-113.88867;-53.899414
1521666067029;-27.719727;-112.69922;-58.379883
1521666067046;-26.179688;-111.509766;-61.879883
1521666067054;-24.149902;-121.58984;-63.76953
1521666067070;-20.299805;-140.13672;-63.34961
1521666067092;-11.409912;-143.07812;-67.828125
1521666067101;-13.929932;-140.90625;-68.59961
1521666067108;-15.539795;-134.04688;-69.228516
1521666067120;-16.72998;-125.1582;-76.29883
1521666067128;-15.679932;-127.67969;-74.05859
1521666067142;-9.799805;-130.75781;-81.33984
1521666067148;-8.119873;-139.36719;-84.83984
1521666067161;-13.859863;-152.38672;-82.25
1521666067168;-17.429688;-160.57812;-86.37891
1521666067181;-15.539795;-161.0;-87.5
1521666067188;-12.039795;-155.04688;-87.91992
1521666067203;-12.669922;-143.77734;-95.61914
1521666067211;-20.649902;-134.75;-97.01953
1521666067223;-32.549805;-132.71875;-95.478516
1521666067231;-43.88965;-136.63672;-98.83984
1521666067253;-40.66992;-151.0586;-107.30859
1521666067262;-32.40918;-153.08984;-112.69922
1521666067269;-29.32959;-151.96875;-115.708984
1521666067282;-29.889648;-147.6289;-115.708984
1521666067289;-35.0;-141.60938;-118.64844
1521666067302;-43.75;-135.65625;-122.359375
1521666067309;-53.26953;-134.8164;-124.59961
1521666067321;-54.80957;-135.44922;-127.53906
1521666067329;-54.039062;-135.3789;-129.35938
1521666067342;-53.549805;-134.39844;-130.26953
1521666067349;-62.649414;-128.3086;-131.52734
1521666067361;-71.609375;-121.86914;-130.6875
1521666067369;-75.03906;-116.26953;-129.98828
1521666067389;-77.06836;-106.328125;-124.17969
1521666067401;-79.86914;-107.79883;-121.93945
1521666067412;-76.64844;-106.67969;-120.46875
1521666067433;-74.61914;-99.04883;-116.4082
1521666067463;-66.56836;-71.81836;-109.61914
1521666067471;-63.0;-60.61914;-106.958984
1521666067491;-68.03906;-44.939453;-102.54883
1521666067503;-65.16992;-37.589844;-98.55859
1521666067511;-65.0293;-31.989746;-94.84961
1521666067533;-67.759766;-30.169922;-77.41992
1521666067554;-71.11914;-30.379883;-73.28906
1521666067602;-77.41992;-26.03955;-67.89844
1521666067607;-68.5293;-13.299805;-64.88867
1521666067623;-68.03906;-11.409912;-61.739258
1521666067630;-61.109375;-2.5199585;-60.759766
1521666067640;-63.489258;5.179934;-56.34961
1521666067663;-73.078125;17.849642;-54.739258
1521666067669;-72.37891;19.389685;-51.029297
1521666067682;-75.87891;18.7598;-45.84961
1521666067692;-95.12891;12.949963;-39.549805
1521666067712;-112.69922;9.519784;-39.549805
1521666067741;-127.39844;24.079636;-34.299805
1521666067748;-133.48828;26.599659;-35.76953
1521666067761;-135.58984;28.629936;-36.259766
1521666067769;-137.89844;30.939999;-36.819336
1521666067780;-147.41797;34.649544;-37.09961
1521666067812;-154.5586;40.880035;-35.69922
1521666067819;-170.44922;59.779522;-38.219727
1521666067831;-180.10938;58.170143;-33.039062
1521666067851;-203.69922;40.599762;-32.339844
1521666067871;-222.8086;28.279839;-24.989746
1521666067884;-218.53906;37.939594;-24.70996
1521666067903;-217.0;55.15939;-23.939941
1521666067943;-273.41406;77.90879;-38.70996
1521666067950;-307.3672;54.599815;-47.319336
1521666067960;-322.90625;43.67985;-46.26953
1521666067968;-328.57812;43.960125;-43.11914
1521666067980;-321.9297;57.96018;-37.86914
1521666067988;-321.5078;79.940056;-35.629883
1521666068000;-323.1172;96.87964;-35.41992
1521666068008;-325.35938;103.38946;-38.219727
1521666068021;-332.28906;96.389404;-43.259766
1521666068028;-322.0;69.15873;-39.339844
1521666068043;-314.85938;51.659374;-34.01953
1521666068050;-295.1172;48.50995;-28.629883
1521666068061;-269.5;57.119358;-19.949707
1521666068069;-251.50781;68.67044;-15.189941
1521666068081;-240.9375;78.469345;-16.169922
1521666068089;-231.48828;80.85022;-19.45996
1521666068103;-225.39844;73.70954;-18.339844
1521666068112;-215.3164;61.94945;-17.989746
1521666068132;-160.50781;50.96015;-10.709961
1521666068152;-89.94922;57.32932;4.7598896
1521666068163;-75.59961;56.979706;5.2500024
1521666068172;-62.01953;54.10958;4.199953
1521666068183;-46.40918;48.92987;3.2199714
1521666068192;-29.53955;42.069496;5.7399926
1521666068212;-3.9899902;25.829638;6.649905
1521666068232;6.369998;20.01957;7.6999545
1521666068253;13.229993;14.349867;5.3199487
1521666068272;24.56987;3.149964;5.4599633
1521666068283;33.670048;-1.1899719;9.589852
1521666068292;35.349743;-4.829956;13.649915
1521666068312;28.69976;-6.7199707;15.399917
1521666068317;23.379927;-6.4399414;15.469985
1521666068333;15.609878;-11.549805;18.619663
1521666068357;16.379913;-15.469971;20.230019
1521666068373;21.139688;-15.679932;25.269579
