1521665609122;4.9;30.300001;-1.0;-2.4;21.6;-20.800001
1521665609142;4.9;30.4;-1.0;-2.4;21.6;-20.800001
1521665609161;4.9;30.5;-1.0;-2.4;21.6;-20.800001
1521665609172;4.9;30.5;-0.90000004;-2.4;21.6;-20.800001
1521665609182;4.9;30.6;-0.90000004;-2.4;21.6;-20.800001
1521665609192;4.9;30.6;-1.0;-2.4;21.6;-20.800001
1521665609232;4.9;30.6;-0.90000004;-2.4;21.6;-20.800001
1521665609262;4.9;30.6;-0.8;-2.4;21.6;-20.800001
1521665609293;4.9;30.6;-0.90000004;-2.4;21.6;-20.800001
1521665609302;4.9;30.6;-0.8;-2.4;21.6;-20.800001
1521665609312;4.9;30.6;-0.90000004;-2.4;21.6;-20.800001
1521665609322;4.8;30.6;-0.90000004;-2.4;21.6;-20.800001
1521665609352;4.8;30.5;-0.90000004;-2.4;21.6;-20.800001
1521665609362;4.9;30.5;-0.90000004;-2.4;21.6;-20.800001
1521665609372;4.9;30.5;-1.0;-2.4;21.6;-20.800001
1521665609383;4.9;30.5;-1.1;-2.4;21.6;-20.800001
1521665609393;4.9;30.5;-1.2;-2.4;21.6;-20.800001
1521665609403;4.9;30.4;-1.2;-2.4;21.6;-20.800001
1521665609423;5.0;30.4;-1.2;-2.4;21.6;-20.800001
1521665609435;5.0;30.4;-1.3000001;-2.4;21.6;-20.800001
1521665609443;5.0;30.4;-1.2;-2.4;21.6;-20.800001
1521665609453;5.0;30.300001;-1.2;-2.4;21.6;-20.800001
1521665609472;5.0;30.300001;-1.3000001;-2.4;21.6;-20.800001
1521665609512;5.0;30.300001;-1.2;-2.4;21.6;-20.800001
1521665609542;5.0;30.4;-1.1;-2.4;21.6;-20.800001
1521665609552;4.8;30.4;-1.1;-2.4;21.6;-20.800001
1521665609562;4.8;30.5;-1.1;-2.4;21.6;-20.800001
1521665609572;4.7000003;30.5;-1.0;-2.4;21.6;-20.800001
1521665609582;4.6;30.5;-1.0;-2.4;21.6;-20.800001
1521665609592;4.5;30.6;-0.90000004;-2.4;21.6;-20.800001
1521665609602;4.4;30.6;-0.90000004;-2.4;21.6;-20.800001
1521665609612;4.3;30.7;-0.7;-2.4;21.6;-20.800001
1521665609622;4.2000003;30.7;-0.6;-2.4;21.6;-20.800001
1521665609632;4.2000003;30.7;-0.5;-2.4;21.6;-20.800001
1521665609642;4.1;30.800001;-0.5;-2.4;21.6;-20.800001
1521665609652;4.0;30.800001;-0.4;-2.4;21.6;-20.800001
1521665609662;3.8;30.9;-0.3;-2.4;21.6;-20.800001
1521665609672;3.7;30.9;-0.1;-2.4;21.6;-20.800001
1521665609683;3.6000001;30.9;0.0;-2.4;21.6;-20.800001
1521665609692;3.5;30.9;0.1;-2.4;21.6;-20.800001
1521665609702;3.4;31.0;0.2;-2.4;21.6;-20.800001
1521665609712;3.3;31.0;0.2;-2.4;21.6;-20.800001
1521665609722;3.3;31.0;0.3;-2.4;21.6;-20.800001
1521665609732;3.1000001;31.1;0.5;-2.4;21.6;-20.800001
1521665609745;3.0;31.1;0.6;-2.4;21.6;-20.800001
1521665609752;2.9;31.1;0.6;-2.4;21.6;-20.800001
1521665609763;2.8;31.2;0.7;-2.4;21.6;-20.800001
1521665609775;2.7;31.2;0.8;-2.4;21.6;-20.800001
1521665609783;2.6000001;31.2;0.8;-2.4;21.6;-20.800001
1521665609793;2.5;31.300001;0.90000004;-2.4;21.6;-20.800001
1521665609802;2.5;31.2;1.0;-2.4;21.6;-20.800001
1521665609813;2.3;31.2;1.1;-2.4;21.6;-20.800001
1521665609823;2.2;31.300001;1.2;-2.4;21.6;-20.800001
1521665609842;2.1000001;31.300001;1.3000001;-2.4;21.6;-20.800001
1521665609854;2.1000001;31.2;1.3000001;-2.4;21.6;-20.800001
1521665609873;2.1000001;31.2;1.4;-2.4;21.6;-20.800001
1521665609893;2.1000001;31.1;1.4;-2.4;21.6;-20.800001
1521665609924;2.2;31.1;1.3000001;-2.4;21.6;-20.800001
1521665609962;2.2;31.1;1.2;-2.4;21.6;-20.800001
1521665609992;2.3;31.1;1.2;-2.4;21.6;-20.800001
1521665610002;2.2;31.1;1.2;-2.4;21.6;-20.800001
1521665610012;2.2;31.1;1.3000001;-2.4;21.6;-20.800001
1521665610033;2.2;31.1;1.2;-2.4;21.6;-20.800001
1521665610082;2.1000001;31.2;1.4;-2.4;21.6;-20.800001
1521665610102;2.0;31.2;1.5;-2.4;21.6;-20.800001
1521665610122;1.9;31.2;1.5;-2.4;21.6;-20.800001
1521665610132;1.9;31.300001;1.5;-2.4;21.6;-20.800001
1521665610142;1.8000001;31.300001;1.5;-2.4;21.6;-20.800001
1521665610152;1.8000001;31.4;1.5;-2.4;21.6;-20.800001
1521665610162;1.7;31.4;1.5;-2.4;21.6;-20.800001
1521665610192;1.6;31.5;1.5;-2.4;21.6;-20.800001
1521665610253;1.2;31.7;1.7;-2.4;21.6;-20.800001
1521665610263;1.1;31.7;1.8000001;-2.4;21.6;-20.800001
1521665610272;1.1;31.800001;1.8000001;-2.4;21.6;-20.800001
1521665610283;1.0;31.800001;1.9;-2.4;21.6;-20.800001
1521665610294;0.90000004;31.9;1.9;-2.4;21.6;-20.800001
1521665610303;0.90000004;32.0;1.9;-2.4;21.6;-20.800001
1521665610325;0.8;32.100002;2.0;-2.4;21.6;-20.800001
1521665610333;0.7;32.100002;1.9;-2.4;21.6;-20.800001
1521665610343;0.7;32.2;1.9;-2.4;21.6;-20.800001
1521665610353;0.7;32.3;1.9;-2.4;21.6;-20.800001
1521665610365;0.7;32.3;2.0;-2.4;21.6;-20.800001
1521665610387;0.7;32.5;2.0;-2.4;21.6;-20.800001
1521665610393;0.7;32.600002;1.9;-2.4;21.6;-20.800001
1521665610402;0.7;32.7;1.9;-2.4;21.6;-20.800001
1521665610412;0.7;32.8;1.9;-2.4;21.6;-20.800001
1521665610422;0.7;32.9;1.9;-2.4;21.6;-20.800001
1521665610432;0.8;33.0;1.8000001;-2.4;21.6;-20.800001
1521665610442;0.8;33.100002;1.8000001;-2.4;21.6;-20.800001
1521665610452;0.8;33.2;1.8000001;-2.4;21.6;-20.800001
1521665610463;0.90000004;33.3;1.7;-2.4;21.6;-20.800001
1521665610474;0.90000004;33.4;1.6;-2.4;21.6;-20.800001
1521665610482;0.90000004;33.5;1.5;-2.4;21.6;-20.800001
1521665610503;0.90000004;33.8;1.4;-2.4;21.6;-20.800001
1521665610512;1.0;33.9;1.4;-2.4;21.6;-20.800001
1521665610523;1.1;33.9;1.4;-2.4;21.6;-20.800001
1521665610533;1.1;34.100002;1.4;-2.4;21.6;-20.800001
1521665610543;1.2;34.2;1.4;-2.4;21.6;-20.800001
1521665610555;1.2;34.3;1.3000001;-2.4;21.6;-20.800001
1521665610565;1.3000001;34.4;1.2;-2.4;21.6;-20.800001
1521665610573;1.4;34.4;1.2;-2.4;21.6;-20.800001
1521665610583;1.4;34.5;1.2;-2.4;21.6;-20.800001
1521665610594;1.5;34.600002;1.1;-2.4;21.6;-20.800001
1521665610608;1.5;34.7;1.0;-2.4;21.6;-20.800001
1521665610623;1.6;34.8;0.90000004;-2.4;21.6;-20.800001
1521665610642;1.6;34.9;0.90000004;-2.4;21.6;-20.800001
1521665610662;1.6;35.0;0.90000004;-2.4;21.6;-20.800001
1521665610722;1.6;34.9;1.0;-2.4;21.6;-20.800001
1521665610732;1.5;34.9;1.1;-2.4;21.6;-20.800001
1521665610743;1.5;34.8;1.1;-2.4;21.6;-20.800001
1521665610752;1.4;34.7;1.2;-2.4;21.6;-20.800001
1521665610763;1.4;34.600002;1.3000001;-2.4;21.6;-20.800001
1521665610774;1.5;34.4;1.3000001;-2.4;21.6;-20.800001
1521665610788;1.5;34.3;1.4;-2.4;21.6;-20.800001
1521665610792;1.5;34.100002;1.4;-2.4;21.6;-20.800001
1521665610802;1.5;33.9;1.4;-2.4;21.6;-20.800001
1521665610813;1.6;33.8;1.4;-2.4;21.6;-20.800001
1521665610823;1.6;33.600002;1.4;-2.4;21.6;-20.800001
1521665610832;1.5;33.5;1.4;-2.4;21.6;-20.800001
1521665610843;1.6;33.2;1.4;-2.4;21.6;-20.800001
1521665610853;1.6;33.0;1.4;-2.4;21.6;-20.800001
1521665610863;1.7;32.8;1.4;-2.4;21.6;-20.800001
1521665610873;1.7;32.600002;1.4;-2.4;21.6;-20.800001
1521665610884;1.8000001;32.4;1.4;-2.4;21.6;-20.800001
1521665610893;1.9;32.100002;1.5;-2.4;21.6;-20.800001
1521665610902;1.9;31.9;1.5;-2.4;21.6;-20.800001
1521665610916;2.0;31.7;1.5;-2.4;21.6;-20.800001
1521665610928;2.1000001;31.4;1.6;-2.4;21.6;-20.800001
1521665610936;2.2;31.1;1.6;-2.4;21.6;-20.800001
1521665610944;2.4;30.9;1.6;-2.4;21.6;-20.800001
1521665610956;2.6000001;30.6;1.6;-2.4;21.6;-20.800001
1521665610965;3.0;30.2;1.4;-2.4;21.6;-20.800001
1521665610976;3.6000001;29.6;1.1;-2.4;21.6;-20.800001
1521665610987;4.2000003;29.300001;1.2;-2.4;21.6;-20.800001
1521665610992;4.6;28.800001;0.7;-2.4;21.6;-20.800001
1521665611003;5.3;28.6;0.8;-2.4;21.6;-20.800001
1521665611013;5.5;28.300001;0.4;-2.4;21.6;-20.800001
1521665611023;5.7000003;28.4;0.6;-2.4;21.6;-20.800001
1521665611033;6.0;28.2;1.0;-2.4;21.6;-20.800001
1521665611043;5.5;28.5;0.90000004;-2.4;21.6;-20.800001
1521665611094;5.7000003;28.2;0.90000004;-2.4;21.6;-20.800001
1521665611107;5.8;28.1;1.0;-2.4;21.6;-20.800001
1521665611112;5.9;28.1;1.0;-2.4;21.6;-20.800001
1521665611122;6.0;28.0;1.0;-2.4;21.6;-20.800001
1521665611132;6.1;28.0;1.0;-2.4;21.6;-20.800001
1521665611142;6.2000003;28.0;1.1;-2.4;21.6;-20.800001
1521665611152;6.2000003;28.0;1.2;-2.4;21.6;-20.800001
1521665611162;6.3;28.0;1.3000001;-2.4;21.6;-20.800001
1521665611172;6.4;28.0;1.3000001;-2.4;21.6;-20.800001
1521665611192;6.5;28.0;1.3000001;-2.4;21.6;-20.800001
1521665611202;6.6;28.1;1.3000001;-2.4;21.6;-20.800001
1521665611212;6.6;28.1;1.4;-2.4;21.6;-20.800001
1521665611222;6.7000003;28.2;1.4;-2.4;21.6;-20.800001
1521665611242;6.8;28.2;1.3000001;-2.4;21.6;-20.800001
1521665611252;6.8;28.300001;1.3000001;-2.4;21.6;-20.800001
1521665611263;6.8;28.300001;1.4;-2.4;21.6;-20.800001
1521665611284;6.7000003;28.300001;1.5;-2.4;21.6;-20.800001
1521665611304;6.6;28.300001;1.6;-2.4;21.6;-20.800001
1521665611313;6.5;28.300001;1.7;-2.4;21.6;-20.800001
1521665611333;6.4;28.2;1.8000001;-2.4;21.6;-20.800001
1521665611343;6.4;28.2;1.7;-2.4;21.6;-20.800001
1521665611353;6.3;28.1;1.8000001;-2.4;21.6;-20.800001
1521665611363;6.4;28.1;1.9;-2.4;21.6;-20.800001
1521665611375;6.4;28.0;1.8000001;-2.4;21.6;-20.800001
1521665611386;6.5;28.0;1.8000001;-2.4;21.6;-20.800001
1521665611392;6.5;27.9;1.8000001;-2.4;21.6;-20.800001
1521665611402;6.6;27.9;1.7;-2.4;21.6;-20.800001
1521665611412;6.6;27.800001;1.6;-2.4;21.6;-20.800001
1521665611423;6.7000003;27.800001;1.6;-2.4;21.6;-20.800001
1521665611432;6.8;27.7;1.6;-2.4;21.6;-20.800001
1521665611442;6.9;27.7;1.6;-2.4;21.6;-20.800001
1521665611452;7.0;27.7;1.5;-2.4;21.6;-20.800001
1521665611462;7.0;27.6;1.5;-2.4;21.6;-20.800001
1521665611474;7.1;27.6;1.4;-2.4;21.6;-20.800001
1521665611483;7.2000003;27.5;1.4;-2.4;21.6;-20.800001
1521665611523;7.2000003;27.5;1.3000001;-2.4;21.6;-20.800001
1521665611543;7.2000003;27.5;1.4;-2.4;21.6;-20.800001
1521665611553;7.2000003;27.5;1.3000001;-2.4;21.6;-20.800001
1521665611563;7.1;27.6;1.4;-2.4;21.6;-20.800001
1521665611573;7.0;27.7;1.4;-2.4;21.6;-20.800001
1521665611584;6.9;27.800001;1.5;-2.4;21.6;-20.800001
1521665611596;6.9;27.9;1.5;-2.4;21.6;-20.800001
1521665611606;6.8;27.9;1.5;-2.4;21.6;-20.800001
1521665611612;6.8;28.1;1.5;-2.4;21.6;-20.800001
1521665611632;6.6;28.300001;1.6;-2.4;21.6;-20.800001
1521665611642;6.6;28.4;1.7;-2.4;21.6;-20.800001
1521665611652;6.6;28.5;1.6;-2.4;21.6;-20.800001
1521665611662;6.5;28.6;1.5;-2.4;21.6;-20.800001
1521665611672;6.5;28.6;1.6;-2.4;21.6;-20.800001
1521665611683;6.5;28.7;1.6;-2.4;21.6;-20.800001
1521665611693;6.4;28.7;1.5;-2.4;21.6;-20.800001
1521665611703;6.4;28.800001;1.5;-2.4;21.6;-20.800001
1521665611723;6.3;28.9;1.5;-2.4;21.6;-20.800001
1521665611745;6.2000003;28.9;1.4;-2.4;21.6;-20.800001
1521665611753;6.2000003;29.0;1.4;-2.4;21.6;-20.800001
1521665611763;6.1;29.1;1.4;-2.4;21.6;-20.800001
1521665611783;6.1;29.1;1.3000001;-2.4;21.6;-20.800001
1521665611832;6.2000003;29.1;1.1;-2.4;21.6;-20.800001
1521665611853;6.3;29.2;1.1;-2.4;21.6;-20.800001
1521665611873;6.3;29.300001;1.0;-2.4;21.6;-20.800001
1521665611882;6.3;29.300001;0.90000004;-2.4;21.6;-20.800001
1521665611893;6.4;29.4;0.90000004;-2.4;21.6;-20.800001
1521665611904;6.4;29.5;0.8;-2.4;21.6;-20.800001
1521665611915;6.4;29.6;0.8;-2.4;21.6;-20.800001
1521665611925;6.4;29.7;0.7;-2.4;21.6;-20.800001
1521665611942;6.4;29.800001;0.7;-2.4;21.6;-20.800001
1521665611953;6.4;29.9;0.6;-2.4;21.6;-20.800001
1521665611963;6.5;30.0;0.6;-2.4;21.6;-20.800001
1521665611972;6.4;30.2;0.5;-2.4;21.6;-20.800001
1521665611983;6.4;30.4;0.5;-2.4;21.6;-20.800001
1521665611993;6.4;30.5;0.5;-2.4;21.6;-20.800001
1521665612007;6.4;30.7;0.5;-2.4;21.6;-20.800001
1521665612019;6.3;30.9;0.4;-2.4;21.6;-20.800001
1521665612027;6.3;31.1;0.5;-2.4;21.6;-20.800001
1521665612034;6.3;31.300001;0.5;-2.4;21.6;-20.800001
1521665612044;6.2000003;31.4;0.5;-2.4;21.6;-20.800001
1521665612053;6.1;31.7;0.4;-2.4;21.6;-20.800001
1521665612102;5.7000003;32.9;0.0;-2.4;21.6;-20.800001
1521665612112;5.6;33.100002;-0.1;-2.4;21.6;-20.800001
1521665612122;5.6;33.3;-0.2;-2.4;21.6;-20.800001
1521665612132;5.5;33.5;-0.3;-2.4;21.6;-20.800001
1521665612142;5.5;33.7;-0.4;-2.4;21.6;-20.800001
1521665612152;5.4;33.9;-0.5;-2.4;21.6;-20.800001
1521665612162;5.4;34.0;-0.7;-2.4;21.6;-20.800001
1521665612172;5.4;34.100002;-0.90000004;-2.4;21.6;-20.800001
1521665612182;5.3;34.2;-1.0;-2.4;21.6;-20.800001
1521665612194;5.3;34.3;-1.1;-2.4;21.6;-20.800001
1521665612203;5.3;34.4;-1.3000001;-2.4;21.6;-20.800001
1521665612212;5.3;34.5;-1.4;-2.4;21.6;-20.800001
1521665612223;5.2000003;34.5;-1.5;-2.4;21.6;-20.800001
1521665612232;5.2000003;34.600002;-1.6;-2.4;21.6;-20.800001
1521665612243;5.2000003;34.7;-1.6;-2.4;21.6;-20.800001
1521665612253;5.1;34.7;-1.7;-2.4;21.6;-20.800001
1521665612263;5.0;34.8;-1.7;-2.4;21.6;-20.800001
1521665612275;4.9;34.8;-1.8000001;-2.4;21.6;-20.800001
1521665612282;4.9;34.9;-1.8000001;-2.4;21.6;-20.800001
1521665612294;4.8;34.9;-1.9;-2.4;21.6;-20.800001
1521665612306;4.8;34.9;-2.0;-2.4;21.6;-20.800001
1521665612313;4.7000003;34.9;-2.0;-2.4;21.6;-20.800001
1521665612325;4.7000003;34.8;-2.1000001;-2.4;21.6;-20.800001
1521665612335;4.6;34.8;-2.2;-2.4;21.6;-20.800001
1521665612345;4.6;34.8;-2.3;-2.4;21.6;-20.800001
1521665612353;4.6;34.7;-2.4;-2.4;21.6;-20.800001
1521665612373;4.6;34.5;-2.4;-2.4;21.6;-20.800001
1521665612393;4.7000003;34.3;-2.4;-2.4;21.6;-20.800001
1521665612403;4.6;34.3;-2.4;-2.4;21.6;-20.800001
1521665612412;4.5;34.2;-2.3;-2.4;21.6;-20.800001
1521665612425;4.4;34.2;-2.3;-2.4;21.6;-20.800001
1521665612442;4.3;34.100002;-2.2;-2.4;21.6;-20.800001
1521665612452;4.2000003;34.0;-2.1000001;-2.4;21.6;-20.800001
1521665612462;4.1;34.0;-2.1000001;-2.4;21.6;-20.800001
1521665612472;4.0;33.9;-1.9;-2.4;21.6;-20.800001
1521665612482;3.9;33.9;-1.8000001;-2.4;21.6;-20.800001
1521665612492;3.8;33.9;-1.7;-2.4;21.6;-20.800001
1521665612502;3.6000001;33.9;-1.6;-2.4;21.6;-20.800001
1521665612513;3.6000001;33.9;-1.7;-2.4;21.6;-20.800001
1521665612523;3.5;33.8;-1.6;-2.4;21.6;-20.800001
1521665612532;3.4;33.8;-1.6;-2.4;21.6;-20.800001
1521665612543;3.3;33.7;-1.6;-2.4;21.6;-20.800001
1521665612553;3.3;33.7;-1.5;-2.4;21.6;-20.800001
1521665612564;3.3;33.600002;-1.6;-2.4;21.6;-20.800001
1521665612573;3.2;33.600002;-1.5;-2.4;21.6;-20.800001
1521665612583;3.1000001;33.600002;-1.4;-2.4;21.6;-20.800001
1521665612606;3.0;33.600002;-1.3000001;-2.4;21.6;-20.800001
1521665612622;3.0;33.600002;-1.2;-2.4;21.6;-20.800001
1521665612632;2.9;33.5;-1.1;-2.4;21.6;-20.800001
1521665612642;2.9;33.5;-1.0;-2.4;21.6;-20.800001
1521665612703;2.9;33.5;-0.90000004;-2.4;21.6;-20.800001
1521665612725;2.9;33.5;-1.0;-2.4;21.6;-20.800001
1521665612784;2.9;33.7;-1.0;-2.4;21.6;-20.800001
1521665612802;2.9;33.8;-1.0;-2.4;21.6;-20.800001
1521665612813;2.8;33.8;-1.0;-2.4;21.6;-20.800001
1521665612823;2.8;33.9;-1.0;-2.4;21.6;-20.800001
1521665612842;2.7;34.0;-1.0;-2.4;21.6;-20.800001
1521665612852;2.7;34.100002;-1.1;-2.4;21.6;-20.800001
1521665612862;2.6000001;34.2;-1.2;-2.4;21.6;-20.800001
1521665612882;2.5;34.3;-1.3000001;-2.4;21.6;-20.800001
1521665612892;2.4;34.4;-1.2;-2.4;21.6;-20.800001
1521665612902;2.3;34.5;-1.3000001;-2.4;21.6;-20.800001
1521665612913;2.2;34.5;-1.3000001;-2.4;21.6;-20.800001
1521665612923;2.1000001;34.600002;-1.3000001;-2.4;21.6;-20.800001
1521665612933;2.1000001;34.7;-1.4;-2.4;21.6;-20.800001
1521665612944;1.9;34.8;-1.4;-2.4;21.6;-20.800001
1521665612953;1.8000001;34.9;-1.5;-2.4;21.6;-20.800001
1521665612963;1.7;34.9;-1.5;-2.4;21.6;-20.800001
1521665612974;1.6;35.0;-1.5;-2.4;21.6;-20.800001
1521665612982;1.4;35.2;-1.5;-2.4;21.6;-20.800001
1521665612993;1.3000001;35.2;-1.4;-2.4;21.6;-20.800001
1521665613003;1.2;35.3;-1.4;-2.4;21.6;-20.800001
1521665613014;1.0;35.4;-1.4;-2.4;21.6;-20.800001
1521665613023;1.0;35.5;-1.4;-2.4;21.6;-20.800001
1521665613034;0.8;35.5;-1.4;-2.4;21.6;-20.800001
1521665613045;0.8;35.600002;-1.5;-2.4;21.6;-20.800001
1521665613055;0.7;35.600002;-1.5;-2.4;21.6;-20.800001
1521665613106;0.1;35.9;-1.4;-2.4;21.6;-20.800001
1521665613112;0.0;35.9;-1.3000001;-2.4;21.6;-20.800001
1521665613122;-0.1;35.9;-1.3000001;-2.4;21.6;-20.800001
1521665613132;-0.2;35.9;-1.3000001;-2.4;21.6;-20.800001
1521665613142;-0.3;35.9;-1.2;-2.4;21.6;-20.800001
1521665613152;-0.5;35.9;-1.1;-2.4;21.6;-20.800001
1521665613162;-0.6;35.8;-0.90000004;-2.4;21.6;-20.800001
1521665613172;-0.90000004;35.8;-0.90000004;-2.4;21.6;-20.800001
1521665613183;-1.0;35.7;-0.8;-2.4;21.6;-20.800001
1521665613195;-1.1;35.600002;-0.8;-2.4;21.6;-20.800001
1521665613204;-1.3000001;35.600002;-0.7;-2.4;21.6;-20.800001
1521665613213;-1.5;35.5;-0.7;-2.4;21.6;-20.800001
1521665613223;-1.6;35.5;-0.7;-2.4;21.6;-20.800001
1521665613233;-1.8000001;35.5;-0.6;-2.4;21.6;-20.800001
1521665613243;-2.0;35.5;-0.6;-2.4;21.6;-20.800001
1521665613255;-2.2;35.4;-0.6;-2.4;21.6;-20.800001
1521665613267;-2.4;35.5;-0.5;-2.4;21.6;-20.800001
1521665613276;-2.4;35.4;-0.5;-2.4;21.6;-20.800001
1521665613286;-2.5;35.4;-0.5;-2.4;21.6;-20.800001
1521665613294;-2.7;35.5;-0.5;-2.4;21.6;-20.800001
1521665613306;-2.9;35.5;-0.5;-2.4;21.6;-20.800001
1521665613315;-3.0;35.5;-0.5;-2.4;21.6;-20.800001
1521665613324;-3.2;35.5;-0.4;-2.4;21.6;-20.800001
1521665613334;-3.4;35.600002;-0.4;-2.4;21.6;-20.800001
1521665613346;-3.6000001;35.600002;-0.5;-2.4;21.6;-20.800001
1521665613354;-3.7;35.600002;-0.4;-2.4;21.6;-20.800001
1521665613365;-3.8;35.7;-0.4;-2.4;21.6;-20.800001
1521665613373;-4.0;35.8;-0.5;-2.4;21.6;-20.800001
1521665613383;-4.1;35.8;-0.6;-2.4;21.6;-20.800001
1521665613393;-4.3;35.8;-0.6;-2.4;21.6;-20.800001
1521665613403;-4.4;35.9;-0.6;-2.4;21.6;-20.800001
1521665613413;-4.5;36.0;-0.7;-2.4;21.6;-20.800001
1521665613423;-4.7000003;36.100002;-0.7;-2.4;21.6;-20.800001
1521665613435;-4.8;36.100002;-0.7;-2.4;21.6;-20.800001
1521665613446;-4.9;36.2;-0.8;-2.4;21.6;-20.800001
1521665613456;-4.9;36.3;-0.90000004;-2.4;21.6;-20.800001
1521665613465;-5.0;36.4;-1.0;-2.4;21.6;-20.800001
1521665613473;-5.0;36.5;-1.1;-2.4;21.6;-20.800001
1521665613483;-5.1;36.600002;-1.3000001;-2.4;21.6;-20.800001
1521665613493;-5.1;36.8;-1.3000001;-2.4;21.6;-20.800001
1521665613503;-5.1;36.8;-1.4;-2.4;21.6;-20.800001
1521665613513;-5.2000003;36.9;-1.5;-2.4;21.6;-20.800001
1521665613523;-5.2000003;37.0;-1.6;-2.4;21.6;-20.800001
1521665613533;-5.2000003;37.100002;-1.7;-2.4;21.6;-20.800001
1521665613544;-5.2000003;37.2;-1.7;-2.4;21.6;-20.800001
1521665613553;-5.2000003;37.3;-1.8000001;-2.4;21.6;-20.800001
1521665613566;-5.2000003;37.4;-1.8000001;-2.4;21.6;-20.800001
1521665613575;-5.2000003;37.4;-1.9;-2.4;21.6;-20.800001
1521665613585;-5.2000003;37.5;-2.1000001;-2.4;21.6;-20.800001
1521665613594;-5.1;37.5;-2.2;-2.4;21.6;-20.800001
1521665613608;-5.1;37.600002;-2.3;-2.4;21.6;-20.800001
1521665613619;-5.1;37.7;-2.3;-2.4;21.6;-20.800001
1521665613623;-5.1;37.7;-2.4;-2.4;21.6;-20.800001
1521665613632;-5.0;37.8;-2.4;-2.4;21.6;-20.800001
1521665613642;-5.0;37.9;-2.4;-2.4;21.6;-20.800001
1521665613652;-4.9;37.9;-2.5;-2.4;21.6;-20.800001
1521665613672;-4.8;38.0;-2.5;-2.4;21.6;-20.800001
1521665613682;-4.7000003;38.0;-2.6000001;-2.4;21.6;-20.800001
1521665613693;-4.6;38.0;-2.7;-2.4;21.6;-20.800001
1521665613704;-4.5;38.0;-2.7;-2.4;21.6;-20.800001
1521665613714;-4.4;38.100002;-2.8;-2.4;21.6;-20.800001
1521665613724;-4.3;38.100002;-2.8;-2.4;21.6;-20.800001
1521665613734;-4.1;38.100002;-2.8;-2.4;21.6;-20.800001
1521665613743;-4.0;38.100002;-2.8;-2.4;21.6;-20.800001
1521665613754;-3.9;38.2;-2.8;-2.4;21.6;-20.800001
1521665613764;-3.7;38.2;-2.8;-2.4;21.6;-20.800001
1521665613774;-3.5;38.2;-2.8;-2.4;21.6;-20.800001
1521665613786;-3.3;38.3;-2.8;-2.4;21.6;-20.800001
1521665613795;-3.0;38.2;-2.8;-2.4;21.6;-20.800001
1521665613805;-2.8;38.2;-2.9;-2.4;21.6;-20.800001
1521665613814;-2.6000001;38.2;-2.8;-2.4;21.6;-20.800001
1521665613825;-2.4;38.3;-2.8;-2.4;21.6;-20.800001
1521665613834;-2.3;38.3;-2.8;-2.4;21.6;-20.800001
1521665613848;-2.1000001;38.2;-2.9;-2.4;21.6;-20.800001
1521665613854;-1.9;38.2;-2.8;-2.4;21.6;-20.800001
1521665613863;-1.6;38.2;-2.8;-2.4;21.6;-20.800001
1521665613893;-1.2;38.0;-2.7;-2.4;21.6;-20.800001
1521665613903;-1.0;38.0;-2.6000001;-2.4;21.6;-20.800001
1521665613913;-0.8;38.0;-2.6000001;-2.4;21.6;-20.800001
1521665613923;-0.7;37.9;-2.5;-2.4;21.6;-20.800001
1521665613934;-0.5;37.9;-2.4;-2.4;21.6;-20.800001
1521665613944;-0.4;37.8;-2.4;-2.4;21.6;-20.800001
1521665613954;-0.3;37.7;-2.4;-2.4;21.6;-20.800001
1521665613964;-0.2;37.7;-2.4;-2.4;21.6;-20.800001
1521665613974;-0.1;37.600002;-2.3;-2.4;21.6;-20.800001
1521665613983;0.0;37.600002;-2.2;-2.4;21.6;-20.800001
1521665613992;0.1;37.5;-2.1000001;-2.4;21.6;-20.800001
1521665614002;0.1;37.5;-2.0;-2.4;21.6;-20.800001
1521665614012;0.2;37.4;-1.9;-2.4;21.6;-20.800001
1521665614022;0.3;37.4;-1.9;-2.4;21.6;-20.800001
1521665614032;0.3;37.3;-1.9;-2.4;21.6;-20.800001
1521665614056;0.4;37.2;-1.8000001;-2.4;21.6;-20.800001
1521665614064;0.4;37.2;-1.7;-2.4;21.6;-20.800001
1521665614093;0.4;37.0;-1.6;-2.4;21.6;-20.800001
1521665614102;0.4;37.0;-1.5;-2.4;21.6;-20.800001
1521665614113;0.5;37.0;-1.5;-2.4;21.6;-20.800001
1521665614122;0.5;36.9;-1.5;-2.4;21.6;-20.800001
1521665614142;0.6;36.9;-1.3000001;-2.4;21.6;-20.800001
1521665614152;0.6;36.8;-1.3000001;-2.4;21.6;-20.800001
1521665614163;0.7;36.8;-1.3000001;-2.4;21.6;-20.800001
1521665614172;0.8;36.8;-1.3000001;-2.4;21.6;-20.800001
1521665614183;0.90000004;36.8;-1.3000001;-2.4;21.6;-20.800001
1521665614203;1.0;36.7;-1.4;-2.4;21.6;-20.800001
1521665614213;1.1;36.7;-1.4;-2.4;21.6;-20.800001
1521665614223;1.3000001;36.7;-1.4;-2.4;21.6;-20.800001
1521665614233;1.4;36.7;-1.4;-2.4;21.6;-20.800001
1521665614243;1.5;36.7;-1.4;-2.4;21.6;-20.800001
1521665614255;1.7;36.600002;-1.5;-2.4;21.6;-20.800001
1521665614265;1.8000001;36.600002;-1.5;-2.4;21.6;-20.800001
1521665614275;2.0;36.600002;-1.6;-2.4;21.6;-20.800001
1521665614285;2.1000001;36.5;-1.7;-2.4;21.6;-20.800001
1521665614294;2.2;36.5;-1.7;-2.4;21.6;-20.800001
1521665614304;2.4;36.5;-1.7;-2.4;21.6;-20.800001
1521665614314;2.5;36.5;-1.7;-2.4;21.6;-20.800001
1521665614323;2.6000001;36.4;-1.7;-2.4;21.6;-20.800001
1521665614333;2.7;36.4;-1.7;-2.4;21.6;-20.800001
1521665614343;2.9;36.4;-1.8000001;-2.4;21.6;-20.800001
1521665614354;3.0;36.3;-1.8000001;-2.4;21.6;-20.800001
1521665614366;3.1000001;36.3;-1.8000001;-2.4;21.6;-20.800001
1521665614373;3.3;36.2;-1.9;-2.4;21.6;-20.800001
1521665614384;3.4;36.2;-1.9;-2.4;21.6;-20.800001
1521665614394;3.5;36.2;-1.9;-2.4;21.6;-20.800001
1521665614404;3.6000001;36.100002;-1.9;-2.4;21.6;-20.800001
1521665614413;3.7;36.100002;-1.8000001;-2.4;21.6;-20.800001
1521665614423;3.7;36.100002;-1.9;-2.4;21.6;-20.800001
1521665614433;3.8;36.0;-1.9;-2.4;21.6;-20.800001
1521665614453;3.9;35.9;-1.9;-2.4;21.6;-20.800001
1521665614464;3.9;35.8;-1.8000001;-2.4;21.6;-20.800001
1521665614475;4.0;35.8;-1.9;-2.4;21.6;-20.800001
1521665614488;4.0;35.7;-1.9;-2.4;21.6;-20.800001
1521665614493;4.1;35.600002;-1.9;-2.4;21.6;-20.800001
1521665614504;4.1;35.5;-1.8000001;-2.4;21.6;-20.800001
1521665614512;4.2000003;35.4;-1.8000001;-2.4;21.6;-20.800001
1521665614533;4.3;35.3;-1.7;-2.4;21.6;-20.800001
1521665614543;4.3;35.2;-1.7;-2.4;21.6;-20.800001
1521665614554;4.3;35.100002;-1.7;-2.4;21.6;-20.800001
1521665614566;4.4;35.0;-1.5;-2.4;21.6;-20.800001
1521665614574;4.4;34.9;-1.5;-2.4;21.6;-20.800001
1521665614586;4.5;34.8;-1.5;-2.4;21.6;-20.800001
1521665614594;4.5;34.7;-1.4;-2.4;21.6;-20.800001
1521665614606;4.6;34.600002;-1.3000001;-2.4;21.6;-20.800001
1521665614616;4.7000003;34.4;-1.3000001;-2.4;21.6;-20.800001
1521665614626;4.8;34.3;-1.2;-2.4;21.6;-20.800001
1521665614632;4.9;34.2;-1.2;-2.4;21.6;-20.800001
1521665614642;4.9;34.100002;-1.1;-2.4;21.6;-20.800001
1521665614652;5.0;34.0;-1.1;-2.4;21.6;-20.800001
1521665614662;5.1;33.8;-1.1;-2.4;21.6;-20.800001
1521665614674;5.2000003;33.7;-1.1;-2.4;21.6;-20.800001
1521665614682;5.3;33.5;-1.1;-2.4;21.6;-20.800001
1521665614695;5.4;33.4;-1.1;-2.4;21.6;-20.800001
1521665614706;5.5;33.3;-1.1;-2.4;21.6;-20.800001
1521665614714;5.7000003;33.100002;-1.2;-2.4;21.6;-20.800001
1521665614724;5.9;32.9;-1.1;-2.4;21.6;-20.800001
1521665614732;6.0;32.8;-1.1;-2.4;21.6;-20.800001
1521665614744;6.1;32.600002;-1.2;-2.4;21.6;-20.800001
1521665614753;6.2000003;32.5;-1.2;-2.4;21.6;-20.800001
1521665614763;6.4;32.3;-1.3000001;-2.4;21.6;-20.800001
1521665614775;6.5;32.2;-1.2;-2.4;21.6;-20.800001
1521665614785;6.6;32.100002;-1.2;-2.4;21.6;-20.800001
1521665614795;6.8;31.9;-1.2;-2.4;21.6;-20.800001
1521665614804;6.9;31.800001;-1.2;-2.4;21.6;-20.800001
1521665614816;7.1;31.6;-1.2;-2.4;21.6;-20.800001
1521665614825;7.2000003;31.5;-1.3000001;-2.4;21.6;-20.800001
1521665614832;7.4;31.4;-1.3000001;-2.4;21.6;-20.800001
1521665614842;7.5;31.2;-1.3000001;-2.4;21.6;-20.800001
1521665614852;7.7000003;31.1;-1.4;-2.4;21.6;-20.800001
1521665614862;7.8;30.9;-1.5;-2.4;21.6;-20.800001
1521665614872;7.9;30.800001;-1.5;-2.4;21.6;-20.800001
1521665614882;8.1;30.7;-1.5;-2.4;21.6;-20.800001
1521665614896;8.2;30.6;-1.6;-2.4;21.6;-20.800001
1521665614905;8.3;30.5;-1.7;-2.4;21.6;-20.800001
1521665614913;8.5;30.2;-1.9;-2.4;21.6;-20.800001
1521665614923;8.6;30.1;-1.9;-2.4;21.6;-20.800001
1521665614933;8.7;30.0;-1.9;-2.4;21.6;-20.800001
1521665614943;8.7;29.9;-1.9;-2.4;21.6;-20.800001
1521665614955;8.8;29.7;-1.9;-2.4;21.6;-20.800001
1521665614965;8.900001;29.6;-1.9;-2.4;21.6;-20.800001
1521665614972;8.900001;29.5;-1.9;-2.4;21.6;-20.800001
1521665614983;9.0;29.4;-1.9;-2.4;21.6;-20.800001
1521665614995;9.0;29.300001;-1.9;-2.4;21.6;-20.800001
1521665615003;9.1;29.300001;-1.9;-2.4;21.6;-20.800001
1521665615013;9.1;29.2;-1.8000001;-2.4;21.6;-20.800001
1521665615023;9.1;29.1;-1.8000001;-2.4;21.6;-20.800001
1521665615047;9.1;29.1;-1.7;-2.4;21.6;-20.800001
1521665615068;9.2;29.0;-1.8000001;-2.4;21.6;-20.800001
1521665615124;9.400001;28.9;-2.0;-2.4;21.6;-20.800001
1521665615132;9.3;28.9;-2.0;-2.4;21.6;-20.800001
1521665615152;9.3;28.9;-1.9;-2.4;21.6;-20.800001
1521665615172;9.3;29.0;-1.9;-2.4;21.6;-20.800001
1521665615182;9.2;29.0;-1.8000001;-2.4;21.6;-20.800001
1521665615205;9.1;29.1;-1.7;-2.4;21.6;-20.800001
1521665615212;9.0;29.2;-1.7;-2.4;21.6;-20.800001
1521665615222;9.0;29.300001;-1.6;-2.4;21.6;-20.800001
1521665615232;8.900001;29.300001;-1.6;-2.4;21.6;-20.800001
1521665615242;8.8;29.4;-1.6;-2.4;21.6;-20.800001
1521665615252;8.8;29.5;-1.6;-2.4;21.6;-20.800001
1521665615263;8.7;29.6;-1.6;-2.4;21.6;-20.800001
1521665615273;8.6;29.7;-1.6;-2.4;21.6;-20.800001
1521665615283;8.5;29.800001;-1.5;-2.4;21.6;-20.800001
1521665615294;8.3;29.9;-1.5;-2.4;21.6;-20.800001
1521665615305;8.2;30.0;-1.5;-2.4;21.6;-20.800001
1521665615313;8.1;30.1;-1.5;-2.4;21.6;-20.800001
1521665615323;7.9;30.2;-1.5;-2.4;21.6;-20.800001
1521665615333;7.8;30.300001;-1.4;-2.4;21.6;-20.800001
1521665615345;7.6;30.4;-1.4;-2.4;21.6;-20.800001
1521665615356;7.4;30.4;-1.4;-2.4;21.6;-20.800001
1521665615365;7.3;30.5;-1.3000001;-2.4;21.6;-20.800001
1521665615373;7.1;30.6;-1.1;-2.4;21.6;-20.800001
1521665615384;6.9;30.6;-1.1;-2.4;21.6;-20.800001
1521665615394;6.8;30.6;-1.0;-2.4;21.6;-20.800001
1521665615403;6.6;30.7;-0.90000004;-2.4;21.6;-20.800001
1521665615414;6.5;30.7;-0.8;-2.4;21.6;-20.800001
1521665615424;6.3;30.800001;-0.8;-2.4;21.6;-20.800001
1521665615433;6.2000003;30.800001;-0.7;-2.4;21.6;-20.800001
1521665615444;6.1;30.800001;-0.7;-2.4;21.6;-20.800001
1521665615452;5.9;30.9;-0.7;-2.4;21.6;-20.800001
1521665615462;5.7000003;31.0;-0.6;-2.4;21.6;-20.800001
1521665615472;5.6;31.0;-0.5;-2.4;21.6;-20.800001
1521665615482;5.4;31.1;-0.5;-2.4;21.6;-20.800001
1521665615492;5.2000003;31.1;-0.5;-2.4;21.6;-20.800001
1521665615502;5.1;31.2;-0.5;-2.4;21.6;-20.800001
1521665615512;4.9;31.2;-0.5;-2.4;21.6;-20.800001
1521665615522;4.8;31.300001;-0.5;-2.4;21.6;-20.800001
1521665615542;4.6;31.300001;-0.4;-2.4;21.6;-20.800001
1521665615553;4.5;31.300001;-0.4;-2.4;21.6;-20.800001
1521665615562;4.4;31.300001;-0.4;-2.4;21.6;-20.800001
1521665615572;4.4;31.300001;-0.3;-2.4;21.6;-20.800001
1521665615583;4.3;31.300001;-0.3;-2.4;21.6;-20.800001
1521665615606;4.2000003;31.300001;-0.3;-2.4;21.6;-20.800001
1521665615617;4.1;31.300001;-0.2;-2.4;21.6;-20.800001
1521665615632;4.1;31.2;-0.3;-2.4;21.6;-20.800001
1521665615642;4.1;31.2;-0.2;-2.4;21.6;-20.800001
1521665615652;4.0;31.2;-0.1;-2.4;21.6;-20.800001
1521665615662;3.9;31.2;0.0;-2.4;21.6;-20.800001
1521665615672;3.9;31.2;-0.1;-2.4;21.6;-20.800001
1521665615682;3.8;31.2;0.0;-2.4;21.6;-20.800001
1521665615694;3.7;31.300001;0.0;-2.4;21.6;-20.800001
1521665615704;3.6000001;31.300001;0.0;-2.4;21.6;-20.800001
1521665615712;3.6000001;31.4;0.0;-2.4;21.6;-20.800001
1521665615722;3.5;31.4;0.0;-2.4;21.6;-20.800001
1521665615742;3.4;31.4;0.1;-2.4;21.6;-20.800001
1521665615752;3.4;31.4;0.2;-2.4;21.6;-20.800001
1521665615762;3.4;31.5;0.1;-2.4;21.6;-20.800001
1521665615775;3.3;31.5;0.1;-2.4;21.6;-20.800001
1521665615793;3.3;31.5;0.2;-2.4;21.6;-20.800001
1521665615803;3.2;31.5;0.2;-2.4;21.6;-20.800001
1521665615814;3.2;31.5;0.3;-2.4;21.6;-20.800001
1521665615823;3.1000001;31.5;0.3;-2.4;21.6;-20.800001
1521665615833;3.0;31.6;0.3;-2.4;21.6;-20.800001
1521665615855;2.9;31.6;0.3;-2.4;21.6;-20.800001
1521665615864;2.9;31.7;0.3;-2.4;21.6;-20.800001
1521665615873;2.8;31.800001;0.2;-2.4;21.6;-20.800001
1521665615893;2.8;31.9;0.2;-2.4;21.6;-20.800001
1521665615902;2.7;32.0;0.1;-2.4;21.6;-20.800001
1521665615924;2.7;32.100002;0.1;-2.4;21.6;-20.800001
1521665615934;2.6000001;32.2;0.1;-2.4;21.6;-20.800001
1521665615944;2.6000001;32.2;0.0;-2.4;21.6;-20.800001
1521665615954;2.6000001;32.3;0.0;-2.4;21.6;-20.800001
1521665615963;2.6000001;32.4;-0.1;-2.4;21.6;-20.800001
1521665615973;2.6000001;32.4;0.0;-2.4;21.6;-20.800001
1521665615983;2.5;32.5;-0.1;-2.4;21.6;-20.800001
1521665615993;2.6000001;32.5;0.0;-2.4;21.6;-20.800001
1521665616003;2.6000001;32.600002;-0.1;-2.4;21.6;-20.800001
1521665616014;2.5;32.7;-0.2;-2.4;21.6;-20.800001
1521665616027;2.5;32.8;-0.1;-2.4;21.6;-20.800001
1521665616034;2.5;32.8;-0.2;-2.4;21.6;-20.800001
1521665616045;2.5;32.9;-0.3;-2.4;21.6;-20.800001
1521665616052;2.5;33.0;-0.3;-2.4;21.6;-20.800001
1521665616066;2.5;33.0;-0.4;-2.4;21.6;-20.800001
1521665616104;2.5;33.3;-0.5;-2.4;21.6;-20.800001
1521665616112;2.5;33.3;-0.6;-2.4;21.6;-20.800001
1521665616122;2.6000001;33.4;-0.7;-2.4;21.6;-20.800001
1521665616132;2.6000001;33.5;-0.7;-2.4;21.6;-20.800001
1521665616142;2.6000001;33.5;-0.8;-2.4;21.6;-20.800001
1521665616152;2.6000001;33.600002;-0.90000004;-2.4;21.6;-20.800001
1521665616162;2.6000001;33.7;-1.0;-2.4;21.6;-20.800001
1521665616172;2.6000001;33.7;-1.1;-2.4;21.6;-20.800001
1521665616193;2.7;33.8;-1.1;-2.4;21.6;-20.800001
1521665616213;2.8;33.9;-1.2;-2.4;21.6;-20.800001
1521665616234;2.9;34.0;-1.3000001;-2.4;21.6;-20.800001
1521665616243;2.9;34.100002;-1.5;-2.4;21.6;-20.800001
1521665616253;2.9;34.2;-1.4;-2.4;21.6;-20.800001
1521665616265;3.0;34.2;-1.4;-2.4;21.6;-20.800001
1521665616275;3.0;34.3;-1.5;-2.4;21.6;-20.800001
1521665616286;3.1000001;34.3;-1.6;-2.4;21.6;-20.800001
1521665616294;3.1000001;34.4;-1.7;-2.4;21.6;-20.800001
1521665616304;3.1000001;34.4;-1.8000001;-2.4;21.6;-20.800001
1521665616314;3.1000001;34.5;-1.7;-2.4;21.6;-20.800001
1521665616323;3.1000001;34.5;-1.8000001;-2.4;21.6;-20.800001
1521665616344;3.2;34.5;-1.9;-2.4;21.6;-20.800001
1521665616354;3.2;34.5;-2.0;-2.4;21.6;-20.800001
1521665616363;3.2;34.600002;-2.0;-2.4;21.6;-20.800001
1521665616375;3.3;34.600002;-2.1000001;-2.4;21.6;-20.800001
1521665616385;3.3;34.7;-2.1000001;-2.4;21.6;-20.800001
1521665616394;3.4;34.600002;-2.2;-2.4;21.6;-20.800001
1521665616404;3.4;34.600002;-2.3;-2.4;21.6;-20.800001
1521665616415;3.4;34.7;-2.2;-2.4;21.6;-20.800001
1521665616427;3.5;34.7;-2.2;-2.4;21.6;-20.800001
1521665616455;3.6000001;34.600002;-2.3;-2.4;21.6;-20.800001
1521665616466;3.6000001;34.600002;-2.2;-2.4;21.6;-20.800001
1521665616473;3.7;34.600002;-2.2;-2.4;21.6;-20.800001
1521665616484;3.7;34.7;-2.2;-2.4;21.6;-20.800001
1521665616493;3.7;34.600002;-2.3;-2.4;21.6;-20.800001
1521665616503;3.7;34.600002;-2.4;-2.4;21.6;-20.800001
1521665616525;3.7;34.600002;-2.3;-2.4;21.6;-20.800001
1521665616554;3.8;34.5;-2.4;-2.4;21.6;-20.800001
1521665616585;3.8;34.5;-2.5;-2.4;21.6;-20.800001
1521665616593;3.8;34.4;-2.4;-2.4;21.6;-20.800001
1521665616613;3.9;34.4;-2.4;-2.4;21.6;-20.800001
1521665616653;4.0;34.3;-2.3;-2.4;21.6;-20.800001
1521665616693;4.0;34.3;-2.2;-2.4;21.6;-20.800001
1521665616703;4.1;34.3;-2.2;-2.4;21.6;-20.800001
1521665616755;4.2000003;34.3;-2.2;-2.4;21.6;-20.800001
1521665616783;4.2000003;34.3;-2.1000001;-2.4;21.6;-20.800001
1521665616814;4.1;34.3;-2.1000001;-2.4;21.6;-20.800001
1521665616824;4.2000003;34.3;-2.0;-2.4;21.6;-20.800001
1521665616864;4.3;34.3;-2.1000001;-2.4;21.6;-20.800001
1521665616876;4.2000003;34.3;-2.0;-2.4;21.6;-20.800001
1521665616885;4.3;34.3;-2.0;-2.4;21.6;-20.800001
1521665616894;4.3;34.4;-2.0;-2.4;21.6;-20.800001
1521665616914;4.3;34.3;-2.1000001;-2.4;21.6;-20.800001
1521665616925;4.3;34.4;-2.2;-2.4;21.6;-20.800001
1521665616934;4.3;34.4;-2.1000001;-2.4;21.6;-20.800001
1521665616944;4.3;34.4;-2.2;-2.4;21.6;-20.800001
1521665616955;4.3;34.4;-2.1000001;-2.4;21.6;-20.800001
1521665616964;4.2000003;34.4;-2.1000001;-2.4;21.6;-20.800001
1521665616976;4.2000003;34.5;-2.2;-2.4;21.6;-20.800001
1521665616992;4.2000003;34.5;-2.3;-2.4;21.6;-20.800001
1521665617002;4.2000003;34.5;-2.2;-2.4;21.6;-20.800001
1521665617012;4.2000003;34.5;-2.3;-2.4;21.6;-20.800001
1521665617023;4.1;34.5;-2.3;-2.4;21.6;-20.800001
1521665617032;4.1;34.5;-2.4;-2.4;21.6;-20.800001
1521665617066;4.1;34.5;-2.5;-2.4;21.6;-20.800001
1521665617072;4.1;34.600002;-2.4;-2.4;21.6;-20.800001
1521665617114;4.2000003;34.600002;-2.4;-2.4;21.6;-20.800001
1521665617123;4.2000003;34.600002;-2.5;-2.4;21.6;-20.800001
1521665617142;4.1;34.600002;-2.6000001;-2.4;21.6;-20.800001
1521665617163;4.1;34.600002;-2.5;-2.4;21.6;-20.800001
1521665617182;4.0;34.600002;-2.5;-2.4;21.6;-20.800001
1521665617202;4.0;34.600002;-2.4;-2.4;21.6;-20.800001
1521665617226;4.1;34.600002;-2.4;-2.4;21.6;-20.800001
1521665617263;4.0;34.600002;-2.5;-2.4;21.6;-20.800001
1521665617273;4.1;34.600002;-2.4;-2.4;21.6;-20.800001
1521665617374;4.2000003;34.5;-2.5;-2.4;21.6;-20.800001
1521665617395;4.2000003;34.5;-2.4;-2.4;21.6;-20.800001
1521665617405;4.1;34.5;-2.5;-2.4;21.6;-20.800001
1521665617423;4.1;34.5;-2.4;-2.4;21.6;-20.800001
1521665617444;4.2000003;34.5;-2.5;-2.4;21.6;-20.800001
1521665617483;4.3;34.4;-2.5;-2.4;21.6;-20.800001
1521665617493;4.3;34.4;-2.6000001;-2.4;21.6;-20.800001
1521665617513;4.3;34.4;-2.7;-2.4;21.6;-20.800001
1521665617523;4.3;34.4;-2.6000001;-2.4;21.6;-20.800001
1521665617533;4.3;34.4;-2.7;-2.4;21.6;-20.800001
1521665617554;4.3;34.3;-2.7;-2.4;21.6;-20.800001
1521665617564;4.4;34.3;-2.7;-2.4;21.6;-20.800001
1521665617608;4.4;34.3;-2.8;-2.4;21.6;-20.800001
1521665617614;4.4;34.3;-2.7;-2.4;21.6;-20.800001
1521665617662;4.4;34.3;-2.6000001;-2.4;21.6;-20.800001
1521665617673;4.4;34.3;-2.5;-2.4;21.6;-20.800001
1521665617686;4.5;34.3;-2.5;-2.4;21.6;-20.800001
1521665617713;4.5;34.3;-2.6000001;-2.4;21.6;-20.800001
1521665617723;4.5;34.3;-2.5;-2.4;21.6;-20.800001
1521665617786;4.5;34.3;-2.6000001;-2.4;21.6;-20.800001
1521665617796;4.5;34.3;-2.5;-2.4;21.6;-20.800001
1521665617825;4.5;34.3;-2.4;-2.4;21.6;-20.800001
1521665617835;4.5;34.3;-2.5;-2.4;21.6;-20.800001
1521665617844;4.5;34.3;-2.4;-2.4;21.6;-20.800001
1521665617854;4.5;34.3;-2.5;-2.4;21.6;-20.800001
1521665617886;4.6;34.3;-2.5;-2.4;21.6;-20.800001
1521665617924;4.6;34.3;-2.6000001;-2.4;21.6;-20.800001
1521665617943;4.7000003;34.3;-2.6000001;-2.4;21.6;-20.800001
1521665617954;4.7000003;34.2;-2.6000001;-2.4;21.6;-20.800001
1521665617963;4.7000003;34.2;-2.7;-2.4;21.6;-20.800001
1521665617995;4.7000003;34.2;-2.8;-2.4;21.6;-20.800001
1521665618004;4.7000003;34.3;-2.7;-2.4;21.6;-20.800001
1521665618064;4.7000003;34.3;-2.6000001;-2.4;21.6;-20.800001
1521665618102;4.8;34.3;-2.6000001;-2.4;21.6;-20.800001
1521665618113;4.8;34.3;-2.7;-2.4;21.6;-20.800001
1521665618142;4.8;34.3;-2.8;-2.4;21.6;-20.800001
1521665618152;4.8;34.3;-2.7;-2.4;21.6;-20.800001
1521665618182;4.7000003;34.3;-2.7;-2.4;21.6;-20.800001
1521665618204;4.7000003;34.4;-2.6000001;-2.4;21.6;-20.800001
1521665618213;4.7000003;34.3;-2.6000001;-2.4;21.6;-20.800001
1521665618235;4.7000003;34.3;-2.5;-2.4;21.6;-20.800001
1521665618266;4.7000003;34.4;-2.5;-2.4;21.6;-20.800001
1521665618285;4.7000003;34.4;-2.6000001;-2.4;21.6;-20.800001
1521665618295;4.7000003;34.4;-2.5;-2.4;21.6;-20.800001
1521665618306;4.7000003;34.3;-2.6000001;-2.4;21.6;-20.800001
1521665618315;4.8;34.3;-2.6000001;-2.4;21.6;-20.800001
1521665618344;4.7000003;34.3;-2.6000001;-2.4;21.6;-20.800001
1521665618363;4.7000003;34.3;-2.7;-2.4;21.6;-20.800001
1521665618395;4.7000003;34.3;-2.6000001;-2.4;21.6;-20.800001
1521665618405;4.7000003;34.2;-2.7;-2.4;21.6;-20.800001
1521665618415;4.8;34.2;-2.6000001;-2.4;21.6;-20.800001
1521665618435;4.7000003;34.2;-2.6000001;-2.4;21.6;-20.800001
1521665618444;4.7000003;34.2;-2.5;-2.4;21.6;-20.800001
1521665618464;4.8;34.2;-2.5;-2.4;21.6;-20.800001
1521665618473;4.8;34.2;-2.6000001;-2.4;21.6;-20.800001
1521665618495;4.8;34.100002;-2.6000001;-2.4;21.6;-20.800001
1521665618504;4.9;34.100002;-2.7;-2.4;21.6;-20.800001
1521665618524;4.8;34.100002;-2.7;-2.4;21.6;-20.800001
1521665618534;4.8;34.100002;-2.6000001;-2.4;21.6;-20.800001
1521665618544;4.9;34.100002;-2.7;-2.4;21.6;-20.800001
1521665618573;5.0;34.100002;-2.7;-2.4;21.6;-20.800001
1521665618583;4.9;34.100002;-2.7;-2.4;21.6;-20.800001
1521665618594;5.0;34.100002;-2.6000001;-2.4;21.6;-20.800001
1521665618612;4.9;34.100002;-2.6000001;-2.4;21.6;-20.800001
1521665618624;4.9;34.100002;-2.7;-2.4;21.6;-20.800001
1521665618674;4.8;34.100002;-2.7;-2.4;21.6;-20.800001
1521665618694;4.8;34.100002;-2.8;-2.4;21.6;-20.800001
1521665618714;4.8;34.100002;-2.9;-2.4;21.6;-20.800001
1521665618773;4.8;34.2;-2.9;-2.4;21.6;-20.800001
1521665618785;4.7000003;34.2;-2.9;-2.4;21.6;-20.800001
1521665618805;4.7000003;34.2;-2.8;-2.4;21.6;-20.800001
1521665618814;4.7000003;34.2;-2.9;-2.4;21.6;-20.800001
1521665618834;4.6;34.2;-2.9;-2.4;21.6;-20.800001
1521665618846;4.6;34.3;-2.9;-2.4;21.6;-20.800001
1521665618855;4.6;34.3;-2.8;-2.4;21.6;-20.800001
1521665618873;4.5;34.3;-2.8;-2.4;21.6;-20.800001
1521665618893;4.5;34.3;-2.9;-2.4;21.6;-20.800001
1521665618914;4.5;34.3;-2.8;-2.4;21.6;-20.800001
1521665618926;4.4;34.3;-2.7;-2.4;21.6;-20.800001
1521665618935;4.4;34.4;-2.7;-2.4;21.6;-20.800001
1521665618954;4.4;34.4;-2.6000001;-2.4;21.6;-20.800001
1521665618992;4.5;34.4;-2.5;-2.4;21.6;-20.800001
1521665619025;4.4;34.4;-2.4;-2.4;21.6;-20.800001
1521665619043;4.4;34.5;-2.4;-2.4;21.6;-20.800001
1521665619052;4.3;34.600002;-2.4;-2.4;21.6;-20.800001
1521665619062;4.3;34.600002;-2.3;-2.4;21.6;-20.800001
1521665619072;4.3;34.7;-2.2;-2.4;21.6;-20.800001
1521665619112;4.1;34.9;-2.0;-2.4;21.6;-20.800001
1521665619124;4.1;34.9;-1.9;-2.4;21.6;-20.800001
1521665619133;4.1;35.0;-1.9;-2.4;21.6;-20.800001
1521665619142;4.0;35.0;-1.9;-2.4;21.6;-20.800001
1521665619162;4.0;35.100002;-1.8000001;-2.4;21.6;-20.800001
1521665619172;4.0;35.100002;-1.7;-2.4;21.6;-20.800001
1521665619183;3.9;35.2;-1.6;-2.4;21.6;-20.800001
1521665619204;3.8;35.3;-1.6;-2.4;21.6;-20.800001
1521665619213;3.8;35.3;-1.5;-2.4;21.6;-20.800001
1521665619233;3.8;35.3;-1.4;-2.4;21.6;-20.800001
1521665619243;3.8;35.4;-1.4;-2.4;21.6;-20.800001
1521665619253;3.7;35.4;-1.4;-2.4;21.6;-20.800001
1521665619263;3.7;35.5;-1.4;-2.4;21.6;-20.800001
1521665619275;3.6000001;35.5;-1.4;-2.4;21.6;-20.800001
1521665619286;3.6000001;35.5;-1.3000001;-2.4;21.6;-20.800001
1521665619294;3.6000001;35.600002;-1.2;-2.4;21.6;-20.800001
1521665619305;3.5;35.7;-1.1;-2.4;21.6;-20.800001
1521665619315;3.5;35.7;-1.0;-2.4;21.6;-20.800001
1521665619325;3.5;35.7;-0.90000004;-2.4;21.6;-20.800001
1521665619334;3.5;35.7;-0.8;-2.4;21.6;-20.800001
1521665619354;3.5;35.600002;-0.8;-2.4;21.6;-20.800001
1521665619364;3.6000001;35.600002;-0.8;-2.4;21.6;-20.800001
1521665619394;3.6000001;35.5;-0.7;-2.4;21.6;-20.800001
1521665619404;3.6000001;35.600002;-0.7;-2.4;21.6;-20.800001
1521665619413;3.6000001;35.5;-0.7;-2.4;21.6;-20.800001
1521665619424;3.7;35.5;-0.6;-2.4;21.6;-20.800001
1521665619475;3.7;35.5;-0.7;-2.4;21.6;-20.800001
1521665619497;3.8;35.4;-0.6;-2.4;21.6;-20.800001
1521665619513;3.8;35.5;-0.6;-2.4;21.6;-20.800001
1521665619523;3.9;35.5;-0.6;-2.4;21.6;-20.800001
1521665619542;3.9;35.4;-0.6;-2.4;21.6;-20.800001
1521665619553;3.9;35.4;-0.5;-2.4;21.6;-20.800001
1521665619574;4.0;35.4;-0.5;-2.4;21.6;-20.800001
1521665619583;4.0;35.4;-0.6;-2.4;21.6;-20.800001
1521665619606;4.0;35.4;-0.7;-2.4;21.6;-20.800001
1521665619617;4.1;35.3;-0.7;-2.4;21.6;-20.800001
1521665619633;4.1;35.4;-0.8;-2.4;21.6;-20.800001
1521665619642;4.0;35.4;-0.8;-2.4;21.6;-20.800001
1521665619652;4.1;35.4;-0.8;-2.4;21.6;-20.800001
1521665619693;4.1;35.4;-0.90000004;-2.4;21.6;-20.800001
1521665619705;4.2000003;35.3;-0.90000004;-2.4;21.6;-20.800001
1521665619764;4.3;35.3;-0.90000004;-2.4;21.6;-20.800001
1521665619785;4.4;35.2;-0.90000004;-2.4;21.6;-20.800001
1521665619792;4.4;35.100002;-1.1;-2.4;21.6;-20.800001
1521665619802;4.5;35.100002;-1.2;-2.4;21.6;-20.800001
1521665619812;4.6;35.0;-1.3000001;-2.4;21.6;-20.800001
1521665619822;4.6;34.9;-1.3000001;-2.4;21.6;-20.800001
1521665619832;4.7000003;34.8;-1.4;-2.4;21.6;-20.800001
1521665619843;4.6;34.9;-1.3000001;-2.4;21.6;-20.800001
1521665619856;4.7000003;34.8;-1.4;-2.4;21.6;-20.800001
1521665619864;4.8;34.8;-1.4;-2.4;21.6;-20.800001
1521665619877;4.8;34.7;-1.4;-2.4;21.6;-20.800001
1521665619885;4.9;34.600002;-1.6;-2.4;21.6;-20.800001
1521665619894;5.0;34.600002;-1.6;-2.4;21.6;-20.800001
1521665619905;5.0;34.5;-1.6;-2.4;21.6;-20.800001
1521665619915;5.1;34.5;-1.7;-2.4;21.6;-20.800001
1521665619927;5.1;34.4;-1.8000001;-2.4;21.6;-20.800001
1521665619947;5.2000003;34.4;-1.8000001;-2.4;21.6;-20.800001
1521665619955;5.2000003;34.3;-1.8000001;-2.4;21.6;-20.800001
1521665619969;5.2000003;34.2;-1.9;-2.4;21.6;-20.800001
1521665619973;5.3;34.100002;-1.9;-2.4;21.6;-20.800001
1521665619983;5.4;34.100002;-2.0;-2.4;21.6;-20.800001
1521665619992;5.4;34.0;-2.0;-2.4;21.6;-20.800001
1521665620002;5.5;34.0;-2.1000001;-2.4;21.6;-20.800001
1521665620013;5.5;33.9;-2.1000001;-2.4;21.6;-20.800001
1521665620022;5.6;33.9;-2.2;-2.4;21.6;-20.800001
1521665620033;5.6;33.8;-2.2;-2.4;21.6;-20.800001
1521665620044;5.7000003;33.8;-2.3;-2.4;21.6;-20.800001
1521665620053;5.8;33.8;-2.3;-2.4;21.6;-20.800001
1521665620064;5.8;33.7;-2.3;-2.4;21.6;-20.800001
1521665620073;5.8;33.600002;-2.4;-2.4;21.6;-20.800001
1521665620143;5.9;33.600002;-2.5;-2.4;21.6;-20.800001
1521665620152;5.9;33.5;-2.6000001;-2.4;21.6;-20.800001
1521665620172;5.9;33.5;-2.5;-2.4;21.6;-20.800001
1521665620182;5.9;33.5;-2.6000001;-2.4;21.6;-20.800001
1521665620215;5.9;33.5;-2.5;-2.4;21.6;-20.800001
1521665620232;5.9;33.5;-2.6000001;-2.4;21.6;-20.800001
1521665620242;6.0;33.4;-2.6000001;-2.4;21.6;-20.800001
1521665620265;6.0;33.5;-2.6000001;-2.4;21.6;-20.800001
1521665620304;6.0;33.4;-2.6000001;-2.4;21.6;-20.800001
1521665620313;6.0;33.4;-2.7;-2.4;21.6;-20.800001
1521665620323;6.0;33.4;-2.6000001;-2.4;21.6;-20.800001
1521665620334;5.9;33.4;-2.7;-2.4;21.6;-20.800001
1521665620353;5.9;33.4;-2.8;-2.4;21.6;-20.800001
1521665620376;5.9;33.5;-2.8;-2.4;21.6;-20.800001
1521665620387;5.8;33.5;-2.8;-2.4;21.6;-20.800001
1521665620397;5.8;33.5;-2.9;-2.4;21.6;-20.800001
1521665620404;5.8;33.5;-2.8;-2.4;21.6;-20.800001
1521665620424;5.7000003;33.600002;-2.8;-2.4;21.6;-20.800001
1521665620433;5.8;33.600002;-2.7;-2.4;21.6;-20.800001
1521665620444;5.7000003;33.600002;-2.7;-2.4;21.6;-20.800001
1521665620484;5.6;33.600002;-2.7;-2.4;21.6;-20.800001
1521665620524;5.6;33.600002;-2.8;-2.4;21.6;-20.800001
1521665620538;5.6;33.600002;-2.7;-2.4;21.6;-20.800001
1521665620552;5.5;33.600002;-2.8;-2.4;21.6;-20.800001
1521665620563;5.4;33.7;-2.7;-2.4;21.6;-20.800001
1521665620574;5.4;33.7;-2.8;-2.4;21.6;-20.800001
1521665620633;5.3;33.8;-2.9;-2.4;21.6;-20.800001
1521665620653;5.3;33.7;-2.8;-2.4;21.6;-20.800001
1521665620663;5.2000003;33.8;-2.9;-2.4;21.6;-20.800001
1521665620673;5.2000003;33.8;-2.8;-2.4;21.6;-20.800001
1521665620682;5.2000003;33.8;-2.9;-2.4;21.6;-20.800001
1521665620693;5.2000003;33.7;-2.9;-2.4;21.6;-20.800001
1521665620734;5.2000003;33.8;-2.9;-2.4;21.6;-20.800001
1521665620743;5.2000003;33.7;-2.9;-2.4;21.6;-20.800001
1521665620765;5.2000003;33.8;-2.9;-2.4;21.6;-20.800001
1521665620783;5.1;33.8;-2.9;-2.4;21.6;-20.800001
1521665620813;5.1;33.9;-2.8;-2.4;21.6;-20.800001
1521665620824;5.0;33.9;-2.8;-2.4;21.6;-20.800001
1521665620833;5.0;33.9;-2.9;-2.4;21.6;-20.800001
1521665620844;5.1;33.9;-2.9;-2.4;21.6;-20.800001
1521665620854;5.1;33.9;-3.0;-2.4;21.6;-20.800001
1521665620885;5.0;33.9;-3.0;-2.4;21.6;-20.800001
1521665620896;5.0;34.0;-2.9;-2.4;21.6;-20.800001
1521665620905;5.0;34.0;-3.0;-2.4;21.6;-20.800001
1521665620945;4.9;34.0;-3.0;-2.4;21.6;-20.800001
1521665620955;4.9;34.100002;-3.0;-2.4;21.6;-20.800001
1521665620966;4.9;34.0;-2.9;-2.4;21.6;-20.800001
1521665620975;4.9;34.100002;-2.9;-2.4;21.6;-20.800001
1521665620993;4.9;34.100002;-2.8;-2.4;21.6;-20.800001
1521665621004;4.8;34.100002;-2.8;-2.4;21.6;-20.800001
1521665621013;4.8;34.2;-2.8;-2.4;21.6;-20.800001
1521665621044;4.8;34.2;-2.7;-2.4;21.6;-20.800001
1521665621053;4.7000003;34.3;-2.7;-2.4;21.6;-20.800001
1521665621066;4.8;34.2;-2.7;-2.4;21.6;-20.800001
1521665621076;4.7000003;34.2;-2.7;-2.4;21.6;-20.800001
1521665621134;4.7000003;34.3;-2.7;-2.4;21.6;-20.800001
1521665621142;4.7000003;34.3;-2.6000001;-2.4;21.6;-20.800001
1521665621172;4.6;34.3;-2.6000001;-2.4;21.6;-20.800001
1521665621203;4.6;34.3;-2.5;-2.4;21.6;-20.800001
1521665621224;4.6;34.3;-2.4;-2.4;21.6;-20.800001
1521665621234;4.5;34.3;-2.4;-2.4;21.6;-20.800001
1521665621245;4.6;34.3;-2.5;-2.4;21.6;-20.800001
1521665621275;4.5;34.3;-2.5;-2.4;21.6;-20.800001
1521665621285;4.6;34.3;-2.4;-2.4;21.6;-20.800001
1521665621294;4.6;34.3;-2.5;-2.4;21.6;-20.800001
1521665621334;4.5;34.3;-2.6000001;-2.4;21.6;-20.800001
1521665621346;4.5;34.2;-2.6000001;-2.4;21.6;-20.800001
1521665621366;4.5;34.2;-2.7;-2.4;21.6;-20.800001
1521665621403;4.5;34.2;-2.6000001;-2.4;21.6;-20.800001
1521665621443;4.5;34.2;-2.7;-2.4;21.6;-20.800001
1521665621465;4.6;34.2;-2.6000001;-2.4;21.6;-20.800001
1521665621486;4.7000003;34.2;-2.5;-2.4;21.6;-20.800001
1521665621505;4.7000003;34.100002;-2.6000001;-2.4;21.6;-20.800001
1521665621524;4.7000003;34.100002;-2.7;-2.4;21.6;-20.800001
1521665621543;4.7000003;34.2;-2.7;-2.4;21.6;-20.800001
1521665621553;4.7000003;34.100002;-2.7;-2.4;21.6;-20.800001
1521665621564;4.7000003;34.100002;-2.8;-2.4;21.6;-20.800001
1521665621583;4.7000003;34.2;-2.9;-2.4;21.6;-20.800001
1521665621593;4.7000003;34.2;-2.8;-2.4;21.6;-20.800001
1521665621614;4.7000003;34.2;-2.7;-2.4;21.6;-20.800001
1521665621655;4.7000003;34.3;-2.6000001;-2.4;21.6;-20.800001
1521665621664;4.7000003;34.2;-2.6000001;-2.4;21.6;-20.800001
1521665621674;4.8;34.3;-2.6000001;-2.4;21.6;-20.800001
1521665621684;4.7000003;34.3;-2.7;-2.4;21.6;-20.800001
1521665621714;4.7000003;34.3;-2.8;-2.4;21.6;-20.800001
1521665621725;4.8;34.3;-2.8;-2.4;21.6;-20.800001
1521665621747;4.7000003;34.3;-2.8;-2.4;21.6;-20.800001
1521665621764;4.7000003;34.3;-2.9;-2.4;21.6;-20.800001
1521665621785;4.7000003;34.4;-2.8;-2.4;21.6;-20.800001
1521665621805;4.7000003;34.3;-2.9;-2.4;21.6;-20.800001
1521665621815;4.7000003;34.3;-2.7;-2.4;21.6;-20.800001
1521665621835;4.7000003;34.3;-2.6000001;-2.4;21.6;-20.800001
1521665621855;4.8;34.3;-2.6000001;-2.4;21.6;-20.800001
1521665621866;4.8;34.3;-2.5;-2.4;21.6;-20.800001
1521665621875;4.8;34.2;-2.5;-2.4;21.6;-20.800001
1521665621928;4.9;34.100002;-2.6000001;-2.4;21.6;-20.800001
1521665621943;4.9;34.100002;-2.5;-2.4;21.6;-20.800001
1521665621975;4.9;34.0;-2.4;-2.4;21.6;-20.800001
1521665621985;5.0;34.0;-2.4;-2.4;21.6;-20.800001
1521665621995;5.0;34.0;-2.3;-2.4;21.6;-20.800001
1521665622013;5.0;34.0;-2.2;-2.4;21.6;-20.800001
1521665622034;5.0;34.0;-2.1000001;-2.4;21.6;-20.800001
1521665622047;5.0;33.9;-2.1000001;-2.4;21.6;-20.800001
1521665622075;5.1;33.9;-2.1000001;-2.4;21.6;-20.800001
1521665622143;5.0;33.9;-2.0;-2.4;21.6;-20.800001
1521665622154;5.1;33.9;-2.0;-2.4;21.6;-20.800001
1521665622193;5.2000003;33.8;-2.0;-2.4;21.6;-20.800001
1521665622223;5.2000003;33.9;-2.0;-2.4;21.6;-20.800001
1521665622232;5.2000003;33.8;-2.0;-2.4;21.6;-20.800001
1521665622252;5.2000003;33.8;-1.9;-2.4;21.6;-20.800001
1521665622274;5.2000003;33.9;-1.8000001;-2.4;21.6;-20.800001
1521665622284;5.1;33.9;-1.8000001;-2.4;21.6;-20.800001
1521665622314;5.2000003;33.8;-1.7;-2.4;21.6;-20.800001
1521665622325;5.1;33.9;-1.7;-2.4;21.6;-20.800001
1521665622335;5.2000003;33.8;-1.8000001;-2.4;21.6;-20.800001
1521665622348;5.1;33.8;-1.8000001;-2.4;21.6;-20.800001
1521665622364;5.2000003;33.8;-1.8000001;-2.4;21.6;-20.800001
1521665622384;5.2000003;33.7;-1.9;-2.4;21.6;-20.800001
1521665622406;5.2000003;33.7;-2.0;-2.4;21.6;-20.800001
1521665622415;5.2000003;33.7;-1.9;-2.4;21.6;-20.800001
1521665622425;5.3;33.7;-1.9;-2.4;21.6;-20.800001
1521665622446;5.3;33.7;-1.8000001;-2.4;21.6;-20.800001
1521665622455;5.2000003;33.7;-1.8000001;-2.4;21.6;-20.800001
1521665622484;5.2000003;33.600002;-1.8000001;-2.4;21.6;-20.800001
1521665622493;5.2000003;33.600002;-1.7;-2.4;21.6;-20.800001
1521665622504;5.1;33.7;-1.7;-2.4;21.6;-20.800001
1521665622514;5.2000003;33.7;-1.6;-2.4;21.6;-20.800001
1521665622524;5.2000003;33.7;-1.5;-2.4;21.6;-20.800001
1521665622555;5.2000003;33.600002;-1.6;-2.4;21.6;-20.800001
1521665622573;5.2000003;33.600002;-1.7;-2.4;21.6;-20.800001
1521665622604;5.1;33.600002;-1.7;-2.4;21.6;-20.800001
1521665622625;5.2000003;33.600002;-1.7;-2.4;21.6;-20.800001
1521665622636;5.1;33.600002;-1.7;-2.4;21.6;-20.800001
1521665622647;5.2000003;33.600002;-1.6;-2.4;21.6;-20.800001
1521665622653;5.1;33.5;-1.7;-2.4;21.6;-20.800001
1521665622663;5.1;33.5;-1.6;-2.4;21.6;-20.800001
1521665622683;5.1;33.5;-1.5;-2.4;21.6;-20.800001
1521665622692;5.0;33.5;-1.5;-2.4;21.6;-20.800001
1521665622703;5.0;33.5;-1.4;-2.4;21.6;-20.800001
1521665622713;5.0;33.5;-1.5;-2.4;21.6;-20.800001
1521665622734;5.0;33.4;-1.6;-2.4;21.6;-20.800001
1521665622756;5.0;33.4;-1.5;-2.4;21.6;-20.800001
1521665622773;5.0;33.3;-1.5;-2.4;21.6;-20.800001
1521665622783;4.9;33.3;-1.5;-2.4;21.6;-20.800001
1521665622803;5.0;33.2;-1.5;-2.4;21.6;-20.800001
1521665622814;4.9;33.2;-1.5;-2.4;21.6;-20.800001
1521665622836;4.9;33.100002;-1.6;-2.4;21.6;-20.800001
1521665622843;4.9;33.100002;-1.5;-2.4;21.6;-20.800001
1521665622863;4.8;33.0;-1.5;-2.4;21.6;-20.800001
1521665622873;4.8;33.0;-1.4;-2.4;21.6;-20.800001
1521665622893;4.8;32.9;-1.3000001;-2.4;21.6;-20.800001
1521665622904;4.9;32.8;-1.4;-2.4;21.6;-20.800001
1521665622915;4.8;32.8;-1.3000001;-2.4;21.6;-20.800001
1521665622945;4.8;32.7;-1.3000001;-2.4;21.6;-20.800001
1521665622966;4.8;32.600002;-1.3000001;-2.4;21.6;-20.800001
1521665622977;4.8;32.600002;-1.2;-2.4;21.6;-20.800001
1521665622985;4.7000003;32.600002;-1.2;-2.4;21.6;-20.800001
1521665623007;4.7000003;32.600002;-1.1;-2.4;21.6;-20.800001
1521665623017;4.6;32.600002;-1.1;-2.4;21.6;-20.800001
1521665623028;4.7000003;32.600002;-1.0;-2.4;21.6;-20.800001
1521665623037;4.6;32.600002;-1.0;-2.4;21.6;-20.800001
1521665623054;4.6;32.600002;-1.1;-2.4;21.6;-20.800001
1521665623063;4.6;32.5;-1.1;-2.4;21.6;-20.800001
1521665623083;4.6;32.5;-1.0;-2.4;21.6;-20.800001
1521665623095;4.5;32.5;-1.0;-2.4;21.6;-20.800001
1521665623172;4.5;32.600002;-1.0;-2.4;21.6;-20.800001
1521665623182;4.5;32.5;-1.1;-2.4;21.6;-20.800001
1521665623192;4.5;32.600002;-1.1;-2.4;21.6;-20.800001
1521665623222;4.3;32.7;-1.1;-2.4;21.6;-20.800001
1521665623233;4.4;32.7;-1.1;-2.4;21.6;-20.800001
1521665623242;4.4;32.7;-1.0;-2.4;21.6;-20.800001
1521665623252;4.4;32.7;-1.1;-2.4;21.6;-20.800001
1521665623266;4.3;32.8;-1.1;-2.4;21.6;-20.800001
1521665623289;4.4;32.8;-1.1;-2.4;21.6;-20.800001
1521665623295;4.4;32.8;-1.2;-2.4;21.6;-20.800001
1521665623323;4.3;32.8;-1.2;-2.4;21.6;-20.800001
1521665623333;4.4;32.8;-1.2;-2.4;21.6;-20.800001
1521665623344;4.3;32.8;-1.2;-2.4;21.6;-20.800001
1521665623368;4.3;32.8;-1.1;-2.4;21.6;-20.800001
1521665623378;4.3;32.8;-1.2;-2.4;21.6;-20.800001
1521665623395;4.3;32.9;-1.3000001;-2.4;21.6;-20.800001
1521665623452;4.3;33.0;-1.3000001;-2.4;21.6;-20.800001
1521665623463;4.3;32.9;-1.3000001;-2.4;21.6;-20.800001
1521665623483;4.3;33.0;-1.3000001;-2.4;21.6;-20.800001
1521665623492;4.3;33.0;-1.4;-2.4;21.6;-20.800001
1521665623512;4.3;32.9;-1.3000001;-2.4;21.6;-20.800001
1521665623522;4.4;32.9;-1.4;-2.4;21.6;-20.800001
1521665623533;4.4;32.9;-1.3000001;-2.4;21.6;-20.800001
1521665623565;4.5;32.9;-1.2;-2.4;21.6;-20.800001
1521665623574;4.5;32.9;-1.3000001;-2.4;21.6;-20.800001
1521665623584;4.5;32.9;-1.2;-2.4;21.6;-20.800001
1521665623594;4.4;32.9;-1.2;-2.4;21.6;-20.800001
1521665623604;4.5;32.9;-1.2;-2.4;21.6;-20.800001
1521665623616;4.5;32.9;-1.3000001;-2.4;21.6;-20.800001
1521665623622;4.5;32.9;-1.2;-2.4;21.6;-20.800001
1521665623638;4.4;32.9;-1.2;-2.4;21.6;-20.800001
1521665623643;4.5;32.9;-1.2;-2.4;21.6;-20.800001
1521665623652;4.5;33.0;-1.2;-2.4;21.6;-20.800001
1521665623667;4.5;33.0;-1.3000001;-2.4;21.6;-20.800001
1521665623672;4.5;33.0;-1.2;-2.4;21.6;-20.800001
1521665623736;4.5;33.0;-1.1;-2.4;21.6;-20.800001
1521665623744;4.5;33.0;-1.0;-2.4;21.6;-20.800001
1521665623783;4.5;33.0;-0.90000004;-2.4;21.6;-20.800001
1521665623793;4.5;33.0;-0.8;-2.4;21.6;-20.800001
1521665623806;4.5;33.100002;-0.90000004;-2.4;21.6;-20.800001
1521665623813;4.4;33.100002;-0.90000004;-2.4;21.6;-20.800001
1521665623833;4.5;33.100002;-0.90000004;-2.4;21.6;-20.800001
1521665623853;4.4;33.100002;-0.90000004;-2.4;21.6;-20.800001
1521665623863;4.4;33.100002;-1.0;-2.4;21.6;-20.800001
1521665623875;4.5;33.100002;-0.90000004;-2.4;21.6;-20.800001
1521665623916;4.5;33.100002;-0.8;-2.4;21.6;-20.800001
1521665623926;4.5;33.100002;-0.7;-2.4;21.6;-20.800001
1521665623937;4.6;33.0;-0.7;-2.4;21.6;-20.800001
1521665623964;4.5;33.0;-0.7;-2.4;21.6;-20.800001
1521665623983;4.6;33.0;-0.7;-2.4;21.6;-20.800001
1521665624013;4.6;33.0;-0.6;-2.4;21.6;-20.800001
1521665624022;4.6;32.9;-0.7;-2.4;21.6;-20.800001
1521665624032;4.7000003;32.9;-0.7;-2.4;21.6;-20.800001
1521665624073;4.7000003;32.9;-0.6;-2.4;21.6;-20.800001
1521665624084;4.7000003;32.9;-0.7;-2.4;21.6;-20.800001
1521665624134;4.9;32.8;-0.7;-2.4;21.6;-20.800001
1521665624162;5.0;32.8;-0.7;-2.4;21.6;-20.800001
1521665624172;5.0;32.8;-0.8;-2.4;21.6;-20.800001
1521665624182;4.9;32.8;-0.7;-2.4;21.6;-20.800001
1521665624192;4.9;32.8;-0.8;-2.4;21.6;-20.800001
1521665624203;5.0;32.8;-0.8;-2.4;21.6;-20.800001
1521665624212;5.0;32.8;-0.90000004;-2.4;21.6;-20.800001
1521665624232;5.0;32.8;-1.0;-2.4;21.6;-20.800001
1521665624253;5.0;32.8;-0.90000004;-2.4;21.6;-20.800001
1521665624263;5.1;32.8;-0.90000004;-2.4;21.6;-20.800001
1521665624285;5.1;32.8;-1.0;-2.4;21.6;-20.800001
1521665624314;5.1;32.8;-1.1;-2.4;21.6;-20.800001
1521665624324;5.1;32.8;-1.0;-2.4;21.6;-20.800001
1521665624334;5.2000003;32.8;-1.0;-2.4;21.6;-20.800001
1521665624343;5.2000003;32.9;-1.0;-2.4;21.6;-20.800001
1521665624355;5.1;32.9;-1.0;-2.4;21.6;-20.800001
1521665624364;5.2000003;32.9;-1.0;-2.4;21.6;-20.800001
1521665624374;5.2000003;32.9;-1.1;-2.4;21.6;-20.800001
1521665624394;5.2000003;33.0;-1.1;-2.4;21.6;-20.800001
1521665624424;5.2000003;32.9;-1.1;-2.4;21.6;-20.800001
1521665624453;5.1;33.0;-1.0;-2.4;21.6;-20.800001
1521665624473;5.2000003;33.0;-1.0;-2.4;21.6;-20.800001
1521665624483;5.2000003;32.9;-1.1;-2.4;21.6;-20.800001
1521665624493;5.2000003;33.0;-1.1;-2.4;21.6;-20.800001
1521665624513;5.2000003;33.0;-1.0;-2.4;21.6;-20.800001
1521665624544;5.3;33.0;-1.0;-2.4;21.6;-20.800001
1521665624564;5.3;33.0;-1.1;-2.4;21.6;-20.800001
1521665624583;5.2000003;33.0;-1.1;-2.4;21.6;-20.800001
1521665624595;5.3;33.0;-1.1;-2.4;21.6;-20.800001
1521665624604;5.2000003;33.0;-1.1;-2.4;21.6;-20.800001
1521665624653;5.3;33.0;-1.2;-2.4;21.6;-20.800001
1521665624672;5.2000003;33.0;-1.3000001;-2.4;21.6;-20.800001
1521665624682;5.2000003;33.0;-1.4;-2.4;21.6;-20.800001
1521665624692;5.3;33.0;-1.4;-2.4;21.6;-20.800001
1521665624705;5.2000003;33.0;-1.4;-2.4;21.6;-20.800001
1521665624743;5.3;33.0;-1.5;-2.4;21.6;-20.800001
1521665624753;5.3;33.0;-1.6;-2.4;21.6;-20.800001
1521665624763;5.3;32.9;-1.5;-2.4;21.6;-20.800001
1521665624796;5.4;32.9;-1.5;-2.4;21.6;-20.800001
1521665624814;5.4;32.9;-1.6;-2.4;21.6;-20.800001
1521665624823;5.5;32.9;-1.6;-2.4;21.6;-20.800001
1521665624833;5.5;32.9;-1.7;-2.4;21.6;-20.800001
1521665624843;5.5;32.9;-1.8000001;-2.4;21.6;-20.800001
1521665624853;5.6;32.8;-1.9;-2.4;21.6;-20.800001
1521665624864;5.7000003;32.8;-1.9;-2.4;21.6;-20.800001
1521665624884;5.8;32.8;-1.9;-2.4;21.6;-20.800001
1521665624896;5.8;32.8;-2.0;-2.4;21.6;-20.800001
1521665624907;5.9;32.8;-2.0;-2.4;21.6;-20.800001
1521665624913;6.0;32.8;-2.0;-2.4;21.6;-20.800001
1521665624922;6.0;32.8;-2.1000001;-2.4;21.6;-20.800001
1521665624933;6.1;32.8;-2.2;-2.4;21.6;-20.800001
1521665624942;6.2000003;32.8;-2.3;-2.4;21.6;-20.800001
1521665624952;6.3;32.7;-2.4;-2.4;21.6;-20.800001
1521665624963;6.4;32.7;-2.4;-2.4;21.6;-20.800001
1521665624974;6.5;32.7;-2.4;-2.4;21.6;-20.800001
1521665624983;6.5;32.8;-2.5;-2.4;21.6;-20.800001
1521665624993;6.6;32.8;-2.5;-2.4;21.6;-20.800001
1521665625004;6.7000003;32.8;-2.6000001;-2.4;21.6;-20.800001
1521665625013;6.8;32.8;-2.6000001;-2.4;21.6;-20.800001
1521665625024;6.9;32.8;-2.8;-2.4;21.6;-20.800001
1521665625033;7.0;32.8;-2.8;-2.4;21.6;-20.800001
1521665625045;7.1;32.8;-2.8;-2.4;21.6;-20.800001
1521665625054;7.2000003;32.8;-3.0;-2.4;21.6;-20.800001
1521665625064;7.3;32.8;-3.0;-2.4;21.6;-20.800001
1521665625075;7.4;32.8;-3.1000001;-2.4;21.6;-20.800001
1521665625084;7.5;32.8;-3.2;-2.4;21.6;-20.800001
1521665625094;7.6;32.8;-3.3;-2.4;21.6;-20.800001
1521665625153;8.1;32.8;-3.4;-2.4;21.6;-20.800001
1521665625162;8.2;32.8;-3.5;-2.4;21.6;-20.800001
1521665625172;8.2;32.8;-3.6000001;-2.4;21.6;-20.800001
1521665625182;8.3;32.8;-3.7;-2.4;21.6;-20.800001
1521665625192;8.400001;32.8;-3.7;-2.4;21.6;-20.800001
1521665625202;8.400001;32.8;-3.8;-2.4;21.6;-20.800001
1521665625222;8.5;32.8;-3.8;-2.4;21.6;-20.800001
1521665625233;8.5;32.7;-3.9;-2.4;21.6;-20.800001
1521665625242;8.6;32.7;-3.9;-2.4;21.6;-20.800001
1521665625253;8.6;32.600002;-3.9;-2.4;21.6;-20.800001
1521665625263;8.7;32.600002;-4.0;-2.4;21.6;-20.800001
1521665625272;8.7;32.7;-4.0;-2.4;21.6;-20.800001
1521665625283;8.7;32.600002;-4.0;-2.4;21.6;-20.800001
1521665625306;8.8;32.600002;-4.0;-2.4;21.6;-20.800001
1521665625322;8.900001;32.600002;-4.0;-2.4;21.6;-20.800001
1521665625364;8.900001;32.5;-4.0;-2.4;21.6;-20.800001
1521665625376;8.900001;32.600002;-4.0;-2.4;21.6;-20.800001
1521665625383;8.900001;32.600002;-3.9;-2.4;21.6;-20.800001
1521665625403;8.900001;32.5;-3.9;-2.4;21.6;-20.800001
1521665625412;8.8;32.5;-3.9;-2.4;21.6;-20.800001
1521665625468;8.8;32.4;-3.9;-2.4;21.6;-20.800001
1521665625472;8.8;32.5;-3.7;-2.4;21.6;-20.800001
1521665625482;8.7;32.4;-3.7;-2.4;21.6;-20.800001
1521665625502;8.7;32.4;-3.6000001;-2.4;21.6;-20.800001
1521665625512;8.6;32.4;-3.6000001;-2.4;21.6;-20.800001
1521665625525;8.6;32.4;-3.5;-2.4;21.6;-20.800001
1521665625547;8.5;32.4;-3.4;-2.4;21.6;-20.800001
1521665625573;8.5;32.3;-3.3;-2.4;21.6;-20.800001
1521665625583;8.400001;32.3;-3.3;-2.4;21.6;-20.800001
1521665625593;8.400001;32.3;-3.2;-2.4;21.6;-20.800001
1521665625604;8.3;32.3;-3.1000001;-2.4;21.6;-20.800001
1521665625624;8.2;32.3;-3.1000001;-2.4;21.6;-20.800001
1521665625632;8.2;32.2;-3.0;-2.4;21.6;-20.800001
1521665625652;8.1;32.2;-3.0;-2.4;21.6;-20.800001
1521665625662;8.1;32.2;-2.9;-2.4;21.6;-20.800001
1521665625682;8.1;32.100002;-2.8;-2.4;21.6;-20.800001
1521665625693;8.0;32.100002;-2.8;-2.4;21.6;-20.800001
1521665625713;8.0;32.2;-2.8;-2.4;21.6;-20.800001
1521665625725;7.9;32.2;-2.8;-2.4;21.6;-20.800001
1521665625736;7.9;32.100002;-2.8;-2.4;21.6;-20.800001
1521665625764;7.9;32.100002;-2.7;-2.4;21.6;-20.800001
1521665625776;7.9;32.100002;-2.8;-2.4;21.6;-20.800001
1521665625784;7.9;32.100002;-2.7;-2.4;21.6;-20.800001
1521665625794;7.9;32.100002;-2.8;-2.4;21.6;-20.800001
1521665625823;7.8;32.100002;-2.8;-2.4;21.6;-20.800001
1521665625833;7.9;32.100002;-2.8;-2.4;21.6;-20.800001
1521665625875;7.8;32.100002;-2.9;-2.4;21.6;-20.800001
1521665625885;7.8;32.100002;-2.8;-2.4;21.6;-20.800001
1521665625895;7.8;32.100002;-2.9;-2.4;21.6;-20.800001
1521665625905;7.8;32.2;-2.9;-2.4;21.6;-20.800001
1521665625914;7.8;32.2;-2.8;-2.4;21.6;-20.800001
1521665625924;7.7000003;32.2;-2.8;-2.4;21.6;-20.800001
1521665625967;7.7000003;32.2;-2.9;-2.4;21.6;-20.800001
1521665625987;7.7000003;32.2;-3.0;-2.4;21.6;-20.800001
1521665625997;7.6;32.2;-3.0;-2.4;21.6;-20.800001
1521665626002;7.6;32.3;-3.0;-2.4;21.6;-20.800001
1521665626043;7.5;32.3;-3.0;-2.4;21.6;-20.800001
1521665626053;7.5;32.3;-3.1000001;-2.4;21.6;-20.800001
1521665626062;7.5;32.3;-3.0;-2.4;21.6;-20.800001
1521665626072;7.5;32.3;-3.1000001;-2.4;21.6;-20.800001
1521665626085;7.4;32.3;-3.1000001;-2.4;21.6;-20.800001
1521665626094;7.4;32.4;-3.0;-2.4;21.6;-20.800001
1521665626125;7.4;32.4;-2.8;-2.4;21.6;-20.800001
1521665626138;7.3;32.4;-2.9;-2.4;21.6;-20.800001
1521665626152;7.3;32.4;-2.8;-2.4;21.6;-20.800001
1521665626214;7.3;32.4;-2.9;-2.4;21.6;-20.800001
1521665626222;7.4;32.4;-2.9;-2.4;21.6;-20.800001
1521665626233;7.4;32.3;-2.9;-2.4;21.6;-20.800001
1521665626243;7.3;32.4;-2.9;-2.4;21.6;-20.800001
1521665626295;7.4;32.4;-2.8;-2.4;21.6;-20.800001
1521665626306;7.3;32.4;-2.7;-2.4;21.6;-20.800001
1521665626314;7.4;32.4;-2.7;-2.4;21.6;-20.800001
1521665626327;7.4;32.4;-2.6000001;-2.4;21.6;-20.800001
1521665626363;7.4;32.4;-2.7;-2.4;21.6;-20.800001
1521665626373;7.4;32.4;-2.6000001;-2.4;21.6;-20.800001
1521665626382;7.5;32.3;-2.7;-2.4;21.6;-20.800001
1521665626393;7.4;32.4;-2.7;-2.4;21.6;-20.800001
1521665626405;7.4;32.3;-2.7;-2.4;21.6;-20.800001
1521665626493;7.5;32.3;-2.6000001;-2.4;21.6;-20.800001
1521665626513;7.4;32.3;-2.6000001;-2.4;21.6;-20.800001
1521665626524;7.4;32.2;-2.6000001;-2.4;21.6;-20.800001
1521665626533;7.4;32.3;-2.7;-2.4;21.6;-20.800001
1521665626544;7.4;32.2;-2.7;-2.4;21.6;-20.800001
1521665626553;7.4;32.2;-2.6000001;-2.4;21.6;-20.800001
1521665626573;7.4;32.2;-2.5;-2.4;21.6;-20.800001
1521665626583;7.3;32.2;-2.5;-2.4;21.6;-20.800001
1521665626595;7.4;32.100002;-2.5;-2.4;21.6;-20.800001
1521665626605;7.4;32.0;-2.5;-2.4;21.6;-20.800001
1521665626626;7.4;32.0;-2.7;-2.4;21.6;-20.800001
1521665626652;7.4;32.100002;-2.5;-2.4;21.6;-20.800001
1521665626663;7.4;32.0;-2.5;-2.4;21.6;-20.800001
1521665626685;7.4;32.100002;-2.5;-2.4;21.6;-20.800001
1521665626692;7.4;32.0;-2.5;-2.4;21.6;-20.800001
1521665626702;7.4;32.100002;-2.6000001;-2.4;21.6;-20.800001
1521665626712;7.4;32.0;-2.6000001;-2.4;21.6;-20.800001
1521665626743;7.3;32.0;-2.6000001;-2.4;21.6;-20.800001
1521665626764;7.3;32.0;-2.5;-2.4;21.6;-20.800001
1521665626795;7.2000003;32.0;-2.6000001;-2.4;21.6;-20.800001
1521665626816;7.3;32.0;-2.6000001;-2.4;21.6;-20.800001
1521665626826;7.2000003;32.0;-2.6000001;-2.4;21.6;-20.800001
1521665626835;7.3;32.0;-2.5;-2.4;21.6;-20.800001
1521665626844;7.3;32.0;-2.4;-2.4;21.6;-20.800001
1521665626853;7.3;32.0;-2.5;-2.4;21.6;-20.800001
1521665626873;7.3;32.0;-2.6000001;-2.4;21.6;-20.800001
1521665626884;7.3;32.0;-2.5;-2.4;21.6;-20.800001
1521665626893;7.3;32.0;-2.6000001;-2.4;21.6;-20.800001
1521665626904;7.3;32.0;-2.5;-2.4;21.6;-20.800001
1521665626915;7.3;32.100002;-2.4;-2.4;21.6;-20.800001
1521665626925;7.3;32.100002;-2.3;-2.4;21.6;-20.800001
1521665626936;7.2000003;32.0;-2.3;-2.4;21.6;-20.800001
1521665626945;7.2000003;32.0;-2.4;-2.4;21.6;-20.800001
1521665626965;7.2000003;32.0;-2.3;-2.4;21.6;-20.800001
1521665627014;7.2000003;32.0;-2.2;-2.4;21.6;-20.800001
1521665627023;7.2000003;32.0;-2.3;-2.4;21.6;-20.800001
1521665627032;7.2000003;32.0;-2.2;-2.4;21.6;-20.800001
1521665627043;7.3;32.0;-2.2;-2.4;21.6;-20.800001
1521665627053;7.3;32.0;-2.3;-2.4;21.6;-20.800001
1521665627083;7.2000003;32.0;-2.3;-2.4;21.6;-20.800001
1521665627156;7.0;32.100002;-2.2;-2.4;21.6;-20.800001
1521665627164;7.0;32.0;-2.1000001;-2.4;21.6;-20.800001
1521665627172;7.0;32.100002;-2.2;-2.4;21.6;-20.800001
1521665627182;7.0;32.100002;-2.3;-2.4;21.6;-20.800001
1521665627193;7.0;32.0;-2.2;-2.4;21.6;-20.800001
1521665627203;7.0;32.100002;-2.3;-2.4;21.6;-20.800001
1521665627212;6.9;32.100002;-2.3;-2.4;21.6;-20.800001
1521665627243;6.9;32.100002;-2.2;-2.4;21.6;-20.800001
1521665627316;6.8;32.2;-2.1000001;-2.4;21.6;-20.800001
1521665627323;6.8;32.2;-2.0;-2.4;21.6;-20.800001
1521665627332;6.7000003;32.3;-2.0;-2.4;21.6;-20.800001
1521665627343;6.6;32.3;-2.0;-2.4;21.6;-20.800001
1521665627354;6.6;32.4;-1.8000001;-2.4;21.6;-20.800001
1521665627374;6.5;32.5;-1.7;-2.4;21.6;-20.800001
1521665627395;6.5;32.600002;-1.6;-2.4;21.6;-20.800001
1521665627404;6.4;32.600002;-1.5;-2.4;21.6;-20.800001
1521665627416;6.4;32.7;-1.4;-2.4;21.6;-20.800001
1521665627443;6.4;32.8;-1.3000001;-2.4;21.6;-20.800001
1521665627454;6.3;32.8;-1.3000001;-2.4;21.6;-20.800001
1521665627465;6.3;32.9;-1.2;-2.4;21.6;-20.800001
1521665627474;6.2000003;33.0;-1.2;-2.4;21.6;-20.800001
1521665627484;6.2000003;33.0;-1.1;-2.4;21.6;-20.800001
1521665627494;6.1;33.100002;-1.0;-2.4;21.6;-20.800001
1521665627506;6.1;33.100002;-0.90000004;-2.4;21.6;-20.800001
1521665627517;6.1;33.100002;-1.0;-2.4;21.6;-20.800001
1521665627536;6.0;33.2;-1.0;-2.4;21.6;-20.800001
1521665627545;6.0;33.2;-0.90000004;-2.4;21.6;-20.800001
1521665627554;5.9;33.3;-0.90000004;-2.4;21.6;-20.800001
1521665627573;5.8;33.3;-0.7;-2.4;21.6;-20.800001
1521665627584;5.7000003;33.4;-0.6;-2.4;21.6;-20.800001
1521665627604;5.7000003;33.5;-0.5;-2.4;21.6;-20.800001
1521665627615;5.7000003;33.5;-0.6;-2.4;21.6;-20.800001
1521665627633;5.7000003;33.4;-0.6;-2.4;21.6;-20.800001
1521665627643;5.8;33.4;-0.6;-2.4;21.6;-20.800001
1521665627653;5.8;33.3;-0.7;-2.4;21.6;-20.800001
1521665627663;5.9;33.2;-0.7;-2.4;21.6;-20.800001
1521665627673;6.0;33.2;-0.8;-2.4;21.6;-20.800001
1521665627683;6.1;33.100002;-0.8;-2.4;21.6;-20.800001
1521665627693;6.1;33.0;-0.90000004;-2.4;21.6;-20.800001
1521665627703;6.2000003;32.9;-0.90000004;-2.4;21.6;-20.800001
1521665627713;6.3;32.9;-1.0;-2.4;21.6;-20.800001
1521665627725;6.3;32.8;-1.1;-2.4;21.6;-20.800001
1521665627734;6.4;32.8;-1.1;-2.4;21.6;-20.800001
1521665627744;6.4;32.7;-1.1;-2.4;21.6;-20.800001
1521665627754;6.4;32.7;-1.2;-2.4;21.6;-20.800001
1521665627764;6.5;32.600002;-1.2;-2.4;21.6;-20.800001
1521665627774;6.6;32.5;-1.3000001;-2.4;21.6;-20.800001
1521665627787;6.6;32.5;-1.2;-2.4;21.6;-20.800001
1521665627794;6.7000003;32.4;-1.3000001;-2.4;21.6;-20.800001
1521665627804;6.8;32.3;-1.4;-2.4;21.6;-20.800001
1521665627814;6.8;32.3;-1.3000001;-2.4;21.6;-20.800001
1521665627825;6.9;32.2;-1.4;-2.4;21.6;-20.800001
1521665627834;7.0;32.2;-1.5;-2.4;21.6;-20.800001
1521665627844;7.0;32.100002;-1.6;-2.4;21.6;-20.800001
1521665627854;7.1;32.100002;-1.6;-2.4;21.6;-20.800001
1521665627864;7.2000003;32.0;-1.7;-2.4;21.6;-20.800001
1521665627874;7.2000003;32.0;-1.9;-2.4;21.6;-20.800001
1521665627883;7.3;31.9;-2.0;-2.4;21.6;-20.800001
1521665627894;7.3;31.9;-2.1000001;-2.4;21.6;-20.800001
1521665627904;7.4;31.800001;-2.2;-2.4;21.6;-20.800001
1521665627915;7.5;31.7;-2.3;-2.4;21.6;-20.800001
1521665627924;7.5;31.7;-2.4;-2.4;21.6;-20.800001
1521665627947;7.6;31.6;-2.4;-2.4;21.6;-20.800001
1521665627956;7.5;31.7;-2.4;-2.4;21.6;-20.800001
1521665627964;7.6;31.7;-2.4;-2.4;21.6;-20.800001
1521665627975;7.5;31.7;-2.5;-2.4;21.6;-20.800001
1521665627995;7.5;31.7;-2.6000001;-2.4;21.6;-20.800001
1521665628016;7.5;31.7;-2.7;-2.4;21.6;-20.800001
1521665628023;7.5;31.7;-2.6000001;-2.4;21.6;-20.800001
1521665628033;7.4;31.7;-2.7;-2.4;21.6;-20.800001
1521665628043;7.5;31.7;-2.7;-2.4;21.6;-20.800001
1521665628053;7.5;31.7;-2.6000001;-2.4;21.6;-20.800001
1521665628064;7.5;31.7;-2.7;-2.4;21.6;-20.800001
1521665628083;7.6;31.7;-2.8;-2.4;21.6;-20.800001
1521665628093;7.5;31.7;-2.9;-2.4;21.6;-20.800001
1521665628105;7.6;31.7;-2.9;-2.4;21.6;-20.800001
1521665628163;7.6;31.800001;-2.8;-2.4;21.6;-20.800001
1521665628182;7.6;31.800001;-2.7;-2.4;21.6;-20.800001
1521665628212;7.6;31.800001;-2.6000001;-2.4;21.6;-20.800001
1521665628233;7.6;31.800001;-2.5;-2.4;21.6;-20.800001
1521665628244;7.6;31.800001;-2.6000001;-2.4;21.6;-20.800001
1521665628253;7.6;31.7;-2.6000001;-2.4;21.6;-20.800001
1521665628263;7.5;31.7;-2.6000001;-2.4;21.6;-20.800001
1521665628273;7.6;31.7;-2.6000001;-2.4;21.6;-20.800001
1521665628283;7.6;31.7;-2.5;-2.4;21.6;-20.800001
1521665628293;7.6;31.800001;-2.5;-2.4;21.6;-20.800001
1521665628315;7.6;31.800001;-2.3;-2.4;21.6;-20.800001
1521665628325;7.6;31.800001;-2.4;-2.4;21.6;-20.800001
1521665628334;7.6;31.7;-2.4;-2.4;21.6;-20.800001
1521665628345;7.6;31.800001;-2.3;-2.4;21.6;-20.800001
1521665628355;7.6;31.7;-2.4;-2.4;21.6;-20.800001
1521665628376;7.6;31.7;-2.3;-2.4;21.6;-20.800001
1521665628383;7.5;31.7;-2.3;-2.4;21.6;-20.800001
1521665628394;7.5;31.7;-2.2;-2.4;21.6;-20.800001
1521665628434;7.6;31.6;-2.2;-2.4;21.6;-20.800001
1521665628453;7.6;31.6;-2.1000001;-2.4;21.6;-20.800001
1521665628474;7.5;31.7;-2.1000001;-2.4;21.6;-20.800001
1521665628493;7.5;31.6;-2.2;-2.4;21.6;-20.800001
1521665628505;7.5;31.7;-2.1000001;-2.4;21.6;-20.800001
1521665628516;7.5;31.6;-2.2;-2.4;21.6;-20.800001
1521665628553;7.5;31.6;-2.1000001;-2.4;21.6;-20.800001
1521665628564;7.5;31.6;-2.2;-2.4;21.6;-20.800001
1521665628574;7.5;31.6;-2.1000001;-2.4;21.6;-20.800001
1521665628594;7.4;31.6;-2.1000001;-2.4;21.6;-20.800001
1521665628636;7.5;31.6;-2.2;-2.4;21.6;-20.800001
1521665628643;7.5;31.6;-2.3;-2.4;21.6;-20.800001
1521665628652;7.4;31.6;-2.2;-2.4;21.6;-20.800001
1521665628692;7.4;31.6;-2.1000001;-2.4;21.6;-20.800001
1521665628703;7.4;31.6;-2.2;-2.4;21.6;-20.800001
1521665628713;7.4;31.6;-2.1000001;-2.4;21.6;-20.800001
1521665628743;7.3;31.6;-2.1000001;-2.4;21.6;-20.800001
1521665628753;7.3;31.7;-2.1000001;-2.4;21.6;-20.800001
1521665628774;7.3;31.6;-2.1000001;-2.4;21.6;-20.800001
1521665628795;7.3;31.7;-2.1000001;-2.4;21.6;-20.800001
1521665628804;7.2000003;31.7;-2.0;-2.4;21.6;-20.800001
1521665628834;7.2000003;31.7;-1.9;-2.4;21.6;-20.800001
1521665628843;7.1;31.7;-1.9;-2.4;21.6;-20.800001
1521665628865;7.1;31.800001;-1.9;-2.4;21.6;-20.800001
1521665628912;7.1;31.9;-1.8000001;-2.4;21.6;-20.800001
1521665628933;7.0;31.9;-1.8000001;-2.4;21.6;-20.800001
1521665628983;7.0;31.9;-1.9;-2.4;21.6;-20.800001
1521665629006;6.9;31.9;-1.9;-2.4;21.6;-20.800001
1521665629015;6.9;32.0;-1.9;-2.4;21.6;-20.800001
1521665629054;7.0;32.0;-2.0;-2.4;21.6;-20.800001
1521665629067;6.9;32.0;-1.9;-2.4;21.6;-20.800001
1521665629075;6.9;32.0;-2.0;-2.4;21.6;-20.800001
1521665629096;7.0;32.0;-1.9;-2.4;21.6;-20.800001
1521665629106;7.0;32.0;-2.0;-2.4;21.6;-20.800001
1521665629171;7.0;32.0;-2.1000001;-2.4;21.6;-20.800001
1521665629192;7.0;32.100002;-2.1000001;-2.4;21.6;-20.800001
1521665629202;6.9;32.100002;-2.1000001;-2.4;21.6;-20.800001
1521665629212;6.9;32.2;-2.1000001;-2.4;21.6;-20.800001
1521665629224;6.9;32.2;-2.0;-2.4;21.6;-20.800001
1521665629232;6.8;32.3;-2.0;-2.4;21.6;-20.800001
1521665629252;6.8;32.3;-1.8000001;-2.4;21.6;-20.800001
1521665629266;6.7000003;32.4;-1.7;-2.4;21.6;-20.800001
1521665629294;6.7000003;32.5;-1.6;-2.4;21.6;-20.800001
1521665629305;6.6;32.5;-1.6;-2.4;21.6;-20.800001
1521665629314;6.6;32.600002;-1.6;-2.4;21.6;-20.800001
1521665629324;6.5;32.600002;-1.5;-2.4;21.6;-20.800001
1521665629333;6.5;32.7;-1.4;-2.4;21.6;-20.800001
1521665629345;6.4;32.7;-1.4;-2.4;21.6;-20.800001
1521665629354;6.4;32.8;-1.3000001;-2.4;21.6;-20.800001
1521665629366;6.4;32.8;-1.2;-2.4;21.6;-20.800001
1521665629385;6.3;32.9;-1.2;-2.4;21.6;-20.800001
1521665629394;6.2000003;32.9;-1.2;-2.4;21.6;-20.800001
1521665629405;6.2000003;33.0;-1.1;-2.4;21.6;-20.800001
1521665629426;6.1;33.0;-1.0;-2.4;21.6;-20.800001
1521665629435;6.1;33.100002;-0.90000004;-2.4;21.6;-20.800001
1521665629445;6.0;33.100002;-0.90000004;-2.4;21.6;-20.800001
1521665629458;6.0;33.2;-0.8;-2.4;21.6;-20.800001
1521665629473;6.0;33.2;-0.7;-2.4;21.6;-20.800001
1521665629493;6.0;33.100002;-0.7;-2.4;21.6;-20.800001
1521665629516;6.1;33.0;-0.8;-2.4;21.6;-20.800001
1521665629525;6.2000003;33.0;-0.90000004;-2.4;21.6;-20.800001
1521665629536;6.2000003;32.9;-1.0;-2.4;21.6;-20.800001
1521665629545;6.3;32.8;-1.0;-2.4;21.6;-20.800001
1521665629565;6.4;32.7;-1.1;-2.4;21.6;-20.800001
1521665629583;6.5;32.600002;-1.1;-2.4;21.6;-20.800001
1521665629594;6.5;32.5;-1.2;-2.4;21.6;-20.800001
1521665629604;6.6;32.5;-1.2;-2.4;21.6;-20.800001
1521665629613;6.6;32.4;-1.2;-2.4;21.6;-20.800001
1521665629631;6.7000003;32.4;-1.3000001;-2.4;21.6;-20.800001
1521665629642;6.8;32.3;-1.4;-2.4;21.6;-20.800001
1521665629653;6.8;32.2;-1.5;-2.4;21.6;-20.800001
1521665629662;6.9;32.2;-1.6;-2.4;21.6;-20.800001
1521665629672;6.9;32.100002;-1.6;-2.4;21.6;-20.800001
1521665629682;7.0;32.100002;-1.7;-2.4;21.6;-20.800001
1521665629696;7.1;32.0;-1.6;-2.4;21.6;-20.800001
1521665629713;7.2000003;31.9;-1.7;-2.4;21.6;-20.800001
1521665629722;7.2000003;31.800001;-1.8000001;-2.4;21.6;-20.800001
1521665629732;7.3;31.800001;-1.9;-2.4;21.6;-20.800001
1521665629743;7.3;31.7;-2.0;-2.4;21.6;-20.800001
1521665629752;7.4;31.6;-2.0;-2.4;21.6;-20.800001
1521665629762;7.5;31.6;-2.0;-2.4;21.6;-20.800001
1521665629772;7.5;31.5;-2.1000001;-2.4;21.6;-20.800001
1521665629783;7.5;31.6;-2.1000001;-2.4;21.6;-20.800001
1521665629804;7.5;31.6;-2.0;-2.4;21.6;-20.800001
1521665629824;7.4;31.5;-2.0;-2.4;21.6;-20.800001
1521665629834;7.4;31.6;-2.0;-2.4;21.6;-20.800001
1521665629844;7.4;31.5;-2.0;-2.4;21.6;-20.800001
1521665629854;7.5;31.5;-1.9;-2.4;21.6;-20.800001
1521665629875;7.5;31.5;-2.0;-2.4;21.6;-20.800001
1521665629884;7.5;31.6;-1.9;-2.4;21.6;-20.800001
1521665629895;7.4;31.6;-1.8000001;-2.4;21.6;-20.800001
1521665629906;7.3;31.7;-1.7;-2.4;21.6;-20.800001
1521665629915;7.3;31.7;-1.6;-2.4;21.6;-20.800001
1521665629924;7.2000003;31.800001;-1.6;-2.4;21.6;-20.800001
1521665629943;7.2000003;31.9;-1.5;-2.4;21.6;-20.800001
1521665629956;7.1;32.0;-1.4;-2.4;21.6;-20.800001
1521665629966;7.1;32.0;-1.3000001;-2.4;21.6;-20.800001
1521665629984;7.0;32.100002;-1.2;-2.4;21.6;-20.800001
1521665629994;7.0;32.2;-1.3000001;-2.4;21.6;-20.800001
1521665630003;6.9;32.2;-1.2;-2.4;21.6;-20.800001
1521665630013;6.9;32.3;-1.1;-2.4;21.6;-20.800001
1521665630024;6.8;32.3;-1.0;-2.4;21.6;-20.800001
1521665630033;6.7000003;32.4;-0.90000004;-2.4;21.6;-20.800001
1521665630043;6.7000003;32.5;-0.8;-2.4;21.6;-20.800001
1521665630053;6.6;32.5;-0.90000004;-2.4;21.6;-20.800001
1521665630063;6.6;32.600002;-0.90000004;-2.4;21.6;-20.800001
1521665630083;6.5;32.7;-0.8;-2.4;21.6;-20.800001
1521665630093;6.4;32.7;-0.7;-2.4;21.6;-20.800001
1521665630108;6.4;32.8;-0.7;-2.4;21.6;-20.800001
1521665630119;6.4;32.9;-0.6;-2.4;21.6;-20.800001
1521665630154;6.2000003;33.100002;-0.4;-2.4;21.6;-20.800001
1521665630162;6.1;33.100002;-0.4;-2.4;21.6;-20.800001
1521665630173;6.1;33.2;-0.3;-2.4;21.6;-20.800001
1521665630182;6.0;33.2;-0.4;-2.4;21.6;-20.800001
1521665630202;6.1;33.2;-0.4;-2.4;21.6;-20.800001
1521665630235;6.0;33.2;-0.4;-2.4;21.6;-20.800001
1521665630253;6.0;33.2;-0.5;-2.4;21.6;-20.800001
1521665630343;6.0;33.2;-0.4;-2.4;21.6;-20.800001
1521665630364;6.1;33.2;-0.4;-2.4;21.6;-20.800001
1521665630375;6.1;33.100002;-0.4;-2.4;21.6;-20.800001
1521665630423;6.2000003;33.100002;-0.3;-2.4;21.6;-20.800001
1521665630434;6.2000003;33.100002;-0.4;-2.4;21.6;-20.800001
1521665630476;6.2000003;33.100002;-0.3;-2.4;21.6;-20.800001
1521665630493;6.3;33.0;-0.3;-2.4;21.6;-20.800001
1521665630502;6.3;33.100002;-0.3;-2.4;21.6;-20.800001
1521665630532;6.4;33.0;-0.2;-2.4;21.6;-20.800001
1521665630574;6.5;33.0;-0.2;-2.4;21.6;-20.800001
1521665630584;6.5;33.0;-0.1;-2.4;21.6;-20.800001
1521665630594;6.5;33.0;-0.2;-2.4;21.6;-20.800001
1521665630623;6.6;33.0;-0.3;-2.4;21.6;-20.800001
1521665630684;6.6;33.0;-0.2;-2.4;21.6;-20.800001
1521665630694;6.6;33.0;-0.3;-2.4;21.6;-20.800001
1521665630706;6.7000003;33.0;-0.3;-2.4;21.6;-20.800001
1521665630726;6.6;33.0;-0.2;-2.4;21.6;-20.800001
1521665630735;6.7000003;33.0;-0.2;-2.4;21.6;-20.800001
1521665630744;6.7000003;33.0;-0.1;-2.4;21.6;-20.800001
1521665630773;6.7000003;33.0;-0.2;-2.4;21.6;-20.800001
1521665630783;6.7000003;32.9;-0.1;-2.4;21.6;-20.800001
1521665630793;6.7000003;33.0;-0.1;-2.4;21.6;-20.800001
1521665630805;6.7000003;32.9;-0.2;-2.4;21.6;-20.800001
1521665630826;6.7000003;32.9;-0.3;-2.4;21.6;-20.800001
1521665630847;6.7000003;32.9;-0.4;-2.4;21.6;-20.800001
1521665630856;6.8;32.8;-0.5;-2.4;21.6;-20.800001
1521665630866;6.9;32.7;-0.5;-2.4;21.6;-20.800001
1521665630875;6.9;32.600002;-0.6;-2.4;21.6;-20.800001
1521665630885;6.9;32.600002;-0.7;-2.4;21.6;-20.800001
1521665630896;7.0;32.5;-0.8;-2.4;21.6;-20.800001
1521665630914;7.0;32.5;-0.7;-2.4;21.6;-20.800001
1521665630923;7.1;32.4;-0.7;-2.4;21.6;-20.800001
1521665630933;7.1;32.3;-0.7;-2.4;21.6;-20.800001
1521665630944;7.2000003;32.3;-0.8;-2.4;21.6;-20.800001
1521665630954;7.3;32.2;-0.8;-2.4;21.6;-20.800001
1521665630963;7.4;32.100002;-0.90000004;-2.4;21.6;-20.800001
1521665630985;7.5;32.0;-1.0;-2.4;21.6;-20.800001
1521665630996;7.5;31.9;-1.0;-2.4;21.6;-20.800001
1521665631015;7.6;31.9;-1.0;-2.4;21.6;-20.800001
1521665631027;7.7000003;31.800001;-1.0;-2.4;21.6;-20.800001
1521665631034;7.7000003;31.800001;-1.1;-2.4;21.6;-20.800001
1521665631047;7.7000003;31.7;-1.1;-2.4;21.6;-20.800001
1521665631063;7.7000003;31.6;-1.2;-2.4;21.6;-20.800001
1521665631074;7.8;31.6;-1.2;-2.4;21.6;-20.800001
1521665631084;7.8;31.5;-1.2;-2.4;21.6;-20.800001
1521665631093;7.9;31.5;-1.3000001;-2.4;21.6;-20.800001
1521665631104;7.9;31.4;-1.3000001;-2.4;21.6;-20.800001
1521665631115;8.0;31.300001;-1.3000001;-2.4;21.6;-20.800001
1521665631164;8.0;31.2;-1.2;-2.4;21.6;-20.800001
1521665631192;8.0;31.300001;-1.2;-2.4;21.6;-20.800001
1521665631202;8.0;31.2;-1.1;-2.4;21.6;-20.800001
1521665631223;8.0;31.2;-1.2;-2.4;21.6;-20.800001
1521665631252;7.9;31.2;-1.2;-2.4;21.6;-20.800001
1521665631273;7.8;31.2;-1.3000001;-2.4;21.6;-20.800001
1521665631286;7.9;31.2;-1.2;-2.4;21.6;-20.800001
1521665631303;7.9;31.1;-1.2;-2.4;21.6;-20.800001
1521665631313;7.9;31.1;-1.3000001;-2.4;21.6;-20.800001
1521665631323;7.8;31.1;-1.3000001;-2.4;21.6;-20.800001
1521665631354;7.9;31.1;-1.4;-2.4;21.6;-20.800001
1521665631364;7.8;31.1;-1.3000001;-2.4;21.6;-20.800001
1521665631384;7.8;31.1;-1.4;-2.4;21.6;-20.800001
1521665631396;7.8;31.1;-1.3000001;-2.4;21.6;-20.800001
1521665631405;7.8;31.1;-1.4;-2.4;21.6;-20.800001
1521665631417;7.7000003;31.1;-1.4;-2.4;21.6;-20.800001
1521665631426;7.7000003;31.1;-1.3000001;-2.4;21.6;-20.800001
1521665631436;7.7000003;31.1;-1.4;-2.4;21.6;-20.800001
1521665631505;7.6;31.1;-1.5;-2.4;21.6;-20.800001
1521665631523;7.6;31.2;-1.5;-2.4;21.6;-20.800001
1521665631532;7.5;31.2;-1.5;-2.4;21.6;-20.800001
1521665631562;7.5;31.300001;-1.4;-2.4;21.6;-20.800001
1521665631582;7.4;31.300001;-1.4;-2.4;21.6;-20.800001
1521665631592;7.4;31.4;-1.3000001;-2.4;21.6;-20.800001
1521665631602;7.4;31.4;-1.4;-2.4;21.6;-20.800001
1521665631623;7.3;31.5;-1.3000001;-2.4;21.6;-20.800001
1521665631672;7.3;31.6;-1.4;-2.4;21.6;-20.800001
1521665631682;7.3;31.6;-1.3000001;-2.4;21.6;-20.800001
1521665631714;7.3;31.6;-1.4;-2.4;21.6;-20.800001
1521665631726;7.2000003;31.7;-1.4;-2.4;21.6;-20.800001
1521665631735;7.2000003;31.7;-1.3000001;-2.4;21.6;-20.800001
1521665631764;7.1;31.7;-1.3000001;-2.4;21.6;-20.800001
1521665631773;7.1;31.7;-1.2;-2.4;21.6;-20.800001
1521665631825;7.0;31.800001;-1.2;-2.4;21.6;-20.800001
1521665631835;7.0;31.7;-1.2;-2.4;21.6;-20.800001
1521665631853;7.0;31.7;-1.3000001;-2.4;21.6;-20.800001
1521665631884;7.0;31.7;-1.2;-2.4;21.6;-20.800001
1521665631893;6.9;31.7;-1.2;-2.4;21.6;-20.800001
1521665631934;6.8;31.7;-1.1;-2.4;21.6;-20.800001
1521665631955;6.7000003;31.7;-1.1;-2.4;21.6;-20.800001
1521665631986;6.6;31.7;-1.1;-2.4;21.6;-20.800001
1521665632006;6.5;31.6;-1.1;-2.4;21.6;-20.800001
1521665632017;6.5;31.6;-1.0;-2.4;21.6;-20.800001
1521665632024;6.4;31.6;-1.1;-2.4;21.6;-20.800001
1521665632043;6.3;31.5;-1.1;-2.4;21.6;-20.800001
1521665632052;6.2000003;31.5;-1.1;-2.4;21.6;-20.800001
1521665632063;6.2000003;31.5;-1.0;-2.4;21.6;-20.800001
1521665632073;6.1;31.5;-1.0;-2.4;21.6;-20.800001
1521665632093;6.0;31.5;-1.0;-2.4;21.6;-20.800001
1521665632103;5.9;31.5;-0.90000004;-2.4;21.6;-20.800001
1521665632121;5.8;31.4;-0.90000004;-2.4;21.6;-20.800001
1521665632165;5.4;31.300001;-0.6;-2.4;21.6;-20.800001
1521665632176;5.2000003;31.300001;-0.5;-2.4;21.6;-20.800001
1521665632182;5.2000003;31.2;-0.4;-2.4;21.6;-20.800001
1521665632192;5.0;31.2;-0.4;-2.4;21.6;-20.800001
1521665632202;4.9;31.2;-0.4;-2.4;21.6;-20.800001
1521665632212;4.8;31.1;-0.4;-2.4;21.6;-20.800001
1521665632222;4.7000003;31.1;-0.4;-2.4;21.6;-20.800001
1521665632232;4.7000003;30.9;-0.5;-2.4;21.6;-20.800001
1521665632243;4.6;30.9;-0.5;-2.4;21.6;-20.800001
1521665632254;4.5;30.9;-0.5;-2.4;21.6;-20.800001
1521665632264;4.4;30.800001;-0.4;-2.4;21.6;-20.800001
1521665632274;4.3;30.800001;-0.4;-2.4;21.6;-20.800001
1521665632284;4.2000003;30.800001;-0.3;-2.4;21.6;-20.800001
1521665632294;4.2000003;30.7;-0.3;-2.4;21.6;-20.800001
1521665632307;4.1;30.7;-0.2;-2.4;21.6;-20.800001
1521665632316;4.0;30.7;-0.2;-2.4;21.6;-20.800001
1521665632324;4.0;30.7;-0.1;-2.4;21.6;-20.800001
1521665632334;3.9;30.7;0.0;-2.4;21.6;-20.800001
1521665632344;3.8;30.7;0.1;-2.4;21.6;-20.800001
1521665632353;3.7;30.7;0.1;-2.4;21.6;-20.800001
1521665632363;3.6000001;30.6;0.1;-2.4;21.6;-20.800001
1521665632384;3.5;30.6;0.1;-2.4;21.6;-20.800001
1521665632394;3.5;30.6;0.2;-2.4;21.6;-20.800001
1521665632403;3.4;30.6;0.2;-2.4;21.6;-20.800001
1521665632425;3.3;30.6;0.2;-2.4;21.6;-20.800001
1521665632444;3.3;30.6;0.3;-2.4;21.6;-20.800001
1521665632455;3.2;30.6;0.2;-2.4;21.6;-20.800001
1521665632465;3.2;30.6;0.3;-2.4;21.6;-20.800001
1521665632473;3.3;30.6;0.3;-2.4;21.6;-20.800001
1521665632483;3.2;30.6;0.3;-2.4;21.6;-20.800001
1521665632503;3.3;30.6;0.3;-2.4;21.6;-20.800001
1521665632514;3.3;30.7;0.3;-2.4;21.6;-20.800001
1521665632523;3.3;30.6;0.3;-2.4;21.6;-20.800001
1521665632535;3.3;30.7;0.3;-2.4;21.6;-20.800001
1521665632545;3.3;30.800001;0.4;-2.4;21.6;-20.800001
1521665632555;3.3;30.800001;0.5;-2.4;21.6;-20.800001
1521665632604;3.3;30.9;0.5;-2.4;21.6;-20.800001
1521665632613;3.3;30.800001;0.5;-2.4;21.6;-20.800001
1521665632626;3.3;30.9;0.4;-2.4;21.6;-20.800001
1521665632633;3.3;30.9;0.3;-2.4;21.6;-20.800001
1521665632653;3.4;30.9;0.3;-2.4;21.6;-20.800001
1521665632664;3.4;31.0;0.3;-2.4;21.6;-20.800001
1521665632693;3.4;31.0;0.2;-2.4;21.6;-20.800001
1521665632704;3.5;31.0;0.2;-2.4;21.6;-20.800001
1521665632716;3.5;31.0;0.3;-2.4;21.6;-20.800001
1521665632742;3.6000001;31.1;0.4;-2.4;21.6;-20.800001
1521665632752;3.6000001;31.1;0.3;-2.4;21.6;-20.800001
1521665632794;3.6000001;31.1;0.2;-2.4;21.6;-20.800001
1521665632806;3.6000001;31.2;0.2;-2.4;21.6;-20.800001
1521665632814;3.6000001;31.1;0.3;-2.4;21.6;-20.800001
1521665632823;3.7;31.2;0.3;-2.4;21.6;-20.800001
1521665632833;3.7;31.2;0.4;-2.4;21.6;-20.800001
1521665632843;3.7;31.2;0.3;-2.4;21.6;-20.800001
1521665632906;3.7;31.2;0.4;-2.4;21.6;-20.800001
1521665632915;3.6000001;31.2;0.4;-2.4;21.6;-20.800001
1521665632925;3.7;31.2;0.5;-2.4;21.6;-20.800001
1521665632935;3.6000001;31.2;0.5;-2.4;21.6;-20.800001
1521665632946;3.7;31.2;0.5;-2.4;21.6;-20.800001
1521665632966;3.6000001;31.2;0.5;-2.4;21.6;-20.800001
1521665632974;3.7;31.2;0.5;-2.4;21.6;-20.800001
1521665633044;3.7;31.1;0.4;-2.4;21.6;-20.800001
1521665633055;3.7;31.1;0.5;-2.4;21.6;-20.800001
1521665633094;3.8;31.1;0.5;-2.4;21.6;-20.800001
1521665633115;3.8;31.1;0.4;-2.4;21.6;-20.800001
1521665633182;3.9;31.1;0.4;-2.4;21.6;-20.800001
1521665633202;3.9;31.1;0.3;-2.4;21.6;-20.800001
1521665633222;3.9;31.1;0.2;-2.4;21.6;-20.800001
1521665633233;4.0;31.0;0.2;-2.4;21.6;-20.800001
1521665633243;4.0;31.0;0.1;-2.4;21.6;-20.800001
1521665633253;4.0;31.0;0.2;-2.4;21.6;-20.800001
1521665633294;4.0;31.0;0.3;-2.4;21.6;-20.800001
1521665633334;4.0;31.0;0.2;-2.4;21.6;-20.800001
1521665633344;4.0;31.0;0.3;-2.4;21.6;-20.800001
1521665633373;4.0;30.9;0.3;-2.4;21.6;-20.800001
1521665633385;4.0;30.9;0.2;-2.4;21.6;-20.800001
1521665633406;4.0;30.9;0.3;-2.4;21.6;-20.800001
1521665633425;4.0;30.9;0.2;-2.4;21.6;-20.800001
1521665633485;4.0;30.9;0.3;-2.4;21.6;-20.800001
1521665633495;4.1;30.9;0.3;-2.4;21.6;-20.800001
1521665633546;4.1;30.9;0.4;-2.4;21.6;-20.800001
1521665633557;4.0;30.9;0.4;-2.4;21.6;-20.800001
1521665633574;4.1;30.9;0.4;-2.4;21.6;-20.800001
1521665633583;4.1;31.0;0.4;-2.4;21.6;-20.800001
1521665633593;4.0;31.0;0.4;-2.4;21.6;-20.800001
1521665633635;4.0;31.0;0.3;-2.4;21.6;-20.800001
1521665633663;4.0;31.1;0.3;-2.4;21.6;-20.800001
1521665633672;4.0;31.1;0.4;-2.4;21.6;-20.800001
1521665633703;3.9;31.1;0.4;-2.4;21.6;-20.800001
1521665633723;3.9;31.2;0.5;-2.4;21.6;-20.800001
1521665633743;3.8;31.2;0.7;-2.4;21.6;-20.800001
1521665633754;3.8;31.2;0.6;-2.4;21.6;-20.800001
1521665633784;3.8;31.2;0.7;-2.4;21.6;-20.800001
1521665633795;3.7;31.300001;0.7;-2.4;21.6;-20.800001
1521665633843;3.6000001;31.4;0.7;-2.4;21.6;-20.800001
1521665633863;3.7;31.4;0.6;-2.4;21.6;-20.800001
1521665633874;3.6000001;31.4;0.6;-2.4;21.6;-20.800001
1521665633884;3.6000001;31.4;0.5;-2.4;21.6;-20.800001
1521665633936;3.6000001;31.4;0.6;-2.4;21.6;-20.800001
1521665633945;3.6000001;31.5;0.6;-2.4;21.6;-20.800001
1521665633963;3.6000001;31.4;0.5;-2.4;21.6;-20.800001
1521665633983;3.6000001;31.5;0.5;-2.4;21.6;-20.800001
1521665634003;3.6000001;31.5;0.6;-2.4;21.6;-20.800001
1521665634014;3.6000001;31.5;0.5;-2.4;21.6;-20.800001
1521665634024;3.7;31.5;0.6;-2.4;21.6;-20.800001
1521665634035;3.6000001;31.5;0.5;-2.4;21.6;-20.800001
1521665634046;3.6000001;31.4;0.5;-2.4;21.6;-20.800001
1521665634055;3.6000001;31.5;0.5;-2.4;21.6;-20.800001
1521665634065;3.7;31.4;0.4;-2.4;21.6;-20.800001
1521665634075;3.6000001;31.4;0.5;-2.4;21.6;-20.800001
1521665634084;3.6000001;31.4;0.4;-2.4;21.6;-20.800001
1521665634164;3.7;31.4;0.3;-2.4;21.6;-20.800001
1521665634174;3.7;31.4;0.2;-2.4;21.6;-20.800001
1521665634182;3.7;31.4;0.3;-2.4;21.6;-20.800001
1521665634202;3.7;31.4;0.2;-2.4;21.6;-20.800001
1521665634212;3.7;31.300001;0.2;-2.4;21.6;-20.800001
1521665634222;3.8;31.300001;0.2;-2.4;21.6;-20.800001
1521665634246;3.8;31.300001;0.1;-2.4;21.6;-20.800001
1521665634258;3.8;31.300001;0.2;-2.4;21.6;-20.800001
1521665634262;3.9;31.300001;0.1;-2.4;21.6;-20.800001
1521665634273;3.9;31.2;0.1;-2.4;21.6;-20.800001
1521665634283;3.9;31.2;0.0;-2.4;21.6;-20.800001
1521665634292;3.9;31.2;0.1;-2.4;21.6;-20.800001
1521665634303;4.0;31.2;0.0;-2.4;21.6;-20.800001
1521665634313;4.0;31.2;-0.1;-2.4;21.6;-20.800001
1521665634347;4.0;31.2;-0.2;-2.4;21.6;-20.800001
1521665634363;4.1;31.2;-0.2;-2.4;21.6;-20.800001
1521665634425;4.1;31.2;-0.1;-2.4;21.6;-20.800001
1521665634435;4.1;31.1;-0.1;-2.4;21.6;-20.800001
1521665634444;4.1;31.2;-0.1;-2.4;21.6;-20.800001
1521665634455;4.1;31.1;0.0;-2.4;21.6;-20.800001
1521665634467;4.2000003;31.1;0.0;-2.4;21.6;-20.800001
1521665634486;4.2000003;31.1;-0.1;-2.4;21.6;-20.800001
1521665634495;4.2000003;31.1;0.0;-2.4;21.6;-20.800001
1521665634523;4.2000003;31.1;-0.1;-2.4;21.6;-20.800001
1521665634534;4.2000003;31.1;0.0;-2.4;21.6;-20.800001
1521665634562;4.1;31.1;0.0;-2.4;21.6;-20.800001
1521665634582;4.1;31.2;0.1;-2.4;21.6;-20.800001
1521665634592;4.1;31.2;0.0;-2.4;21.6;-20.800001
1521665634603;4.1;31.2;0.1;-2.4;21.6;-20.800001
1521665634652;4.1;31.2;0.0;-2.4;21.6;-20.800001
1521665634682;4.1;31.1;-0.1;-2.4;21.6;-20.800001
1521665634693;4.1;31.2;-0.1;-2.4;21.6;-20.800001
1521665634713;4.0;31.2;-0.1;-2.4;21.6;-20.800001
1521665634723;4.0;31.300001;-0.2;-2.4;21.6;-20.800001
1521665634743;4.0;31.2;-0.2;-2.4;21.6;-20.800001
1521665634753;4.0;31.300001;-0.3;-2.4;21.6;-20.800001
1521665634763;4.0;31.2;-0.3;-2.4;21.6;-20.800001
1521665634772;4.0;31.300001;-0.3;-2.4;21.6;-20.800001
1521665634792;3.9;31.300001;-0.4;-2.4;21.6;-20.800001
1521665634802;3.9;31.4;-0.3;-2.4;21.6;-20.800001
1521665634812;3.8;31.4;-0.3;-2.4;21.6;-20.800001
1521665634822;3.9;31.4;-0.3;-2.4;21.6;-20.800001
1521665634833;3.8;31.4;-0.4;-2.4;21.6;-20.800001
1521665634862;3.7;31.5;-0.3;-2.4;21.6;-20.800001
1521665634873;3.7;31.6;-0.3;-2.4;21.6;-20.800001
1521665634883;3.6000001;31.6;-0.2;-2.4;21.6;-20.800001
1521665634893;3.6000001;31.7;-0.2;-2.4;21.6;-20.800001
1521665634902;3.5;31.7;-0.2;-2.4;21.6;-20.800001
1521665634912;3.5;31.800001;-0.2;-2.4;21.6;-20.800001
1521665634923;3.4;31.800001;-0.1;-2.4;21.6;-20.800001
1521665634933;3.4;31.9;-0.1;-2.4;21.6;-20.800001
1521665634943;3.3;32.0;0.0;-2.4;21.6;-20.800001
1521665634953;3.3;32.0;0.1;-2.4;21.6;-20.800001
1521665634962;3.2;32.100002;0.2;-2.4;21.6;-20.800001
1521665634972;3.2;32.100002;0.3;-2.4;21.6;-20.800001
1521665634982;3.1000001;32.2;0.3;-2.4;21.6;-20.800001
1521665634992;3.1000001;32.2;0.4;-2.4;21.6;-20.800001
1521665635012;3.1000001;32.3;0.5;-2.4;21.6;-20.800001
1521665635022;3.0;32.4;0.6;-2.4;21.6;-20.800001
1521665635032;3.0;32.4;0.7;-2.4;21.6;-20.800001
1521665635042;2.9;32.5;0.8;-2.4;21.6;-20.800001
1521665635062;2.9;32.600002;0.90000004;-2.4;21.6;-20.800001
1521665635071;3.0;32.600002;0.90000004;-2.4;21.6;-20.800001
1521665635082;3.0;32.5;0.90000004;-2.4;21.6;-20.800001
1521665635102;3.1000001;32.4;0.8;-2.4;21.6;-20.800001
1521665635132;3.1000001;32.4;0.90000004;-2.4;21.6;-20.800001
1521665635143;3.2;32.4;0.90000004;-2.4;21.6;-20.800001
1521665635152;3.2;32.4;0.8;-2.4;21.6;-20.800001
1521665635161;3.2;32.3;0.7;-2.4;21.6;-20.800001
1521665635172;3.3;32.2;0.6;-2.4;21.6;-20.800001
1521665635182;3.4;32.2;0.5;-2.4;21.6;-20.800001
1521665635192;3.4;32.100002;0.5;-2.4;21.6;-20.800001
1521665635212;3.5;32.100002;0.7;-2.4;21.6;-20.800001
1521665635222;3.4;32.2;0.6;-2.4;21.6;-20.800001
1521665635232;3.5;32.100002;0.6;-2.4;21.6;-20.800001
1521665635322;3.6000001;32.100002;0.6;-2.4;21.6;-20.800001
1521665635332;3.6000001;32.100002;0.5;-2.4;21.6;-20.800001
1521665635342;3.6000001;32.100002;0.4;-2.4;21.6;-20.800001
1521665635352;3.6000001;32.100002;0.5;-2.4;21.6;-20.800001
1521665635362;3.6000001;32.2;0.5;-2.4;21.6;-20.800001
1521665635372;3.5;32.2;0.5;-2.4;21.6;-20.800001
1521665635382;3.5;32.3;0.6;-2.4;21.6;-20.800001
1521665635392;3.5;32.4;0.7;-2.4;21.6;-20.800001
1521665635402;3.4;32.4;0.8;-2.4;21.6;-20.800001
1521665635412;3.4;32.5;0.8;-2.4;21.6;-20.800001
1521665635432;3.3;32.600002;0.90000004;-2.4;21.6;-20.800001
1521665635442;3.3;32.7;0.90000004;-2.4;21.6;-20.800001
1521665635452;3.3;32.7;1.0;-2.4;21.6;-20.800001
1521665635462;3.2;32.7;1.0;-2.4;21.6;-20.800001
1521665635472;3.2;32.8;1.1;-2.4;21.6;-20.800001
1521665635482;3.2;32.9;1.1;-2.4;21.6;-20.800001
1521665635491;3.1000001;33.0;1.2;-2.4;21.6;-20.800001
1521665635502;3.1000001;33.0;1.1;-2.4;21.6;-20.800001
1521665635512;3.1000001;33.0;1.0;-2.4;21.6;-20.800001
1521665635522;3.2;32.9;1.0;-2.4;21.6;-20.800001
1521665635532;3.3;32.9;0.90000004;-2.4;21.6;-20.800001
1521665635542;3.3;32.8;0.8;-2.4;21.6;-20.800001
1521665635552;3.4;32.7;0.8;-2.4;21.6;-20.800001
1521665635562;3.5;32.7;0.7;-2.4;21.6;-20.800001
1521665635572;3.5;32.600002;0.7;-2.4;21.6;-20.800001
1521665635582;3.6000001;32.600002;0.7;-2.4;21.6;-20.800001
1521665635592;3.7;32.5;0.6;-2.4;21.6;-20.800001
1521665635602;3.7;32.5;0.4;-2.4;21.6;-20.800001
1521665635632;3.8;32.4;0.3;-2.4;21.6;-20.800001
1521665635642;3.9;32.3;0.2;-2.4;21.6;-20.800001
1521665635651;4.0;32.3;0.2;-2.4;21.6;-20.800001
1521665635662;4.0;32.2;0.1;-2.4;21.6;-20.800001
1521665635672;4.1;32.100002;0.0;-2.4;21.6;-20.800001
1521665635682;4.1;32.100002;-0.1;-2.4;21.6;-20.800001
1521665635692;4.2000003;32.0;-0.2;-2.4;21.6;-20.800001
1521665635702;4.2000003;31.9;-0.3;-2.4;21.6;-20.800001
1521665635712;4.3;31.9;-0.4;-2.4;21.6;-20.800001
1521665635742;4.4;31.800001;-0.5;-2.4;21.6;-20.800001
1521665635752;4.4;31.7;-0.5;-2.4;21.6;-20.800001
1521665635762;4.5;31.7;-0.6;-2.4;21.6;-20.800001
1521665635772;4.5;31.6;-0.7;-2.4;21.6;-20.800001
1521665635782;4.6;31.5;-0.8;-2.4;21.6;-20.800001
1521665635792;4.7000003;31.5;-0.8;-2.4;21.6;-20.800001
1521665635802;4.8;31.4;-0.8;-2.4;21.6;-20.800001
1521665635812;4.8;31.300001;-0.90000004;-2.4;21.6;-20.800001
1521665635872;4.9;31.300001;-1.0;-2.4;21.6;-20.800001
1521665635882;4.8;31.300001;-1.0;-2.4;21.6;-20.800001
1521665635912;4.9;31.300001;-1.0;-2.4;21.6;-20.800001
1521665635922;4.9;31.2;-1.1;-2.4;21.6;-20.800001
1521665635941;4.8;31.300001;-1.1;-2.4;21.6;-20.800001
1521665635971;4.8;31.300001;-1.0;-2.4;21.6;-20.800001
1521665635982;4.9;31.300001;-1.0;-2.4;21.6;-20.800001
1521665636022;4.9;31.300001;-1.1;-2.4;21.6;-20.800001
1521665636032;5.0;31.2;-1.1;-2.4;21.6;-20.800001
1521665636043;4.9;31.2;-1.1;-2.4;21.6;-20.800001
1521665636054;4.9;31.300001;-1.2;-2.4;21.6;-20.800001
1521665636063;5.0;31.300001;-1.2;-2.4;21.6;-20.800001
1521665636074;5.0;31.300001;-1.1;-2.4;21.6;-20.800001
1521665636092;4.9;31.300001;-1.1;-2.4;21.6;-20.800001
1521665636103;4.9;31.300001;-1.2;-2.4;21.6;-20.800001
1521665636115;4.9;31.300001;-1.1;-2.4;21.6;-20.800001
1521665636143;4.9;31.4;-1.2;-2.4;21.6;-20.800001
1521665636162;5.0;31.5;-1.1;-2.4;21.6;-20.800001
1521665636172;5.0;31.5;-1.0;-2.4;21.6;-20.800001
1521665636183;5.0;31.5;-1.1;-2.4;21.6;-20.800001
1521665636212;4.9;31.5;-1.1;-2.4;21.6;-20.800001
1521665636222;4.9;31.5;-1.0;-2.4;21.6;-20.800001
1521665636243;5.0;31.5;-1.0;-2.4;21.6;-20.800001
1521665636263;5.0;31.5;-1.1;-2.4;21.6;-20.800001
1521665636285;5.0;31.5;-1.0;-2.4;21.6;-20.800001
1521665636294;4.9;31.5;-1.1;-2.4;21.6;-20.800001
1521665636305;4.9;31.6;-1.0;-2.4;21.6;-20.800001
1521665636324;5.0;31.6;-1.0;-2.4;21.6;-20.800001
1521665636333;4.9;31.6;-0.90000004;-2.4;21.6;-20.800001
1521665636344;4.9;31.6;-1.0;-2.4;21.6;-20.800001
1521665636353;4.9;31.7;-0.90000004;-2.4;21.6;-20.800001
1521665636394;5.0;31.7;-0.8;-2.4;21.6;-20.800001
1521665636414;5.0;31.7;-0.90000004;-2.4;21.6;-20.800001
1521665636435;4.9;31.800001;-0.7;-2.4;21.6;-20.800001
1521665636445;4.9;31.7;-0.7;-2.4;21.6;-20.800001
1521665636466;4.9;31.7;-0.8;-2.4;21.6;-20.800001
1521665636475;4.9;31.7;-0.7;-2.4;21.6;-20.800001
1521665636495;5.0;31.7;-0.7;-2.4;21.6;-20.800001
1521665636526;5.0;31.7;-0.8;-2.4;21.6;-20.800001
1521665636545;5.0;31.800001;-0.7;-2.4;21.6;-20.800001
1521665636555;5.0;31.800001;-0.8;-2.4;21.6;-20.800001
1521665636573;5.0;31.800001;-0.7;-2.4;21.6;-20.800001
1521665636594;4.9;31.800001;-0.8;-2.4;21.6;-20.800001
1521665636638;5.0;31.800001;-0.90000004;-2.4;21.6;-20.800001
1521665636646;4.9;31.800001;-0.90000004;-2.4;21.6;-20.800001
1521665636673;4.8;31.800001;-0.90000004;-2.4;21.6;-20.800001
1521665636692;4.8;31.9;-1.0;-2.4;21.6;-20.800001
1521665636702;4.7000003;31.9;-1.0;-2.4;21.6;-20.800001
1521665636712;4.7000003;31.9;-0.90000004;-2.4;21.6;-20.800001
1521665636735;4.8;31.800001;-1.0;-2.4;21.6;-20.800001
1521665636743;4.7000003;31.800001;-1.0;-2.4;21.6;-20.800001
1521665636752;4.7000003;31.800001;-1.1;-2.4;21.6;-20.800001
1521665636803;4.6;31.800001;-1.1;-2.4;21.6;-20.800001
1521665636823;4.7000003;31.800001;-1.1;-2.4;21.6;-20.800001
1521665636844;4.7000003;31.800001;-1.2;-2.4;21.6;-20.800001
1521665636854;4.6;31.800001;-1.1;-2.4;21.6;-20.800001
1521665636864;4.7000003;31.7;-1.1;-2.4;21.6;-20.800001
1521665636875;4.7000003;31.7;-1.2;-2.4;21.6;-20.800001
1521665636886;4.7000003;31.7;-1.1;-2.4;21.6;-20.800001
1521665636897;4.6;31.7;-1.1;-2.4;21.6;-20.800001
1521665636916;4.6;31.7;-1.0;-2.4;21.6;-20.800001
1521665636943;4.7000003;31.7;-1.0;-2.4;21.6;-20.800001
1521665636954;4.6;31.7;-1.0;-2.4;21.6;-20.800001
1521665636975;4.7000003;31.6;-1.0;-2.4;21.6;-20.800001
1521665636993;4.7000003;31.6;-0.90000004;-2.4;21.6;-20.800001
1521665637013;4.7000003;31.6;-1.0;-2.4;21.6;-20.800001
1521665637023;4.6;31.6;-1.0;-2.4;21.6;-20.800001
1521665637073;4.6;31.6;-0.90000004;-2.4;21.6;-20.800001
1521665637093;4.6;31.6;-0.8;-2.4;21.6;-20.800001
1521665637103;4.5;31.6;-0.8;-2.4;21.6;-20.800001
1521665637136;4.5;31.5;-0.8;-2.4;21.6;-20.800001
1521665637173;4.4;31.6;-0.8;-2.4;21.6;-20.800001
1521665637192;4.3;31.6;-0.8;-2.4;21.6;-20.800001
1521665637243;4.3;31.6;-0.7;-2.4;21.6;-20.800001
1521665637253;4.2000003;31.7;-0.6;-2.4;21.6;-20.800001
1521665637275;4.2000003;31.7;-0.7;-2.4;21.6;-20.800001
1521665637293;4.2000003;31.7;-0.8;-2.4;21.6;-20.800001
1521665637312;4.2000003;31.7;-0.7;-2.4;21.6;-20.800001
1521665637352;4.1;31.800001;-0.7;-2.4;21.6;-20.800001
1521665637362;4.1;31.800001;-0.6;-2.4;21.6;-20.800001
1521665637372;4.1;31.800001;-0.7;-2.4;21.6;-20.800001
1521665637383;4.1;31.9;-0.7;-2.4;21.6;-20.800001
1521665637394;4.1;31.800001;-0.7;-2.4;21.6;-20.800001
1521665637433;4.1;31.9;-0.7;-2.4;21.6;-20.800001
1521665637452;4.1;31.9;-0.6;-2.4;21.6;-20.800001
1521665637472;4.2000003;31.9;-0.6;-2.4;21.6;-20.800001
1521665637532;4.2000003;31.9;-0.5;-2.4;21.6;-20.800001
1521665637543;4.2000003;31.9;-0.6;-2.4;21.6;-20.800001
1521665637552;4.2000003;31.800001;-0.6;-2.4;21.6;-20.800001
1521665637572;4.3;31.800001;-0.6;-2.4;21.6;-20.800001
1521665637582;4.3;31.800001;-0.5;-2.4;21.6;-20.800001
1521665637644;4.3;31.800001;-0.4;-2.4;21.6;-20.800001
1521665637652;4.4;31.7;-0.4;-2.4;21.6;-20.800001
