1521665217842;8.953865;1.8592225;0.65802
1521665217848;8.908455;2.0051274;0.58384705
1521665217862;9.353524;1.672577;0.67477417
1521665217871;9.571298;1.0887147;0.009571075
1521665217891;9.30787;0.835083;0.016749382
1521665217910;8.319832;1.887909;0.38523865
1521665217932;8.307869;2.4430547;0.6556244
1521665217957;9.324716;1.6486512;-1.0671692
1521665217967;9.3462;2.1630864;-1.4117432
1521665217973;8.984871;2.995789;-0.51924133
1521665217986;8.336433;3.8906868;0.70347595
1521665217993;7.822025;4.5080585;1.6414491
1521665218006;7.4967074;4.27112;1.9357911
1521665218013;7.817264;3.3403327;0.8183441
1521665218040;8.348396;2.483704;-1.7180176
1521665218057;8.396248;4.0533466;-1.7299805
1521665218066;7.848392;4.632448;-0.90208435
1521665218073;7.6234164;4.790407;-0.3541336
1521665218086;7.3721957;4.6539326;-0.27278137
1521665218093;7.558841;3.7710578;-0.69151306
1521665218106;7.752689;3.3953865;-1.3375854
1521665218113;7.759891;3.5150154;-1.3902283
1521665218126;7.855594;3.7112434;-1.5505371
1521665218133;7.2573276;4.6778584;-1.8592224
1521665218157;6.7237577;6.1901884;-1.7491455
1521665218166;6.838626;5.9340844;-2.4956665
1521665218173;7.3148227;4.917238;-2.5650635
1521665218186;7.537357;3.8021858;-2.8833008
1521665218193;7.4080844;4.22571;-2.4071655
1521665218241;6.833865;5.247439;-2.2156982
1521665218258;6.3122587;6.8171415;-2.9048462
1521665218270;6.3098173;5.386233;-4.9554443
1521665218273;6.2475615;6.1279325;-5.1540527
1521665218284;6.2093534;6.7979765;-4.414673
1521665218296;5.9150414;6.7932158;-3.5796509
1521665218312;4.9746113;6.592166;-4.0892334
1521665218331;5.37427;6.510867;-4.7904053
1521665218355;6.0585966;7.0108676;-5.3479004
1521665218374;5.5297875;7.5875278;-4.89563
1521665218392;4.7688007;7.563602;-4.929199
1521665218394;4.302248;7.544559;-4.8741455
1521665218412;4.0701923;7.460819;-4.8118896
1521665218413;4.3500996;7.448856;-5.0391846
1521665218427;5.223513;6.927127;-5.2210693
1521665218433;5.4914575;6.673465;-5.831299
1521665218452;5.508181;6.788333;-5.8408203
1521665218454;5.101443;7.0467563;-5.6158447
1521665218470;4.036623;8.08033;-6.0441895
1521665218487;3.835694;7.786136;-6.238037
1521665218496;3.9505012;7.6114535;-6.7524414
1521665218510;4.467287;7.3315463;-6.6185303
1521665218513;4.5319843;7.4344516;-6.25
1521665218530;4.4577656;7.798099;-5.960449
1521665218533;4.067751;8.085213;-5.534546
1521665218557;3.7518928;8.379646;-5.838379
1521665218571;3.993592;8.264656;-5.706787
1521665218573;4.359621;8.085213;-5.2282715
1521665218592;4.599001;8.84864;-5.0511475
1521665218610;4.2113056;9.358163;-4.8046875
1521665218613;3.854798;9.891854;-6.1279297
1521665218631;4.213747;10.52125;-8.377197
1521665218651;6.4677763;9.446786;-7.1065674
1521665218653;6.8553495;9.274423;-6.21167
1521665218671;6.2858915;9.820077;-6.738159
1521665218673;5.8599877;10.224375;-7.192749
1521665218688;5.5178246;10.8488865;-7.9154053
1521665218693;5.6613793;11.554942;-8.810303
1521665218710;5.879153;11.439952;-9.0998535
1521665218713;6.384036;10.892099;-8.932373
1521665218730;6.460574;9.956307;-8.269531
1521665218733;6.230838;10.030527;-7.661743
1521665218757;5.6446557;10.621592;-6.7165527
1521665218771;5.7834496;10.52125;-6.9989014
1521665218773;5.9532495;10.021006;-7.381836
1521665218792;6.19971;9.740975;-7.2597656
1521665218812;5.836062;10.171885;-6.769287
1521665218814;5.5799584;10.336924;-5.788208
1521665218830;5.513064;9.855966;-5.2235107
1521665218833;5.658938;9.087899;-5.125366
1521665218857;5.855227;8.68116;-6.33374
1521665218871;5.9270043;9.343759;-6.6759033
1521665218873;5.9030786;8.894051;-5.699585
1521665218890;5.5489526;8.2480545;-5.465088
1521665218893;5.4531274;7.4918246;-4.826294
1521665218912;5.5751977;6.6136503;-4.4003906
1521665218914;5.5991235;6.4581327;-4.5391846
1521665218931;5.525027;6.7716093;-5.3598633
1521665218933;5.5824;7.1353793;-5.79541
1521665218957;6.0394316;6.8984404;-5.098999
1521665218971;5.8958764;6.434207;-4.378784
1521665218973;5.8575463;5.87427;-3.5389404
1521665218990;5.6494164;5.192385;-2.63208
1521665218993;5.493899;4.929201;-3.055603
1521665219011;5.407717;5.1612573;-3.751892
1521665219014;5.697268;5.5058618;-4.498413
1521665219031;6.245242;5.532107;-4.498413
1521665219033;6.549075;5.0631127;-3.852417
1521665219057;6.3815947;3.4360359;-2.3568726
1521665219071;6.099246;2.8641973;-1.8951111
1521665219073;5.9101586;2.8641973;-2.131958
1521665219092;6.9176054;3.8763435;-3.0651855
1521665219112;7.2071567;3.5604866;-2.239624
1521665219125;6.998904;3.1130378;-1.426117
1521665219136;7.0108676;2.761292;-0.8494415
1521665219157;7.4033237;1.6749574;-1.2298889
1521665219172;7.537357;1.3303834;-1.8998718
1521665219175;7.240604;1.7586976;-2.909668
1521665219189;7.147342;2.3712773;-3.8428345
1521665219193;7.214359;2.5938115;-3.7710571
1521665219212;7.910648;1.3184205;-2.0673828
1521665219279;8.1403885;0.0047855377;-1.3303833
1521665219292;8.025398;1.131775;-0.8422699
1521665219311;8.231209;0.22013855;0.031106472
1521665219331;7.2238803;1.0982972;0.6699829
1521665219352;7.109012;1.0767518;0.4905243
1521665219354;7.14014;0.98583984;0.49291992
1521665219372;7.6353793;0.31824493;0.43309784
1521665219392;8.054207;-0.9308014;0.8614044
1521665219412;7.690433;-1.119812;1.3447572
1521665219426;7.499027;-0.7393799;1.9381715
1521665219433;7.3961215;-0.279953;2.349732
1521665219459;7.6353793;-0.11485481;2.615296
1521665219467;7.855594;-0.32302856;2.526795
1521665219480;8.27198;-1.0025635;1.5960084
1521665219497;8.410652;-1.837677;1.9381715
1521665219512;8.532722;-2.0266724;2.615296
1521665219532;8.599617;-2.4837036;3.4575813
1521665219552;8.68824;-2.4932861;3.404969
1521665219554;8.654793;-2.2635498;3.1297615
1521665219566;8.798347;-2.2922974;3.2805183
1521665219573;8.9824295;-2.6009521;3.4288948
1521665219592;8.824715;-3.3140259;3.6610115
1521665219612;8.451424;-3.1776123;3.9792488
1521665219632;8.456062;-2.87854;4.055788
1521665219661;8.645271;-3.0388794;3.847657
1521665219678;8.288582;-3.1273804;4.125124
1521665219689;8.116219;-3.2589722;4.429079
1521665219697;7.956058;-3.2039795;4.505617
1521665219709;7.956058;-3.2589722;4.3428974
1521665219717;7.9847445;-3.3547363;4.22571
1521665219729;8.092293;-3.428894;4.151491
1521665219737;8.322029;-3.5126343;4.163454
1521665219759;8.147469;-3.3690796;3.9696662
1521665219767;8.200203;-3.2207031;4.1729755
1521665219780;7.87952;-3.0388794;4.0916767
1521665219802;7.9967074;-2.87854;3.90503
1521665219806;8.018318;-2.8139038;3.7567146
1521665219813;8.02784;-2.751709;3.9218147
1521665219837;7.8508334;-2.3162231;3.9529426
1521665219859;7.8890414;-2.2133179;4.055788
1521665219866;7.8890414;-2.2109375;3.9577034
1521665219873;7.9393344;-2.30188;3.885926
1521665219886;7.9345737;-2.2420654;3.5916145
1521665219907;7.84119;-1.7611084;3.335572
1521665219921;7.886722;-1.6845398;3.3786628
1521665219939;7.5540805;-1.4452515;3.2255256
1521665219958;7.4080844;-1.2442627;2.4167485
1521665219966;7.4464145;-1.1317749;2.0625615
1521665219973;7.5277133;-0.9427643;2.2156987
1521665219990;7.5301547;-0.64126587;2.002747
1521665219994;7.563602;-0.3397751;2.1678472
1521665220007;7.3579135;-0.18185425;1.7180177
1521665220013;7.5349154;-0.13639069;1.2227174
1521665220026;7.589969;-0.17467499;0.76091003
1521665220033;7.271732;0.18424606;-0.17228317
1521665220060;7.020511;1.0887147;-1.0360718
1521665220079;7.8316684;0.74894714;-0.7704773
1521665220086;8.448982;0.22253036;-0.73698425
1521665220093;8.475349;-0.08614159;-0.80158997
1521665220107;8.015877;0.33499146;-1.4069519
1521665220113;7.5109897;1.4404603;-1.8616028
1521665220126;7.1999545;2.4358525;-2.112854
1521665220142;7.4152865;3.1106575;-2.2564087
1521665220159;8.386726;2.4310918;-2.0314941
1521665220166;8.683357;1.9908143;-2.7373657
1521665220173;8.958504;2.0864873;-2.7182007
1521665220198;8.207283;3.797364;-2.5985718
1521665220220;7.214359;5.1804223;-2.9240112
1521665220238;7.7431674;3.6035774;-4.290283
1521665220261;8.441658;3.5748298;-4.5845947
1521665220266;8.08033;4.3812275;-4.656372
1521665220277;7.537357;5.1134057;-4.6539307
1521665220286;6.965457;5.5225854;-4.567871
1521665220293;6.4510527;5.2497582;-4.106079
1521665220306;6.2595243;4.857424;-4.4243164
1521665220319;6.546756;4.352541;-4.9937744
1521665220332;7.240604;3.620301;-4.541504
1521665220334;7.499027;3.7447517;-4.5439453
1521665220359;6.173465;6.395999;-4.383545
1521665220367;5.4842553;7.5086703;-4.149048
1521665220377;4.96509;7.2573276;-3.598755
1521665220390;4.656374;6.4127226;-3.6777344
1521665220394;4.8813496;5.603884;-4.656372
1521665220410;5.6230493;5.154055;-4.4051514
1521665220415;5.8981957;5.0750756;-4.326172
1521665220426;5.7882104;6.123172;-4.225708
1521665220433;5.209109;6.9510527;-4.206543
1521665220462;3.6275032;6.876956;-4.699463
1521665220470;3.7136238;6.44617;-4.984131
1521665220478;3.9529426;6.111209;-5.041626
1521665220490;4.0413837;6.072879;-5.1014404
1521665220498;3.7567146;6.6328154;-6.0968018
1521665220509;3.8212898;7.5086703;-6.45105
1521665220518;3.9696662;7.810062;-5.903076
1521665220540;3.8189094;7.9082065;-5.7164307
1521665220862;2.900086;9.992196;-6.9798584
1521665220888;1.8735658;9.667001;-7.642578
1521665220912;2.1391606;9.578378;-9.8654785
1521665220916;3.0029914;10.07374;-8.75293
1521665220932;2.3903813;11.0451765;-9.525635
1521665220937;3.0149543;10.578623;-8.879639
1521665220952;3.3690803;10.135996;-8.082764
1521665220971;3.8835456;10.135996;-7.836426
1521665220991;3.524598;10.303476;-7.4416504
1521665221011;3.1345832;9.669198;-6.9248047
1521665221028;3.323609;9.087899;-6.5706787
1521665221038;3.8620002;8.7480545;-6.2475586
1521665221051;4.321413;8.729012;-6.034668
1521665221054;4.359621;8.843758;-6.022705
1521665221068;4.120363;8.939461;-6.3050537
1521665221075;3.790223;8.776863;-6.2452393
1521665221089;3.5054328;8.647469;-6.0897217
1521665221095;3.4408576;8.293465;-5.960449
1521665221111;3.5557258;7.783817;-5.725952
1521665221116;3.6490486;7.405765;-5.567993
1521665221128;3.8308723;7.1807895;-4.9434814
1521665221134;4.074953;6.8792753;-4.4385986
1521665221149;4.1228046;6.8625517;-4.1968994
1521665221154;4.101198;6.7596464;-4.271118
1521665221167;4.132326;6.7142363;-4.4266357
1521665221175;4.283083;6.611331;-4.4266357
1521665221189;4.7114277;6.307376;-3.9624634
1521665221195;4.998537;6.194949;-3.421692
1521665221208;5.1301293;6.2404814;-3.113037
1521665221214;5.008059;6.4246855;-3.055603
1521665221228;4.8430195;6.6136503;-3.4384766
1521665221234;4.8502216;6.5203886;-4.0821533
1521665221255;5.501101;5.4722924;-4.2471924
1521665221268;5.977175;4.6778584;-3.7543335
1521665221275;6.5515165;4.0151386;-3.0197144
1521665221287;6.927127;3.5916145;-1.9884338
1521665221295;6.7022734;3.4384773;-1.3638916
1521665221307;5.9987817;3.8452156;-1.5457458
1521665221314;5.3264184;4.6085224;-1.9573059
1521665221328;5.1492944;5.0535913;-2.3162231
1521665221337;5.5537133;5.020144;-2.7875977
1521665221356;7.0157504;3.4312751;-2.4501953
1521665221370;7.1807895;2.4597783;-1.3280029
1521665221377;6.8936796;2.6201177;-0.73698425
1521665221391;6.4199247;2.988587;-0.49530792
1521665221397;6.144656;3.4408576;-0.8733673
1521665221420;6.4127226;2.9526982;-1.9309998
1521665221432;6.7788115;2.3975835;-1.866394
1521665221438;7.3195834;1.8137513;-1.2514343
1521665221459;7.5277133;1.1964113;-0.63648987
1521665221503;7.551639;1.0312806;-0.29910278
1521665221532;7.412967;0.937973;0.028713703
1521665221538;6.7524443;1.3878175;0.090927124
1521665221561;7.367435;1.3160402;-0.5168457
1521665221572;8.032478;-0.87576294;0.65322876
1521665221577;8.020515;-1.31604;0.76808167
1521665221586;7.905887;-1.0241089;0.28713226
1521665221599;7.8077426;-1.0719604;0.24885178
1521665221629;8.087654;-1.2394714;0.2009964
1521665221640;8.980232;-3.1536865;1.9716798
1521665221650;8.822273;-3.2757568;2.4119267
1521665221653;8.523201;-3.213501;2.0170903
1521665221668;8.381844;-3.2757568;2.065003
1521665221673;8.281502;-3.2661743;2.1319585
1521665221688;8.312508;-3.2733765;2.0003667
1521665221694;8.575691;-3.37146;2.091309
1521665221832;8.484871;-4.5151367;2.5626836
1521665221840;8.08033;-4.2113037;3.1345832
1521665221849;7.752689;-4.5270996;3.4336555
1521665221860;7.936893;-4.4960938;4.1778584
1521665221872;7.4536166;-3.794983;3.6466072
1521665221892;7.3961215;-3.1322021;4.22571
1521665221912;7.8770785;-3.8763428;4.845461
1521665221932;7.6497836;-4.249634;4.6730976
1521665221947;7.460819;-3.7304077;4.5128193
1521665221958;7.3841586;-3.1871948;4.3428974
1521665221970;7.3579135;-2.7780151;4.218508
1521665221977;7.30286;-2.4693604;3.8117073
1521665221990;7.501468;-2.6990967;4.0341816
1521665221997;7.5780063;-3.0795288;4.4386005
1521665222010;7.6043735;-3.251831;4.4003925
1521665222017;7.8388705;-3.4456177;4.536745
1521665222031;8.061287;-3.0197144;4.599001
1521665222037;7.874759;-3.0197144;4.1228046
1521665222059;7.606693;-2.5913696;3.7016609
1521665222064;7.451175;-2.486084;3.5150154
1521665222080;7.7933383;-2.2468262;3.9768684
1521665222091;8.056404;-2.2444458;4.0844746
1521665222098;8.369881;-2.2252808;4.168215
1521665222110;8.190437;-2.112854;4.055788
1521665222116;7.9154086;-1.9333801;3.608338
1521665222129;7.805301;-1.7993774;3.3810432
1521665222136;7.625858;-1.5888062;3.0460212
1521665222158;7.779056;-1.3758545;3.235047
1521665222171;7.91785;-1.1748657;3.3451545
1521665222177;7.84119;-0.87815857;3.0220954
1521665222190;7.7933383;-0.7513428;2.4646
1521665222197;7.7741733;-0.76091003;2.2707524
1521665222219;7.5086703;-0.37327576;1.4117433
1521665222230;7.733524;-0.67715454;1.4093629
1521665222236;8.097176;-1.1246033;1.6629945
1521665222261;7.6353793;-0.3780594;0.59580994
1521665222277;7.5229526;0.8422699;0.021535397
1521665222283;7.6545444;0.9954071;0.102890015
1521665222300;7.9154086;0.67477417;0.026320934
1521665222309;7.9226108;0.18424606;-0.277565
1521665222319;7.810062;-0.045463562;-1.1030884
1521665222324;7.4798617;0.39720154;-1.7347717
1521665222339;7.4655795;1.2179261;-1.6462402
1521665222344;7.872318;1.8161317;-1.5505371
1521665222361;8.042244;2.1152349;-1.4189148
1521665222368;7.728763;2.01471;-1.9956055
1521665222375;7.709598;1.9070741;-2.3449097
1521665222387;7.8579135;1.9046632;-2.455017
1521665222395;8.114021;2.0625615;-2.5961914
1521665222407;7.941776;2.6583867;-2.8450317
1521665222416;7.487064;3.404969;-3.2039795
1521665222431;7.164066;4.2974873;-3.6203003
1521665222438;7.0683627;4.5582294;-3.3116455
1521665222461;7.67139;3.962464;-3.4624023
1521665222470;8.11158;3.127381;-4.0270996
1521665222477;8.063728;2.8977056;-4.7999268
1521665222490;7.520633;3.847657;-5.484253
1521665222498;6.965457;5.3598657;-5.5751953
1521665222510;7.2119174;5.0535913;-5.0894775
1521665222518;7.3579135;4.529543;-5.0057373
1521665222531;7.3769565;4.101198;-5.3670654
1521665222537;7.255008;3.9912117;-5.369385
1521665222558;6.726199;5.5824;-6.1829834
1521665222570;6.7285185;6.048953;-5.958008
1521665222577;6.5969267;6.2595243;-5.9868164
1521665222591;6.654422;6.034671;-5.869507
1521665222598;6.7285185;5.6110864;-5.2354736
1521665222609;6.4318876;5.678103;-5.283325
1521665222617;6.27637;6.0968046;-5.6900635
1521665222631;6.1710234;6.2213163;-5.742676
1521665222637;5.962893;6.4510527;-6.04187
1521665222660;5.747561;6.326541;-6.3289795
1521665222670;6.0657988;5.9915795;-6.4438477
1521665222677;6.092044;6.0274687;-6.395996
1521665222690;5.673342;6.1925077;-6.419922
1521665222697;5.039187;6.5395536;-6.8171387
1521665222710;4.4433613;6.788333;-7.185547
1521665222717;3.8691413;6.0130644;-7.7957764
1521665222731;4.2855244;5.6110864;-7.343506
1521665222737;4.663576;5.3957543;-6.912842
1521665222759;4.706667;6.630496;-6.7214355
1521665222770;4.3812275;7.324344;-6.199707
1521665222777;3.6969001;7.6665072;-5.9748535
1521665222841;3.9194343;6.903201;-6.0585938
1521665222851;3.3379524;7.2310824;-6.529907
1521665222857;2.5818486;7.2047153;-6.74292
1521665222868;2.0745244;7.216678;-7.1448975
1521665223056;2.2731328;7.259769;-7.1137695
1521665223072;2.414307;8.070808;-7.2836914
1521665223082;0.8733673;9.978036;-9.056641
1521665223089;1.8687745;9.090341;-9.647705
1521665223096;2.8019414;9.537606;-9.032715
1521665223109;3.2135017;10.645517;-8.592529
1521665223115;2.7660527;11.22462;-8.630859
1521665223130;2.0314946;11.274913;-8.996826
1521665223134;1.3160402;10.68873;-9.645264
1521665223150;1.024109;10.131113;-10.195801
1521665223154;1.5074769;9.705087;-10.164551
1521665223167;2.71106;9.875009;-9.190674
1521665223174;2.8761601;10.310556;-8.779053
1521665223187;2.4215093;10.037851;-8.913086
1521665223194;1.9716798;9.7483;-9.186035
1521665223207;1.6486512;9.681161;-9.733887
1521665223214;1.6893312;9.99952;-10.047363
1521665223229;2.0793462;10.341562;-9.611816
1521665223235;2.287537;10.267588;-8.932373
1521665223251;2.306641;9.721932;-8.669189
1521665223255;2.3544927;8.984871;-8.192871
1521665223268;2.3473516;8.6403885;-7.9656982
1521665223275;2.553101;8.956306;-7.5875244
1521665223290;2.7828374;9.451425;-6.9869385
1521665223297;2.780457;9.985116;-7.173584
1521665223311;2.572266;10.00416;-7.692871
1521665223316;2.4119267;9.315194;-8.336426
1521665223330;2.4813237;8.4824295;-8.18335
1521665223336;2.7971807;8.006355;-7.4416504
1521665223358;3.6920784;7.9393344;-6.04187
1521665223370;3.8428352;8.056404;-5.7595215
1521665223376;3.6059577;8.209724;-6.273926
1521665223390;3.2565925;8.207283;-6.680664
1521665223398;3.2255256;7.6809115;-6.673462
1521665223411;3.6944587;7.240604;-6.130371
1521665223416;4.2878437;6.9798613;-5.484253
1521665223430;4.632448;6.8673124;-5.079956
1521665223437;4.7545185;6.9678984;-4.6276855
1521665223457;4.328615;7.2047153;-5.1636963
1521665223471;4.082155;6.9176054;-5.71875
1521665223478;4.1108418;6.584964;-6.1207275
1521665223490;4.4458027;6.295413;-6.029907
1521665223497;5.027224;6.056155;-5.168457
1521665223510;5.4650903;5.8455834;-4.5080566
1521665223516;6.087283;5.5871606;-3.8380737
1521665223530;6.2093534;5.589602;-3.682495
1521665223536;5.7379174;5.632693;-4.003174
1521665223559;4.833498;5.4914575;-4.8669434
1521665223579;4.8118916;5.438845;-4.883667
1521665223584;5.316775;4.921999;-4.5631104
1521665223602;6.561038;3.7327888;-3.8955078
1521665223621;6.5443144;3.7255867;-3.555725
1521665223633;5.9915795;4.086916;-3.7806396
1521665223650;6.111209;3.7327888;-3.8237305
1521665223662;6.8601103;2.7852178;-3.3164062
1521665223671;7.020511;2.703858;-2.9048462
1521665223680;6.850589;3.0556037;-2.6703491
1521665223700;6.6855497;3.1991584;-2.3640747
1521665223721;6.8242216;2.2133183;-1.7252197
1521665223738;6.960696;1.6965028;-1.6127625
1521665223761;7.0157504;1.5601197;-1.464386
1521665223780;7.1735873;1.4308778;-1.4620056
1521665223792;7.094608;1.2681886;-1.7898254
1521665223812;7.17847;0.6173401;-1.208374
1521665223818;7.7574496;0.083747864;-1.4691772
1521665223829;8.063728;-0.35173798;-1.4883118
1521665223838;8.183357;-0.38285065;-1.4835205
1521665223856;8.427498;-0.3637085;-0.34695435
1521665223876;8.465584;-0.31345367;-0.44745636
1521665223911;8.496834;-1.1700745;-0.6436615
1521665223916;8.513435;-1.4955139;-0.023928165
1521665223929;8.683357;-1.8855286;0.58384705
1521665223934;8.884529;-2.0075684;1.0145265
1521665223950;8.932381;-2.112854;1.5218202
1521665223979;8.549324;-1.8951111;1.6582032
1521665224010;8.228767;-1.8544312;0.80158997
1521665224025;8.396248;-2.2444458;1.5577089
1521665224042;8.618904;-2.2731323;2.4095464
1521665224051;8.602058;-2.347351;2.5387578
1521665224058;8.491951;-2.0290527;2.3258061
1521665224069;8.386726;-1.9022827;2.1893926
1521665224075;8.353279;-2.4023438;2.0195317
1521665224088;8.437019;-2.5220337;1.672577
1521665224095;8.599617;-2.7182007;1.8376771
1521665224108;8.571053;-2.6990967;2.0745244
1521665224116;8.645271;-2.5483398;2.4047856
1521665224128;8.592537;-2.3736572;2.7517095
1521665224135;8.537361;-2.201355;2.8234868
1521665224149;8.4824295;-2.2181396;2.7540898
1521665224155;8.532722;-2.239624;2.6368413
1521665224168;8.56617;-2.3544922;2.4478154
1521665224175;8.625984;-2.486084;2.2970586
1521665224188;8.700203;-2.4885254;2.2731328
1521665224196;8.745613;-2.4406738;2.4813237
1521665224208;8.886726;-2.4047852;2.7469487
1521665224215;8.836678;-2.38562;3.0364387
1521665224228;8.717049;-2.239624;3.0771492
1521665224235;8.549324;-2.1583252;3.0532234
1521665224262;8.470467;-2.131958;2.8043828
1521665224272;8.456062;-2.3329468;2.4023442
1521665224278;8.333992;-2.416748;1.9357911
1521665224291;8.178474;-2.2540283;1.8400575
1521665224299;8.11158;-2.124817;1.9166261
1521665224312;8.226326;-1.8113403;2.3234258
1521665224318;8.429695;-2.0290527;2.3544927
1521665224331;8.427498;-2.1750488;2.2755742
1521665224339;8.197762;-2.1654663;1.820923
1521665224358;7.9704623;-2.1726685;1.4452516
1521665224372;7.867557;-1.6534119;1.1485292
1521665224379;7.9034457;-1.1772461;1.476349
1521665224401;7.84119;-0.51205444;1.7084657
1521665224421;7.537357;-0.5814514;1.5146486
1521665224432;7.5301547;-0.5694885;0.9834442
1521665224440;7.3866;-0.4307022;0.47138214
1521665224459;7.2047153;-0.033498764;0.10528374
1521665224472;7.1065707;0.67477417;-0.11724663
1521665224479;7.0994906;0.83747864;-0.023928165
1521665224502;7.195194;0.732193;-0.071783066
1521665224503;7.255008;0.56230164;-0.27038574
1521665224522;7.1616244;0.49291992;-0.85183716
1521665224527;7.0300326;0.5527344;-1.9094543
1521665224540;6.584964;1.4811403;-3.2063599
1521665224561;6.5012236;2.210938;-3.644226
1521665224571;7.0419955;1.6294862;-3.2039795
1521665224577;7.34827;1.2131349;-3.113037
1521665224590;7.075565;1.4213258;-3.4959106
1521665224597;6.584964;2.0123296;-4.503174
1521665224611;6.1710234;2.7349858;-4.9554443
1521665224618;5.7020288;3.4647834;-5.1278076
1521665224630;5.761843;3.8691413;-5.1707764
1521665224637;6.2404814;3.6466072;-4.536743
1521665224658;7.0491977;3.2518318;-4.287842
1521665224670;6.6136503;3.7806404;-4.883667
1521665224677;5.974856;4.5391865;-5.3287354
1521665224690;5.259402;5.4292016;-5.7092285
1521665224697;4.7615986;6.187747;-5.725952
1521665224711;4.732912;6.1710234;-5.491455
1521665224717;5.54407;5.4794946;-5.1827393
1521665224730;6.453372;4.5511494;-4.9243164
1521665224737;6.922366;4.0653095;-5.034424
1521665224761;4.5534687;7.355472;-6.312256
1521665224780;4.067751;7.1807895;-6.7860107
1521665224801;5.565676;5.5679955;-7.2789307
1521665224821;5.6805444;5.962893;-6.599365
1521665224839;3.8308723;7.3507113;-6.6831055
1521665224859;3.2565925;7.34827;-7.3148193
1521665224864;3.2494514;6.876956;-7.963257
1521665224880;5.0224633;5.7259545;-6.668701
1521665224900;4.656374;7.3889194;-7.039673
1521665224912;3.759095;7.8531528;-7.128174
1521665224919;2.9670415;8.197762;-7.7192383
1521665224989;4.0007343;7.216678;-5.9509277
1521665225009;2.1008916;9.535165;-6.6016846
1521665225018;1.0169374;8.6403885;-8.855713
1521665225030;2.002747;7.867557;-8.616455
1521665225038;2.8665776;7.8339877;-7.628296
1521665225077;0.8805542;9.473153;-9.391602
1521665225112;1.0863343;8.72657;-10.272217
1521665225117;2.6392827;8.767097;-9.169189
1521665225133;2.9168096;9.207528;-8.88916
1521665225143;2.4478154;9.714852;-9.205078
1521665225211;2.856995;11.207774;-8.647461
1521665225221;2.129578;11.351329;-9.305664
1521665225230;1.5218202;11.095469;-9.846436
1521665225236;1.3112489;11.071544;-10.671875
1521665225258;2.2444463;10.889658;-9.853516
1521665225270;2.811524;10.707773;-9.755371
1521665225276;3.0747688;10.305674;-9.556885
1521665225290;2.9240117;10.418222;-9.896484
1521665225297;2.3114629;10.853769;-10.312988
1521665225309;1.7969972;11.030772;-10.363281
1521665225317;1.682129;10.714853;-10.224365
1521665225329;2.2205205;9.982675;-9.769775
1521665225336;2.888123;9.240975;-9.221924
1521665225351;3.0795295;9.566415;-9.50415
1521665225356;3.057984;9.956307;-9.224121
1521665225370;2.6392827;10.212412;-8.989746
1521665225376;2.0554204;10.095224;-9.183594
1521665225397;2.249207;9.248055;-9.674072
1521665225410;2.6512456;9.025643;-9.243408
1521665225417;3.1441658;9.004159;-8.075684
1521665225431;3.1322029;9.111825;-7.374634
1521665225438;2.9934087;8.587654;-6.7214355
1521665225462;2.6081548;8.494392;-7.192749
1521665225467;2.2922978;8.444099;-7.489502
1521665225480;2.376038;8.291023;-7.109009
1521665225485;2.8450322;7.8125033;-6.45813
1521665225495;3.1369636;7.4224887;-6.1973877
1521665225503;3.4910896;7.0180697;-6.168579
1521665225520;3.0651863;6.738162;-6.2644043
1521665225540;2.9526982;6.465335;-6.168579
1521665225545;3.108277;6.3481474;-5.9198
1521665225574;3.5532844;6.2165556;-5.5776367
1521665225588;4.2806416;5.938967;-4.77124
1521665225601;3.6059577;5.71155;-4.40271
1521665225611;3.720826;5.4675317;-4.237671
1521665225618;4.0581074;5.192385;-4.0653076
1521665225631;4.6539326;4.986574;-3.6920776
1521665225639;5.1492944;4.76404;-3.3355713
1521665225658;5.247439;4.4960957;-3.4934692
1521665225672;5.3718286;4.220827;-3.175232
1521665225678;5.6756616;3.8404548;-2.7086182
1521665225699;6.0441923;3.4216926;-2.3544922
1521665225704;6.041873;3.1536872;-2.6033325
1521665225722;5.8264184;3.2063606;-3.2757568
1521665225742;6.2021513;2.634461;-2.8306885
1521665225762;6.764407;2.1965947;-2.2181396
1521665225780;6.649539;1.9453431;-2.2276611
1521665225803;6.460574;2.2899175;-2.9503174
1521665225852;6.9630156;2.4621587;-3.9169922
1521665225857;7.360233;1.9644777;-3.5604858
1521665225871;7.948856;0.4785614;-1.7946167
1521665225882;7.8770785;0.47138214;-2.0410767
1521665225892;7.779056;0.55752563;-2.6895142
1521665225899;7.759891;0.4689865;-2.2061768
1521665225911;7.7694125;0.2895279;-1.4620056
1521665225921;8.018318;0.17228317;-1.2657776
1521665225932;8.427498;-0.110069275;-0.9810486
1521665225938;8.750496;-0.5742645;-0.8087616
1521665225957;8.68824;-0.68434143;-0.4426651
1521665225979;8.176277;-0.1770668;-0.045463562
1521665225991;8.27906;-0.9762573;-0.04067707
1521665225997;8.197762;-1.2394714;-0.45941925
1521665226011;8.226326;-1.5314026;-0.58862305
1521665226018;8.503914;-1.8735657;-0.11724663
1521665226212;8.336433;-3.3044434;1.5314027
1521665226222;7.891483;-3.156128;3.462403
1521665226242;8.269539;-3.4815063;3.8571784
1521665226251;8.379646;-3.4863281;4.0413837
1521665226257;8.384285;-3.244629;4.1228046
1521665226270;8.350838;-2.8497925;4.1347675
1521665226277;8.319832;-2.7660522;3.9505012
1521665226290;8.161873;-2.7110596;3.7949836
1521665226297;8.018318;-2.663208;3.512635
1521665226310;7.9657016;-2.4813232;3.5604866
1521665226317;8.001472;-2.4119263;3.7638557
1521665226330;8.243172;-2.4406738;3.854798
1521665226337;8.463387;-2.8569946;3.689698
1521665226351;8.367683;-2.7804565;3.2685554
1521665226362;8.168953;-2.6273193;2.9120488
1521665226382;8.054207;-2.4454346;2.6105351
1521665226401;8.11158;-2.6224976;2.1702886
1521665226421;8.015877;-2.3999634;2.5100713
1521665226442;7.891483;-2.2252808;2.3903813
1521665226461;7.8269076;-2.119995;2.2156987
1521665226466;7.747928;-2.0338745;1.9908143
1521665226481;7.3841586;-1.5433655;1.545746
1521665226500;7.1257358;-0.7657013;1.4141542
1521665226522;7.1760287;-0.933197;0.8661957
1521665226535;7.17847;-1.0767517;0.6795502
1521665226544;6.9869413;-0.9714813;0.3062744
1521665226561;6.857791;-0.6628113;-0.0023927689
1521665226565;6.76929;-0.1770668;-0.35173798
1521665226582;7.240604;-0.1268158;-1.3926086
1521665226602;7.0994906;-0.021535397;-2.1798096
1521665226621;6.623294;1.1533204;-2.9216309
1521665226641;6.7476835;1.8544313;-4.0079346
1521665226675;7.4967074;1.5577089;-4.395508
1521665226692;7.1568637;2.1750493;-4.287842
1521665226700;6.7524443;2.8426518;-4.244751
1521665226705;6.5131865;3.3379524;-4.4123535
1521665226721;6.4174833;3.8141487;-5.458008
1521665226732;6.8099394;3.620301;-5.280884
1521665226739;6.800296;3.6346443;-5.4483643
1521665226759;6.625613;4.591799;-4.9626465
1521665226782;5.766604;5.740359;-5.1517334
1521665226801;5.2066674;5.1445336;-6.2858887
1521665226822;5.9293237;4.783205;-6.4749756
1521665226841;5.7020288;5.721194;-6.3432617
1521665226862;5.1684594;6.1542997;-6.6328125
1521665226865;4.682741;6.23804;-6.3983154
1521665226882;4.1036396;6.3481474;-6.738159
1521665226902;4.630007;5.7954125;-6.857788
1521665226915;4.4505634;5.8767114;-7.4870605
1521665226923;4.1084003;6.2906523;-8.252686
1521665226941;3.7806404;6.510867;-8.860596
1521665226945;3.589234;6.6208525;-8.989746
1521665227027;3.6370857;5.8839135;-7.77417
1521665227042;3.3762214;6.410281;-7.4105225
1521665227048;2.0362554;7.120975;-6.8864746
1521665227054;2.3281865;6.984622;-6.599365
1521665227272;1.4787599;7.7192416;-7.8531494
1521665227282;1.0743715;9.79371;-8.9609375
1521665227291;1.8017884;10.997324;-9.609375
1521665227298;1.229889;10.576181;-9.798584
1521665227311;0.933197;10.478037;-10.279541
1521665227318;1.093506;10.339365;-10.475586
1521665227331;1.5361634;10.789072;-10.640869
1521665227338;2.0673833;10.947031;-10.676758
1521665227358;1.6653749;10.435068;-11.380127
1521665227372;1.6606141;9.891854;-10.578613
1521665227378;1.653412;10.040293;-10.064209
1521665227391;1.8017884;10.664804;-9.772217
1521665227398;2.1439214;11.0451765;-9.159668
1521665227411;2.160706;11.344249;-9.169189
1521665227418;1.9931947;11.162364;-9.772217
1521665227440;1.9214174;10.415781;-10.612061
1521665227460;2.483704;9.865487;-9.855957
1521665227477;2.6703496;9.51368;-8.783936
1521665227485;2.3281865;9.417977;-8.678711
1521665227501;2.1487432;9.310311;-8.877197
1521665227506;1.8951112;9.29371;-9.475342
1521665227516;2.0554204;9.188241;-9.580811
1521665227523;2.4095464;8.81739;-9.078369
1521665227542;3.0053718;8.618904;-7.723999
1521665227572;2.5938115;8.094734;-6.8673096
1521665227578;2.4693608;8.063728;-6.45813
1521665227601;2.445435;8.291023;-6.3671875
1521665227607;2.5746465;8.209724;-6.4869385
1521665227617;2.79242;7.67847;-6.4630127
1521665227628;3.1465461;7.0564;-6.0513916
1521665227642;3.4479988;6.654422;-5.3167725
1521665227651;3.6226814;6.7979765;-4.902832
1521665227680;3.4863288;7.1665072;-4.579834
1521665227690;3.235047;6.4869413;-5.130127
1521665227701;4.0653095;5.9221215;-5.022461
1521665227720;4.6970234;5.7187524;-3.9361572
1521665227740;4.71863;4.505617;-3.0723267
1521665227760;4.582155;4.2735615;-3.4815063
1521665227765;4.3884296;4.345339;-3.8739624
1521665227777;4.4505634;4.47217;-3.871582
1521665227784;4.8166523;4.541506;-3.2207031
1521665227796;5.142092;4.3764668;-2.6273193
1521665227803;5.489016;4.237673;-2.5076294
1521665227816;5.766604;3.90503;-2.3928223
1521665227823;5.747561;3.5532844;-2.397583
1521665227842;5.6948266;3.316407;-2.6416626
1521665227847;5.8719506;3.0795295;-2.6224976
1521665227870;6.2786894;2.8546147;-1.8161316
1521665227882;6.472537;2.7780156;-1.6965027
1521665227887;6.44617;3.0460212;-1.97406
1521665227897;6.496463;2.9479375;-2.2564087
1521665227905;6.4199247;2.8737798;-2.5531006
1521665227922;6.4820585;2.641663;-2.5579224
1521665227989;7.448856;1.7347718;-2.1774292
1521665227997;8.415535;0.73698425;-1.138977
1521665228052;7.520633;1.270569;-2.562683
1521665228062;7.7502475;0.14356613;-0.5934143
1521665228091;7.7741733;-0.32063293;-0.071783066
1521665228093;8.039803;-0.7896271;-0.2895279
1521665228111;8.200203;-1.1652832;-0.39959717
1521665228129;8.307869;-0.6675873;-0.5048828
1521665228142;8.539803;-0.35652924;0.6556244
1521665228202;8.767097;-1.15094;1.7586976
1521665228221;8.915535;-1.9956055;2.1152349
1521665228232;8.795906;-1.986023;1.0695802
1521665228239;9.073495;-3.4528198;2.9096684
1521665228260;9.059091;-3.9840088;3.3906257
1521665228272;8.800789;-3.5437622;3.3977668
1521665228279;8.568611;-3.1297607;3.2518318
1521665228292;8.398689;-2.8809204;2.9503179
1521665228299;8.27198;-2.8043823;2.9814458
1521665228312;8.345955;-3.1536865;3.2565925
1521665228319;8.228767;-3.5054321;3.2757576
1521665228332;8.310066;-3.8859253;3.61316
1521665228339;8.31739;-4.0629883;4.0007343
1521665228359;8.001472;-3.555725;4.22571
1521665228372;7.9537387;-3.2948608;4.498415
1521665228379;7.8770785;-2.9838257;4.4577656
1521665228392;7.912967;-3.1010742;4.352541
1521665228399;7.893924;-3.213501;4.4458027
1521665228412;7.791019;-3.2087402;4.505617
1521665228419;7.683353;-3.1895752;4.47217
1521665228432;7.5971713;-3.0962524;4.4266376
1521665228439;7.676151;-3.1728516;4.390749
1521665228461;7.786136;-3.3571167;4.453005
1521665228481;7.6737094;-3.2350464;3.8428352
1521665228501;7.4727817;-2.7995605;3.4839485
1521665228521;7.539676;-2.6009521;3.2901008
1521665228541;7.7551303;-2.5459595;3.2374885
1521665228571;7.8316684;-2.644043;3.0484016
1521665228587;7.67847;-2.1104126;2.5004888
1521665228598;7.563602;-1.7993774;2.3209844
1521665228606;7.4344516;-0.9451599;2.103272
1521665228621;7.3507113;-0.5862274;1.7060548
1521665228623;7.4895053;-0.42591858;1.3327943
1521665228637;7.63306;-0.5288086;1.1987916
1521665228644;7.802982;-0.55033875;1.0456544
1521665228672;7.5157504;-0.24167252;0.54556274
1521665228676;7.286136;-0.026320934;0.34695435
1521665228683;7.1042514;0.3397751;0.19860077
1521665228711;7.147342;1.0647889;-0.20578003
1521665228720;7.4272494;1.0336915;-0.16749573
1521665228726;7.733524;0.9882355;-0.19142532
1521665228737;7.714359;1.3327943;-0.25842285
1521665228745;7.2645297;1.6677858;-0.3541336
1521665228777;6.642459;2.1271977;-0.62690735
1521665228791;5.7187524;3.3427742;-2.3736572
1521665228802;5.8527856;3.393006;-3.086731
1521665228807;6.4486113;3.0269172;-4.017456
1521665228816;6.788333;2.995789;-4.591797
1521665228829;7.362674;2.79242;-3.9146118
1521665228836;6.5657988;3.2518318;-3.2661743
1521665228844;6.1159697;3.5030525;-3.3187866
1521665228868;5.4340844;4.402712;-5.122925
1521665228876;5.5369897;4.713747;-5.7785645
1521665228883;5.8455834;5.0488305;-5.749878
1521665228897;6.388797;5.21155;-5.0080566
1521665228904;6.453372;5.4101586;-4.2304688
1521665228918;5.812136;5.809695;-4.0510254
1521665228924;5.1707788;6.4055204;-4.23999
1521665228936;4.5391865;6.8099394;-4.6588135
1521665228943;4.3356953;6.7932158;-5.079956
1521665228966;5.2066674;6.111209;-4.498413
1521665228976;5.5679955;6.1590605;-4.529541
1521665228983;5.6254907;6.8122587;-4.11084
1521665228996;5.065554;7.6163363;-3.8787231
1521665229003;4.2496357;8.460945;-4.4051514
1521665229017;3.2996833;9.123788;-5.2521973
1521665229024;2.9287724;8.537361;-5.479492
1521665229036;3.0292976;7.5660434;-6.2714844
1521665229044;3.9959724;6.675906;-6.3529053
1521665229061;5.9532495;6.281131;-5.175659
1521665229064;5.4101586;7.601932;-5.2593994
1521665229077;4.2160664;8.834236;-5.54895
1521665229084;3.0244758;9.245858;-5.9317627
1521665229379;2.072144;8.913094;-6.204468
1521665229392;0.96191406;8.209724;-7.712036
1521665229402;2.376038;8.975349;-8.379639
1521665229409;1.2586061;11.267589;-9.655029
1521665229420;1.2418519;10.255625;-10.817871
1521665229442;1.9788514;10.03541;-11.547607
1521665229460;2.1774297;10.585703;-9.616699
1521665229480;0.8087616;10.844248;-8.898682
1521665229500;0.732193;10.458994;-9.901367
1521665229520;2.900086;10.911142;-9.544922
1521665229542;2.1583257;11.557139;-8.989746
1521665229562;1.3136598;10.786631;-9.556885
1521665229575;1.5098573;10.0642185;-9.602295
1521665229588;2.2133183;9.638192;-9.300781
1521665229608;3.4408576;9.291268;-8.032471
1521665229628;3.601197;9.638192;-7.5612793
1521665229638;2.8043828;10.006601;-6.623291
1521665229644;2.419129;9.743417;-7.07312
1521665229670;2.9144292;8.7649;-7.28125
1521665229679;3.5963752;8.73365;-6.7524414
1521665229690;4.3046894;8.884529;-5.4316406
1521665229698;4.251955;9.432382;-4.9172363
1521665229710;3.8524177;9.386971;-4.73291
1521665229720;3.3571174;8.826912;-4.8621826
1521665229742;3.8428352;7.1665072;-5.376587
1521665229766;4.086916;6.3815947;-4.819092
1521665229782;3.393006;6.326541;-5.276123
1521665229796;3.4001472;6.1662626;-4.9890137
1521665229803;3.7495124;5.848025;-4.5200195
1521665229822;4.5462666;4.8813496;-3.7710571
1521665229836;4.630007;4.859743;-4.295044
1521665229846;4.644411;5.192385;-4.630005
1521665229869;4.610964;5.3024926;-4.448242
1521665229882;5.0942407;4.795168;-3.333191
1521665229887;5.38135;4.333376;-2.8043823
1521665229909;5.9221215;3.5198371;-2.2037354
1521665229920;5.8719506;3.4336555;-2.0864868
1521665229925;5.673342;3.5389411;-2.3688354
1521665229938;5.4986596;3.6346443;-2.7421265
1521665229946;5.658938;3.2948616;-2.8689575
1521665229971;6.800296;2.4646;-1.5266113
1521665229978;6.9199247;2.4621587;-0.9427643
1521665229984;6.800296;2.6009526;-0.63409424
1521665230001;6.6328154;2.6823125;-0.9068756
1521665230151;8.15699;0.47138214;-0.83747864
1521665230157;7.190433;0.9571228;-0.49770355
1521665230172;8.190437;-1.4667969;-0.6436615
1521665230175;8.228767;-0.71543884;-0.17945862
1521665230184;8.563728;-2.447815;1.3543092
1521665230201;8.444099;-3.0723267;1.2322999
1521665230221;8.353279;-2.4238892;1.3112489
1521665230341;8.487312;-2.340149;1.6462404
1521665230348;8.709724;-2.9814453;2.1487432
1521665230362;7.9465365;-2.9216309;3.1417243
1521665230365;7.759891;-3.2661743;2.8952641
1521665230381;7.836429;-3.333191;3.2757576
1521665230401;8.180916;-3.4049683;3.524598
1521665230422;8.056404;-2.8330688;3.3140266
1521665230442;8.032478;-2.3353882;3.5867927
1521665230462;8.369881;-2.8378296;4.0318623
1521665230482;8.453621;-3.0579834;3.7949836
1521665230502;8.28614;-2.5698853;3.2398689
1521665230522;8.269539;-2.1367798;2.9742436
1521665230542;8.350838;-2.2348633;3.0914924
1521665230562;8.267097;-2.0864868;2.9934087
1521665230582;8.166512;-1.9094543;2.830689
1521665230602;8.429695;-1.7658997;2.419129
1521665230622;8.274178;-1.701294;1.9549257
1521665230642;7.8077426;-0.8853302;1.8974916
1521665230662;7.9512973;-0.3541336;1.7946168
1521665230682;7.676151;-0.20338821;1.2083741
1521665230702;7.709598;-0.34456635;0.63409424
1521665230722;8.042244;0.026320934;1.0599977
1521665230739;7.747928;0.32541656;0.80158997
1521665230746;7.3889194;0.8159485;0.55752563
1521665230772;6.8361845;1.5026857;-0.10528374
1521665230779;6.7860136;1.4931031;-0.5359802
1521665230786;7.240604;1.3591005;-0.8590088
1521665230812;7.7502475;0.7728729;-1.3016663
1521665230821;7.525394;1.0647889;-1.423706
1521665230827;7.0491977;1.4811403;-1.31604
1521665230842;6.4892607;1.820923;-1.414154
1521665230849;5.970095;2.3999639;-1.8807373
1521665230871;6.1542997;2.995789;-3.5006714
1521665230874;6.510867;2.7971807;-4.0318604
1521665230892;7.0564;2.3975835;-4.220825
1521665230897;6.864993;2.3999639;-3.5892334
1521665230904;6.4630156;2.8952641;-3.4743652
1521665230916;6.1136503;3.6753547;-3.37146
1521665230924;5.905398;3.9816291;-3.3618774
1521665230936;5.721194;4.347658;-3.8165283
1521665230944;5.639773;4.7688007;-4.0772705
1521665230968;5.4221215;4.668337;-4.149048
1521665230978;5.292849;4.8190937;-4.1729736
1521665230985;5.1612573;4.917238;-3.5916138
1521665230999;4.8549824;5.443606;-3.3810425
1521665231006;4.345339;6.175784;-3.574829
1521665231018;3.809327;6.819461;-4.3548584
1521665231025;3.4839485;7.0803256;-5.060791
1521665231038;3.3810432;7.0108676;-5.288086
1521665231045;3.828492;6.477298;-4.838257
1521665231068;4.163454;6.0585966;-5.7595215
1521665231079;4.113161;6.072879;-5.864746
1521665231085;3.65857;6.496463;-6.345703
1521665231141;3.6418464;6.017947;-7.27417
1521665231143;3.3379524;7.044437;-8.137939
1521665231171;1.8616029;9.092538;-8.963379
1521665231175;1.5409547;9.21705;-8.633301
1521665231184;1.7204286;8.405769;-8.365234
1521665231198;2.6583867;7.855594;-7.8339844
1521665231382;0.2392807;9.1023035;-9.726807
1521665231385;1.0360719;9.886971;-8.3029785
1521665231402;0.23688889;10.973398;-8.499268
1521665231422;-0.4283142;10.135996;-9.044678
1521665231442;0.88772583;10.021006;-8.549316
1521665231462;2.249207;12.143566;-8.5373535
1521665231482;1.1940004;12.593273;-8.508789
1521665231502;-0.05264187;12.153088;-10.700684
1521665231522;0.8805542;11.404063;-11.107422
1521665231542;2.615296;11.616954;-9.267334
1521665231571;1.0504457;11.628917;-10.013916
1521665231580;0.5910187;11.439952;-10.942139
1521665231592;0.56469727;11.34669;-10.966064
1521665231600;0.8111572;11.131358;-10.559326
1521665231607;1.3447572;10.918222;-9.733887
1521665231630;1.6007692;10.597666;-8.769531
1521665231640;1.3710634;10.73414;-8.755127
1521665231647;1.093506;10.571299;-8.310059
1521665231671;0.9116516;10.506845;-8.164307
1521665231680;0.95233154;10.504404;-8.034912
1521665231684;1.1844178;10.423105;-7.836426
1521665231699;1.6940919;9.798593;-6.8984375
1521665231706;1.7371827;9.403573;-6.6065674
1521665231742;1.7108461;9.200204;-7.0898438
1521665231749;1.7347718;9.595223;-7.149658
1521665231754;1.8257142;9.688485;-6.965454
1521665231770;1.8855287;9.135751;-6.577759
1521665231780;2.6942754;7.6186557;-5.8814697
1521665231784;2.9718633;7.6497836;-5.692505
1521665231798;2.8522344;8.001472;-6.230835
1521665231804;2.5626836;8.417732;-6.9223633
1521665231818;2.2348638;8.298103;-7.376953
1521665231824;2.3544927;7.3721957;-7.223877
1521665231841;2.8234868;6.3361845;-6.3170166
1521665231847;3.424073;5.5824;-5.295288
1521665231870;3.9816291;5.2449975;-4.479248
1521665231878;4.208864;5.3981957;-3.5963745
1521665231890;3.1608894;7.120975;-4.376465
1521665231910;3.0723274;6.4127226;-4.3309326
1521665231929;4.787966;4.4649677;-3.625122
1521665231941;5.6254907;3.8906868;-2.593811
1521665231947;5.804934;3.8500373;-1.9812317
1521665231981;3.6657722;5.816897;-3.4767456
1521665231986;3.608338;5.2713647;-3.7423706
1521665232000;5.2138696;2.8785405;-3.8811035
1521665232020;6.3313017;1.64386;-2.840271
1521665232029;6.8099394;0.8925171;-2.2659912
1521665232034;6.4558134;1.2131349;-2.5339966
1521665232052;4.9243183;3.1345832;-3.1202393
1521665232081;4.8861103;3.5557258;-3.3881836
1521665232090;5.3454614;3.1871955;-3.5413208
1521665232093;5.9340844;2.4238896;-3.9002686
1521665232110;7.556522;0.06699753;-2.163086
1521665232119;7.4847445;0.3541336;-1.8352661
1521665232127;7.001346;1.1030885;-1.8448486
1521665232140;6.515628;1.7395631;-2.0960693
1521665232145;6.28345;2.3138433;-2.694275
1521665232166;6.76929;1.4787599;-2.8928833
1521665232180;7.1807895;0.4785614;-2.605774
1521665232199;7.860355;-0.52401733;-1.7036743
1521665232207;8.372322;-0.59820557;-0.55752563
1521665232322;7.159305;0.59820557;-0.16510391
1521665232330;8.616463;-1.6773682;2.5100713
1521665232336;8.587654;-2.2850952;1.8017884
1521665232343;8.915535;-2.7349854;1.3830262
1521665232358;9.111825;-2.9191895;1.4021913
1521665232363;9.3366785;-2.6560059;1.5481263
1521665232385;9.085458;-2.6152954;2.3018804
1521665232449;8.795906;-3.055603;2.9096684
1521665232461;8.453621;-3.7973633;3.8930671
1521665232466;7.867557;-3.7973633;4.7999287
1521665232479;7.6665072;-3.8284912;5.2833276
1521665232484;7.601932;-3.6466064;5.5034204
1521665232496;7.5971713;-3.4575806;5.5106225
1521665232504;7.7454867;-3.3953857;5.673342
1521665232516;7.702396;-3.2542114;5.7259545
1521665232523;7.5660434;-3.113037;5.3264184
1521665232536;7.551639;-3.0077515;4.9937763
1521665232544;7.537357;-3.136963;4.8813496
1521665232559;7.601932;-3.1585083;5.0919213
1521665232564;7.683353;-3.3068237;5.4483666
1521665232577;7.8388705;-3.421692;5.362307
1521665232584;7.96326;-3.6203003;5.400515
1521665232597;7.8149447;-3.6538086;5.292849
1521665232604;7.855594;-3.751892;4.9770527
1521665232617;7.7431674;-3.7902222;4.5773945
1521665232624;7.6234164;-3.8811035;3.94336
1521665232637;7.6497836;-3.7973633;3.2063606
1521665232644;7.7454867;-3.4863281;3.089112
1521665232659;7.767093;-3.3690796;3.4216926
1521665232664;7.898685;-3.3355713;3.7184455
1521665232677;7.9896274;-3.8045654;3.6298835
1521665232684;7.9512973;-3.78302;3.3020637
1521665232697;7.824466;-3.5245972;3.057984
1521665232704;7.7192416;-3.2733765;2.6440434
1521665232717;7.721561;-2.7804565;2.3593144
1521665232724;7.824466;-2.651245;2.4095464
1521665232737;7.7454867;-2.5603027;2.4287114
1521665232744;7.7000766;-2.4215088;2.3401494
1521665232761;7.544559;-2.3640747;2.5172124
1521665232768;7.405765;-2.2922974;2.495667
1521665232781;7.271732;-2.1295776;2.1128545
1521665232787;7.051639;-1.97406;1.5983888
1521665232800;6.8864775;-1.5792542;1.2514344
1521665232807;6.695071;-1.2011719;0.96429443
1521665232821;6.4749784;-0.8996887;0.42591858
1521665232827;6.4366484;-0.68673706;-0.007178426
1521665232840;6.3935575;-0.6628113;-0.559906
1521665232848;6.345706;-0.79919434;-1.1676941
1521665232867;6.515628;-0.7776642;-1.5864258
1521665232882;6.73096;-0.51924133;-1.6797485
1521665232889;6.958255;-0.3900299;-1.6582031
1521665232901;7.310062;-0.28474426;-1.4093628
1521665232914;6.9678984;0.68434143;-1.9477539
1521665232929;6.2165556;1.919037;-2.7086182
1521665232950;6.2786894;2.349732;-3.3451538
1521665232971;6.900882;2.084107;-3.555725
1521665232979;7.5037875;1.8711854;-3.4193115
1521665232986;7.233402;2.3209844;-3.2733765
1521665232999;6.738162;2.9814458;-3.4265137
1521665233006;6.2786894;3.5318;-3.5700684
1521665233019;6.017947;3.9481208;-3.8619995
1521665233026;6.02991;4.113161;-4.4362793
1521665233038;6.319339;3.955323;-4.6827393
1521665233046;6.4174833;3.9409797;-5.036865
1521665233061;6.546756;4.244753;-5.38855
1521665233065;6.5323515;4.4266376;-5.110962
1521665233081;6.2930937;4.6204853;-4.7927246
1521665233087;5.8073754;4.8118916;-4.7592773
1521665233101;5.3909936;4.7856464;-4.7161865
1521665233109;5.1684594;4.72571;-4.953125
1521665233121;5.0416284;4.80237;-5.742676
1521665233128;5.154055;4.883669;-5.9940186
1521665233141;5.1947045;5.1995873;-6.257202
1521665233148;5.0224633;5.223513;-5.79541
1521665233170;3.936158;5.9078393;-6.0968018
1521665233220;4.082155;5.9101586;-7.7407227
1521665233238;4.366823;6.1829863;-6.1782227
1521665233245;3.8787239;6.6855497;-5.852783
1521665233261;3.3020637;7.752689;-6.472534
1521665233265;2.6679692;8.693123;-7.6881104
1521665233300;3.6298835;7.7192416;-7.673706
1521665233309;4.06299;7.532596;-7.630615
1521665233472;4.074953;7.7263217;-7.1832275
1521665233482;2.287537;9.95411;-9.449219
1521665233484;2.8833013;9.518563;-8.5373535
1521665233498;3.3499153;9.858407;-7.9154053
1521665233504;3.278138;10.607187;-7.36499
1521665233518;2.849793;11.281993;-7.2789307
1521665233524;1.8305055;12.105236;-7.7790527
1521665233537;1.1341859;12.387463;-8.654785
1521665233544;0.9547272;12.000011;-8.484863
1521665233558;1.7060548;11.2317;-8.269531
1521665233564;2.8785405;10.935068;-7.977661
1521665233577;3.8715827;11.394542;-7.944092
1521665233584;3.050843;12.8039665;-8.458496
1521665233597;1.9525148;12.631603;-9.040039
1521665233604;1.1150514;12.313244;-10.2771
1521665233619;1.2777406;11.174327;-10.49707
1521665233625;2.0578008;10.15748;-10.178955
1521665233641;3.0029914;9.820077;-10.102295
1521665233646;4.074953;10.049814;-9.212158
1521665233662;4.505617;10.635996;-8.080322
1521665233667;4.1586933;11.329844;-7.4870605
1521665233682;3.1728523;11.624278;-8.003906
1521665233688;2.3856206;11.382579;-8.941895
1521665233701;2.1319585;10.963877;-9.796143
1521665233710;2.7684941;10.645517;-8.913086
1521665233721;3.8452156;10.408701;-7.7598877
1521665233730;4.6970234;10.432627;-6.5706787
1521665233749;4.1801777;10.643076;-6.238037
1521665233770;3.2063606;10.473154;-7.250244
1521665233775;2.7062383;10.011484;-8.049316
1521665233793;3.5939949;8.84864;-8.602051
1521665233807;4.47925;7.7431674;-7.6497803
1521665233818;3.9959724;7.4703403;-7.5445557
1521665233832;2.6368413;7.077884;-7.484741
1521665233839;2.5244145;6.9320097;-7.4990234
1521665233846;2.900086;6.8745146;-7.3602295
1521665233870;4.347658;6.7979765;-5.4555664
1521665233880;4.579836;6.8481474;-4.744873
1521665233891;4.448244;6.8291044;-4.517578
1521665233900;4.1347675;6.5897245;-4.8118896
1521665233907;3.9481208;6.738162;-5.314453
1521665233920;3.847657;6.9869413;-5.6517334
1521665233927;4.0533466;6.93909;-5.029663
1521665233940;4.4769306;6.5203886;-4.1347656
1521665233946;4.72571;5.869509;-3.6418457
1521665233962;4.9052753;5.323977;-3.5006714
1521665233966;4.8046894;4.9315205;-3.763855
1521665233980;4.5128193;4.845461;-4.2160645
1521665233986;4.125124;4.8884296;-4.8621826
1521665234000;4.1084003;4.7999287;-5.3742676
1521665234010;4.441042;4.453005;-5.26416
1521665234022;5.0416284;3.8237312;-4.484131
1521665234030;5.525027;3.3331916;-3.6298828
1521665234051;5.9532495;2.4813237;-1.9644775
1521665234056;5.2905297;2.5698857;-2.143921
1521665234076;4.7545185;3.1322029;-2.7612915
1521665234091;4.5965595;3.5318;-3.2781372
1521665234096;4.9267597;3.3451545;-3.4815063
1521665234112;6.288333;2.1630864;-2.7158203
1521665234115;6.998904;1.5553285;-1.9668884
1521665234128;6.510867;1.9931947;-1.0863342
1521665234148;6.104007;2.6679692;-1.6079712
1521665234165;5.824099;2.926392;-2.0219116
1521665234179;7.5660434;0.7824402;-1.9979858
1521665234192;8.161873;0.35891724;-1.3280029
1521665234200;8.302986;0.29910278;-1.0097656
1521665234206;8.02784;0.59580994;-0.82551575
1521665234227;7.4775424;1.172455;-0.99780273
1521665234242;7.6665072;0.7848358;-1.6821289
1521665234261;8.367683;0.0047855377;-1.7611084
1521665234265;8.671394;-0.38045502;-1.2681885
1521665234278;8.676277;-0.830307;-1.0624084
1521665234286;8.625984;-0.9954071;-0.83987427
1521665234302;8.24073;-0.86380005;-0.5407715
1521665234310;7.7168;-0.6675873;-0.4307022
1521665234320;7.4847445;-0.4283142;-0.36131287
1521665234328;7.4464145;-0.4139557;-0.2512436
1521665234342;7.786136;-0.64845276;-0.2153511
1521665234348;8.348396;-1.3710632;-0.22492218
1521665234380;8.755135;-2.1391602;0.09810448
1521665234387;8.3244705;-1.4404602;1.3088685
1521665234407;8.381844;-1.1820374;2.1774297
1521665234449;8.68116;-2.3832397;1.3519288
1521665234492;9.1023035;-2.232483;2.8211064
1521665234499;8.712166;-3.0484009;2.730164
1521665234506;8.56617;-3.1848145;2.4550176
1521665234520;8.645271;-2.9311523;2.349732
1521665234525;8.68116;-2.8689575;2.6488042
1521665234538;8.609383;-2.6966553;2.9431157
1521665234545;8.583015;-2.6224976;3.2877204
1521665234560;8.539803;-2.770874;3.5030525
1521665234566;8.542244;-3.0029907;3.7351692
1521665234578;8.496834;-3.2589722;3.7064826
1521665234585;8.535164;-3.2542114;3.6179206
1521665234598;8.405769;-2.8689575;3.5318
1521665234605;8.365242;-2.4980469;3.5867927
1521665234618;8.338875;-2.1271973;3.77826
1521665234625;8.384285;-1.8209229;3.8955085
1521665234638;8.322029;-1.7706604;3.835694
1521665234646;8.27906;-1.8448486;3.9289558
1521665234661;8.125984;-2.0386353;3.7232063
1521665234666;8.15699;-2.1607056;3.7304084
1521665234679;8.161873;-2.3258057;3.7997444
1521665234686;8.336433;-2.2540283;3.6657722
1521665234701;8.331795;-2.1942139;3.5389411
1521665234711;8.257576;-2.062561;3.227906
1521665234730;8.039803;-1.9549255;2.457398
1521665234742;8.018318;-1.9238281;2.4406743
1521665234750;8.102058;-1.6462402;2.596192
1521665234772;8.226326;-1.2681885;2.7277837
1521665234782;8.046883;-1.0863342;2.3928227
1521665234789;7.948856;-1.1581116;2.160706
1521665234810;7.7933383;-0.68673706;1.4620057
1521665234830;8.049324;-0.25602722;1.2825319
1521665234851;8.078133;0.35891724;0.9188385
1521665234869;7.910648;0.4426651;0.7848358
1521665234874;7.6856723;0.53837585;0.6077728
1521665234890;7.764652;0.51924133;0.3038864
1521665234910;8.013435;0.7896271;0.007178426
1521665234932;7.695316;1.6510316;-0.3541336
1521665234950;7.1257358;1.7969972;-0.49530792
1521665234957;6.953494;1.9118654;-0.73698425
1521665234976;6.9439726;1.887909;-1.2370605
1521665234992;7.152103;2.3999639;-2.3329468
1521665234998;7.0875278;2.653626;-2.8569946
1521665235009;6.8433867;2.7565312;-2.8139038
1521665235021;6.6472197;2.6966558;-3.0197144
1521665235028;6.460574;2.8139043;-3.1082764
1521665235040;6.407962;2.938355;-3.136963
1521665235047;6.4700956;3.2494514;-3.4863281
1521665235070;6.1326933;4.168215;-4.8046875
1521665235082;6.017947;4.1084003;-5.0655518
1521665235089;5.8981957;4.0510273;-5.053589
1521665235102;5.747561;3.9912117;-4.948242
1521665235110;5.8024926;3.9577034;-4.6778564
1521665235122;5.7331567;4.060549;-4.7615967
1521665235129;5.7523217;4.6037617;-5.211548
1521665235142;5.7905297;5.08948;-5.441162
1521665235150;5.740359;5.5489526;-5.3287354
1521665235169;5.0750756;5.5560327;-4.5319824
1521665235182;4.687502;5.678103;-4.783203
1521665235190;4.591799;5.86719;-5.2976074
1521665235202;4.567873;6.2213163;-6.192505
1521665235210;4.737673;6.838626;-6.888916
1521665235222;4.9003925;7.0108676;-6.750122
1521665235229;4.9746113;6.762088;-6.1757812
1521665235242;4.7089863;6.537112;-5.903076
1521665235250;4.51758;6.422244;-5.788208
1521665235272;3.8428352;6.441409;-6.4940186
1521665235328;4.371584;5.9126;-6.438965
1521665235333;4.453005;5.881472;-6.345703
1521665235371;3.28534;6.7979765;-7.1904297
1521665235382;1.6965028;8.15699;-8.078125
1521665235390;2.191773;7.714359;-7.522949
1521665235572;4.0007343;8.319832;-6.242798
1521665235582;3.1680915;11.334727;-10.652832
1521665235591;1.8161317;11.4184675;-10.82251
1521665235601;1.8544313;10.963877;-10.597656
1521665235607;2.4813237;10.863291;-10.174072
1521665235622;2.8546147;12.109875;-9.803223
1521665235627;2.407166;12.52882;-9.540039
1521665235640;1.8400575;12.047863;-9.463379
1521665235646;1.7467347;11.236583;-9.417969
1521665235661;2.2324834;11.040294;-9.049561
1521665235666;2.8952641;11.325206;-8.078125
1521665235679;3.2255256;11.688731;-7.2764893
1521665235686;2.7899785;12.014172;-7.376953
1521665235699;1.9238282;11.719981;-7.793335
1521665235706;1.5720826;10.911142;-8.4296875
1521665235720;1.6007692;10.399179;-9.363037
1521665235726;1.9501344;10.351328;-10.138184
1521665235741;2.5291753;10.124033;-10.236328
1521665235748;3.0460212;9.95411;-9.942139
1521665235769;2.9407353;9.226571;-9.240967
1521665235781;2.660767;8.8747635;-9.001709
1521665235789;2.4669805;8.661873;-8.860596
1521665235811;2.7708745;9.329598;-9.075928
1521665235832;3.0651863;9.47535;-7.508667
1521665235850;2.6846929;7.6928744;-6.1256104
1521665235875;3.424073;7.683353;-6.2524414
1521665235890;3.2039802;8.18824;-6.5251465
1521665235910;3.0340583;7.532596;-6.1087646
1521665235916;2.8785405;6.9248075;-5.7785645
1521665235926;2.7540898;6.2786894;-5.812134
1521665235934;2.9622808;6.0059843;-5.9125977
1521665235951;3.8237312;5.690066;-5.307251
1521665235971;4.1275654;6.0441923;-5.5584717
1521665235979;4.251955;5.936526;-5.390991
1521665235990;4.067751;5.3072534;-5.5250244
1521665236015;3.9649055;4.9698505;-5.3048096
1521665236031;4.5773945;4.441042;-4.5462646
1521665236042;5.084719;4.1108418;-4.4553223
1521665236059;5.5751977;3.936158;-4.826294
1521665236072;5.323977;4.1993427;-4.6132812
1521665236095;5.709231;3.2446296;-3.397766
1521665236109;6.230838;2.9981694;-3.794983
1521665236122;6.491702;3.0962532;-3.9505005
1521665236127;6.7094755;3.2255256;-3.7614746
1521665236141;6.934329;2.9790044;-3.0771484
1521665236147;6.946292;2.6679692;-2.5124512
1521665236171;7.7359653;2.5076299;-1.8711853
1521665236187;7.979984;2.5626836;-1.5266113
1521665236198;7.551639;2.9910283;-2.3425293
1521665236212;6.5323515;3.2183235;-3.378662
1521665236242;7.020511;1.3399659;-1.976471
1521665236249;7.247806;0.97865295;-2.0290527
1521665236268;7.5229526;0.13399506;-2.3353882
1521665236289;6.9678984;0.08614159;-2.0170898
1521665236310;7.367435;-0.023928165;-1.6462402
1521665236330;8.171394;-0.39720154;-1.0169373
1521665236341;8.389168;-0.65083313;-0.38285065
1521665236347;8.384285;-0.6173401;0.29910278
1521665236362;8.166512;-0.69869995;0.7704773
1521665236367;7.8698764;-0.88772583;0.65083313
1521665236441;7.6881137;-0.9188385;0.48574066
1521665236512;8.530281;-2.2181396;0.91404724
1521665236516;8.6213455;-2.555481;1.6103517
1521665236528;8.709724;-2.2492065;1.8065797
1521665236540;8.673836;-2.1391602;1.8161317
1521665236547;8.791023;-2.2611694;2.0386357
1521665236561;8.81031;-2.4885254;2.1463017
1521665236567;8.889168;-2.605774;2.103272
1521665236580;8.917976;-2.71344;2.280335
1521665236587;9.109384;-2.6464233;2.5626836
1521665236600;9.164315;-2.4645996;2.4310918
1521665236607;9.334237;-2.2492065;2.5794072
1521665236620;9.114266;-2.1607056;2.91919
1521665236627;8.987312;-2.0578003;3.0460212
1521665236640;8.805428;-2.0170898;2.9431157
1521665236647;8.8747635;-2.0170898;3.1608894
1521665236661;9.020761;-2.131958;3.266175
1521665236668;9.090341;-1.986023;3.3786628
1521665236691;9.128427;-1.591217;3.3379524
1521665236711;8.932381;-1.670166;3.404969
1521665236731;8.7480545;-1.7802429;3.089112
1521665236751;9.166757;-1.97406;3.0603645
1521665236770;9.248055;-1.7347717;3.1608894
1521665236773;9.171639;-1.710846;3.031678
1521665236791;8.882088;-1.7467346;2.6871343
1521665236804;8.776863;-1.7826233;2.7349858
1521665236813;8.709724;-1.6390686;2.6273198
1521665236831;8.896492;-1.6247253;2.6679692
1521665236851;8.831795;-1.3806458;2.4095464
1521665236874;8.537361;-1.2466431;2.1822515
1521665236890;8.439461;-1.1557312;2.1008916
1521665236895;8.444099;-1.2011719;2.0554204
1521665236912;8.401131;-1.2250977;2.0817266
1521665236932;8.532722;-1.0384827;2.1583257
1521665236945;8.453621;-0.9068756;1.8065797
1521665236954;8.276619;-0.7441559;1.3423463
1521665236992;8.022957;-0.5934143;1.1437684
1521665236999;8.142586;-0.56230164;1.3303834
1521665237006;8.27198;-0.6628113;1.4715577
1521665237018;7.9465365;-0.38045502;0.57188416
1521665237030;7.5971713;-0.38523865;0.0885334
1521665237050;7.3339877;-0.0382843;-0.078962326
1521665237071;7.7072787;0.1387825;0.045463562
1521665237082;7.601932;0.31345367;-0.1890297
1521665237090;7.278934;0.43549347;-0.74176025
1521665237102;6.7548857;0.7920227;-1.5266113
1521665237109;6.3313017;1.1461488;-1.945343
1521665237122;6.230838;1.5864259;-1.907074
1521665237132;6.4510527;1.6127626;-1.8783569
1521665237152;7.463138;1.4141542;-1.0169373
1521665237178;7.2836947;1.7850343;-2.0027466
1521665237186;6.4438505;2.388001;-3.0412598
1521665237193;5.836062;2.9670415;-3.5245972
1521665237211;5.9412866;3.7016609;-3.4312744
1521665237232;6.864993;2.9359746;-4.910034
1521665237251;5.7139916;3.5532844;-7.388916
1521665237271;5.2138696;3.7423713;-6.9989014
1521665237275;5.13489;3.8524177;-6.527588
1521665237292;6.218875;4.010256;-5.687622
1521665237312;6.5634794;4.618044;-6.060913
1521665237332;4.9960957;5.5537133;-6.2404785
1521665237352;4.170656;6.048953;-5.814453
1521665237371;4.3356953;5.8767114;-5.5943604
1521665237376;5.142092;5.4914575;-5.2091064
1521665237391;5.931765;5.405276;-4.9315186
1521665237412;4.1729755;7.1616244;-5.7092285
1521665237432;2.9599004;6.675906;-6.470093
1521665237451;4.6588154;5.450808;-6.4677734
1521665237471;4.8933125;5.7882104;-6.9559326
1521665237476;4.3046894;6.642459;-7.3482666
1521665237572;2.153504;9.889413;-7.2453613
1521665237586;1.574463;9.145272;-7.020508
1521665237594;1.545746;8.044441;-7.0683594
1521665237812;2.6560063;8.922615;-6.8361816
1521665237822;1.997986;11.908946;-10.9279785
1521665237828;1.8855287;11.844249;-9.851074
1521665237841;1.9836427;10.994883;-9.961182
1521665237848;2.084107;10.121592;-9.408447
1521665237868;1.7539369;10.894297;-8.937012
1521665237882;1.1246034;10.707773;-9.3845215
1521665237888;1.0049745;10.631113;-10.355957
1521665237901;1.4117433;10.265146;-10.908691
1521665237908;2.1893926;10.473154;-10.77002
1521665237922;2.5866094;10.999765;-9.79126
1521665237929;2.5004888;11.076182;-9.145264
1521665237941;1.8616029;10.559336;-9.152344
1521665237950;1.4835206;9.547128;-9.202637
1521665237970;2.242066;9.020761;-8.872559
1521665237990;3.6969001;10.719736;-8.408203
1521665238012;2.8977056;10.501963;-6.8146973
1521665238026;2.3736577;9.485116;-6.3791504
1521665238036;1.5529176;9.056649;-6.735718
1521665238076;1.3423463;8.795906;-7.3674316
1521665238102;2.0123296;8.664314;-6.718994
1521665238141;3.6035774;8.977791;-5.970093
1521665238150;2.9981694;7.563602;-5.96521
1521665238160;3.5389411;6.2619658;-6.2332764
1521665238170;4.448244;5.6636987;-3.7758179
1521665238189;3.4695442;6.4558134;-3.9816284
1521665238210;3.7926033;5.5751977;-4.3476562
1521665238230;5.2210717;5.0942407;-3.529358
1521665238250;5.759524;4.895632;-2.239624
1521665238279;4.84778;4.732912;-1.8448486
1521665238292;4.409914;4.5200214;-2.112854
1521665238297;4.2878437;4.2974873;-2.4956665
1521665238307;4.7592793;3.9672859;-2.7612915
1521665238314;5.5679955;3.347535;-2.5148315
1521665238328;6.3361845;2.641663;-1.4404602
1521665238334;6.783572;2.0554204;-1.4404602
1521665238348;6.19971;2.3640752;-1.7754517
1521665238354;5.4340844;2.7254033;-1.7419739
1521665238379;5.154055;3.1561286;-2.4932861
1521665238392;5.7187524;2.4980474;-2.4430542
1521665238396;6.618533;1.5696718;-2.2803345
1521665238407;7.501468;0.6699829;-1.591217
1521665238415;8.228767;0.2512436;-1.0624084
1521665238431;8.326912;0.42352295;-0.68434143
1521665238498;6.7524443;1.7634889;-1.1150513
1521665238520;6.695071;1.6582032;-1.0049744
1521665238531;8.609383;-0.27038574;-0.09331894
1521665238537;8.0900955;0.28234863;0.60298157
1521665238545;7.714359;0.4163437;1.1054689
1521665238570;7.460819;0.35652924;1.3232118
1521665238576;8.099617;-0.71543884;1.6701661
1521665238597;8.511238;-1.3638916;1.2801515
1521665238612;8.602058;-1.6127625;1.6797487
1521665238613;8.700203;-1.6462402;2.2276616
1521665238630;8.506355;-1.2418518;2.9048467
1521665238649;8.470467;-1.6366882;3.0842903
1521665238671;8.714607;-2.2635498;2.2013555
1521665238737;9.063973;-4.2160645;3.6729743
1521665238750;8.709724;-3.7399292;3.323609
1521665238770;8.513435;-2.7493286;3.0436409
1521665238782;8.415535;-2.5483398;2.9526982
1521665238790;8.102058;-3.2159424;3.8811042
1521665238810;8.128426;-3.8691406;4.4577656
1521665238822;8.1403885;-3.7926025;4.510378
1521665238830;8.142586;-3.4934692;4.263918
1521665238843;7.9847445;-2.9383545;4.0318623
1521665238854;7.91785;-2.5411377;4.2855244
1521665238876;7.891483;-2.5842285;4.256716
1521665238886;7.9847445;-3.024475;4.1729755
1521665238893;8.015877;-3.3571167;3.924195
1521665238906;7.944095;-3.3187866;3.7758186
1521665238914;7.8962436;-3.1297607;3.9218147
1521665238927;7.8579135;-2.739746;3.9505012
1521665238933;8.008553;-2.5961914;3.9026496
1521665238947;8.030281;-2.6488037;3.5413215
1521665238954;8.128426;-2.8857422;3.0077522
1521665238977;8.11866;-3.4647827;2.4646
1521665238987;8.152351;-3.3690796;2.2587895
1521665238993;8.013435;-3.0436401;2.2731328
1521665239006;8.094734;-2.7852173;2.526795
1521665239013;8.070808;-2.5818481;2.6512456
1521665239027;7.912967;-2.435852;2.1152349
1521665239034;7.8531528;-2.4454346;1.7682801
1521665239047;7.936893;-2.7277832;1.4213258
1521665239054;7.8819613;-2.675171;1.1987916
1521665239077;7.9226108;-1.701294;1.3926088
1521665239086;7.9896274;-1.2633972;2.0458379
1521665239093;8.128426;-1.394989;1.9836427
1521665239106;8.137947;-1.5553284;1.751526
1521665239113;8.142586;-1.9716797;0.91404724
1521665239127;8.018318;-1.9525146;0.122032166
1521665239133;7.747928;-1.179657;-0.11724663
1521665239146;7.690433;-0.44745636;0.18185425
1521665239153;7.6043735;0.277565;0.63887024
1521665239177;7.1735873;0.5790558;0.42352295
1521665239186;7.195194;0.2679901;-0.0047855377
1521665239212;7.4967074;0.3924179;-1.3806458
1521665239218;7.728763;0.67715454;-1.2633972
1521665239228;7.8627963;1.1676942;-1.2633972
1521665239235;7.59473;1.615143;-1.5385742
1521665239259;7.0228305;1.7108461;-2.0170898
1521665239281;7.1616244;2.1391606;-2.8737793
1521665239291;7.494266;2.7349858;-3.1154175
1521665239312;7.2692904;2.7517095;-2.5339966
1521665239332;6.580203;2.634461;-3.3283691
1521665239347;6.388797;3.0867317;-3.7902222
1521665239354;6.3409452;3.6729743;-4.2783203
1521665239378;6.630496;4.72571;-4.1395264
1521665239386;6.6663847;4.5343037;-3.7088623
1521665239394;6.510867;4.0916767;-3.7208252
1521665239407;6.319339;3.4265144;-3.713623
1521665239414;6.0466337;3.101075;-3.833252
1521665239427;5.5679955;3.720826;-4.3117676
1521665239434;5.2497582;4.675539;-4.675537
1521665239447;4.9554462;5.690066;-5.1827393
1521665239454;4.9267597;5.982058;-5.4244385
1521665239479;5.5848413;4.713747;-5.6972656
1521665239487;5.577639;4.6468525;-5.8240967
1521665239494;5.1876245;5.304812;-5.7211914
1521665239507;4.575075;5.9532495;-5.47229
1521665239514;4.017458;6.403079;-5.4172363
1521665239600;4.1347675;5.792971;-6.5108643
1521665239611;1.9309999;7.1257358;-8.224121
1521665239832;1.2729799;7.874759;-7.963257
1521665239840;1.299286;9.195565;-11.0859375
1521665239850;2.457398;10.025888;-11.8203125
1521665239870;2.679932;10.6909275;-11.755859
1521665239891;1.5960084;9.808114;-11.516602
1521665239910;1.7850343;9.731454;-10.557129
1521665239930;2.2946782;10.506845;-10.793945
1521665239950;1.64386;11.131358;-11.92334
1521665239966;2.0099492;10.669443;-10.930176
1521665239973;2.6464238;10.363291;-10.279541
1521665239992;3.266175;9.920419;-9.389404
1521665240012;2.306641;10.301035;-10.23877
1521665240029;2.065003;10.200449;-10.348877
1521665240039;2.0314946;9.769784;-9.980225
1521665240082;2.8330693;9.327157;-8.745605
1521665240103;3.0269172;9.174081;-8.1953125
1521665240149;2.8426518;7.709598;-6.1375732
1521665240155;3.12024;7.747928;-6.199707
1521665240172;3.6657722;8.037361;-5.883911
1521665240192;4.0725117;7.6425815;-4.8238525
1521665240211;3.6657722;7.1257358;-4.637207
1521665240232;3.4265144;6.891238;-5.1540527
1521665240252;3.8069465;6.068118;-5.376587
1521665240272;4.7999287;4.6658955;-4.7401123
1521665240292;5.424441;4.429079;-3.4456177
1521665240312;4.776003;5.5417504;-3.1273804
1521665240327;4.4074726;5.87427;-3.2757568
1521665240334;4.3740253;5.539309;-3.3475342
1521665240347;4.637209;4.883669;-3.421692
1521665240353;5.058352;4.352541;-3.0388794
1521665240378;5.4531274;4.4505634;-1.8855286
1521665240387;5.369387;4.582155;-2.2252808
1521665240393;5.355105;4.175417;-2.4909058
1521665240408;5.558474;3.6753547;-2.8354492
1521665240414;5.936526;3.170472;-2.7875977
1521665240426;6.3432646;2.5124516;-2.5770264
1521665240436;6.635257;2.110413;-2.2994995
1521665240447;6.738162;1.8448488;-1.9956055
1521665240454;6.5059843;1.8951112;-1.7706604
1521665240499;6.2021513;2.1893926;-1.8448486
1521665240519;6.711795;1.9956056;-2.4143066
1521665240532;7.513431;1.3567201;-2.3042603
1521665240538;7.874759;0.42113495;-1.7946167
1521665240549;7.886722;0.20338821;-1.9381714
1521665240557;7.621097;0.49291992;-2.2181396
1521665240572;7.697635;0.71543884;-2.4573975
1521665240574;7.759891;0.63648987;-2.4023438
1521665240586;7.9345737;0.8470459;-2.4813232
1521665240598;8.357918;0.69151306;-2.1295776
1521665240614;9.286386;-0.5144501;-1.0911255
1521665240637;8.628426;-0.8853302;-1.2155457
1521665240652;7.9537387;-0.19381714;-0.39720154
1521665240672;8.305428;-0.16270828;0.13399506
1521665240692;9.068612;-1.7299805;0.3756714
1521665240761;8.183357;-1.3423462;2.3903813
1521665240781;8.791023;-2.7373657;2.5244145
1521665240786;8.547127;-3.0029907;1.9022828
1521665240795;8.551765;-3.5198364;1.9142457
1521665240812;7.929813;-3.6322632;2.1870122
1521665240832;7.8459506;-3.4624023;3.3953865
1521665240851;7.8316684;-3.732788;3.1177986
1521665240872;7.398563;-3.6131592;3.278138
1521665240891;7.34827;-3.7208252;4.137087
1521665240912;7.683353;-3.6610107;4.5631123
1521665240932;7.8890414;-3.4839478;4.8358173
1521665240952;7.6043735;-3.3690796;5.0631127
1521665240966;7.5493197;-3.144165;5.0919213
1521665240977;7.5924106;-2.9934082;5.1756616
1521665240989;7.7454867;-2.859375;5.388552
1521665240995;7.9345737;-2.8617554;5.7714868
1521665241008;8.104256;-2.8306885;5.9987817
1521665241015;8.231209;-2.8187256;5.8647485
1521665241028;8.02784;-2.7947998;5.5560327
1521665241036;7.9465365;-2.8569946;5.259402
1521665241048;7.8890414;-3.0197144;5.0799584
1521665241056;8.097176;-3.225525;4.7281513
1521665241081;8.329353;-3.4695435;4.637209
1521665241089;8.319832;-3.2781372;4.359621
1521665241096;8.128426;-2.9814453;4.3189716
1521665241109;8.008553;-2.8450317;4.347658
1521665241116;8.03492;-2.8641968;4.2855244
1521665241129;8.025398;-2.8928833;3.9816291
1521665241136;8.204842;-3.1680908;4.005495
1521665241149;8.207283;-3.1991577;3.9122322
1521665241156;8.19532;-3.1106567;3.7064826
1521665241182;8.078133;-2.651245;3.8045661
1521665241190;8.008553;-2.378418;3.7758186
1521665241196;7.9321322;-2.340149;3.7112434
1521665241218;8.018318;-2.5387573;3.4504402
1521665241230;7.9034457;-2.3449097;3.2685554
1521665241237;7.8651156;-2.2229004;3.3594978
1521665241249;7.8698764;-2.0099487;3.639466
1521665241264;7.6737094;-1.907074;3.5748298
1521665241279;7.4344516;-1.7347717;3.1154182
1521665241292;7.360233;-1.6845398;2.0314946
1521665241299;7.3841586;-1.7658997;1.7443544
1521665241310;7.4895053;-1.7993774;1.5960084
1521665241319;7.6569858;-1.7132568;1.4691774
1521665241331;7.6856723;-1.4595947;1.3949891
1521665241337;7.645023;-1.2442627;1.3160402
1521665241347;7.544559;-1.0743713;1.1676942
1521665241354;7.570804;-1.0145264;0.9954071
1521665241370;7.506229;-0.9308014;0.5527344
1521665241374;7.5875278;-0.9236145;0.18185425
1521665241389;7.747928;-0.8446655;0.0382843
1521665241395;7.7312045;-0.5335846;0.083747864
1521665241408;7.7957797;-0.28474426;0.34217072
1521665241416;7.92493;-0.062212944;0.56469727
1521665241428;7.805301;0.06939125;0.5072632
1521665241437;7.683353;0.21774673;0.58862305
1521665241449;7.398563;0.53837585;-0.15792465
1521665241457;7.3721957;0.9068756;-0.8661957
1521665241481;7.676151;1.5983888;-1.2681885
1521665241489;7.7454867;1.9597169;-1.0624084
1521665241496;7.621097;2.2133183;-0.87576294
1521665241509;7.2382846;2.3353887;-1.5457458
1521665241516;7.3076205;2.17981;-2.1654663
1521665241529;7.3004184;2.3449101;-2.8043823
1521665241536;7.2692904;2.6512456;-3.5724487
1521665241549;7.3913608;3.0412605;-3.6681519
1521665241556;7.5109897;3.4671638;-3.6585693
1521665241580;7.9201694;3.4695442;-3.7997437
1521665241590;8.046883;3.158509;-3.8045654
1521665241597;7.7168;3.5676887;-4.283081
1521665241610;7.8005404;3.8380744;-4.094116
1521665241617;7.4703403;4.2113056;-4.0629883
1521665241630;7.3459506;4.6588154;-3.9888306
1521665241638;7.1424594;4.72571;-3.7590942
1521665241650;7.0539584;4.783205;-3.972046
1521665241656;7.1568637;4.8621845;-4.168213
1521665241677;7.2263217;5.1301293;-4.907593
1521665241690;6.8792753;5.8024926;-5.321533
1521665241696;6.407962;6.226077;-4.9362793
1521665241709;6.106448;6.130374;-4.622925
1521665241716;5.9030786;5.855227;-4.232788
1521665241729;5.919802;5.2905297;-3.8308716
1521665241737;5.95093;5.1827416;-4.7281494
1521665241750;5.95093;5.812136;-4.6324463
1521665241757;5.6876245;6.3983183;-5.161255
1521665241777;4.6898212;7.0157504;-5.130127
1521665241790;4.2855244;6.56824;-4.9362793
1521665241796;4.0461445;6.104007;-5.1325684
1521665241810;4.3931904;6.0059843;-5.194702
1521665241816;4.7042255;5.9796166;-5.2546387
1521665241829;4.756838;6.6400175;-5.611084
1521665241837;4.2855244;7.2453647;-5.414917
1521665241850;3.8955085;7.221439;-5.1086426
1521665241859;3.4479988;7.044437;-5.496216
1521665242122;3.4599617;6.788333;-8.202393
1521665242132;1.3878175;9.324716;-9.114258
1521665242139;1.3734742;10.124033;-10.583252
1521665242146;1.2633973;9.982675;-10.269775
1521665242153;1.466797;10.226816;-10.2890625
1521665242169;1.9692689;10.581064;-10.159912
1521665242173;2.388001;10.841806;-10.207764
1521665242187;2.0410771;10.808359;-10.178955
1521665242193;1.8759462;10.743662;-10.265137
1521665242206;1.7946168;11.243663;-10.23877
1521665242213;1.8161317;11.7343855;-10.301025
1521665242226;1.7586976;12.0359;-10.224365
1521665242233;1.6893312;11.485362;-9.910889
1521665242246;1.8592225;10.415781;-9.855957
1521665242253;2.230103;9.83912;-9.786621
1521665242267;2.2995;10.159922;-9.676514
1521665242273;2.2229009;10.858408;-9.315186
1521665242287;1.9142457;11.3108015;-8.518311
1521665242294;1.5098573;11.035655;-8.204834
1521665242306;1.3327943;10.640879;-8.75293
1521665242313;1.3567201;10.028086;-9.0686035
1521665242328;1.7778627;9.83204;-9.74585
1521665242334;2.3544927;10.11207;-9.51123
1521665242351;2.7349858;10.40626;-8.630859
1521665242355;2.6823125;10.726816;-8.329346
1521665242372;2.2587895;10.418222;-8.231201
1521665242379;2.002747;9.7602625;-8.326904
1521665242400;2.0123296;8.925056;-9.152344
1521665242411;2.4430547;8.84864;-9.473145
1521665242422;3.3977668;8.06617;-7.673706
1521665242431;3.4647834;8.209724;-6.395996
1521665242439;3.1250007;8.468025;-5.687622
1521665242460;2.6440434;8.877205;-5.7211914
1521665242466;2.2635503;8.616463;-6.084839
1521665242479;2.1128545;8.410652;-6.9749756
1521665242485;2.1702886;8.070808;-7.8723145
1521665242499;2.533997;7.4918246;-7.393799
1521665242512;3.5461433;6.4940214;-5.522583
1521665242522;3.9122322;6.3983183;-5.326416
1521665242538;3.9912117;6.3289824;-5.218628
1521665242552;3.9863899;6.7334013;-6.2524414
1521665242558;3.65857;7.037235;-6.6567383
1521665242580;3.5652473;7.0994906;-7.003784
1521665242592;4.290285;5.5728784;-5.4938965
1521665242600;4.871706;4.8669453;-4.929199
1521665242611;5.362307;4.5965595;-4.1083984
1521665242617;5.37427;4.3692646;-3.5963745
1521665242631;5.0416284;4.47925;-3.5892334
1521665242640;4.1108418;5.05115;-5.0894775
1521665242661;4.7688007;4.055788;-4.972168
1521665242682;5.4986596;3.3762214;-3.9002686
1521665242687;5.9532495;3.2614143;-2.8857422
1521665242699;5.654177;3.4695442;-2.593811
1521665242711;5.3765893;3.3642585;-2.5961914
1521665242718;5.122927;2.9216313;-2.71344
1521665242731;5.012942;2.5483403;-3.0388794
1521665242737;5.312014;2.2324834;-3.4073486
1521665242751;5.9340844;2.103272;-2.9599
1521665242758;6.6065702;1.8520204;-2.2301025
1521665242782;7.0803256;2.0434575;-1.7969971
1521665242820;6.7142363;2.6201177;-2.0505981
1521665242832;6.319339;2.9550786;-2.163086
1521665242839;6.2906523;1.5481263;-1.6940918
1521665242851;7.3004184;0.41873932;-1.189209
1521665242857;7.979984;0.3062744;-0.18424606
1521665242881;6.958255;1.172455;0.24167252
1521665242888;6.795535;1.2346803;0.29670715
1521665242896;6.891238;0.9236145;0.559906
1521665242919;6.958255;0.3900299;0.9571228
1521665242927;7.429691;-0.1531372;0.8685913
1521665242949;8.183357;-1.0911255;0.7776642
1521665242958;8.68824;-1.0001831;1.0791627
1521665242971;8.537361;-0.8111572;1.7060548
1521665242976;8.19532;-0.9164429;2.3258061
1521665242987;7.9512973;-1.2729797;2.4238896
1521665242994;7.9847445;-1.8903198;2.4789433
1521665243007;8.145027;-2.3903809;2.6871343
1521665243118;8.666756;-3.952942;2.8833013
1521665243127;8.556648;-3.7112427;2.8857427
1521665243134;8.3557205;-3.321228;3.1824348
1521665243146;8.444099;-3.282898;3.7447517
1521665243154;8.494392;-3.4432373;3.9983528
1521665243168;8.652351;-3.732788;3.8787239
1521665243174;8.657234;-3.8237305;3.7016609
1521665243187;8.393806;-3.5222168;3.6610115
1521665243194;8.15699;-3.263794;3.6944587
1521665243206;8.051765;-2.9646606;3.9146125
1521665243214;8.185799;-2.9718628;4.0916767
1521665243231;8.2480545;-2.9910278;3.847657
1521665243238;8.427498;-3.2398682;3.9409797
1521665243251;8.357918;-3.3690796;3.885926
1521665243258;8.276619;-3.2542114;3.9146125
1521665243279;8.121101;-3.0149536;3.866761
1521665243292;7.948856;-2.7182007;3.524598
1521665243297;7.9847445;-2.6416626;3.4312751
1521665243311;8.094734;-2.821106;3.12024
1521665243320;8.257576;-3.3738403;2.7014775
1521665243332;8.362801;-3.4384766;2.7636724
1521665243339;8.437019;-3.2757568;2.9144292
1521665243352;8.413094;-2.9575195;2.91919
1521665243360;8.408211;-2.6727295;2.900086
1521665243378;8.437019;-2.4047852;3.069947
1521665243390;8.369881;-2.4885254;3.012513
1521665243397;8.310066;-2.5195923;2.8067632
1521665243410;8.300545;-2.428711;2.5315557
1521665243417;8.264656;-2.320984;2.3114629
1521665243430;8.267097;-2.4382324;2.3329473
1521665243437;8.336433;-2.2683716;2.3544927
1521665243450;8.357918;-2.1607056;2.3664556
1521665243459;8.310066;-2.0099487;2.2587895
1521665243478;8.255135;-1.9094543;2.3281865
1521665243492;8.133064;-1.7060547;2.17981
1521665243499;8.068367;-1.5888062;1.8041688
1521665243512;7.9154086;-1.4763489;1.4524232
1521665243522;7.7359653;-1.3327942;1.052826
1521665243532;7.659427;-1.1222229;0.7776642
1521665243539;7.893924;-0.92123413;0.937973
1521665243553;8.401131;-1.4524231;1.4284974
1521665243569;8.425056;-1.7084656;1.2801515
1521665243600;8.204842;-1.4667969;1.0743715
1521665243624;7.8149447;-1.0935059;0.830307
1521665243641;7.355472;0.12921143;-0.20817184
1521665243652;8.176277;-0.1890297;-0.19620895
1521665243656;7.975223;-0.1890297;-0.36849213
1521665243676;7.4464145;0.31106567;-0.6125488
1521665243689;7.228641;0.63887024;-0.9690857
1521665243696;7.221439;1.0432435;-1.4572144
1521665243709;7.460819;1.3782655;-1.8352661
1521665243716;7.92493;1.3423463;-1.875946
1521665243730;8.372322;0.9930115;-1.8903198
1521665243739;8.479988;0.88772583;-2.3640747
1521665243752;8.4824295;0.9690857;-2.789978
1521665243757;8.161873;1.0576173;-3.1226196
1521665243780;7.9896274;1.7634889;-3.4265137
1521665243791;8.669197;1.7347718;-3.821289
1521665243797;9.056649;1.722809;-4.3237305
1521665243810;8.992195;1.7706605;-4.467285
1521665243818;8.743172;2.0745244;-4.579834
1521665243831;8.551765;2.6679692;-4.713745
1521665243839;8.52076;2.9503179;-4.125122
1521665243851;8.52784;3.0292976;-4.2041016
1521665243859;8.532722;3.1920173;-4.6348877
1521665243880;8.427498;3.0053718;-4.5151367
1521665243891;8.27198;3.2111213;-5.2617188
1521665243898;8.238289;3.6107185;-5.211548
1521665243911;8.384285;3.543763;-4.2855225
1521665243918;8.333992;3.7686775;-4.484131
1521665243931;8.010994;4.326174;-5.194702
1521665243938;7.59473;4.3931904;-5.18042
1521665243951;7.4344516;4.345339;-5.213867
1521665243959;7.355472;4.7784443;-5.654175
1521665243979;7.9010043;4.47217;-5.26416
1521665243992;8.307869;4.3070087;-5.7714844
1521665243998;8.2024;3.9481208;-5.3431396
1521665244012;7.5086703;4.321413;-6.010742
1521665244018;6.8864775;4.9075947;-6.5634766
1521665244032;6.8410673;5.5417504;-7.2023926
1521665244040;7.4200473;6.015506;-7.116211
1521665244052;8.238289;5.9724145;-6.616089
1521665244058;8.896492;5.816897;-6.795532
1521665244080;9.097421;5.2449975;-6.472534
1521665244091;8.755135;4.3309345;-6.2355957
1521665244098;8.338875;4.967409;-6.6831055
1521665244111;8.135506;5.5560327;-6.546753
1521665244118;8.022957;6.1159697;-6.5059814
1521665244132;7.9273715;6.4389677;-6.7333984
1521665244139;8.046883;5.797732;-6.5946045
1521665244151;8.130623;5.3454614;-6.984619
1521665244158;7.9226108;5.0296655;-7.393799
1521665244180;8.152351;4.347658;-6.300293
1521665244192;8.130623;4.5151386;-5.8742676
1521665244199;8.200203;4.5773945;-5.1779785
1521665244211;8.302986;4.5965595;-4.7233887
1521665244218;8.333992;4.76404;-4.807129
1521665244232;9.394052;4.6157246;-4.4313965
1521665244238;9.757821;4.4386005;-4.6850586
1521665244251;9.688485;5.1134057;-5.1660156
1521665244259;9.860604;5.982058;-4.890869
1521665244281;10.159922;6.3361845;-3.3571167
1521665244291;10.243662;6.319339;-3.074768
1521665244298;10.133554;5.931765;-2.6536255
1521665244311;10.236338;5.254641;-2.1080322
1521665244319;10.274668;4.898073;-2.143921
1521665244332;10.0642185;4.953127;-1.9477539
1521665244339;10.011484;5.115847;-1.6629944
1521665244352;9.95411;5.4029565;-1.7443542
1521665244359;9.752938;5.8024926;-2.1870117
1521665244381;8.984871;6.3289824;-2.0075684
1521665244392;8.769539;5.8958764;-1.3184204
1521665244398;8.336433;5.7307153;-1.1916199
1521665244411;7.910648;5.7451196;-1.0384827
1521665244419;7.9537387;5.520144;-0.48334503
1521665244431;7.9727817;5.0679955;-0.28713226
1521665244439;7.9010043;4.902834;-0.3158493
1521665244452;8.322029;4.6730976;-1.1964111
1521665244459;8.602058;5.0057397;-1.6749573
1521665244480;8.283943;5.66614;-1.7204285
1521665244492;7.779056;5.8408227;-1.5385742
1521665244499;7.4703403;5.843264;-1.4189148
1521665244512;7.4344516;5.13489;-1.1270142
1521665244520;7.558841;4.345339;-0.83987427
1521665244532;8.11866;3.847657;-0.6460571
1521665244539;8.508797;3.5581062;-0.45702362
1521665244552;8.451424;3.6035774;-0.64126587
1521665244559;8.460945;3.608338;-0.8111572
1521665244580;8.501472;3.6681526;-0.8087616
1521665244583;8.609383;3.897889;-0.8805542
1521665244599;9.394052;4.1228046;-0.26081085
1521665244612;9.303231;4.0007343;0.7082672
1521665244619;8.683357;3.4216926;1.2083741
1521665244632;8.865242;2.660767;1.8137513
1521665244639;8.984871;2.249207;1.5194398
1521665244652;9.317636;2.0601811;2.033875
1521665244660;9.458749;2.6966558;1.8424684
1521665244681;8.999275;2.8211064;1.8161317
1521665244691;8.987312;2.6368413;1.8974916
1521665244699;9.042245;2.3353887;1.3303834
1521665244712;8.965828;1.9262086;1.4165345
1521665244719;8.81031;2.0864873;1.682129
1521665244732;8.9824295;2.1152349;1.4691774
1521665244739;9.3462;1.7730714;0.7920227
1521665244759;8.953865;1.3662721;0.38045502
1521665244780;8.630867;1.2370607;0.44506073
1521665244792;8.826912;0.9714813;0.24406433
1521665244799;8.814949;0.96191406;0.06939125
1521665244812;9.01368;1.131775;0.014356852
1521665244820;9.092538;1.1581117;-0.04785633
1521665244832;9.212167;1.574463;0.67237854
1521665244839;9.769784;1.9142457;1.3303834
1521665244851;9.769784;2.033875;1.5529176
1521665244859;9.497079;2.0195317;1.9525148
1521665244882;9.329598;2.091309;2.5483403
1521665244899;9.611825;2.160706;2.337769
1521665244904;9.441903;2.021912;1.7922059
1521665244914;9.465829;1.6965028;1.5529176
1521665244924;9.834481;1.2059633;1.6079713
1521665244942;10.061777;0.96429443;1.713257
1521665244947;9.946786;0.99780273;1.7012941
1521665244972;9.37745;1.6103517;1.4308778
1521665244981;9.655038;1.9501344;1.3303834
