1521665171354;-0.07723236;0.012803555;0.31054688
1521665171364;-0.091983795;0.02102995;0.037542343
1521665171370;-0.1541481;0.09560013;-0.015967846
1521665171384;-0.16830444;0.15127182;-0.3670349
1521665171391;-0.12697601;-0.054789543;-0.3777008
1521665171404;-0.015202045;-0.123399734;-0.3855133
1521665171411;0.029308796;-0.11169052;-0.09180069
1521665171425;-0.054323196;-0.035409927;-0.034557343
1521665171431;-0.12525177;0.04345703;0.008846283
1521665171446;-0.14152908;0.16352463;0.08963776
1521665171458;-0.15129852;0.14014435;0.16418076
1521665171477;-0.25379944;0.17915344;0.13869858
1521665171478;-0.20042038;0.12902832;0.023044586
1521665171497;-0.17635345;-0.08753586;-0.03208542
1521665171515;-0.06519127;-0.061289787;0.025681973
1521665171537;0.013359308;-0.05260563;-0.078466415
1521665171557;0.16589737;0.034849167;-0.095365524
1521665171583;0.31269073;0.15826035;0.08234978
1521665171597;0.08273697;0.37876892;-0.17022324
1521665171617;1.0549928;0.052021027;-0.78767395
1521665171633;1.4668275;0.24152756;-0.36333466
1521665171638;1.4228212;0.76319885;0.0130877495
1521665171654;0.4033966;1.4635926;-0.8968506
1521665171686;0.578537;1.3941041;-2.5860596
1521665171694;1.084015;1.4266359;-2.4578247
1521665171700;1.8854371;1.1776735;-1.4270935
1521665171716;2.0403447;1.4105531;0.504776
1521665171735;0.5598755;2.9790044;-1.0700989
1521665171754;0.42188263;3.274598;-2.598816
1521665171777;0.85839844;2.3754277;-2.6055908
1521665171782;1.3638307;1.6017152;-2.7767334
1521665171796;1.5331727;2.037415;-2.506897
1521665171809;1.2062074;2.9707646;-2.645691
1521665171819;0.671051;3.3573005;-2.658142
1521665171835;0.59443665;2.1002812;-3.314392
1521665171857;1.3208925;1.9326173;-2.4533691
1521665171876;0.33402252;1.9422914;-1.2522583
1521665171897;0.041137695;1.7656556;-1.3888245
1521665171912;0.5948639;1.7000428;-0.81111145
1521665171921;1.02063;1.92334;-0.5294037
1521665171937;0.8916626;1.7352296;-0.062892914
1521665171957;-0.5252533;1.9262697;-0.54933167
1521665171977;-0.6338806;1.4739076;-0.23056412
1521665171995;0.4928131;-0.0124902725;0.40862274
1521665172014;0.54815674;0.121234894;0.0073308945
1521665172046;0.13652802;0.3106842;-0.8165741
1521665172054;-0.52679443;0.67276;-1.1751709
1521665172076;-0.86021423;0.4193039;-1.1318665
1521665172082;-0.71510315;-0.20933533;-0.6127167
1521665172097;0.98031616;-0.9784546;1.702118
1521665172107;-0.6647949;0.29451752;1.0859376
1521665172116;-0.13462448;-0.36740112;1.1866456
1521665172134;1.1834413;-1.0098267;2.351563
1521665172153;0.34249878;-0.77700806;2.5057988
1521665172173;-0.7069092;0.316391;1.3308107
1521665172185;-0.92163086;0.3052292;1.3562623
1521665172192;-0.38363647;-0.6056671;1.2964479
1521665172205;0.24493027;-1.6205444;1.4869996
1521665172212;0.733902;-2.4819336;1.7182618
1521665172226;0.895813;-2.484497;1.8341371
1521665172232;0.2765274;-1.0646973;1.0497133
1521665172246;-0.36551666;0.19416428;0.6404419
1521665172252;-0.8578949;0.25997925;0.8806305
1521665172273;-0.9939728;-0.39984894;1.2232972
1521665172280;-0.7832489;-1.2997742;1.5341798
1521665172292;-0.5530243;-2.1691895;1.6697694
1521665172298;-0.080905914;-2.3430786;1.3218385
1521665172317;-0.9131775;-0.5741272;0.37743378
1521665172336;-1.3436584;-0.79067993;1.5668031
1521665172355;-1.2184448;-2.437683;3.346131
1521665172389;-1.072052;-3.0142822;3.6038826
1521665172463;-1.1288452;-3.1204224;3.6908576
1521665172487;-1.205719;-1.50531;2.8952641
1521665172497;-2.0761108;-2.5439453;1.722107
1521665172507;-2.1017456;-2.0023804;1.455536
1521665172515;-1.8137817;-1.527771;1.1749269
1521665172545;-1.5037231;-3.7277222;1.6839601
1521665172556;-1.9754333;-4.9625244;1.8415834
1521665172572;-2.2387695;-3.9837036;1.1015931
1521665172586;-1.7609558;-3.8395386;1.8214723
1521665172592;-1.7305298;-3.5587769;1.9245607
1521665172605;-1.822052;-3.1453247;1.3179017
1521665172612;-1.6435242;-2.9768677;1.2868654
1521665172787;-1.9934692;-3.3295288;1.1994935
1521665172796;1.3896486;-1.9676819;-4.2770996
1521665172806;4.4836445;0.7634735;-6.522949
1521665172812;5.0388207;0.27373505;-6.289795
1521665172824;5.7567163;-0.59155273;-6.4887695
1521665172831;6.163211;-1.3247986;-6.808838
1521665172845;6.498538;-1.5166016;-7.3652344
1521665172852;6.9979277;-1.4350891;-7.359131
1521665172874;8.254646;-0.63064575;11.23585
1521665172887;8.139168;-0.3034668;10.7846775
1521665172894;8.114021;-0.3922119;10.838144
1521665172907;7.4758334;-0.43776703;10.526621
1521665172914;6.6868925;-0.27146912;10.53126
1521665172927;5.820681;-0.015628815;10.527353
1521665172934;5.0279565;0.42639923;10.521982
1521665172954;4.1640644;1.0404664;10.209238
1521665172976;3.483338;0.7374115;9.075204
1521665172996;2.6090093;1.690735;7.92786
1521665173016;2.0785527;2.3496099;7.5435824
1521665173036;1.5272218;1.6467286;6.528079
1521665173055;0.99913025;0.87197876;5.7780786
1521665173077;0.7750397;0.5598297;5.5068383
1521665173093;0.47369385;0.8890228;4.8763447
1521665173098;0.16848755;1.2970277;4.408083
1521665173113;-1.65271;-0.0494318;0.5632782
1521665173118;-1.7769165;0.5835571;-0.013556242
1521665173131;-1.4914551;0.21158218;0.39424133
1521665173138;-1.3998718;-0.24284744;0.96551514
1521665173153;-1.3558044;-0.79927063;0.8208313
1521665173158;-1.1614075;-1.3469849;0.83288574
1521665173177;-1.4372864;-1.2333679;0.905777
1521665173181;-1.7790527;-0.45711517;-0.027689457
1521665173191;-2.11792;0.56347656;-0.7959442
1521665173198;-2.2057495;1.3379518;-1.1914062
1521665173230;-1.6950684;1.2447816;-0.88298035
1521665173241;-1.5810547;0.3951416;-0.6346741
1521665173250;-1.4580994;-0.18154907;-0.6394043
1521665173261;-1.2172546;-0.6530762;-0.44599152
1521665173277;-1.8700562;0.6184845;-1.1523438
1521665173283;-2.182373;1.8869935;-1.2846985
1521665173295;-2.421875;1.5358888;-1.9954529
1521665173316;-2.5065308;0.6191101;-3.718567
1521665173335;-2.718933;1.7859193;-6.593872
1521665173355;-2.329834;1.9155275;-6.264282
1521665173374;-2.4473267;0.48927307;-5.666382
1521665173387;-2.2125244;-0.037651062;-5.5181885
1521665173394;-1.9349365;-0.023934364;-4.7598877
1521665173415;-2.2895508;2.846436;-5.286499
1521665173427;-2.8413086;4.276125;-4.9918213
1521665173434;-3.154663;3.984864;-5.0633545
1521665173447;-0.39528656;3.5111701;2.3956914
1521665173462;0.2291832;2.6126103;2.3270268
1521665173478;1.0342408;3.00232;2.426453
1521665173497;-0.098091125;4.0129414;1.9210817
1521665173517;-0.8743744;3.396424;1.4078065
1521665173530;-0.7569885;3.1268928;1.4179994
1521665173538;-0.44353485;2.823975;1.1779481
1521665173551;-0.22014618;2.5586553;0.7024231
1521665173558;-0.32964325;2.827393;0.3155594
1521665173577;-1.0105896;3.4699714;-0.99612427
1521665173596;-0.90727234;2.2174077;0.17154694
1521665173616;-0.76649475;0.93084717;-0.22832108
1521665173636;-0.28002167;1.8578798;0.439888
1521665173656;-0.8615265;4.2128925;1.1622621
1521665173677;-1.163147;4.005373;1.0670472
1521665173682;-1.0161743;3.340638;1.3474122
1521665173693;-0.7189789;2.740662;1.4941102
1521665173700;-0.32541656;2.5161748;0.88316345
1521665173712;0.1122036;2.4699101;0.97091675
1521665173720;-0.2995758;3.2172248;-0.0067853928
1521665173732;-0.5489197;3.5624397;-0.0630188
1521665173738;-0.555603;3.0238655;0.59716797
1521665173753;-0.5692291;2.405457;0.7598572
1521665173758;-0.8006592;1.8711854;0.56173706
1521665173774;-1.0445862;1.5982057;-0.03934765
1521665173779;-1.3263855;1.7174989;-0.56422424
1521665173791;-1.2993774;2.0852056;-0.57632446
1521665173798;-0.76142883;2.4177861;-0.1406784
1521665173811;-0.36145782;2.5978398;0.41555786
1521665173818;-0.40550995;2.6577153;0.45729828
1521665173832;-0.70014954;2.5614629;0.33140564
1521665173838;-0.8969269;2.075623;0.9113617
1521665173897;-1.4280396;2.124146;-0.22773361
1521665173899;-0.5158844;2.0023808;0.63357544
1521665173917;-1.0571289;2.0778203;0.46085358
1521665173927;-1.2518005;2.3388066;0.34766388
1521665174147;-0.6379242;2.5295415;-1.1271057
1521665174157;-1.1612549;3.3049324;-4.1431885
1521665174173;0.2529602;2.3721318;-3.0759888
1521665174194;0.6936493;3.087281;-2.0894165
1521665174206;0.28464508;3.7631843;-2.2185059
1521665174213;-0.32991028;3.8573005;-2.3063354
1521665174226;-0.74868774;3.7448127;-2.475525
1521665174233;-0.57411194;3.2270515;-2.7127686
1521665174246;-0.18571854;2.983643;-2.8205566
1521665174253;0.3633728;2.7149053;-1.9791565
1521665174273;0.16931534;2.3993535;-1.0513
1521665174286;-0.3360672;2.3572392;-1.1156311
1521665174293;-0.5887604;2.4820561;-1.1809692
1521665174306;-0.6371002;2.5420537;-1.5525208
1521665174315;-0.39102173;2.4030156;-1.5999756
1521665174335;-0.37789154;1.6754152;-0.9120636
1521665174355;-0.23545837;1.4440614;0.15214157
1521665174377;-0.58462524;1.743683;-0.6622925
1521665174396;-0.7932892;1.6086427;-1.0606995
1521665174401;-0.57273865;1.5627443;-1.1161499
1521665174417;0.26686096;1.1904908;-0.04610443
1521665174435;0.3937378;0.9928436;0.75709534
1521665174438;0.17732239;0.86099243;1.2573854
1521665174454;-0.27300262;0.9324646;1.3057863
1521665174460;-0.81192017;1.2207032;0.844574
1521665174486;-0.86628723;1.198517;0.54637146
1521665174496;-0.17984772;0.99931335;0.8260193
1521665174501;0.13539124;0.81721497;0.94322205
1521665174513;0.2883377;0.40150452;1.5351259
1521665174519;0.19679642;0.019594193;1.8342897
1521665174536;0.06088066;-0.29811096;1.66214
1521665174541;-0.2982483;-0.057352066;1.1520082
1521665174557;-0.14939117;0.1102829;0.39759827
1521665174563;0.11527443;0.071746826;1.0282594
1521665174587;0.25815582;-0.47234344;2.367188
1521665174593;0.102241516;-0.64456177;3.0399787
1521665174600;-0.32206726;-0.45742035;2.9096074
1521665174615;-0.7894287;0.14154434;1.702057
1521665174620;-0.94673157;-0.16017532;0.5236664
1521665174634;-0.63339233;-0.42051697;-0.0040507317
1521665174639;-0.08062935;-0.94236755;0.3044815
1521665174655;0.45659637;-1.199585;1.2430421
1521665174660;0.46757507;-1.4578247;1.9565736
1521665174697;-0.92292786;-0.79418945;2.3159184
1521665174701;-1.607544;-0.13427353;0.76904297
1521665174723;-1.0011902;-1.1856079;0.13471603
1521665174746;0.33464813;-2.3684692;1.6917115
1521665174765;0.4140854;-2.3778687;3.2699592
1521665174795;-1.3554688;-0.887146;2.084351
1521665174805;-0.91737366;-0.8778076;1.4101564
1521665174812;-0.15646744;-1.8939209;1.7543336
1521665174821;0.2852707;-2.5386963;2.1698613
1521665174835;0.4977188;-2.751831;2.5031133
1521665174905;-0.43849945;-1.5732422;1.9753114
1521665174911;-0.99124146;-0.8721466;1.6331483
1521665174922;-1.3245544;-0.46723175;1.3995973
1521665174931;-1.0984497;-1.0155945;1.6760865
1521665174946;0.018526077;-3.2659302;2.3762212
1521665174965;-0.51812744;-2.892334;1.9003297
1521665174977;-1.0003967;-2.0878296;1.1328737
1521665174986;-0.81134033;-1.437439;2.002503
1521665175016;-0.8206024;-1.9634094;1.8222047
1521665175023;-0.6908264;-2.505188;1.7583009
1521665175130;-0.8752899;-2.704834;1.7306215
1521665175147;-1.341217;-2.3771362;1.9784242
1521665175154;-1.6405945;-2.677185;1.7584535
1521665175167;-1.0053406;-2.8516235;-0.4648285
1521665175175;-0.5819397;-2.7167969;-0.66563416
1521665175197;2.6344;-1.9553223;-5.1656494
1521665175207;3.9063118;-2.1170654;-5.679199
1521665175214;5.327395;-2.2340698;-6.2145996
1521665175227;6.8032255;-2.1325684;-6.7766113
1521665175234;8.326424;-1.4655457;12.357922
1521665175247;7.199344;-1.1248474;12.512951
1521665175254;6.095462;-1.0013733;12.0400505
1521665175276;4.24341;-0.9661255;11.497325
1521665175296;3.0182502;-0.25035858;10.575937
1521665175316;2.554871;0.15233612;9.926278
1521665175329;2.2590947;0.26364136;9.629159
1521665175340;2.0087285;0.1914177;9.335214
1521665175353;1.4679872;0.3324051;8.589363
1521665175359;1.2911073;0.4661255;8.035164
1521665175382;1.3502504;0.58088684;8.338875
1521665175392;1.4451905;0.54862976;8.185799
1521665175399;1.7066957;0.2945404;8.09156
1521665175411;1.3079835;0.29330444;7.284061
1521665175418;0.9721222;0.6395569;6.762698
1521665175433;0.63827515;1.3341066;6.4190702
1521665175440;0.6087189;1.803589;6.6143827
1521665175457;1.1141359;1.7034303;6.725589
1521665175459;0.91215515;1.5872804;6.0466337
1521665175481;0.6516571;1.6004335;5.7017846
1521665175491;0.5101013;1.859131;5.8095727
1521665175504;0.4633789;2.2747808;5.500857
1521665175523;0.27548218;2.5991826;5.0595727
1521665175543;0.07309532;2.6386724;4.6762714
1521665175558;0.0236063;2.585999;4.3427753
1521665175581;-0.13880157;2.6886601;3.9215705
1521665175596;-0.6501465;3.0028083;3.437806
1521665175599;-0.8329315;2.6684575;3.3132331
1521665175613;-0.94444275;2.454163;2.7313848
1521665175620;-1.0456848;2.0921025;2.1910405
1521665175643;-1.0873108;1.8975526;2.0192266
1521665175653;-1.192688;1.8440248;1.8631288
1521665175662;-1.1829224;1.6392823;1.8249513
1521665175675;-1.4146118;1.662964;1.4552613
1521665175696;-2.1847534;1.6513673;0.28649902
1521665175699;-2.0592651;1.1952516;0.29412842
1521665175711;-1.7736511;-0.17747116;-0.06745148
1521665175718;-1.7129211;-0.29699707;0.0011953115
1521665175731;-2.1542358;0.06903839;-0.3472519
1521665175738;-2.6676025;0.6105194;-1.4016724
1521665175751;-3.0682983;1.4198304;-2.2840576
1521665175758;-2.9828491;1.7942201;-2.4350586
1521665175776;-2.5621338;1.5479127;-2.2149658
1521665175778;-2.1430664;0.86299133;-2.3538818
1521665175791;-1.8471069;0.21513367;-2.0679932
1521665175798;-1.9239197;-0.29483032;-1.9812012
1521665175811;-2.0219116;-0.13991547;-1.6533813
1521665175818;-2.3336792;0.62249756;-1.6644897
1521665175831;-2.6029053;1.4622804;-2.3850098
1521665175838;-2.7041626;2.0940557;-2.6646729
1521665175851;-2.8362427;2.2882695;-2.6548462
1521665175858;-3.0109863;2.0711675;-2.895874
1521665175877;-2.8810425;1.9259034;-2.7015991
1521665175879;-2.5717773;1.5023805;-2.2106323
1521665175891;-2.8256226;1.6088258;-2.5067139
1521665175898;-3.3093872;2.1514287;-3.404541
1521665175911;-3.9310303;3.241822;-5.079956
1521665175918;-4.015869;3.2847297;-5.376953
1521665175931;-3.4641113;2.4716802;-5.0563965
1521665175938;-2.8138428;1.3676149;-4.5499268
1521665175951;-2.0044556;0.6744385;-3.7616577
1521665175958;-1.853241;0.47852325;-3.4609985
1521665175977;-2.8087158;1.6563112;-4.4624023
1521665175979;-3.5598755;3.2445686;-5.7041016
1521665175991;-4.103882;4.548586;-6.108032
1521665175998;-4.3344727;5.0419946;-6.807617
1521665176011;-3.8217163;4.089113;-6.4782715
1521665176018;-3.133667;2.719605;-6.375
1521665176033;-2.3845825;1.4943849;-6.159668
1521665176038;-1.6762695;1.1679689;-4.5828857
1521665176051;-1.7649841;1.8330079;-3.5153198
1521665176058;-2.586609;3.385926;-3.887268
1521665176077;-3.633789;4.586672;-4.4575195
1521665176079;-4.5670166;4.7993183;-5.437622
1521665176091;-4.9525146;4.534914;-6.3237305
1521665176098;-4.6724854;3.370118;-6.1258545
1521665176111;-3.9578247;2.3267827;-5.7750244
1521665176118;-3.3739014;1.5538636;-5.1724854
1521665176131;-3.3948364;1.3536073;-4.70459
1521665176138;-5.0235596;3.0632331;-4.6846924
1521665176185;-5.958374;3.8488777;-5.7528076
1521665176190;-0.64572144;2.4317632;1.5690004
1521665176203;-0.3110962;1.9584962;2.1495976
1521665176209;0.16996765;2.6800542;2.353455
1521665176219;0.011411667;4.3289814;1.9392396
1521665176239;-0.0017905235;5.848025;1.794861
1521665176403;-1.1118469;4.2249775;-1.8224487
1521665176416;0.014130354;3.7204597;-0.1298523
1521665176436;0.29016876;5.2498803;0.35868835
1521665176456;-1.1687927;5.466067;-0.7793579
1521665176475;-1.7563171;4.6070576;-1.6239624
1521665176497;-0.0062274933;4.6939716;-0.51516724
1521665176515;0.47503662;4.760256;-1.0560303
1521665176535;-1.0660095;4.6905537;-2.9655762
1521665176555;-0.4190445;4.6676044;-2.368042
1521665176570;0.54981995;4.6522236;-1.5724792
1521665176578;1.0985719;5.1273217;-1.5280151
1521665176592;0.22034073;5.4810815;-1.6089783
1521665176598;-0.39076996;5.4827905;-1.8053894
1521665176611;-0.6455841;5.410403;-1.6421509
1521665176618;-0.032301903;5.1457543;-1.1330872
1521665176643;1.1097413;4.998171;-0.98765564
1521665176660;0.36941528;4.917238;-1.6715088
1521665176685;-0.47079468;4.7963886;-1.6776123
1521665176694;-0.50868225;4.4072285;-1.7429504
1521665176723;0.1269455;3.648072;-1.3179321
1521665176728;0.49928284;3.646302;-0.99154663
1521665176743;0.5529022;3.653199;-1.0044861
1521665176748;0.24203873;3.8573616;-0.95658875
1521665176763;-0.09430885;3.8948371;-0.7711487
1521665176768;-0.4961853;3.8864753;-0.62661743
1521665176785;-0.6827698;3.6318367;-0.57398987
1521665176792;-0.20988083;3.3344734;0.025862694
1521665176798;-0.055473328;2.931519;0.28163147
1521665176813;0.10343361;2.155335;0.6347046
1521665176819;-0.5816803;2.0537724;0.0061597824
1521665176832;-0.87867737;2.315003;0.2361412
1521665176839;-0.829422;2.3922124;0.89512634
1521665176866;-0.79948425;1.9149781;0.7404022
1521665176887;-0.7720337;1.232422;0.7030945
1521665176897;-0.55960083;0.65830994;1.3849183
1521665176903;-0.2572403;0.26413727;2.2285771
1521665176923;-0.57196045;0.8819885;1.7645265
1521665176937;-0.8245392;1.0798036;1.4288942
1521665176948;-0.8872986;1.150818;1.0166627
1521665176963;-0.34664917;-0.40171814;2.2072759
1521665176986;-0.10363388;-1.0501709;3.7675178
1521665176996;-0.33683777;-0.9098816;4.091799
1521665177007;-0.7336731;-0.29340363;3.8520515
1521665177025;-1.1396179;0.27752686;2.9460454
1521665177045;-0.9541626;-0.2492485;1.6577455
1521665177066;0.18061066;-1.5157166;3.0063484
1521665177083;0.01731491;-1.4854736;2.834412
1521665177107;-0.31184387;-1.4318848;2.5509648
1521665177114;-0.87638855;-1.0806885;1.7613832
1521665177125;-0.24192047;-1.9928589;2.0542607
1521665177145;0.11952019;-2.5838623;2.3954473
1521665177152;0.032377243;-2.2042236;2.5522466
1521665177158;-0.15376663;-1.5687561;2.421021
1521665177177;-0.20254898;-1.0918884;2.174317
1521665177193;-0.23061752;-1.2955017;2.3815312
1521665177202;-0.016906738;-1.6483154;2.7849736
1521665177227;-0.12207985;-1.8980103;3.056214
1521665177230;-0.1024456;-2.1864014;3.106202
1521665177238;-0.52656555;-1.893219;2.4182744
1521665177253;-0.8774872;-1.2628784;1.5390931
1521665177260;-0.99684143;-0.95480347;0.92207336
1521665177277;-0.18644333;-2.4678955;1.636017
1521665177297;-0.23029709;-3.5490112;1.4893495
1521665177317;-0.7424927;-2.2055054;1.1481935
1521665177354;-0.65252686;-2.0355835;2.1810308
1521665177447;-1.0875244;-1.588623;2.431519
1521665177451;-1.1118774;-2.2525024;2.587586
1521665177458;-1.0672302;-3.2871094;2.1635747
1521665177472;-1.1634521;-3.7539062;1.2780153
1521665177478;-0.98960876;-4.0965576;0.5783081
1521665177497;-1.0303345;-2.6973877;-2.0964966
1521665177517;-0.9515686;-2.423584;4.8828144
1521665177537;-0.97798157;-3.1264038;4.369997
1521665177557;-1.0054016;-3.064087;3.9894416
1521665177577;-0.96391296;-2.4675903;3.7652595
1521665177597;-1.0823059;-1.9587402;3.7370002
1521665177616;-1.1265869;-1.8475037;3.5233161
1521665177623;-1.1433716;-1.9362793;3.5427253
1521665177636;-0.9569702;-2.1225586;3.5164192
1521665177643;0.41231537;-0.29434204;6.2497587
1521665177663;0.692276;0.1604538;6.244876
1521665177687;0.373909;0.69628906;5.8266625
1521665177697;0.2857895;0.64889526;5.7727075
1521665177702;0.1507721;0.6350708;5.750735
1521665177715;0.15583038;0.7815552;5.5539575
1521665177722;0.2733841;1.0610963;5.263186
1521665177742;0.27614594;0.90663147;4.8811054
1521665177757;0.10899544;0.7212372;4.593874
1521665177763;-0.014059067;0.80944824;4.1975117
1521665177783;-0.097932816;0.9168091;4.1107197
1521665177796;-0.006485939;1.1033326;4.1228046
1521665177802;-0.042616844;1.0374147;4.046877
1521665177816;-0.10227585;1.0742799;3.9183967
1521665177822;-0.25901031;1.2034913;3.655213
1521665177843;-0.3598938;1.2997743;3.1697395
1521665177857;-0.31369781;1.3928834;3.0175788
1521665177863;-0.37648773;1.5116884;2.9345708
1521665177883;-0.35191345;1.5436403;2.9305425
1521665177914;-0.41960907;1.434723;2.7845464
1521665177926;-0.69026184;1.8607789;2.3345342
1521665177933;-0.8317261;1.9341127;2.2639165
1521665177946;-0.98316956;1.7674562;2.1618047
1521665177963;-1.448822;1.0635988;1.2092897
1521665177987;-1.6767273;-0.18245316;-1.4063716E-4
1521665177999;-1.900116;0.20149994;-0.5843048
1521665178012;-2.1768188;0.08829498;-0.7553406
1521665178019;-2.376587;-0.124046326;-0.89138794
1521665178032;-2.1159058;-0.23513794;-0.77156067
1521665178039;-1.6916504;-0.3640442;-0.637619
1521665178052;-1.3280029;-0.3959198;-0.8323517
1521665178059;-1.3945618;-0.0721817;-1.0926514
1521665178076;-1.700592;0.5767517;-1.5213928
1521665178083;-2.06073;1.2871705;-1.9469604
1521665178103;-2.2593994;2.0298467;-2.0927734
1521665178116;-2.098999;1.7853395;-2.1148071
1521665178123;-1.4840088;1.169983;-1.9285583
1521665178136;-0.9100189;0.61738586;-1.454895
1521665178143;-0.7074127;0.32162476;-1.2901917
1521665178163;-1.8412781;1.4562379;-1.3057556
1521665178184;-2.4176636;2.450379;-1.6871948
1521665178197;-2.369812;3.147889;-1.7703552
1521665178203;-2.1748047;2.233582;-2.3150635
1521665178216;-1.9387512;1.2113649;-2.21521
1521665178222;-2.2382202;0.6562805;-2.1346436
1521665178235;-2.7579956;1.348755;-2.8308105
1521665178242;-3.0830688;2.39502;-3.1808472
1521665178256;-3.2860718;3.1486824;-3.972229
1521665178262;-3.3392334;3.301026;-4.545288
1521665178286;-3.0358887;1.9740907;-4.8442383
1521665178296;-2.6254883;1.0667115;-4.737915
1521665178303;-2.1264038;0.41609955;-3.7024536
1521665178317;-2.1399536;0.5432434;-3.1809082
1521665178322;-2.7322388;1.6412965;-3.5698853
1521665178335;-3.4189453;2.8474736;-3.96521
1521665178342;-3.9069824;3.6961067;-4.7019043
1521665178355;-3.8202515;3.9680183;-4.8706055
1521665178362;-3.3856812;3.5984504;-4.7353516
1521665178385;-2.3736572;1.3249208;-4.574341
1521665178395;-2.2175293;0.61512756;-3.69635
1521665178402;-3.6173096;2.2755132;-3.668213
1521665178415;-4.2574463;3.2895515;-3.7525635
1521665178422;-4.5947266;3.7786262;-4.015503
1521665178436;-4.508667;3.4426887;-3.8869019
1521665178443;-4.326294;2.5897832;-4.0219727
1521665178456;-4.0462646;1.8989869;-4.6115723
1521665178463;-3.8233032;1.1103517;-4.2215576
1521665178484;-4.824585;2.360474;-5.3048096
1521665178495;-5.1359863;2.9015508;-5.619873
1521665178502;-4.901245;2.4579473;-5.1851807
1521665178515;-4.7019043;2.026795;-5.061035
1521665178522;-0.114494324;3.0220344;0.3185196
1521665178536;0.17770004;2.4899297;0.5872803
1521665178542;0.5448761;1.9301149;1.7816774
1521665178555;0.5615845;1.7530214;1.9470826
1521665178562;0.1386795;2.8298345;0.8226471
1521665178586;0.033856392;4.5354023;0.78048706
1521665178595;-0.07253075;4.833498;1.1163636
1521665178602;-0.13688278;4.499758;1.5419313
1521665178615;0.10262871;3.6659553;1.753235
1521665178622;0.6146698;3.0625007;1.987549
1521665178638;0.46876526;4.566042;1.31839
1521665178653;0.17029572;5.2000756;0.78334045
1521665178704;0.053910255;5.2679467;0.88453674
1521665178709;-0.11301994;5.2099633;0.9189148
1521665179127;0.5006256;4.607546;-2.5144043
1521665179135;-0.5970154;3.0756843;-1.7076416
1521665179138;-0.370224;2.936524;-1.5310059
1521665179152;0.011677742;2.6715703;-0.8982849
1521665179158;0.2837677;2.6369023;-0.3383255
1521665179173;0.21640015;2.5717778;0.002439499
1521665179178;0.14234161;2.5349126;0.16429901
1521665179192;-0.2368927;2.5559697;0.025897026
1521665179198;-0.77178955;2.5993047;-0.18298721
1521665179212;-0.9411926;2.7045903;-0.21517563
1521665179218;-0.7752991;2.4025273;0.19572449
1521665179232;-0.20927429;2.031983;0.9419861
1521665179245;0.17820358;1.8266603;2.0135503
1521665179265;0.2958374;2.1839604;2.4459233
1521665179286;-0.23131943;2.2582402;1.9700929
1521665179291;-0.74295044;2.0184941;0.7924042
1521665179304;-0.88822937;1.1198121;0.3809662
1521665179316;-0.13319778;0.16796875;1.661316
1521665179326;-0.049183846;0.16280365;1.8050843
1521665179337;-0.34898376;0.5718231;1.5776063
1521665179343;-0.697525;0.45468903;1.6189576
1521665179369;-1.1500244;-0.05008793;1.227295
1521665179387;-0.9980469;-0.67878723;1.2266542
1521665179405;-6.7281723E-4;-1.5517273;2.7762456
1521665179417;0.21970367;-0.74749756;3.7097785
1521665179424;-0.24199295;-0.28554535;3.2716682
1521665179443;-1.1619568;-0.079610825;2.4081426
1521665179466;-1.0040894;-1.0327454;2.83783
1521665179486;-0.37997437;-2.0858765;3.561402
1521665179508;-0.40820312;-2.2175903;3.5371711
1521665179565;-1.4416199;-1.2271729;2.214539
1521665179570;-0.9006195;-2.716858;2.372437
1521665179586;-0.6400299;-3.5114746;2.304566
1521665179597;-0.75561523;-3.2645264;1.993744
1521665179607;-0.90286255;-1.5664368;1.142975
1521665179614;-0.5315094;-2.3032837;1.6501161
1521665179620;-0.24345016;-2.9406738;1.865265
1521665179633;-0.25681305;-3.2506104;1.689972
1521665179652;0.057084084;-3.4193115;1.9926149
1521665179662;0.26730347;-2.4025269;2.822205
1521665179693;-0.7540436;-0.9135437;1.952057
1521665179699;-0.83106995;-1.0879822;1.4546815
1521665179713;-0.80848694;-1.4285583;1.3424684
1521665179720;-0.4747467;-1.9588013;1.5008546
1521665179732;-0.06302261;-2.2508545;1.7275087
1521665179739;0.34246063;-2.2468872;1.9657289
1521665179842;-0.86094666;-1.7929993;1.2801515
1521665179877;-0.5725708;-2.0639648;1.0448304
1521665179883;-1.0627136;-1.9482727;0.36301422
1521665179893;-0.79093933;-2.0238647;-1.2166138
1521665179899;-0.344635;-2.1851196;-2.868164
1521665179912;0.18618393;-2.4087524;4.6522236
1521665179919;-0.093164444;-2.3634033;4.0065937
1521665179933;-0.2843399;-2.4245605;3.8967292
1521665179939;-0.59716797;-2.2368164;3.8220222
1521665179952;-1.0403137;-2.138977;3.6247566
1521665179959;-1.2501831;-2.079712;3.3741462
1521665179973;-1.192749;-2.0630493;3.3195808
1521665179979;-0.7756195;-2.4106445;3.7081916
1521665179996;-0.76013184;-2.4933472;3.738282
1521665180003;-0.92726135;-2.211914;3.467591
1521665180015;-1.0061035;-2.099121;3.4549568
1521665180022;-1.1715088;-1.8895874;3.6473396
1521665180036;-1.3062134;-1.7739258;3.6414802
1521665180042;-0.22662354;0.26379395;5.6545434
1521665180057;-0.15186691;0.0711422;5.3076196
1521665180064;-0.005133629;0.087999344;5.059939
1521665180083;0.31913757;0.4656372;4.9107685
1521665180096;0.52279663;0.6537018;4.8811054
1521665180104;0.6194763;0.78260803;5.090945
1521665180117;0.5771332;0.8326111;5.015017
1521665180123;0.35485077;1.0316774;4.9000263
1521665180136;0.11992645;1.0871888;4.979738
1521665180145;0.07334709;1.1557924;4.730837
1521665180165;0.14038849;1.3255006;4.1645527
1521665180185;0.16913605;1.4037172;4.0480976
1521665180190;0.14177704;1.4476014;3.9583137
1521665180203;-0.10130119;1.4964906;3.6431282
1521665180217;-0.22437286;1.2259218;3.5080574
1521665180225;-0.16743088;1.1885377;3.3733528
1521665180245;-0.4649048;1.5581666;3.0208747
1521665180265;-0.51560974;1.7123414;2.707337
1521665180284;-0.4713974;1.6111757;2.561768
1521665180297;-0.5024414;1.5716249;2.5049443
1521665180304;-0.58099365;1.4982606;2.803101
1521665180317;-0.72094727;1.6522523;2.8640752
1521665180324;-1.1808777;1.7467347;2.4396977
1521665180343;-1.404602;1.8968202;1.9741517
1521665180355;-1.4899597;1.9874269;1.5360719
1521665180363;-1.4683228;1.7852174;1.3047487
1521665180368;-1.607605;-0.08795166;0.622818
1521665180396;-1.0072327;-0.5837097;0.7361145
1521665180406;-1.6704102;-0.27884674;0.4663849
1521665180416;-2.125;0.36367035;0.13263321
1521665180423;-2.5323486;0.88157654;-0.350914
1521665180435;-2.6762695;1.2231447;-1.1232605
1521665180442;-1.9665222;0.47981262;-1.2161865
1521665180456;-1.5079346;-0.08187103;-1.1454163
1521665180462;-1.409668;-0.24660873;-1.026062
1521665180477;-1.6299133;-0.04890728;-0.97706604
1521665180482;-1.9351196;0.64198303;-1.0449219
1521665180505;-2.7060547;2.0463262;-1.6565552
1521665180525;-2.673584;2.2098393;-2.3415527
1521665180545;-1.7980652;1.3194276;-1.9724426
1521665180566;-1.5973511;1.2751466;-1.5784912
1521665180584;-2.0117798;1.996277;-2.1489868
1521665180588;-2.6090698;2.6765141;-2.3826904
1521665180605;-3.1853638;3.7791145;-2.8885498
1521665180625;-2.1550903;3.0460212;-2.8239746
1521665180645;-1.4979553;1.7133485;-2.665039
1521665180665;-3.5742188;4.3028584;-4.5024414
1521665180682;-3.4312744;4.6107197;-4.708618
1521665180688;-2.9557495;3.9871223;-4.531494
1521665180706;-2.19281;1.755951;-5.3654785
1521665180726;-2.0421143;1.2343446;-4.2320557
1521665180746;-3.0438843;3.2507942;-4.564331
1521665180765;-3.6141968;4.318117;-5.291504
1521665180786;-3.2783813;2.9959722;-3.8949585
1521665180805;-3.3585205;1.497101;-4.194458
1521665180826;-3.9854126;1.7466127;-3.6049805
1521665180846;-4.7823486;3.1372077;-3.577942
1521665180865;-4.8813477;2.2208867;-3.1729126
1521665180884;-4.5600586;1.2795717;-3.7735596
1521665180897;-5.0148926;1.5049745;-5.6623535
1521665180904;-5.0285645;1.951172;-4.775635
1521665180925;-4.319214;1.5121461;-2.753418
1521665180944;-4.140381;0.91108704;-3.652588
1521665180965;-4.699463;2.3162847;-4.4744873
1521665180984;0.0837574;4.2542744;1.8216249
1521665181005;0.25164032;3.5823982;2.565247
1521665181025;-0.075538635;4.0830097;1.8846742
1521665181091;-0.38951874;3.898194;1.437378
1521665181106;-1.3682861;3.920655;-0.23367691
1521665181121;-1.3118286;3.8367927;-1.0989685
1521665181155;-0.82455444;2.8823857;-1.0255737
1521665181183;-0.83862305;3.283509;-0.36531067
1521665181315;-0.9924011;4.3029804;-0.46903992
1521665181327;0.22393036;4.582033;-0.14425278
1521665181336;0.34436798;4.027956;-3.0948486
1521665181340;0.17172241;4.8599873;-3.2662964
1521665181353;-0.25489807;5.0814233;-2.3137817
1521665181360;-0.7094879;5.4565454;-3.0106812
1521665181374;-1.3362427;5.4288354;-3.6341553
1521665181380;-1.3609924;4.5238056;-3.6101074
1521665181393;-0.98643494;3.7230232;-3.1954346
1521665181401;-0.49367523;3.556214;-2.6726074
1521665181413;-0.056915283;3.950257;-1.8017578
1521665181420;-3.3164024E-4;4.6921406;-1.6541138
1521665181434;-0.23665237;5.1998315;-1.5474548
1521665181440;-0.8504181;4.9069843;-2.0915527
1521665181454;-1.3791504;4.4869404;-3.057251
1521665181460;-1.3790894;3.7420661;-3.6261597
1521665181475;-0.7958374;3.2791755;-3.3591309
1521665181480;-0.089422226;3.2462165;-2.855957
1521665181493;0.47720337;3.330262;-2.432434
1521665181500;0.85014343;3.16388;-1.8388672
1521665181513;0.42768097;3.203736;-2.1588745
1521665181520;-0.1809082;3.4307258;-1.9113464
1521665181534;-0.91722107;3.316468;-1.5860596
1521665181540;-1.501648;3.599488;-1.9867249
1521665181554;-1.856781;3.814759;-1.7043457
1521665181560;-1.4506836;3.2252204;-1.5974121
1521665181582;0.77830505;2.3582768;0.53549194
1521665181597;0.12601471;3.0182502;0.3617401
1521665181602;-0.7514496;3.2518318;0.33946228
1521665181616;-1.3791504;3.0569465;0.23855972
1521665181622;-1.7933044;2.714295;-0.14022827
1521665181646;-0.34688568;1.3879396;-0.1421814
1521665181665;0.33869934;1.4187623;-0.17062378
1521665181676;0.26220703;2.1975102;-0.6973419
1521665181693;-0.60432434;2.6146855;-0.5737152
1521665181707;-1.2090149;1.2830507;-0.048750877
1521665181726;-0.19282913;0.2098732;1.0513917
1521665181746;0.4982071;1.1076051;2.9138188
1521665181762;-0.29144287;2.6348271;2.6228642
1521665181771;-1.1488342;3.0934455;2.089356
1521665181787;-1.5149231;2.2255864;2.3095098
1521665181792;-1.3165283;0.8418579;2.7115483
1521665181801;-0.06528664;-0.46572113;3.2996223
1521665181808;0.36837006;-0.40480042;3.7846687
1521665181825;-0.75671387;1.0400697;4.2827168
1521665181843;-1.6157227;1.5279237;3.3585823
1521665181849;-1.9811401;0.973526;2.61554
1521665181865;-0.93611145;-1.6288452;2.5001836
1521665181886;-0.4094696;-2.1555786;2.8998418
1521665181889;-0.044596672;-2.3110352;3.1337287
1521665181900;-0.07645416;-2.015625;3.3100593
1521665181910;-0.72094727;-1.089325;2.4230962
1521665181926;-1.382721;-0.14961624;2.157044
1521665181946;-0.5773926;-1.7013855;4.0950947
1521665181965;-0.38491058;-2.6833496;4.3671894
1521665181987;-0.57702637;-2.734558;3.8151252
1521665181993;-0.671463;-2.5285645;3.4562995
1521665182002;-0.94932556;-2.1383057;3.3156745
1521665182013;-1.1581726;-1.8383179;3.121949
1521665182029;-1.269043;-1.6802063;3.1192024
1521665182055;-0.8294678;-2.3865356;3.4972541
1521665182124;-0.5759735;-3.4049072;3.5393684
1521665182132;-1.2471619;-2.852295;3.3276985
1521665182147;-1.7775269;-3.229187;2.9232183
1521665182157;-1.6237793;-3.1121216;2.8773198
1521665182187;-1.1907654;-3.5304565;1.9787294
1521665182196;-1.2958069;-3.2768555;1.9407045
1521665182202;-1.2222595;-3.302124;1.952057
1521665182215;-1.185669;-3.251831;1.949524
1521665182222;-0.95977783;-3.2161255;1.9279786
1521665182235;-0.6555481;-3.430481;1.9474794
1521665182242;-0.50497437;-3.4244995;2.007813
1521665182417;-0.14258194;-2.8669434;1.414795
1521665182427;-0.38469696;-3.1644287;-1.0392151
1521665182436;4.4764423;-1.5271606;10.321299
1521665182441;3.4975593;-1.4952087;9.835458
1521665182455;2.5879521;-1.2704468;9.427255
1521665182461;2.1133428;-0.97314453;9.052987
1521665182476;1.8086244;-0.5430603;8.986824
1521665182481;1.4142762;-0.36907196;8.489021
1521665182494;1.1598512;-0.15424728;7.958011
1521665182501;0.9702759;-0.022959232;7.6844516
1521665182527;0.87109375;0.32080078;7.204593
1521665182547;0.5443573;0.45470428;6.5551786
1521665182566;0.03381729;0.62661743;6.0656767
1521665182586;0.088630676;0.6741333;5.968386
1521665182592;0.13187408;0.6847687;5.8389916
1521665182605;0.21615982;0.7913971;5.1339135
1521665182626;-0.21662521;1.263611;4.6993427
1521665182644;-0.35714722;1.4885865;4.6517353
1521665182648;-0.4204712;1.5865785;4.4090595
1521665182666;-0.23170853;1.1344606;3.9489143
1521665182687;-0.36965942;0.95062256;3.9253547
1521665182691;-0.6557312;1.0377809;3.7515266
1521665182705;-0.74827576;1.7215577;3.254151
1521665182726;-0.85528564;1.5933534;2.6969
1521665182746;-1.2735596;1.4403688;2.3243413
1521665182767;-1.3884277;0.94807434;2.2565923
1521665182786;-1.3880005;0.9555664;1.8855287
1521665182791;-1.6347351;-0.34703827;0.9481354
1521665182804;-1.6654053;-0.16073227;0.7193756
1521665182809;-1.7458191;0.067998886;0.4757843
1521665182826;-2.3441772;0.5750885;-0.058919907
1521665182846;-2.3510742;0.332901;-0.19537735
1521665182870;-2.1018066;-0.0728817;-0.45429993
1521665182880;-1.7508545;-0.4370041;-0.54551697
1521665182892;-1.7963867;-0.5341797;-0.6777954
1521665182907;-2.2365112;0.22941208;-0.7464142
1521665182914;-2.4868164;0.9027252;-0.58924866
1521665182926;-2.8153687;1.6996156;-0.9686279
1521665182945;-2.8978271;1.2556459;-1.836792
1521665182966;-2.9694824;2.1048589;-2.458496
1521665182985;-2.8875732;2.4930425;-2.6924438
1521665182997;-3.0480347;2.126038;-2.352539
1521665183004;-3.2755737;1.709076;-2.3997803
1521665183017;-3.3394775;1.4384767;-2.3634033
1521665183024;-3.383667;1.3918763;-2.69635
1521665183037;-3.314331;1.7262269;-3.3270264
1521665183044;-3.3520508;2.3552861;-4.0317383
1521665183057;-3.5336914;2.9091191;-4.9561768
1521665183064;-3.6971436;3.4341438;-5.2421875
1521665183087;-3.9598389;3.184388;-5.243042
1521665183107;-3.2166748;1.6627809;-4.428467
1521665183127;-3.5802612;2.1211553;-5.67395
1521665183141;-3.9019165;2.943726;-6.470581
1521665183148;-3.921997;3.7561042;-6.6071777
1521665183161;-3.8030396;3.6522224;-5.1361084
1521665183168;-3.824829;3.064698;-5.00708
1521665183187;-4.0596924;2.4704595;-5.547241
1521665183207;-3.927185;3.950074;-6.8310547
1521665183227;-3.052246;3.406861;-5.4678955
1521665183241;-3.3391724;2.7290044;-5.091797
1521665183248;-3.7722778;2.4832768;-4.810425
1521665183261;-4.19458;2.2588506;-4.4831543
1521665183268;-4.5863037;3.0106819;-4.897217
1521665183286;-4.7678223;3.6613777;-6.069336
1521665183292;-4.8221436;3.988465;-6.8187256
1521665183301;0.0034227371;5.058596;-1.3860474
1521665183308;0.66622925;4.279299;-0.53323364
1521665183321;1.001465;3.5651863;0.31682587
1521665183328;1.0686952;3.1963508;1.0860597
1521665183341;0.49108124;3.1477058;1.2065431
1521665183348;-0.18349838;3.889405;0.460083
1521665183447;-0.861084;5.2761254;-0.0855999
1521665183449;-0.5569916;3.6141365;-0.82785034
1521665183513;0.8203125;3.0859993;0.7291107
1521665183534;-0.3897705;4.18384;-1.5669556
1521665183545;1.4316407;4.161379;0.07347107
1521665183597;-0.63931274;5.7366967;-2.3916016
1521665183605;1.0104066;4.6972675;-1.6773987
1521665183625;1.1318666;5.5900903;-0.9760437
1521665183636;0.38272858;5.9949975;-1.0623169
1521665183645;-0.47093964;6.137576;-1.5030518
1521665183657;-0.6655731;5.7882104;-1.7712708
1521665183663;-0.23194504;5.337649;-1.8243713
1521665183683;1.1370851;4.941286;-0.71928406
1521665183697;1.0998536;5.301638;-0.74072266
1521665183704;0.8892517;5.084719;-0.5479584
1521665183723;-0.485672;4.953249;-2.2372437
1521665183736;-0.70780945;4.9389668;-2.5392456
1521665183743;-0.56430054;4.5460224;-2.123108
1521665183756;-0.04657173;4.0061054;-1.7469482
1521665183762;0.41357422;3.3579109;-1.1165161
1521665183783;0.72042847;2.829163;-0.11273384
1521665183796;0.19545746;3.403443;-0.3622589
1521665183805;-0.277565;3.9375618;-0.46894836
1521665183825;-0.11176109;3.6748054;-0.66090393
1521665183847;0.8975525;3.248658;0.65097046
1521665183866;0.85569763;2.9891362;1.1118165
1521665183871;0.6430664;3.0357673;1.0587159
1521665183897;0.24653244;3.02472;0.3406601
1521665183903;0.015345573;2.8484502;-0.21199799
1521665183913;-0.2052803;2.2684941;-0.52563477
1521665183923;0.0067248344;1.7816163;-0.17178345
1521665183930;0.37800598;1.3793641;0.7419586
1521665183942;0.5241089;1.1358339;0.9901428
1521665183949;0.14343643;1.3620912;0.82418823
1521665183967;-0.96121216;1.7322389;-0.3970337
1521665184002;-0.8731384;0.80158997;-0.022110462
1521665184010;-0.3030014;0.29732513;0.6218109
1521665184031;-0.06171894;-0.05585766;0.96136475
1521665184041;0.20077515;-0.27794647;1.9144593
1521665184054;-0.24065018;0.60369873;3.0067146
1521665184066;-1.4411621;1.0121461;1.7095643
1521665184070;-1.0360413;0.3035965;2.0713506
1521665184095;-0.3468933;-0.46685028;2.7297978
1521665184104;-0.18214417;-1.0394897;4.0130634
1521665184125;-1.5504761;-0.27378845;3.5049446
1521665184144;-2.0598145;-0.8470001;2.4639897
1521665184165;-1.374115;-2.1750488;2.3348393
1521665184184;-1.2989502;-2.8756714;2.3496099
1521665184207;-1.4240417;-2.7072754;2.6148686
1521665184210;-1.5870972;-2.5877686;3.1079109
1521665184236;-1.855835;-2.925232;3.4406135
1521665184246;-2.005127;-3.5197144;2.726807
1521665184326;-1.7836304;-3.2183838;2.8580937
1521665184346;-1.2063293;-2.7996826;3.7635505
1521665184358;-1.1103516;-2.9226074;3.4923713
1521665184372;-0.9421387;-2.9448242;3.3064582
1521665184422;-1.148346;-2.3322754;2.692078
1521665184438;-1.0910034;-2.684204;1.786255
1521665184495;-0.9385376;-2.810669;1.2015687
1521665184506;0.45812225;-2.2056885;3.609681
1521665184524;-0.3557968;-1.8852234;3.061097
1521665184537;-0.44728088;-1.9483643;2.6947637
1521665184544;-0.7351532;-2.0667114;2.6143193
1521665184557;-0.9305725;-2.059082;2.5432134
1521665184564;-0.9169769;-2.243042;2.533692
1521665184586;-0.78219604;-2.343872;2.407044
1521665184605;-1.0591431;-2.2855835;2.1841435
1521665184617;-1.1086121;-2.309204;2.1282964
1521665184625;-1.1553955;-2.2086182;2.1094975
1521665184637;-1.0508728;-2.1577759;2.2640386
1521665184646;-0.8913269;-2.114685;2.2432256
1521665184661;-0.8799896;-2.0245972;2.2262578
1521665184668;-0.12598038;0.06861687;3.8410041
1521665184693;-0.02670002;0.21761703;4.0219746
1521665184706;-0.10506439;0.35281372;3.9114997
1521665184710;-0.1577797;0.54519653;3.5849006
1521665184721;-0.23831558;0.7484894;3.5841682
1521665184728;-0.22208405;0.7574463;3.707276
1521665184747;-0.30575562;0.7666321;3.7803352
1521665184761;-0.4855652;0.87379456;3.6502082
1521665184768;-0.6645355;1.1705934;3.5583503
1521665184789;-0.7759247;1.5083009;3.2820442
1521665184802;-0.8166809;1.1790468;3.094239
1521665184811;-0.7783661;0.814621;3.0794075
1521665184822;-0.9192352;0.56066895;2.9239507
1521665184830;-1.1184998;0.5015259;2.5491948
1521665184842;-1.2194214;0.5319824;2.552979
1521665184850;-1.709137;-0.92349243;1.9429017
1521665184861;-1.6661682;-0.7786255;1.6890565
1521665184870;-1.7785034;-0.67149353;1.6627504
1521665184893;-2.2328491;-0.5089874;1.3527528
1521665184901;-2.3291626;-0.5023804;1.2609254
1521665184908;-2.3104248;-0.2369461;1.136139
1521665184921;-2.047058;-0.25927734;0.9638977
1521665184928;-1.8525085;-0.32261658;1.1332704
1521665184941;-2.0862427;0.012379885;0.9674225
1521665184948;-2.3393555;0.37639618;0.7996216
1521665184963;-3.1027222;0.9711151;0.18777847
1521665184973;-3.28833;1.162018;-0.46903992
1521665185003;-2.9644775;1.1244813;-1.6617126
1521665185011;-2.3972778;0.75460815;-1.3791199
1521665185027;-2.3450317;1.2192079;-1.5062561
1521665185047;-3.2755737;2.0021367;-2.1186523
1521665185067;-3.2720337;2.4276128;-3.0631104
1521665185084;-2.762268;2.0017705;-3.1113281
1521665185090;-2.2599487;1.6192323;-2.8153687
1521665185103;-2.1674805;1.616913;-2.4959717
1521665185111;-2.4692993;2.2997441;-2.293457
1521665185124;-2.8862305;2.992127;-2.2752686
1521665185131;-3.4266357;3.5435798;-2.5847168
1521665185143;-3.8009644;4.097414;-3.1757202
1521665185150;-4.0723877;4.1298847;-3.9244385
1521665185163;-3.8045654;3.5519416;-4.137451
1521665185170;-3.1349487;2.6151738;-3.829712
1521665185194;-2.9519043;2.723267;-4.092407
1521665185203;-3.5625;3.4478767;-4.4924316
1521665185210;-4.000366;3.889344;-4.574829
1521665185223;-4.286743;3.9367683;-4.5786133
1521665185231;-4.182007;3.4804084;-4.686157
1521665185243;-3.784912;2.8303227;-4.8847656
1521665185250;-3.3319702;2.1550298;-4.737793
1521665185264;-3.5263062;2.1475224;-4.8240967
1521665185269;-4.293579;2.9467168;-5.5775146
1521665185292;-4.6798096;3.6929328;-5.9696045
1521665185303;-4.8511963;3.5198982;-5.3303223
1521665185310;-4.652832;2.6353765;-5.135498
1521665185323;-4.468994;1.7635194;-5.196167
1521665185331;-3.9864502;1.4056703;-4.53833
1521665185346;-3.5665894;1.4050599;-3.7072754
1521665185351;-3.99646;2.4459233;-4.036621
1521665185363;-4.588745;3.7293708;-5.025635
1521665185370;-5.095215;4.3582783;-5.276123
1521665185433;-4.489502;1.6712037;-3.5133667
1521665185446;-5.4541016;4.6831074;-4.337036
1521665185463;-5.4375;3.6518562;-4.5198975
1521665185468;-0.56996155;4.4749775;0.51246643
1521665185486;0.86898804;3.7390144;0.9884491
1521665185687;-0.9340973;6.779544;-0.29203033
1521665185697;-0.97384644;6.081912;-1.5093079
1521665185707;0.47040558;7.7155795;-1.2052002
1521665185725;-1.1191101;6.8521757;-2.6920776
1521665185745;0.18992233;6.389041;-2.012268
1521665185765;1.5800172;5.9633813;-1.272522
1521665185785;-0.06038189;5.8388696;-1.8971252
1521665185805;-0.849411;5.881106;-2.4503784
1521665185825;0.7772217;5.4027123;-2.4782715
1521665185838;1.5334474;4.985964;-1.4091187
1521665185848;1.655945;4.819216;-0.7387085
1521665185861;1.1266786;4.7836933;-0.022102356
1521665185868;-0.6935272;5.4880395;-0.85350037
1521665185887;-0.7562256;4.4823017;-1.3528748
1521665185907;0.9966736;3.0130012;-0.33602905
1521665185927;0.8292084;3.5343025;0.6851196
1521665185950;-1.0904236;3.5651863;1.0748597
1521665185964;-1.7238159;3.1646125;0.59669495
1521665185970;-1.7752991;2.5972295;0.502121
1521665186004;-1.2817993;2.3044438;0.4429779
1521665186013;-0.6646271;1.8213197;1.280945
1521665186019;-0.6473694;1.3646852;1.5721742
1521665186035;-0.7342224;0.6069336;2.7337651
1521665186056;-0.9170227;0.6217346;3.092591
1521665186067;-1.3371277;1.035309;2.6048589
1521665186070;-1.4125977;1.1322328;2.0847173
1521665186095;-0.75897217;0.87353516;2.4542851
1521665186102;-0.22315979;-0.57850647;3.5653083
1521665186108;0.37046814;-1.2050476;4.5582294
1521665186126;0.39052582;-1.2955322;4.7718525
1521665186129;-0.27090454;-0.7000122;4.323366
1521665186142;-1.0629883;0.31201935;3.3418586
1521665186148;-1.4964905;0.840683;2.5103765
1521665186160;-1.4211731;0.26615143;2.3911138
1521665186168;-0.9138489;-0.84375;2.3451543
1521665186187;0.17702484;-2.4943848;2.71637
1521665186207;-0.050029755;-1.9936523;4.329958
1521665186220;-0.8143158;-1.1405029;4.80237
1521665186228;-1.5041809;-0.19540024;4.2056904
1521665186241;-1.652832;-0.04173851;3.1407478
1521665186248;-1.3843079;-0.43827057;2.346497
1521665186271;-0.31197357;-2.4453735;2.8753057
1521665186297;-0.19010162;-2.6516724;3.0916145
1521665186339;-0.064596176;-2.848999;3.7286384
1521665186354;-0.1999855;-2.6877441;4.411989
1521665186362;-1.2338257;-1.2276306;4.328127
1521665186377;-1.6330566;-2.548706;2.4114995
1521665186379;-1.3088379;-2.9985962;2.7028203
1521665186391;-0.8588562;-3.5946655;2.9372563
1521665186403;-0.7151489;-3.6047974;3.0084846
1521665186408;-1.0247192;-3.4487915;2.9307256
1521665186427;-1.3886414;-3.1845703;2.0018315
1521665186457;-1.1464844;-3.8824463;1.811432
1521665186472;-0.94332886;-4.0858154;2.1392827
1521665186487;-0.9660034;-4.1309814;1.0833436
1521665186488;-1.0907288;-4.0906982;0.23124695
1521665186506;-1.3045044;-3.2728882;-2.04187
1521665186534;-0.5345001;-3.2650146;5.3801293
1521665186552;-0.49111938;-3.49115;4.892214
1521665186596;-0.68336487;-4.05542;4.6846943
1521665186627;-1.420929;-2.893982;4.349245
1521665186629;-1.5446472;-3.283081;3.4705207
1521665186646;-1.7539978;-2.7891846;3.2849128
1521665186666;-1.2810059;-2.432251;3.7631233
1521665186686;-0.8062439;-2.7190552;3.4925544
1521665186706;-1.2914734;-2.3150024;2.6369023
1521665186727;-1.1842041;-1.8136597;2.9212651
1521665186741;-0.86953735;-1.8670349;2.9509282
1521665186750;-0.6907501;-2.0195312;2.7414556
1521665186762;1.0252076;1.0320436;4.4769306
1521665186769;0.7408905;1.3016664;4.3465595
1521665186796;0.7112427;1.3611146;4.0284443
1521665186806;0.607193;1.3011781;3.6677864
1521665186812;0.25584412;1.3621522;3.5000618
1521665186826;0.15725708;1.5256044;3.3952034
1521665186833;0.07501793;1.6759645;3.415406
1521665186845;-1.3166199;-1.4091187;1.9165956
1521665186850;-1.1496887;-1.329773;2.0551763
1521665186864;-1.1508789;-1.3615112;2.1568608
1521665186871;-1.5445862;-1.2556763;1.7750856
1521665186893;-1.7156677;-1.148529;1.6296998
1521665186905;-1.5977783;-0.9332733;1.4241945
1521665186912;-1.4315491;-0.8114929;1.4132386
1521665186925;-1.4162292;-0.8802643;1.3002626
1521665186932;-1.5735168;-0.6573181;1.0322877
1521665186954;-1.8709717;-0.120176315;1.0078431
1521665186965;-1.7305603;-0.044412613;1.1962281
1521665186972;-1.4050293;-0.042250633;1.1430055
1521665186997;-1.447113;-0.30699158;0.77593994
1521665187004;-2.0217285;0.26700592;0.13230515
1521665187014;-2.0946655;0.68315125;0.23142624
1521665187023;-2.0420532;0.9711304;0.3499298
1521665187034;-1.9137268;1.031067;0.3457718
1521665187044;-1.9026489;0.6753235;0.66296387
1521665187051;-2.2001343;0.6265564;0.39276123
1521665187077;-2.374817;0.5393982;-0.23345566
1521665187095;-2.5473633;0.6664734;-1.0439453
1521665187114;-2.7520142;1.4923097;-2.5794067
1521665187124;-2.407837;1.9232484;-1.9767456
1521665187132;-1.684967;0.98739624;-1.2949524
1521665187143;-1.798523;0.5122986;-1.6163635
1521665187150;-2.1139526;0.46418;-2.1194458
1521665187161;-2.4329834;0.9236908;-2.722046
1521665187168;-2.701294;1.8218995;-3.0632935
1521665187185;-2.367859;2.5695195;-2.8900757
1521665187189;-2.0300293;3.0449836;-2.2997437
1521665187202;-1.7563477;3.1940925;-1.7986145
1521665187209;-1.8974915;2.9277349;-1.5925293
1521665187222;-2.9987183;2.5510259;-2.362732
1521665187229;-3.2174072;2.738648;-2.8771973
1521665187245;-3.1831055;3.2612312;-3.5376587
1521665187253;-2.8703613;3.6975105;-4.337036
1521665187271;-2.178894;2.9152226;-3.9231567
1521665187294;-3.0646362;2.3624883;-3.5393066
1521665187305;-3.5961914;2.2900395;-4.046509
1521665187312;-3.890442;2.5329595;-4.5218506
1521665187326;-3.9829102;2.787171;-4.6987305
1521665187332;-4.014038;2.960999;-5.053833
1521665187344;-3.8135986;2.9445195;-5.066284
1521665187351;-3.7253418;2.82898;-5.444092
1521665187365;-3.5690308;2.7395635;-5.5098877
1521665187372;-3.5749512;2.6886601;-5.3250732
1521665187391;-3.8780518;2.593018;-5.2508545
1521665187414;-3.776062;1.7986146;-5.008423
1521665187425;-3.7442627;1.8462526;-5.243286
1521665187433;-3.6947632;2.1774297;-5.0098877
1521665187445;0.06721878;4.328493;1.056122
1521665187452;-0.37442017;6.242923;0.07561493
1521665187465;-0.20756531;5.806643;0.20833969
1521665187472;0.34412384;4.7056904;0.6775665
1521665187492;1.387909;2.4735112;0.842926
1521665187504;0.7736511;3.1838386;0.29623413
1521665187511;0.090826035;4.9227314;-0.47130585
1521665187524;-0.03722191;6.1313505;-0.22281647
1521665187531;-0.13356018;6.352298;0.84609985
1521665187543;-0.26168823;5.6147485;0.996109
1521665187551;-0.28218842;4.8344746;0.24321747
1521665187563;-0.16417313;4.189211;0.053678513
1521665187571;0.0075883865;4.014284;0.6352234
1521665187593;-0.57237244;5.5090356;0.07154465
1521665187643;-0.76786804;5.2171655;-0.02905178
1521665187657;-0.64079285;3.1217048;-0.38632965
1521665187665;0.22133255;3.4382331;-0.08724594
1521665187697;-0.83613586;4.3966084;0.241745
1521665187701;-1.383606;4.226076;0.26005554
1521665187747;0.3777542;4.26404;1.0008546
1521665187749;0.11412048;4.2768574;1.0907899
1521665187771;-0.57696533;4.5482197;0.5767212
1521665187933;-0.98023987;4.693239;-2.6520386
1521665187947;-0.014571667;4.283327;-1.8421936
1521665187967;0.6665039;4.64966;-0.27672577
1521665187982;0.6461487;4.5760517;-0.22682953
1521665187988;0.08429146;4.572756;-0.7889404
1521665188007;-0.5911255;4.5513935;-0.93499756
1521665188021;-0.2941742;4.227541;-0.4254074
1521665188029;0.15350723;3.561097;-0.33197784
1521665188044;0.46846008;3.104554;-0.4520645
1521665188049;0.51431274;2.787476;-0.4260559
1521665188062;0.19571304;3.179383;-0.8374634
1521665188068;-0.25177002;3.5269172;-0.940094
1521665188083;-0.39580536;3.491761;-0.6055908
1521665188088;-0.44654083;3.0445564;-0.67092896
1521665188102;-0.18940353;2.4304204;-0.723053
1521665188109;0.057988167;2.0709844;-0.6595764
1521665188122;0.17855835;2.2506719;-0.8000183
1521665188131;0.22031403;2.6356206;-0.18641663
1521665188143;0.31614685;2.1564336;0.23351288
1521665188149;0.20741653;1.3398134;0.12051964
1521665188162;-0.061392784;0.9523468;-0.5730438
1521665188169;-0.22141266;1.047577;-0.40615845
1521665188185;-0.07120705;1.3139039;0.46949005
1521665188189;0.10051918;1.6789857;1.2736207
1521665188203;0.38794708;1.7470094;1.7751466
1521665188209;0.20147324;1.6571656;1.4501039
1521665188225;-0.12680817;1.6010438;0.8698578
1521665188238;-0.41508484;1.4434816;0.31678772
1521665188255;-0.5974426;1.3769532;-0.17918777
1521665188264;-0.5214386;1.0672303;0.13470078
1521665188273;-0.0072202682;0.48253632;0.9399872
1521665188278;0.20897293;-0.067186356;1.5467225
1521665188297;0.27778625;-0.6458893;2.0280156
1521665188316;-1.0474548;-0.31621552;1.3108522
1521665188332;-1.7319946;0.14387512;0.169281
1521665188352;0.07859039;-0.99191284;2.3904424
1521665188375;0.28977203;-2.1398315;3.757569
1521665188394;-0.49557495;-1.8877563;3.5722053
1521665188399;-1.5253601;-1.0475159;2.8356328
1521665188416;-1.7377625;-0.22592926;2.1510625
1521665188426;-1.3209534;-0.7487488;2.4629521
1521665188433;-0.77342224;-1.4967957;3.012452
1521665188526;-0.45109558;-2.1659546;3.101319
1521665188536;-0.50997925;-2.7877808;3.8017585
1521665188547;-1.5753784;-1.712677;4.0098896
1521665188554;-1.5562134;-3.2653809;2.7395024
1521665188562;-1.3996582;-3.1118164;2.954163
1521665188571;-1.2697754;-3.048706;3.3994148
1521665188587;-0.95977783;-3.711914;3.738282
1521665188617;-1.1087036;-3.7556152;3.5823371
1521665188620;-0.97413635;-3.699646;3.5462043
1521665188631;-0.2745285;-2.4457397;5.5577416
1521665188642;-0.023688316;-2.104187;6.443118
1521665188649;0.23259354;-2.058838;7.5054965
1521665188661;-1.0209961;-2.1160889;-0.2997284
1521665188668;-1.4850464;-2.270935;0.7169342
1521665188713;-0.97872925;-2.4786377;2.697022
1521665188842;-1.0079956;-2.577942;2.8192754
1521665188855;-0.5882721;-0.72636414;4.3081074
1521665188861;-0.4820404;-0.66922;4.2891865
1521665188868;-0.38110352;-0.58535767;4.031496
1521665188882;-0.46888733;-0.45423126;3.83899
1521665188888;-0.5818176;-0.21446228;3.7287605
1521665188903;-0.6171875;0.10160828;3.7569587
1521665188909;-0.7576294;0.15442657;3.8074348
1521665188922;-0.68943787;0.21816254;3.8466804
1521665188930;-0.38446045;0.012732983;4.137453
1521665188942;-0.5041809;-0.20844269;3.8158576
1521665188951;-0.67733765;-0.1273613;3.469422
1521665188967;-1.0132751;0.19808578;2.988587
1521665188976;-1.2306519;0.23329163;2.817078
1521665189003;-1.3356323;-0.038098335;2.6522222
1521665189014;-1.7564697;-2.0584106;1.7105714
1521665189032;-1.9073792;-1.4603271;1.8831178
1521665189046;-2.0339966;-1.2055359;1.8533937
1521665189054;-2.1225586;-0.94503784;1.546753
1521665189067;-2.301941;-0.95028687;1.2458497
1521665189074;-2.4854736;-0.86479187;0.8462219
1521665189094;-2.3805542;-0.7139435;1.0328676
1521665189107;-1.9237976;-0.47058105;1.5073854
1521665189114;-1.9914551;-0.32093048;1.5324708
1521665189127;-2.4593506;0.22741318;0.864624
1521665189135;-2.932251;0.64289856;0.08170509
1521665189147;-3.4072876;1.0170289;-0.69773865
1521665189155;-3.1392822;1.0416261;-1.056366
1521665189167;-2.3259277;0.81944275;-1.0425415
1521665189174;-1.5995483;0.41740417;-0.81300354
1521665189207;-2.3427734;1.3896486;-1.1858215
1521665189215;-3.0601807;2.2479253;-1.5442505
1521665189227;-3.4785767;2.8245244;-1.8838196
1521665189235;-3.5098267;3.0531013;-2.4556885
1521665189247;-2.9853516;2.7308354;-3.0632935
1521665189255;-2.2282715;1.9488832;-3.2046509
1521665189270;-1.6630859;1.6378785;-3.395935
1521665189280;-2.2800293;2.1134038;-3.7091675
1521665189307;-2.8070679;2.8980718;-3.6600952
1521665189316;-3.253662;3.3751228;-3.5723267
1521665189326;-3.4851074;3.4411628;-3.6107178
1521665189336;-2.8377686;2.4803472;-4.499634
1521665189343;-2.2757568;1.6244508;-4.430908
1521665189351;-2.5101929;2.2275395;-4.6018066
1521665189363;-2.973755;2.9206548;-4.3917236
1521665189370;-3.2634888;3.4021003;-4.1068115
1521665189387;-3.4611816;3.686158;-3.9989014
1521665189392;-3.541687;3.5741584;-3.631775
1521665189404;-3.4534302;3.1868904;-3.666687
1521665189411;-3.574707;2.8248296;-4.158203
1521665189424;-3.355835;2.3477178;-4.3710938
1521665189431;-3.8341675;2.320191;-5.0440674
1521665189444;-4.420532;2.8632207;-6.2633057
1521665189452;-4.635498;3.0201423;-6.6187744
1521665189467;-4.676758;2.641358;-6.4509277
1521665189476;-4.522583;2.0380254;-6.0321045
1521665189493;-4.154175;0.82211304;-5.6466064
1521665189507;-3.6403809;0.21986008;-4.3704834
1521665189515;-4.227173;0.8746033;-4.515259
1521665189527;-0.46321106;3.3485115;0.97480774
1521665189536;-0.8042755;4.340212;0.515152
1521665189555;-1.0447693;4.4191914;1.0496217
1521665189566;-0.6268463;3.4696052;1.2699586
1521665189573;-0.0321846;2.7812505;1.0696718
1521665189594;0.69721985;2.4872441;1.62735
1521665189599;0.6411438;3.1383064;1.665558
1521665189614;-0.44756317;5.1859155;0.73750305
1521665189672;0.9754486;4.1766376;0.24734497
1521665189685;0.40979767;4.907961;-0.36458588
1521665189691;-0.3163376;5.374026;-0.972229
1521665189734;-1.1988525;5.0228295;-1.8775024
1521665189745;0.7040863;4.811037;-1.4675293
1521665189758;0.3157959;5.5682397;-1.7848511
1521665189785;-0.69099426;5.5561547;-1.4593201
1521665189797;-0.31084442;5.4619164;-1.6862793
1521665189896;0.998703;5.303103;-2.4804077
1521665189903;1.2443544;4.880251;-2.1000366
1521665189910;1.0849916;5.2346215;-2.158081
1521665189924;0.3222046;5.235476;-2.59021
1521665189930;0.26851654;5.200442;-2.6295166
1521665189943;-0.08210182;4.432741;-3.6087646
1521665189951;0.17663193;4.167116;-3.8216553
1521665189963;0.98661804;3.8815315;-3.0790405
1521665189970;1.5312501;3.9528816;-2.1721802
1521665189984;1.6145021;4.421999;-1.9598999
1521665189989;1.2276918;4.4318867;-1.4146729
1521665190006;0.5168152;4.307497;-1.2943726
1521665190011;-0.24863052;4.382326;-1.4436951
1521665190025;-0.37254333;4.2645283;-1.0487976
1521665190030;0.07342911;4.0671406;-0.6212616
1521665190044;0.42086792;3.9054573;-0.5526123
1521665190049;0.50813293;3.7884529;-0.27337646
1521665190063;0.17552567;3.6259773;0.108932495
1521665190070;-0.41683197;3.5000618;0.43611908
1521665190085;-0.8621521;3.226197;0.6390991
1521665190090;-1.0398865;2.7760015;0.6940613
1521665190103;-0.9243622;2.1261601;0.37943268
1521665190111;-0.78770447;1.5662538;-0.13067245
1521665190123;-0.5748291;1.3274232;-0.32762146
1521665190131;-0.4130478;1.5024415;-0.10857773
1521665190146;-0.23778152;1.6458436;0.28791046
1521665190152;-0.3689499;1.6125795;0.7264862
1521665190165;-0.6974945;1.0300599;0.94685364
1521665190172;-0.8080139;0.6338959;1.4689637
1521665190193;-1.0944519;0.52900696;1.6953431
1521665190198;-1.2116089;0.5162506;1.6650087
1521665190216;-1.1210632;0.46240234;1.714264
1521665190237;-0.7939606;0.06032276;2.0989995
1521665190242;-0.22721481;-0.39657593;2.854981
1521665190256;-0.021573544;-0.6776123;3.1299446
1521665190267;-0.44149017;-0.51545715;3.1841438
1521665190273;-1.0558167;-0.2858734;3.123902
1521665190306;-1.5592957;-0.07253456;2.5568242
1521665190309;-1.3061523;-0.486351;2.832398
1521665190319;-0.78219604;-1.0384827;3.226258
1521665190335;-0.39000702;-1.7624817;3.5224617
1521665190348;-0.62564087;-1.6340332;3.439637
1521665190367;-1.225647;-1.2835083;3.401551
1521665190377;-1.2598572;-1.5257874;3.1651618
1521665190406;-0.9721222;-2.4526367;2.8613286
1521665190416;-0.9035187;-2.5925293;2.7933965
1521665190476;-0.9115906;-2.359497;2.8729863
1521665190478;-0.898407;-2.2937012;3.0363777
1521665190507;-1.0725403;-2.8065186;2.6146245
1521665190512;-1.186554;-2.2611084;2.5924687
1521665190525;-1.2505188;-2.083435;2.8573613
1521665190535;-1.3891907;-2.0507812;2.5971684
1521665190546;-1.3421326;-2.451538;2.625855
1521665190551;-1.1235046;-2.7139893;2.6894536
1521665190577;-0.12730789;-4.4764404;3.0792854
1521665190586;-0.3436432;-4.146118;2.448853
1521665190590;-0.5237427;-3.9447632;1.6811525
1521665190603;-0.7178955;-3.4631348;-0.64024353
1521665190610;0.0487051;-2.541565;5.507937
1521665190623;-0.5121155;-2.0839844;4.6157246
1521665190630;-0.58966064;-2.3464355;4.3757343
1521665190676;-0.5588989;-2.7020264;4.20862
1521665190727;-0.8394623;-3.4888306;3.9498909
1521665190735;-1.0819702;-2.7747192;3.5809333
1521665190741;-1.3701477;-3.1710815;3.279908
1521665190777;-1.4451599;-3.046997;3.4594734
1521665190786;-1.4212646;-2.6569214;3.8238533
1521665190795;-0.039972305;0.20287704;6.097659
1521665190816;-0.118183136;0.3380127;5.7446313
1521665190823;-0.09486961;0.6098633;5.5247827
1521665190830;-0.12498474;0.84233093;5.351565
1521665190843;-0.15243912;1.3242189;5.6116967
1521665190850;-0.13278198;1.4643556;5.6722436
1521665190863;-0.06820488;1.4184572;5.499514
1521665190870;-0.038990974;1.5277406;5.3663354
1521665190894;0.30550385;1.2266542;4.9453144
1521665190903;0.2851944;1.2257386;4.419924
1521665190910;0.15106964;1.4983522;3.9446418
1521665190923;0.07088661;1.7614137;3.8665779
1521665190930;0.15947342;2.016358;3.9164436
1521665190943;0.28100586;2.0051885;3.9874275
1521665190950;0.46601868;1.8862611;4.1624775
1521665190962;0.69218445;1.6840516;4.03467
1521665190970;0.4934311;1.799225;3.7734993
1521665190987;0.14803314;2.1506963;3.2988288
1521665190992;-0.08094025;2.5521245;3.1573493
1521665191005;-0.1289711;2.5589604;3.1691291
1521665191012;-0.10716438;2.4152837;3.0534675
1521665191025;-0.15839767;2.355164;2.546143
1521665191032;-0.23952484;2.1962285;2.353211
1521665191047;-0.31943512;2.1754155;2.5586553
1521665191056;-0.47930145;2.1843266;2.761475
1521665191076;-0.9308014;2.3469853;2.1751103
1521665191097;-1.2397156;2.0244145;1.60907
1521665191107;-1.9364319;1.5290834;0.9599304
1521665191114;-2.14563;-0.40829468;0.57684326
1521665191127;-1.8954163;-0.20035172;0.79089355
1521665191134;-1.6396179;-0.04196453;0.48867798
1521665191157;-2.1975708;0.21828079;0.07212639
1521665191177;-3.0228882;0.84576416;-0.4138031
1521665191203;-2.6521606;0.9008179;-0.646698
1521665191217;-2.1444702;0.81967163;-0.99632263
1521665191255;-2.7322388;0.98498535;-1.6456299
1521665191266;-3.2133179;1.9306642;-1.6811523
1521665191273;-3.0744019;2.0313115;-1.8321228
1521665191278;-2.7111816;1.8683168;-1.7802734
1521665191307;-2.9580078;2.12085;-3.4899902
1521665191313;-3.170227;2.9683232;-3.4208374
1521665191326;-3.156189;3.6251838;-3.16687
1521665191333;-3.128418;3.5416877;-2.9315186
1521665191346;-3.0161133;3.0391243;-2.7161865
1521665191353;-3.1366577;2.5611577;-3.1984863
1521665191365;-2.9454346;2.0950933;-3.717102
1521665191373;-2.947876;2.0125127;-3.59906
1521665191393;-3.2023926;3.1276252;-3.4455566
1521665191416;-3.513794;3.8035896;-3.3474731
1521665191436;-4.0318604;3.6018684;-3.5681152
1521665191455;-4.466919;3.0973518;-4.7266846
1521665191476;-4.559326;3.12024;-5.529419
1521665191496;-4.352295;3.0709236;-5.4954834
1521665191499;-4.0733643;2.97992;-4.768921
1521665191515;-4.124878;2.4612432;-4.42041
1521665191536;-5.568115;2.8695683;-6.8497314
1521665191555;-5.3743896;2.3823857;-6.4123535
1521665191577;-4.9748535;2.0431523;-5.53125
1521665191593;-4.8466797;1.9558717;-5.1346436
1521665191598;-4.833252;2.1280522;-4.9052734
1521665191617;-5.0289307;3.6386726;-5.5079346
1521665191674;-4.0878906;4.1208515;-3.8479614
1521665191695;-3.201538;4.9682636;-5.4370117
1521665191741;-3.645874;5.2000756;-5.0614014
1521665191754;-0.2715454;6.6074247;-1.891449
1521665191768;-0.4514084;6.225589;-1.6581421
1521665191793;0.8543854;5.636599;-0.24782562
1521665191927;0.031949997;6.7388945;0.35433197
1521665191935;1.202118;5.452761;-1.5857239
1521665191944;1.1688844;5.695559;-1.808075
1521665191951;0.74697876;5.6029077;-1.9649658
1521665191965;-0.1447792;5.230349;-2.0220947
1521665191971;-0.25497437;5.128176;-2.0725098
1521665191987;0.12820816;5.0694604;-1.4479065
1521665191991;0.55599976;5.0749536;-0.792099
1521665192005;1.0159608;5.3195825;0.00248909
1521665192011;1.0296327;5.285647;0.47708893
1521665192025;0.6046753;5.2155786;0.5305786
1521665192032;0.11453819;5.304812;0.77445984
1521665192046;-0.093559265;5.457766;1.2842103
1521665192052;0.02463913;5.3266625;1.6080323
1521665192066;0.1678276;5.0678735;1.7201539
1521665192071;0.41570282;4.6853046;1.6120301
1521665192086;0.33502197;4.262575;1.181305
1521665192091;0.13811874;4.008547;0.66186523
1521665192106;-0.062333107;3.4567878;0.5156555
1521665192114;-0.20991516;2.8732915;0.47870636
1521665192133;-0.17668915;2.0069585;0.7293091
1521665192147;-0.15327072;1.8289186;0.926239
1521665192153;-0.39323425;1.8332826;0.76008606
1521665192167;-0.64933777;1.9841005;0.49317932
1521665192173;-0.77835083;1.602295;0.65293884
1521665192205;-0.21124649;0.86709595;1.1643068
1521665192210;0.42084503;0.7674713;1.8943483
1521665192220;0.41786957;1.0012819;2.360474
1521665192240;-0.05935955;1.3093873;2.806336
1521665192256;-0.013468742;0.81884766;2.43512
1521665192277;0.013463497;0.31443787;2.601624
1521665192303;0.39804077;-0.07145882;3.0133064
1521665192316;0.39203644;-0.19229889;2.6248784
1521665192329;-0.04393387;0.07400894;2.4207768
1521665192339;-0.46381378;0.27844238;1.789673
1521665192353;-0.46855927;0.10192299;1.710663
1521665192359;-0.33585358;-0.35733795;1.7674867
1521665192385;0.2851715;-1.6272888;1.732361
1521665192456;0.047617912;-1.8592224;1.2313844
1521665192465;-0.5259857;-1.5906982;1.6260682
1521665192469;-0.28281403;-1.8477173;1.7556459
1521665192497;-0.79725647;-1.4370117;1.9682313
1521665192501;-1.166565;-1.2376404;2.278809
1521665192514;-1.3324585;-1.736969;1.8306886
1521665192537;-0.96325684;-2.2337036;2.1159062
1521665192567;-0.63946533;-2.4764404;3.2616584
1521665192572;-0.99690247;-2.09198;3.3117683
1521665192605;-1.2035828;-1.7027588;3.509034
1521665192613;-1.1274109;-2.0266113;3.5140388
1521665192625;-1.0173645;-2.2562866;3.31305
1521665192689;-1.0011902;-2.5162354;2.9116216
1521665192726;-1.4088135;-2.9559326;4.049074
1521665192733;-1.47995;-2.4716797;4.118532
1521665192747;-1.3048096;-2.3380737;4.1733418
1521665192753;-1.2441101;-2.4997559;4.289919
1521665192765;-1.3869934;-2.4458618;4.2509785
1521665192772;-1.7419128;-2.1412964;4.1783466
1521665192787;-1.7207947;-1.9629211;4.5843525
1521665192792;-1.7601624;-1.7017212;4.8361835
1521665192805;-1.7046509;-1.7052612;4.767336
1521665192812;-1.4854126;-1.9252014;4.513674
1521665192825;-0.5559845;-0.29227448;6.3619413
1521665192832;-0.50982666;-0.28431702;5.801028
1521665192845;-0.53515625;-0.01639843;5.4238305
1521665192852;-0.5193634;0.16376877;5.298098
1521665192865;-0.50315857;0.47130585;5.3054223
1521665192872;-0.48485565;0.6338501;5.27405
1521665192887;-0.097307205;0.60765076;5.5156274
1521665192893;-0.021048546;0.7498627;5.3298364
1521665192905;0.2108841;0.7464142;5.073977
1521665192912;0.36592102;0.8908539;4.6662617
1521665192925;0.2982254;0.9408722;4.526491
1521665192932;0.22697449;1.0476686;4.3154316
1521665192945;0.1724968;1.1540223;4.309572
1521665192952;0.1724205;1.4072267;4.2530537
1521665192965;0.14064026;1.694336;4.267336
1521665192972;0.18637466;1.8006288;4.1645527
1521665192987;0.15729523;1.9241334;4.0979023
1521665192992;0.18329239;1.8921205;3.9525154
1521665193005;0.29714966;1.6996156;3.7197273
1521665193012;0.17542648;1.720276;3.3176887
1521665193025;0.10850906;1.8816835;3.0339363
1521665193033;0.03093052;2.009522;2.9198613
1521665193045;-0.07421875;2.1492314;3.0604255
1521665193052;-0.16327667;2.3198247;3.0329597
1521665193065;-0.104270935;2.3142705;3.0741584
1521665193072;-0.3332901;2.4469;2.9196172
1521665193087;-0.45889282;2.516419;2.6513677
1521665193092;-0.5363922;2.3991704;2.4544683
1521665193105;-0.64100647;2.2771;2.1140141
1521665193112;-0.7258606;2.1531987;1.887787
1521665193125;-0.9412384;2.0066533;1.6623231
1521665193133;-1.064331;1.6914674;1.4431154
1521665193145;-1.4356079;1.6994935;1.2840272
1521665193152;-1.4737854;1.6161805;1.2490846
1521665193165;-1.5435181;1.3933717;1.2024843
1521665193173;-2.00177;-0.32546234;0.68573
1521665193197;-2.3657837;0.14922333;0.16628265
1521665193216;-2.175476;0.3210678;0.21509552
1521665193235;-1.9851074;0.29705048;-0.44570923
1521665193256;-2.6672974;0.9626465;-1.2595215
1521665193275;-2.9804077;1.514618;-1.62146
1521665193296;-2.8775635;1.2909852;-1.647644
1521665193298;-2.3925781;0.95022583;-1.8789062
1521665193308;-2.0118408;0.6100006;-2.1001587
1521665193319;-2.1018066;0.666626;-2.6558228
1521665193333;-2.5889893;1.1943055;-3.2000732
1521665193340;-3.0789795;2.3623052;-3.1860352
1521665193357;-2.4540405;2.6159062;-2.2874146
1521665193376;-2.423706;2.0592046;-2.7306519
1521665193404;-2.9995117;2.4484258;-3.7044678
1521665193411;-3.2172852;3.2189338;-4.048584
1521665193419;-3.1118164;3.726136;-3.8426514
1521665193431;-3.043335;3.7430427;-3.6661377
1521665193439;-2.777771;3.382569;-3.4736938
1521665193451;-2.7259521;2.6152349;-3.5420532
1521665193459;-2.7964478;2.056275;-3.309204
1521665193472;-3.168274;1.9394838;-3.0946655
1521665193478;-3.4282227;2.4865117;-3.1990967
1521665193497;-3.6331787;2.9719243;-3.7174072
1521665193501;-3.666687;3.5078743;-4.722412
1521665193511;-3.1015015;3.2254035;-4.6190186
1521665193520;-2.7817993;2.5648198;-3.9732056
1521665193532;-3.034607;2.4675298;-4.161865
1521665193540;-3.3877563;2.5537114;-4.359741
1521665193554;-3.7243652;2.5919805;-4.1083984
1521665193560;-4.44751;3.6175544;-5.2026367
1521665193574;-4.183838;3.7180183;-5.5273438
1521665193579;-3.6431274;3.1591194;-5.5684814
1521665193601;-3.5407715;2.2304692;-5.1760254
1521665193617;-4.226074;2.3617558;-4.7751465
1521665193630;-4.472412;2.910645;-4.718384
1521665193638;-4.5839844;3.3176887;-4.9193115
1521665193657;-4.5059814;3.410279;-5.494629
1521665193677;-4.797119;3.0712898;-5.0983887
1521665193701;-4.152466;3.3758552;-3.3753662
1521665193711;-4.365967;3.8229377;-3.7330322
1521665193718;-4.6745605;4.5112324;-5.1445312
1521665193777;0.59161377;7.245609;1.5814515
1521665193814;-0.58717346;5.9964623;-0.08762169
1521665193835;0.79055786;5.3265405;-0.39627838
1521665193860;0.48364258;6.1053495;-0.9825897
1521665193886;-1.2625732;6.0965605;-0.8078308
1521665194057;0.291893;6.7318144;0.71469116
1521665194067;-0.2447052;5.7778344;-2.2990723
1521665194073;1.122162;5.2951684;-1.3726807
1521665194093;0.1509819;5.7279077;-0.48429108
1521665194106;-0.41326904;5.714724;-0.5904541
1521665194113;-0.7518463;5.417361;-0.40355682
1521665194126;-0.42783356;5.1875024;-0.36920166
1521665194133;0.014541388;4.7357197;-0.46485138
1521665194146;0.40488434;4.111208;-0.5463562
1521665194153;0.5508423;3.7893074;-0.4786377
1521665194167;0.45603943;3.7199104;-0.03766346
1521665194173;0.02199936;3.8541267;0.1389389
1521665194193;-0.70402527;3.5257576;-0.25144196
1521665194207;-0.76501465;3.1978157;-1.0535889
1521665194213;-0.640152;2.7637334;-1.1319885
1521665194237;-0.35614777;2.1618047;-0.65914917
1521665194240;0.22226715;1.3966676;0.88305664
1521665194257;-0.1612587;1.6094972;1.8801576
1521665194273;-0.5656738;2.0086064;1.9395448
1521665194279;-0.8298187;2.2296147;2.0551152
1521665194305;-0.9148712;2.0766606;1.8100587
1521665194312;-0.7473755;1.660309;2.0445561
1521665194322;-0.6166992;0.84025574;2.012879
1521665194331;-0.47907257;0.70288086;2.3278813
1521665194340;-0.46337128;0.6378174;2.5645146
1521665194363;-0.44908142;0.5773773;2.164002
1521665194371;-0.53977966;0.44818878;1.7416078
1521665194386;-0.16882324;-0.526947;2.155518
1521665194406;0.31461334;-0.8968048;3.0414436
1521665194417;0.15840912;-0.43070984;2.8472295
1521665194418;-0.18582916;-0.10302925;2.481995
1521665194436;-0.27388763;0.030890942;2.5344853
1521665194441;-0.38845825;-0.06970978;2.8232427
1521665194456;-0.20015717;-0.36811066;2.9481206
1521665194461;-0.17469788;-0.7532501;2.8300176
1521665194476;0.0711689;-1.2002869;2.587769
1521665194481;-0.107349396;-1.0211182;2.226563
1521665194502;-0.4237976;-0.6163635;1.8840944
1521665194513;-0.44532776;-0.5828705;1.8146974
1521665194545;-0.2672119;-0.9688873;2.2620244
1521665194557;-0.012683392;-1.5736389;3.3225715
1521665194563;0.32514954;-1.894989;4.560671
1521665194571;-0.49247742;-1.0690308;3.8551033
1521665194583;-1.0366821;-0.049180984;2.4170537
1521665194603;-0.45645905;-0.5459442;2.3628545
1521665194616;0.07287598;-2.2919922;2.757935
1521665194635;0.19565582;-3.4173584;3.7952888
1521665194685;-0.9861145;-1.1133118;4.272707
1521665194695;-1.4700317;-1.8658447;2.1931767
1521665194707;-1.4129028;-2.7806396;1.9459535
1521665194715;-1.3153992;-3.3928833;1.9643556
1521665194727;-1.1247864;-3.6182861;2.2952886
1521665194735;-0.7230072;-3.6722412;2.8292851
1521665194748;-0.40891266;-3.5689697;3.2831428
1521665194817;-1.2710266;-3.4423218;1.7670594
1521665194845;-0.62976074;-2.992981;5.315554
1521665194849;-1.5523987;-1.6708374;4.0649433
1521665194884;-1.34021;-2.477539;4.495241
1521665194896;-1.2201538;-2.9031372;3.9453132
1521665194915;-0.14100266;-0.96047974;6.543948
1521665194935;-0.044023514;-0.66645813;6.0931425
1521665194947;-0.18296432;-0.77397156;5.84656
1521665194954;-0.16280365;-0.86502075;5.80469
1521665194974;-0.0058956146;-0.5509796;5.6772485
1521665194995;0.22094345;0.06565857;5.1907983
1521665195007;0.15724945;0.2561798;4.8641376
1521665195017;0.06655693;0.3669052;4.714113
1521665195030;-0.052164078;0.4519043;4.501833
1521665195038;-0.045250893;0.52664185;4.51758
1521665195056;0.09544182;0.55337524;4.2976093
1521665195073;0.09146309;0.75738525;4.1466084
1521665195080;0.04050827;1.0246888;3.8803108
1521665195105;0.12973785;1.3080446;3.6213996
1521665195114;0.105810165;1.3247987;3.496949
1521665195122;0.10486412;1.259308;3.2081306
1521665195134;-0.0890789;1.3715516;2.9980474
1521665195141;-0.1223793;1.4911195;2.8403325
1521665195154;-0.030614853;1.6076661;3.0985115
1521665195161;0.11692619;1.6795045;3.0381477
1521665195177;0.07650375;1.5861512;2.8384404
1521665195181;-0.07274246;1.5700074;2.4919438
1521665195200;-0.5570526;1.7473756;1.862549
1521665195213;-0.5854492;1.8496705;1.6853334
1521665195221;-0.37993622;1.6652528;1.5313417
1521665195233;-0.21183014;1.385193;1.5494081
1521665195240;-0.32883453;1.3447572;1.5092164
1521665195253;-0.42066193;1.3047181;1.3031617
1521665195265;-0.55978394;1.1494142;1.3130494
1521665195275;-0.7435913;1.0405275;1.1374818
1521665195282;-1.107544;-0.5436096;0.4568329
1521665195301;-1.1649475;-0.38974;0.31169128
1521665195312;-1.1265564;-0.4314804;0.3018036
1521665195319;-1.3655396;-0.17224884;0.1103611
1521665195331;-1.3818665;0.05230713;-0.1614914
1521665195350;-1.2953186;0.011939764;0.005831003
1521665195363;-1.1581116;0.0083351135;0.13562775
1521665195372;-1.0970459;-0.0627594;-0.06245804
1521665195385;-1.7645569;0.27871704;-0.61390686
1521665195404;-1.90271;0.6185608;-0.5115967
1521665195414;-1.7399902;0.7740936;-0.43264008
1521665195422;-1.7294922;0.7937012;-0.72177124
1521665195433;-1.5860901;0.31467438;-0.8009186
1521665195438;-1.80896;0.18814087;-0.6851349
1521665195457;-1.738617;0.5746918;-0.43985748
1521665195477;-2.1454468;1.5132142;-1.2054443
1521665195504;-2.3830566;1.9370118;-1.3147583
1521665195511;-2.4534302;1.7972108;-1.3124084
1521665195519;-2.3512573;1.5567933;-1.1461487
1521665195531;-2.0811768;1.1004945;-0.9335327
1521665195539;-2.0425415;0.8287811;-0.8888397
1521665195554;-2.1617432;0.93182373;-0.85295105
1521665195561;-2.4846802;1.443268;-1.059021
1521665195577;-2.9907837;2.127625;-1.3668823
1521665195579;-3.3306885;2.7118535;-2.1984253
1521665195604;-3.1149902;2.0610356;-2.6049805
1521665195614;-2.816162;1.3297731;-2.4315796
1521665195621;-2.3336182;0.7586975;-2.3013916
1521665195634;-2.407959;0.7756958;-2.213623
1521665195641;-3.0142212;1.5519716;-2.8087158
1521665195654;-3.6913452;2.8006597;-3.5646973
1521665195661;-4.1514893;3.6598518;-4.02124
1521665195677;-4.34021;4.0843525;-4.522949
1521665195682;-4.1063232;3.6419685;-4.4766846
1521665195701;-2.8492432;1.9544679;-4.7541504
1521665195712;-2.2286377;1.1040956;-4.2701416
1521665195719;-2.2349243;1.1575319;-3.7966309
1521665195732;-3.1880493;2.3036504;-3.904419
1521665195739;-4.185913;3.622132;-4.234741
1521665195752;-4.8634033;4.6240253;-4.748047
1521665195759;-5.1584473;5.0190454;-5.079956
1521665195776;-5.1729736;4.434328;-5.293457
1521665195779;-4.699951;3.3973396;-5.8533936
1521665195804;-3.2244263;1.5157472;-5.3286133
1521665195814;-3.4457397;1.5703126;-4.9884033
1521665195822;-4.7855225;3.410279;-4.994507
1521665195834;-5.331299;4.0009785;-5.0343018
1521665195841;-5.5429688;3.946717;-5.260498
1521665195906;0.046414375;4.9003925;1.3633424
1521665195912;-0.26960754;4.894533;2.3443608
1521665195920;-0.54551697;4.9682636;2.490479
1521665195967;-0.846756;4.878786;1.8612672
1521665195970;-1.3615417;5.425051;-0.38230896
1521665196016;0.33248138;5.197146;-0.449646
1521665196036;-0.40431976;6.0290556;-1.1557312
1521665196147;0.70051575;7.0128207;-1.5737915
1521665196156;0.74298096;6.8295927;-2.5526123
1521665196176;-0.07983208;6.271487;-2.3201904
1521665196196;0.009675026;5.848269;-1.206543
1521665196216;0.6800232;5.6203637;-0.727417
1521665196236;-0.17768097;5.457766;-1.376648
1521665196256;-0.72395325;5.184695;-1.1017151
1521665196276;0.3260193;4.701906;-1.0862122
1521665196296;0.19422531;4.232668;-1.0881958
1521665196312;0.122270584;3.9627693;-0.91833496
1521665196321;0.009255409;3.648255;-0.44275665
1521665196333;-0.033103943;3.578736;-0.22657776
1521665196339;0.14086151;3.5064094;-0.31975555
1521665196354;0.30953217;3.2933357;0.0669384
1521665196359;0.3573227;3.5136726;0.12193489
1521665196372;0.3478012;3.8016365;0.045520782
1521665196379;0.092502594;3.7757576;0.044157982
1521665196393;-0.22696304;3.429505;0.19603348
1521665196399;-0.28199768;3.156739;0.50949097
1521665196412;-0.47989655;2.9763188;0.95066833
1521665196419;-0.38166046;2.8788457;1.3260194
1521665196431;-0.27095032;2.4594731;1.6947023
1521665196438;-0.2271347;2.0797734;1.7245485
1521665196453;-0.29914856;1.7049562;1.3395997
1521665196467;-0.49066162;1.6002198;0.7230835
1521665196485;-0.8340454;1.6154786;0.6756897
1521665196505;-0.7176361;1.0064393;1.6798402
1521665196517;-0.8445587;0.44952393;1.6250306
1521665196524;-0.8522949;0.1761589;1.8367616
1521665196534;-0.91877747;-2.2864342E-4;1.9387208
1521665196541;-0.6534424;-0.31530762;2.5221562
1521665196566;-0.8279877;-0.6634979;1.9981385
1521665196574;-1.3772888;-0.08577728;0.98695374
1521665196581;-1.3695068;0.021773815;0.7143707
1521665196607;-0.6838684;-0.7477722;2.2172246
1521665196616;0.1321106;-1.4888916;3.283326
1521665196621;0.48439026;-1.7795715;3.8833625
1521665196636;0.46796417;-1.8905945;4.164797
1521665196642;-0.24958038;-1.7404785;4.243044
1521665196664;-1.476654;-0.21725082;3.7501228
1521665196681;-1.4570312;-0.38058472;3.4528205
1521665196705;-1.1763306;-1.3021545;3.4739387
1521665196716;-0.9494324;-2.062622;2.9642339
1521665196722;-0.89482117;-2.7554932;2.5086675
1521665196753;-1.0832214;-3.2542114;2.4944463
1521665196775;-1.0884094;-2.7434082;2.8103642
1521665196786;-1.0194397;-2.9927368;2.8695683
1521665196789;-1.0995178;-3.2263184;2.6338506
1521665196807;-1.2789917;-3.3215332;2.1320806
1521665196812;-1.009613;-3.5298462;2.8275762
1521665196818;-0.85665894;-3.3049316;2.966065
1521665196832;-0.7552643;-2.9691162;3.2423103
1521665196838;-0.9468231;-2.6547241;3.5292976
1521665196854;-1.1136475;-2.6363525;3.9688118
1521665196871;-1.4832153;-2.3781128;3.7681892
1521665196883;-1.1789856;-2.9592896;3.8922737
1521665196897;-0.2607193;-3.618042;4.901491
1521665196917;-1.132843;-3.329712;0.20511627
1521665196937;-1.3721008;-2.638794;3.6224983
1521665197065;-1.2835388;-2.7712402;3.6008918
1521665197078;-1.3065796;-2.8659058;3.448304
1521665197088;-1.4298706;-2.8604126;3.3868415
1521665197102;-1.7852478;-2.465088;3.1312263
1521665197157;-1.6673889;-2.3311157;3.4539802
1521665197167;-0.35747528;0.018647194;5.2696557
1521665197177;0.38232422;1.3685304;4.435671
1521665197197;0.44836426;1.7232972;4.586916
1521665197217;0.42868805;1.7485658;4.311281
1521665197230;0.28496552;1.9699708;3.9738777
1521665197238;0.30306244;2.0696416;3.7531135
1521665197254;0.25726318;2.2121587;3.62555
1521665197263;0.3491211;2.1489263;3.5449226
1521665197276;0.30693054;2.1940312;3.3202522
1521665197283;0.27881622;2.2291265;3.1243904
1521665197303;0.20506668;2.226807;3.0702522
1521665197317;0.093854904;2.242371;2.9499516
1521665197324;0.09626198;2.1993413;2.8093877
1521665197337;0.17844391;2.1356816;2.617371
1521665197344;-0.015296936;2.2372441;2.193726
1521665197365;-0.45288086;2.7114263;1.7768861
1521665197377;-0.48202515;2.8054814;1.7867738
1521665197383;-0.3313141;2.7448125;1.8856813
1521665197402;-0.22377777;2.1255498;1.6597596
1521665197414;-0.26325226;1.9463197;1.3944398
1521665197421;-0.46264648;1.8360597;1.2312013
1521665197434;-0.6678009;2.0239873;1.187317
1521665197441;-0.8035736;2.3804936;1.2897645
1521665197457;-0.92004395;2.691895;1.5916139
1521665197467;-1.0933228;2.6926885;1.7940675
1521665197477;-1.1623535;2.3016362;1.6068727
1521665197482;-1.1647034;1.7033082;1.43808
1521665197507;-1.3220825;0.11371994;0.9469452
1521665197517;-1.3473816;-0.67529297;0.7618866
1521665197524;-1.7840576;-0.1963768;0.61561584
1521665197536;-2.005249;0.5474243;0.28997803
1521665197545;-2.3388062;1.0639955;-0.0799427
1521665197564;-2.5308228;1.0851747;-0.020770073
1521665197585;-2.0849;0.25860596;-0.5097046
1521665197627;-1.726471;0.10725784;-0.66630554
1521665197646;-3.4160156;2.9398198;-2.1174927
1521665197655;-3.7929077;3.3186042;-2.894165
1521665197663;-3.7732544;3.00763;-4.1850586
1521665197668;-3.1136475;2.195191;-4.7946777
1521665197685;-1.214325;0.111730576;-4.015991
1521665197696;-0.9118042;0.31189728;-3.852417
1521665197705;-1.6728821;1.4063112;-2.2546997
1521665197713;-2.2999878;2.2633061;-1.7692261
1521665197720;-2.913208;3.3469856;-1.6918335
1521665197733;-3.3616333;4.165041;-2.2144165
1521665197741;-3.4503174;4.7581806;-2.5823364
1521665197754;-3.3548584;4.98279;-3.239685
1521665197760;-3.210144;4.623049;-3.6583252
1521665197773;-2.7827148;3.7832649;-3.2888184
1521665197780;-2.6413574;3.0879524;-2.769226
1521665197796;-2.652649;3.0413215;-2.5357666
1521665197801;-2.640442;2.7548223;-1.8834534
1521665197813;-2.9959106;2.322083;-1.4579773
1521665197821;-3.7180786;2.5247808;-2.529602
1521665197833;-4.196289;3.165345;-3.7436523
1521665197841;-4.553467;3.700257;-4.8535156
1521665197854;-3.7259521;3.2727668;-4.444458
1521665197861;-3.6399536;2.6599736;-4.4003906
1521665197874;-3.4134521;2.1804204;-4.5686035
1521665197881;-3.4458008;1.5003663;-4.091919
1521665197896;-3.77063;1.2944642;-3.6734009
1521665197901;-4.242676;1.7500001;-3.8810425
1521665197913;-4.510376;2.2379766;-4.0650635
1521665197921;-4.913208;2.9690557;-4.62146
1521665197933;-4.7524414;3.448426;-5.133789
1521665197941;-4.5062256;3.557801;-4.328125
1521665197954;-4.06958;3.127076;-3.36792
1521665197961;-3.9597168;2.881226;-3.421814
1521665197973;-4.163086;2.641419;-3.3097534
1521665197981;-4.4140625;2.3528447;-3.1859741
1521665197995;-4.5391846;2.3321538;-2.937317
1521665198004;-4.9034424;2.5775151;-3.3433228
1521665198017;-5.2314453;3.4973762;-4.2978516
1521665198022;-5.189087;4.097536;-4.953247
1521665198040;-4.9711914;3.549134;-5.41626
1521665198055;-4.7336426;2.7344365;-5.5391846
1521665198067;-4.7248535;2.0474858;-5.3598633
1521665198077;-3.8441162;1.925049;-3.9007568
1521665198084;-3.2191772;2.3472295;-3.4901123
1521665198113;-3.6713257;4.402712;-4.6883545
1521665198124;-4.716675;4.6137714;-4.53833
1521665198187;-4.911621;4.7095966;-3.8809814
1521665198207;0.7594147;6.0461454;1.4149171
1521665198213;0.55726624;6.799197;0.3901062
1521665198436;-0.43437958;3.859803;1.4883729
1521665198439;-0.16704941;3.6591194;1.4656068
1521665198452;0.0069220066;3.5832527;1.1108705
1521665198458;0.037602425;3.3846443;0.9528198
1521665198471;-0.114645004;3.1834114;1.0523683
1521665198478;-0.33555603;3.1477668;0.95980835
1521665198492;-0.5614624;3.1764534;0.86190796
1521665198499;-0.6717682;3.073304;1.0399476
1521665198511;-0.7935791;2.9897466;0.95224
1521665198518;-0.7952423;2.8892217;1.0435487
1521665198531;-0.8386078;2.572266;1.4036561
1521665198538;-0.962265;2.821961;1.5919191
1521665198552;-1.026123;3.0985115;1.8307801
1521665198558;-1.09021;3.1138923;2.0237432
1521665198574;-1.2164307;3.132264;2.0854497
1521665198580;-1.2530823;3.0531623;1.9217225
1521665198597;-1.2140808;2.9375005;1.8427125
1521665198601;-1.1561279;2.636475;2.0610356
1521665198616;-0.941864;2.2221074;1.980774
1521665198626;-0.59425354;1.9638368;1.8533021
1521665198645;-0.564621;2.0197759;1.4940187
1521665198666;-1.0601196;2.1301885;1.2385865
1521665198679;-1.0957031;2.1424565;0.9453125
1521665198690;-1.0476379;2.0066533;0.8553314
1521665198705;-0.56378174;1.4933778;1.0111085
1521665198717;-0.30841827;1.3759156;1.0479432
1521665198726;-0.20009613;1.3329469;1.0952455
1521665198747;-0.4556656;1.6919557;1.1920778
1521665198766;-0.657547;2.091126;1.4638368
1521665198787;-0.381485;1.5543214;1.2095643
1521665198804;-0.39862823;1.524933;1.024109
1521665198815;-0.5162506;1.6189576;1.0401002
1521665198821;-0.6024475;1.6935731;0.84750366
1521665198835;-0.55281067;1.7503053;1.1691896
1521665198841;-0.34604645;1.4839784;1.383423
1521665198856;-0.11621094;1.3583375;0.88093567
1521665198861;0.021654606;1.2288209;0.81484985
1521665198874;0.17110825;1.223755;0.71972656
1521665198881;0.02665329;1.4622804;0.25791168
1521665198904;-0.14897919;1.5672609;0.14579773
1521665198909;-0.09728813;1.3833925;0.14323807
1521665198920;0.029742718;1.3688966;0.02887392
1521665198929;0.2189827;1.0842592;-0.12491989
1521665198945;0.5683899;0.87913513;0.09371376
1521665198963;0.587677;0.84458923;0.029402733
1521665198968;0.40196228;0.85084534;-0.025910378
1521665198984;0.09620094;1.3930055;0.64460754
1521665199016;0.13373184;1.1224977;0.75883484
1521665199023;0.45411682;1.0874025;0.71910095
1521665199044;0.41092682;1.7294313;1.080536
1521665199050;0.29354095;1.9861757;1.7419435
1521665199087;-0.18026352;1.7069398;1.6255189
1521665199093;0.04299259;1.1664735;1.3517457
1521665199117;0.67710876;1.4544679;0.41980743
1521665199124;0.55200195;1.0684816;0.206501
1521665199145;0.95726013;0.30443573;-0.35697174
1521665199157;1.1146547;0.3581543;-0.64915466
1521665199161;1.0270997;0.77874756;-1.094574
1521665199174;0.799881;1.1358033;-0.8465729
1521665199180;0.43441772;1.3813478;-0.63848877
