1521665817157;-8.539795;3.2255256;2.8474126
1521665817166;-8.164307;2.5603032;3.3881843
1521665817174;-7.889038;1.8352662;2.8928838
1521665817193;-8.090088;2.6942754;2.9144292
1521665817207;-8.578125;2.5244145;2.3401494
1521665817217;-9.128418;2.9168096;2.287537
1521665817228;-9.671631;3.9026496;2.7852178
1521665817236;-9.803223;4.6778584;3.1226203
1521665817249;-9.319824;4.732912;3.4001472
1521665817257;-8.702637;4.5008564;3.9289558
1521665817269;-8.329346;4.491213;4.706667
1521665817277;-8.463379;4.7305927;4.9698505
1521665817299;-9.073486;5.33594;3.8212898
1521665817310;-9.126221;4.790407;3.3834236
1521665817317;-9.023193;5.0919213;3.4528205
1521665817329;-9.32959;6.2858915;3.7304084
1521665817337;-9.300781;6.5395536;4.756838
1521665817349;-8.669189;6.1087675;5.259402
1521665817358;-8.106689;5.6948266;4.97217
1521665817370;-8.575684;5.5679955;4.4074726
1521665817378;-8.980225;6.891238;3.6346443
1521665817393;-9.025635;7.5804477;3.65857
1521665817396;-9.674072;7.5277133;3.9337776
1521665817409;-9.372559;7.451175;4.5654316
1521665817417;-9.358154;7.659427;4.7807636
1521665817431;-9.186035;7.6545444;5.3095727
1521665817437;-8.80542;7.221439;5.438845
1521665817449;-8.264648;7.195194;5.1947045
1521665817457;-7.977661;7.999149;4.917238
1521665817469;-7.8172607;8.341316;4.6037617
1521665817477;-7.8029785;8.8557205;4.790407
1521665817492;-7.585205;9.80079;4.7281513
1521665817501;-7.4608154;9.784188;4.579836
1521665817509;-7.293213;9.252938;4.9818134
1521665817517;-6.6519775;9.068612;5.2880883
1521665817529;-6.3624268;9.243417;5.41968
1521665817537;-5.888672;9.152352;4.591799
1521665817550;-5.3670654;8.645271;4.651613
1521665817557;-5.3670654;9.236093;4.7281513
1521665817572;-4.4744873;9.571298;4.8382587
1521665817578;-3.9744263;8.994392;5.386233
1521665817600;-3.4743652;9.205087;5.2138696
1521665817612;-2.9957886;8.379646;4.2304707
1521665817619;-2.9216309;8.987312;4.1275654
1521665817631;-3.1034546;10.892099;4.347658
1521665817641;-2.9407349;10.767588;4.76404
1521665817651;-2.5794067;8.870125;4.5726337
1521665817659;-2.024292;7.214359;4.610964
1521665817670;-1.5194397;7.4703403;4.5654316
1521665817678;-1.2801514;8.293465;4.5893574
1521665817702;-0.67715454;8.1403885;4.290285
1521665817709;-0.2536316;8.556648;4.0222187
1521665817717;-0.3780594;8.602058;3.847657
1521665817729;-0.22970963;8.360359;3.608338
1521665817738;0.17228317;7.305179;3.2015388
1521665817749;0.31345367;6.4869413;3.1297615
1521665817757;0.40917206;6.891238;3.5485237
1521665817769;0.6436615;7.0347934;4.1347675
1521665817777;1.0791627;7.721561;3.9146125
1521665817799;1.8544313;6.314578;1.928589
1521665817810;2.4932866;6.250003;1.8927003
1521665817817;3.2709358;6.1326933;3.1177986
1521665817829;3.0747688;5.209109;3.9720466
1521665817837;3.785401;4.6922626;2.9622808
1521665817850;3.8883064;3.9289558;2.26117
1521665817858;3.6969001;4.713747;1.3615113
1521665817869;5.388552;4.6611347;1.2131349
1521665817877;4.7999287;4.8621845;1.1078492
1521665817901;5.05115;3.5461433;1.7108461
1521665817912;5.4172387;2.926392;1.8376771
1521665817919;5.9796166;2.26117;1.7371827
1521665817930;5.7954125;1.7180177;1.2538148
1521665817938;5.761843;2.2252812;1.2729799
1521665817949;5.8408227;2.5220342;1.2418519
1521665817957;5.8599877;1.6606141;1.1940004
1521665817969;6.1016874;1.1437684;1.5577089
1521665817977;6.106448;1.6318971;1.5672914
1521665817999;6.281131;1.4261171;2.0458379
1521665818010;6.300296;1.6773683;2.0434575
1521665818018;6.352908;2.0601811;2.2348638
1521665818029;6.4389677;3.3594978;1.574463
1521665818038;5.658938;3.766297;1.7347718
1521665818049;6.0753202;3.170472;1.8089601
1521665818058;6.0250273;2.5076299;1.8855287
1521665818070;5.879153;2.2133183;2.0769658
1521665818078;5.6925073;2.641663;2.198975
1521665818100;5.3765893;3.524598;2.4909062
1521665818110;5.316775;4.6658955;2.1463017
1521665818118;5.1876245;4.902834;1.6271058
1521665818130;5.122927;4.6085224;1.2633973
1521665818139;5.0416284;4.656374;1.5529176
1521665818150;4.417116;5.525027;2.6248784
1521665818159;4.1801777;6.802737;3.108277
1521665818171;4.4051533;6.118411;3.1106575
1521665818179;4.6802998;5.247439;3.304444
1521665818193;4.151491;5.577639;3.062806
1521665818200;3.639466;5.728396;3.3618782
1521665818212;3.3714607;7.235843;3.1680915
1521665818218;2.9287724;7.999149;3.258973
1521665818230;2.8139043;8.941902;3.1417243
1521665818239;2.8426518;9.231454;4.0844746
1521665818251;2.8593755;7.9082065;3.4001472
1521665818258;2.59137;6.32178;3.2039802
1521665818270;1.9214174;5.879153;4.1036396
1521665818279;1.0169374;7.6689487;5.1612573
1521665818301;0.94036865;9.683602;4.857424
1521665818310;1.0049745;9.712411;3.4767463
1521665818318;0.31824493;9.283944;3.3331916
1521665818329;0.1770668;8.795906;2.9359746
1521665818338;0.102890015;8.310066;3.632264
1521665818350;-0.93559265;7.975223;3.847657
1521665818359;-1.6940918;7.164066;4.5701923
1521665818371;-2.1104126;8.437019;5.8193383
1521665818378;-2.2611694;9.554452;6.3170195
1521665818392;-2.2946777;10.221933;5.6254907
1521665818399;-2.100891;10.992441;4.809572
1521665818411;-2.524414;11.073985;5.0727563
1521665818418;-1.7132568;9.032723;3.77826
1521665818429;-1.7658997;6.4510527;2.5315557
1521665818438;-2.4932861;4.783205;2.2013555
1521665818451;-3.8261108;5.000979;4.2424335
1521665818458;-5.402954;7.463138;6.048953
1521665818470;-6.084839;11.458995;6.376834
1521665818478;-5.3048096;10.525888;6.3170195
1521665818493;-4.4769287;10.013926;5.962893
1521665818499;-4.2591553;9.260018;4.8166523
1521665818511;-4.1156006;6.3671904;3.1943977
1521665818518;-4.44104;4.898073;2.660767
1521665818530;-5.5130615;5.6230493;4.4816914
1521665818538;-7.058716;7.4967074;6.0059843
1521665818551;-7.8149414;8.437019;5.520144
1521665818558;-7.470337;8.114021;5.120608
1521665818570;-6.642456;8.164314;5.66614
1521665818591;-6.503662;8.133064;6.010745
1521665818602;-6.8864746;7.9584994;5.532107
1521665818611;-6.9104004;6.695071;4.474489
1521665818620;-6.769287;5.41968;3.2135017
1521665818625;-7.0444336;4.5582294;3.347535
1521665818634;-8.001465;5.197146;4.2113056
1521665818652;-8.762451;6.307376;4.6970234
1521665818660;-8.783936;6.427005;5.1109643
1521665818669;-8.458496;5.673342;5.139773
1521665818677;-8.515869;5.5943627;4.960207
1521665818691;-8.6188965;5.0727563;3.8883064
1521665818697;-8.968262;4.4505634;3.6490486
1521665818709;-9.212158;5.3024926;3.974427
1521665818717;-9.3342285;5.862307;4.3237324
1521665818728;-9.310303;5.3287377;5.1062036
1521665818736;-9.970703;5.4460473;4.8382587
1521665818748;-9.626221;5.3526635;4.9052753
1521665818758;-9.556885;4.7089863;4.857424
1521665818770;-9.78418;4.5701923;4.0581074
1521665818778;-9.908447;3.5796516;3.158509
1521665818798;-9.202637;3.6370857;4.0916767
1521665818810;-9.482666;4.036623;4.256716
1521665818818;-9.506592;3.7495124;4.0653095
1521665818830;-9.279297;3.1608894;4.094118
1521665818838;-9.3654785;3.9840095;3.7327888
1521665818850;-9.358154;3.6370857;3.2901008
1521665818860;-9.42749;3.6418464;2.6990972
1521665818870;-9.580811;3.3092659;2.8665776
1521665818879;-8.984863;3.2302864;3.4169319
1521665818899;-8.666748;3.7830207;3.8955085
1521665818910;-8.523193;3.550904;4.0271015
1521665818918;-8.917969;3.8930671;3.6824958
1521665818930;-8.743164;3.9337776;3.7543342
1521665818938;-8.724121;4.278322;3.8955085
1521665818951;-8.75293;4.713747;3.9457405
1521665818959;-8.8532715;4.7545185;4.144289
1521665818971;-8.891602;4.864504;4.560671
1521665818979;-8.405762;4.4003925;4.484133
1521665818999;-8.279053;3.1154182;4.321413
1521665819012;-8.800781;4.036623;3.9146125
1521665819020;-9.197998;5.0607934;3.4719856
1521665819031;-9.219482;5.386233;3.3020637
1521665819040;-8.795898;5.3598657;3.297303
1521665819052;-8.513428;5.115847;3.3618782
1521665819060;-8.666748;4.9267597;3.3212287
1521665819072;-8.573242;4.591799;3.582032
1521665819079;-8.757568;5.0607934;4.0390644
1521665819098;-8.532715;5.9460473;4.1801777
1521665819110;-8.563721;6.104007;4.168215
1521665819118;-8.870117;6.5706816;4.060549
1521665819130;-8.817383;6.4007597;4.0390644
1521665819138;-9.178711;6.958255;3.316407
1521665819151;-9.116455;5.938967;4.0079365
1521665819159;-9.035156;6.2739286;4.3955097
1521665819171;-9.686035;7.0491977;4.1778584
1521665819179;-9.549561;7.120975;4.1467304
1521665819202;-9.023193;6.998904;3.6729743
1521665819212;-8.93457;7.5804477;3.8404548
1521665819221;-8.93457;8.082771;4.3692646
1521665819232;-8.865234;8.379646;4.852541
1521665819241;-8.84375;8.333992;4.910036
1521665819253;-8.5876465;7.791019;4.1778584
1521665819260;-8.336426;7.2836947;3.916993
1521665819272;-7.989624;7.6497836;4.314211
1521665819281;-7.7598877;8.64283;4.7042255
1521665819299;-6.934326;9.30787;4.8502216
1521665819311;-6.6375732;9.365487;4.359621
1521665819319;-6.529907;9.257821;4.787966
1521665819330;-6.180542;9.310311;5.0224633
1521665819339;-5.7331543;9.001718;4.998537
1521665819351;-5.441162;8.807869;4.878908
1521665819359;-5.288086;8.925056;4.979372
1521665819371;-4.787964;9.386971;4.505617
1521665819379;-4.256714;8.554207;4.194582
1521665819402;-3.5509033;8.491951;5.1804223
1521665819412;-3.440857;9.291268;5.1181664
1521665819420;-3.4049683;9.111825;4.663576
1521665819431;-3.0819092;8.647469;4.1993427
1521665819440;-2.7182007;8.446541;4.1921406
1521665819452;-2.6871338;8.260017;3.7614753
1521665819461;-2.4909058;7.7885776;3.7686775
1521665819472;-1.8998718;7.410526;4.1658955
1521665819481;-1.454834;7.87952;3.9888313
1521665819502;-1.464386;8.295906;4.275881
1521665819512;-1.2753601;8.783943;4.644411
1521665819520;-0.9236145;8.664314;4.1419697
1521665819532;-0.41873932;8.841316;3.816529
1521665819541;-0.07417679;8.353279;3.6490486
1521665819552;0.21774673;7.582767;3.8189094
1521665819561;0.44745636;7.767093;4.1586933
1521665819572;0.72979736;7.506229;4.144289
1521665819580;1.3088685;7.0180697;4.1921406
1521665819599;2.6297002;7.460819;3.3116462
1521665819611;3.158509;7.343509;2.7062383
1521665819619;3.4097297;6.3432646;2.2899175
1521665819631;3.8404548;6.5657988;2.553101
1521665819639;3.9983528;5.6182885;2.8522344
1521665819652;4.2926044;5.0919213;2.9359746
1521665819659;4.6898212;4.8884296;2.9814458
1521665819672;4.7807636;4.984133;2.318604
1521665819679;5.0368676;4.582155;1.6558229
1521665819701;5.3072534;4.0844746;1.4452516
1521665819711;5.496218;3.0867317;1.4883119
1521665819719;5.1109643;2.988587;2.021912
1521665819731;5.070315;3.1226203;2.2707524
1521665819739;5.4986596;2.7517095;1.9429628
1521665819751;5.9078393;2.0697637;1.495514
1521665819759;5.9340844;1.6653749;1.4548341
1521665819771;5.5560327;1.5194398;1.4213258
1521665819779;5.54407;1.615143;1.5194398
1521665819803;5.766604;1.368683;2.1870122
1521665819812;5.9915795;1.3902284;2.3616948
1521665819819;5.8264184;1.5601197;1.8687745
1521665819831;5.678103;2.4550176;1.6103517
1521665819839;5.589602;2.8283086;1.6510316
1521665819852;5.5489526;3.0532234;1.5098573
1521665819859;5.6828637;2.6392827;1.6342775
1521665819872;5.766604;2.6942754;1.8185426
1521665819879;5.5679955;3.3283699;1.780243
1521665819900;5.596804;4.2543964;2.0960698
1521665819911;5.4292016;4.599001;1.8759462
1521665819919;5.4411645;4.326174;1.8017884
1521665819931;5.4101586;4.144289;1.8137513
1521665819939;5.146853;3.8500373;2.129578
1521665819960;4.3884296;7.0659213;3.3499153
1521665819972;4.1921406;7.5924106;3.6992805
1521665819980;4.752077;6.8122587;3.2398689
1521665819999;4.6850605;6.750125;2.9048467
1521665820012;4.0461445;6.4199247;3.5054328
1521665820020;3.759095;6.8219023;3.5987556
1521665820032;3.1297615;7.733524;4.1467304
1521665820041;2.8785405;8.884529;4.3356953
1521665820053;2.888123;8.472908;4.237673
1521665820060;2.67273;8.214363;3.8308723
1521665820089;2.287537;7.683353;3.65857
1521665820112;1.3949891;8.049324;4.6204853
1521665820120;0.76091003;10.286631;5.278567
1521665820132;0.7704773;8.984871;3.9074714
1521665820141;0.7657013;7.429691;2.6655889
1521665820152;0.22013855;6.9510527;3.1345832
1521665820161;-0.5670929;7.9154086;4.5080585
1521665820173;-1.1533203;8.836678;5.501101
1521665820180;-0.9882355;8.814949;6.5059843
1521665820200;-0.41873932;8.896492;5.3837914
1521665820212;-0.9451599;9.190682;4.610964
1521665820219;-1.5026855;9.403573;3.9289558
1521665820232;-2.1607056;8.511238;3.5652473
1521665820240;-2.4573975;7.9584994;4.251955
1521665820252;-2.5603027;8.116219;5.151736
1521665820260;-2.9144287;7.8890414;5.4411645
1521665820272;-2.6368408;6.4581327;5.601565
1521665820280;-2.9814453;7.18555;5.678103
1521665820301;-4.871704;9.872567;5.21155
1521665820312;-4.9387207;9.281747;4.7473164
1521665820320;-4.6778564;7.9919467;4.3884296
1521665820332;-4.6013184;6.972659;4.1275654
1521665820340;-4.776001;5.5751977;4.012697
1521665820352;-5.1397705;5.5728784;5.151736
1521665820360;-5.7546387;6.9893827;5.9604516
1521665820372;-6.407959;8.571053;6.32178
1521665820380;-6.7453613;9.324716;5.508181
1521665820401;-6.0872803;7.317142;5.2497582
1521665820412;-5.584839;6.269168;3.9385383
1521665820420;-5.8288574;5.1445336;3.4982917
1521665820432;-6.6375732;4.833498;4.0701923
1521665820440;-7.60437;5.7187524;5.3144555
1521665820452;-8.35791;7.30286;5.4364038
1521665820460;-8.470459;7.8125033;4.941164
1521665820472;-8.355713;7.322025;4.7305927
1521665820480;-7.912964;6.625613;5.2066674
1521665820503;-8.010986;6.2236357;4.7615986
1521665820512;-8.362793;5.5871606;4.6396503
1521665820520;-8.712158;5.5058618;4.675539
1521665820532;-8.984863;5.7810082;4.814333
1521665820540;-9.473145;6.257205;4.6468525
1521665820553;-9.695557;6.1925077;4.5773945
1521665820561;-9.903809;5.709231;4.543947
1521665820573;-9.700439;5.1636987;4.467287
1521665820581;-9.812744;5.1492944;4.18738
1521665820603;-9.602295;4.2232685;4.0413837
1521665820613;-9.659668;3.9337776;4.417116
1521665820621;-9.518555;4.244753;4.2615986
1521665820635;-9.506592;4.575075;3.9649055
1521665820644;-9.973145;4.582155;3.6969001
1521665820656;-9.293701;4.1490498;3.873963
1521665820673;-9.236084;3.8452156;3.3834236
1521665820680;-8.819824;3.0484016;3.278138
1521665820703;-9.073486;3.4216926;3.443238
1521665820713;-9.195557;3.8021858;3.354737
1521665820722;-8.93457;3.7806404;3.3786628
1521665820732;-8.501465;3.5030525;3.424073
1521665820741;-8.501465;3.2614143;3.196778
1521665820753;-9.073486;3.354737;3.2709358
1521665820760;-8.690674;3.6920784;3.524598
1521665820773;-8.865234;4.290285;3.5222175
1521665820780;-8.92749;4.2926044;3.6753547
1521665820801;-8.623535;3.766297;3.5102546
1521665820812;-8.432129;4.1921406;3.9720466
1521665820820;-8.788818;4.852541;4.168215
1521665820832;-8.621338;4.3189716;4.347658
1521665820841;-8.559082;3.3020637;4.402712
1521665820853;-8.508789;3.677735;4.256716
1521665820861;-8.657227;4.7664814;4.036623
1521665820873;-9.152344;5.5153832;3.885926
1521665820880;-9.406006;5.843264;3.6346443
1521665820903;-8.508789;5.4722924;3.7112434
1521665820922;-8.6188965;5.323977;4.486452
1521665820942;-9.023193;5.816897;4.163454
1521665820962;-9.312744;7.152103;3.9720466
1521665820982;-9.130859;6.7860136;4.220827
1521665821001;-8.67627;6.7932158;4.9052753
1521665821012;-9.123779;7.487064;4.6085224
1521665821021;-9.33667;7.405765;4.5031757
1521665821032;-8.769531;7.360233;4.548708
1521665821040;-9.142822;7.84119;4.7353535
1521665821053;-9.403564;8.69532;4.3955097
1521665821061;-9.463379;8.669197;4.1921406
1521665821081;-8.817383;8.085213;4.2974873
1521665821101;-8.614014;9.145272;5.1684594
1521665821122;-8.054199;9.099862;5.673342
1521665821143;-7.6904297;9.202645;5.2402368
1521665821162;-6.6831055;9.016122;4.5582294
1521665821182;-5.876709;8.824715;5.6756616
1521665821201;-5.390991;9.2099695;4.6802998
1521665821213;-4.725708;8.585213;4.402712
1521665821222;-4.2232666;8.757576;4.4769306
1521665821233;-4.1156006;9.406014;4.8190937
1521665821241;-3.6896973;9.056649;4.706667
1521665821253;-3.409729;8.525398;4.833498
1521665821261;-2.928772;7.8698764;5.3144555
1521665821281;-2.4932861;9.688485;5.1181664
1521665821301;-2.5770264;9.762704;4.2998066
1521665821313;-1.4404602;8.745613;3.7136238
1521665821322;-1.0767517;8.192879;3.6729743
1521665821333;-0.6460571;7.8149447;3.7016609
1521665821341;-0.19860077;6.9320097;4.2663593
1521665821362;0.7776642;6.85303;4.213747
1521665821381;1.8089601;6.0633574;3.6992805
1521665821402;2.3042607;6.5634794;2.4621587
1521665821413;2.6679692;5.039187;1.6366884
1521665821422;2.6177373;4.5080585;1.8616029
1521665821442;3.2255256;3.8212898;2.856995
1521665821462;3.6969001;2.9503179;1.8305055
1521665821482;4.256716;2.584229;1.5122377
1521665821512;4.651613;1.8592225;1.2442628
1521665821519;4.6970234;1.2777406;1.4739686
1521665821524;4.878908;0.732193;1.4931031
1521665821542;5.189944;0.7585144;1.672577
1521665821553;5.546511;0.82551575;1.7156373
1521665821561;5.843264;0.87576294;1.2562257
1521665821573;6.010745;1.1940004;1.2035829
1521665821581;6.0441923;1.7563173;1.3543092
1521665821602;6.0585966;2.3234258;1.8974916
1521665821613;6.0753202;2.2946782;2.198975
1521665821621;6.0633574;2.3018804;2.2061772
1521665821633;5.955691;2.2133183;2.0242925
1521665821641;5.7451196;2.9742436;1.713257
1521665821662;5.5369897;3.689698;1.615143
1521665821682;5.1062036;3.6298835;2.242066
1521665821699;5.2138696;3.6418464;2.5124516
1521665821704;4.97217;4.8884296;2.6679692
1521665821722;4.6970234;5.020144;2.5124516
1521665821742;3.4791267;6.1829863;2.945557
1521665821761;3.632264;7.2263217;4.0581074
1521665821782;3.089112;8.161873;4.1395283
1521665821803;2.8043828;7.829227;3.335572
1521665821822;2.1774297;7.247806;4.1729755
1521665821842;1.122223;8.078133;5.166018
1521665821862;0.49770355;10.523447;5.9652123
1521665821882;1.1509401;8.968269;3.9337776
1521665821901;0.16510391;6.807498;3.4647834
1521665821913;-0.7800598;7.0850863;4.4243183
1521665821922;-1.4595947;8.333992;5.1707788
1521665821933;-1.9238281;10.676767;6.4940214
1521665821942;-1.97406;11.80836;7.367435
1521665821962;-0.9068756;10.662363;4.7114277
1521665821982;-0.7944031;5.539309;1.328003
1521665822003;-3.0723267;5.931765;4.917238
1521665822022;-5.599121;10.435068;6.4677763
1521665822033;-5.060791;11.258067;6.9367704
1521665822041;-3.8691406;9.477792;7.0157504
1521665822062;-2.4406738;7.271732;5.7139916
1521665822082;-3.952942;5.166018;3.9098518
1521665822102;-6.845825;9.501718;5.400515
1521665822123;-6.4797363;8.731209;5.879153
1521665822142;-5.915039;6.781253;5.29761
1521665822163;-6.230835;5.848025;4.618044
1521665822182;-7.1712646;6.4940214;5.527346
1521665822202;-7.5804443;6.807498;5.300051
1521665822204;-7.7095947;6.998904;5.3718286
1521665822222;-7.4488525;6.8242216;5.4292016
1521665822242;-7.463135;5.761843;5.1756616
1521665822263;-7.6881104;5.278567;4.7425556
1521665822282;-8.630859;6.0825224;4.6013203
1521665822303;-8.865234;5.900637;4.6539326
1521665822322;-8.76001;4.8813496;4.6276875
1521665822343;-8.39624;3.9218147;4.4146748
1521665822363;-8.858154;4.7664814;4.522341
1521665822383;-8.75293;4.582155;4.0964375
1521665822397;-9.147705;4.7425556;4.0341816
1521665822404;-8.948975;4.663576;4.0222187
1521665822422;-9.111816;3.65857;3.4863288
1521665822433;-8.810303;2.8761601;3.7112434
1521665822442;-9.01123;3.0842903;4.02466
1521665822463;-9.240967;4.1849384;4.4433613
1521665822482;-9.403564;3.993592;3.866761
1521665822503;-9.013672;3.3116462;3.1058357
1521665822522;-8.817383;3.5054328;3.2207038
1521665822542;-8.76001;3.2877204;3.8571784
1521665822563;-9.044678;3.2326667;3.2805183
1521665822582;-8.762451;3.720826;3.3906257
1521665822603;-8.724121;4.371584;3.601197
1521665822623;-8.79834;4.012697;3.7327888
1521665822642;-8.707275;3.7758186;3.828492
1521665822662;-8.503906;3.8596199;3.9409797
1521665822683;-8.398682;4.5151386;4.036623
1521665822698;-8.807861;5.2713647;3.6944587
1521665822704;-9.202637;5.1612573;3.6801155
1521665822723;-9.24585;5.9101586;3.5581062
1521665822743;-8.391602;5.7187524;4.0701923
1521665822763;-8.793457;5.3192163;4.402712
1521665822783;-9.635742;7.1353793;4.333376
1521665822802;-9.248047;6.6519804;4.1156025
1521665822806;-8.88208;6.302615;4.0916767
1521665822815;-9.7578125;7.006107;4.364504
1521665822824;-9.666992;8.159431;4.910036
1521665822843;-9.274414;7.7048373;4.594118
1521665822863;-8.666748;7.097049;4.9506855
1521665822883;-8.463379;7.405765;4.9698505
1521665822907;-8.200195;8.001472;5.0942407
1521665822922;-8.571045;10.511484;4.6539326
1521665822942;-7.9298096;8.664314;4.385988
1521665822954;-6.8291016;8.676277;5.0727563
1521665822965;-6.422241;8.755135;5.7331567
1521665822983;-5.5751953;8.750496;5.943728
1521665823003;-5.1827393;9.997079;4.9387226
1521665823015;-5.010498;9.631112;4.5773945
1521665823024;-4.5128174;9.044686;4.275881
1521665823038;-4.003174;8.123543;4.182619
1521665823044;-3.663391;7.9919467;4.7976093
1521665823057;-3.1848145;7.8197055;5.05115
1521665823064;-2.9072266;7.999149;5.1684594
1521665823076;-2.486084;8.755135;4.3381367
1521665823084;-2.2731323;9.482675;3.885926
1521665823103;-2.4597778;9.822518;4.012697
1521665823123;-1.2633972;7.3913608;4.4003925
1521665823143;-0.3397751;6.9559355;3.7830207
1521665823155;-0.32541656;7.4727817;4.4649677
1521665823164;0.08614159;8.180916;4.345339
1521665823183;1.0384828;6.845828;2.7852178
1521665823198;1.5648805;6.0513945;2.6966558
1521665823206;1.7706605;5.9221215;2.9359746
1521665823223;3.1154182;4.0341816;3.3786628
1521665823235;3.4982917;4.3548603;2.6775517
1521665823244;3.7232063;5.04407;1.5314027
1521665823256;3.2015388;4.756838;1.741974
1521665823264;3.7710578;4.448244;1.7563173
1521665823283;3.993592;3.6538093;1.0001832
1521665823302;4.4243183;2.703858;0.9954071
1521665823306;4.814333;1.6653749;1.6007692
1521665823323;5.312014;0.9451599;1.878357
1521665823343;5.54407;0.99061584;1.8831483
1521665823363;5.670901;1.5289918;1.5672914
1521665823376;5.5943627;1.9094545;1.5481263
1521665823384;5.6566186;2.1391606;1.6869203
1521665823403;5.6925073;2.0505986;1.9262086
1521665823404;5.7187524;2.091309;1.7874147
1521665823423;5.6302514;2.8330693;1.9501344
1521665823443;5.5991235;3.6561897;2.0505986
1521665823463;5.558474;4.0461445;2.6081548
1521665823483;5.1109643;3.5198371;2.419129
1521665823502;5.108645;3.7160041;2.4669805
1521665823507;4.656374;5.0057397;2.3712773
1521665823523;4.6348896;5.54407;2.0242925
1521665823543;3.8332527;6.9869413;3.2518318
1521665823563;4.06299;7.0419955;3.651429
1521665823583;3.3427742;5.474734;3.258973
1521665823602;3.1226203;6.546756;3.266175
1521665823607;2.5076299;8.425056;3.8117073
1521665823623;2.3449101;10.664804;5.247439
1521665823643;2.3832402;9.099862;4.5462666
1521665823663;2.4215093;5.285647;3.601197
1521665823683;-0.47377777;11.014171;4.668337
1521665823702;-0.63887024;12.33717;5.369387
1521665823705;-0.16988754;11.940196;6.1398954
1521665823723;1.2944947;9.664559;4.5893574
1521665823743;1.0169374;3.65857;1.8951112
1521665823763;-1.8903198;8.291023;5.300051
1521665823783;-3.4647827;12.2917595;5.462771
1521665823799;-2.4430542;10.590586;6.2595243
1521665823806;-1.2155457;9.236093;5.9915795
1521665823816;-0.3397751;7.460819;4.7807636
1521665823825;-0.5479431;5.2402368;2.9311528
1521665823843;-3.0628052;5.5106225;4.744875
1521665823863;-5.900635;11.34669;5.347903
1521665823883;-4.641968;9.212167;6.034671
1521665823902;-3.3953857;8.365242;7.0037875
1521665823904;-3.251831;5.9270043;4.610964
1521665823916;-4.19458;4.5582294;4.687502
1521665823924;-4.9195557;5.185183;5.5537133
1521665823936;-5.711548;7.362674;6.4845
1521665823944;-6.5012207;9.647714;5.7954125
1521665823956;-6.661499;9.674081;5.2402368
1521665823964;-6.381592;8.274178;5.2905297
1521665823983;-5.3981934;6.8219023;6.0753202
1521665824002;-5.6446533;6.498904;6.3432646
1521665824007;-5.9437256;6.4007597;5.2138696
1521665824017;-6.199707;6.2044706;5.2210717
1521665824024;-6.881714;6.9367704;5.532107
1521665824036;-7.400879;7.4200473;5.0560327
1521665824044;-7.838867;6.9320097;4.582155
1521665824063;-7.800537;6.0130644;5.177981
1521665824075;-7.640259;5.280886;4.878908
1521665824084;-7.6881104;4.701784;5.039187
1521665824098;-7.8651123;5.1876245;5.443606
1521665824104;-7.944092;5.754641;5.4460473
1521665824116;-7.9249268;6.5706816;5.45801
1521665824124;-7.958496;6.711795;5.2761254
1521665824135;-7.8723145;5.3957543;4.814333
1521665824144;-7.8914795;5.0249047;4.524782
1521665824157;-7.8723145;4.7233906;4.682741
1521665824164;-8.020508;4.4888935;4.694704
1521665824177;-8.1953125;4.2352314;4.6970234
1521665824184;-8.482422;4.328615;4.5151386
1521665824202;-8.456055;4.7042255;4.460207
1521665824208;-8.255127;4.8669453;4.0079365
1521665824216;-8.22168;4.7042255;3.8883064
1521665824226;-9.063965;4.51758;4.0964375
1521665824236;-8.111572;3.8835456;4.163454
1521665824245;-9.071045;3.8380744;3.4479988
1521665824257;-9.401367;3.4575813;3.0053718
1521665824264;-9.162109;3.1943977;3.2542121
1521665824277;-9.46582;3.835694;3.6035774
1521665824285;-9.339111;4.3764668;3.9529426
1521665824301;-9.059082;3.8763435;4.156252
1521665824304;-9.307861;3.4384773;3.6992805
1521665824317;-9.104492;2.7828374;3.708863
1521665824324;-9.090332;2.7373662;3.373841
1521665824337;-9.142822;2.945557;3.062806
1521665824344;-9.236084;2.9670415;2.900086
1521665824357;-9.188232;3.9385383;3.28534
1521665824365;-8.984863;4.06299;3.4719856
1521665824377;-8.6953125;3.854798;3.7614753
1521665824385;-8.5686035;3.720826;4.0581074
1521665824402;-8.338867;3.4839485;4.060549
1521665824407;-8.444092;3.0938728;3.766297
1521665824417;-8.5373535;2.8928838;3.65857
1521665824425;-8.685791;3.2948616;3.4193122
1521665824437;-9.1501465;3.9696662;3.2111213
1521665824445;-9.42041;4.6276875;3.5724494
1521665824457;-9.477783;5.261721;3.5772102
1521665824465;-9.255371;5.0990014;3.6035774
1521665824477;-8.647461;4.1898212;3.9481208
1521665824486;-8.310059;3.2901008;4.72571
1521665824500;-8.35083;2.9407353;4.687502
1521665824507;-8.22168;2.5889897;4.6348896
1521665824517;-8.578125;3.1920173;3.9816291
1521665824525;-8.678711;4.2352314;3.61316
1521665824536;-8.994385;5.917361;3.1513069
1521665824546;-9.269775;6.4510527;3.1871955
1521665824556;-9.5998535;6.4749784;3.2255256
1521665824564;-9.186035;5.879153;3.2614143
1521665824577;-8.0373535;4.8382587;4.012697
1521665824584;-8.415527;4.8764668;4.4313984
1521665824602;-8.630859;5.4268823;4.328615
1521665824607;-9.080566;6.010745;3.9265754
1521665824617;-8.980225;6.7668486;4.101198
1521665824625;-9.348633;7.733524;3.8715827
1521665824637;-9.3845215;7.822025;4.0222187
1521665824646;-8.578125;7.0108676;4.486452
1521665824657;-9.322266;7.5421176;4.1036396
1521665824665;-9.456299;7.824466;4.0007343
1521665824677;-8.719238;7.4080844;4.113161
1521665824685;-8.948975;7.1807895;4.397951
1521665824703;-9.41333;7.1927524;4.290285
1521665824708;-9.410889;7.556522;4.340578
1521665824717;-9.186035;8.369881;4.857424
1521665824725;-8.867676;9.133309;4.917238
1521665824737;-8.611572;9.29371;4.6898212
1521665824746;-8.128418;8.614021;4.8741474
1521665824756;-7.750244;8.319832;4.7473164
1521665824765;-7.678467;8.594978;4.2735615
1521665824778;-7.628296;8.539803;4.43384
1521665824785;-7.7192383;8.614021;4.656374
1521665824803;-7.439209;8.697762;4.385988
1521665824806;-6.7644043;9.329598;4.4960957
1521665824817;-6.7788086;9.607186;4.720949
1521665824824;-6.680664;9.121346;4.587038
1521665824836;-6.312256;8.219246;4.871706
1521665824844;-5.4938965;8.2168045;4.51758
1521665824857;-4.9172363;8.369881;4.0222187
1521665824864;-4.680298;8.709724;4.0964375
1521665824877;-4.8238525;9.798593;4.402712
1521665824884;-4.484131;10.808359;5.142092
1521665824903;-3.9385376;11.815684;4.9387226
1521665824908;-3.3499146;10.530771;4.3764668
1521665824917;-2.8665771;8.862801;4.3764668
1521665824925;-2.2156982;9.145272;4.536745
1521665824937;-2.0195312;9.497079;4.5462666
1521665824946;-2.0841064;9.549569;3.708863
1521665824957;-1.9022827;8.989754;3.3690803
1521665824965;-1.0935059;7.7766147;3.3642585
1521665824977;-0.28234863;7.867557;3.61316
1521665824985;0.24406433;8.530281;4.3070087
1521665825007;0.6245117;8.807869;4.1036396
1521665825017;0.95951843;7.3649936;3.500672
1521665825025;1.5840455;6.6016874;2.7254033
1521665825037;1.7204286;6.3098173;2.9981694
1521665825045;1.8735658;5.5369897;3.0029914
1521665825057;2.5435185;5.2019067;2.3832402
1521665825065;2.8234868;4.960207;2.2013555
1521665825077;2.880921;4.776003;2.249207
1521665825085;2.8617558;5.632693;2.230103
1521665825103;3.062806;5.831301;2.122376
1521665825107;3.3667;4.3692646;1.5696718
1521665825117;3.785401;3.6275032;1.2370607
1521665825125;4.017458;3.6226814;1.2394716
1521665825137;3.962464;3.2757576;1.3375856
1521665825145;4.3500996;2.1678472;1.6294862
1521665825157;4.582155;1.2155458;1.6390687
1521665825165;4.895632;0.57666016;1.5002748
1521665825178;5.142092;0.7010956;1.5314027
1521665825185;5.3095727;1.261017;1.7012941
1521665825203;5.350344;1.5768434;1.4500428
1521665825208;5.613528;1.299286;1.3064576
1521665825217;5.7882104;1.3447572;1.2370607
1521665825225;5.7139916;1.5672914;1.0456544
1521665825237;5.577639;1.7156373;1.1293947
1521665825244;5.6230493;1.7395631;1.3830262
1521665825257;5.8647485;1.3423463;1.7706605
1521665825265;5.9101586;1.5529176;1.9214174
1521665825278;5.9126;2.153504;1.957306
1521665825285;5.9126;2.799561;2.0003667
1521665825306;5.785769;3.6059577;1.7347718
1521665825317;5.70447;4.340578;1.3974
1521665825325;5.673342;4.429079;1.7563173
1521665825337;5.8336205;4.106081;2.1128545
1521665825345;5.773806;3.816529;2.42627
1521665825358;5.4460473;4.239992;2.0123296
1521665825365;5.084719;4.2496357;2.3258061
1521665825377;4.917238;4.0461445;2.5387578
1521665825385;4.6922626;5.266604;2.2444463
1521665825402;4.012697;6.0825224;2.1463017
1521665825406;4.120363;6.5395536;2.780457
1521665825418;4.3166523;7.683353;3.4312751
1521665825426;3.9457405;7.8125033;3.4073493
1521665825437;3.8955085;6.6519804;3.1250007
1521665825446;3.9074714;6.2524443;3.196778
1521665825458;3.0795295;5.6948266;4.010256
1521665825466;2.4741216;6.8745146;3.962464
1521665825479;2.1558843;9.154794;4.8358173
1521665825486;2.3521123;10.128672;5.015261
1521665825503;2.3903813;9.872567;4.720949
1521665825508;2.6512456;9.226571;4.5271015
1521665825518;2.5052495;8.082771;3.6681526
1521665825525;1.780243;6.996585;3.6346443
1521665825538;0.8805542;6.8410673;4.649172
1521665825546;0.071783066;9.078378;4.914797
1521665825558;-0.29910278;11.191173;5.4914575
1521665825566;-0.2153511;11.341807;6.5395536
1521665825578;0.32541656;10.803476;5.62781
1521665825586;0.67715454;9.365487;4.541506
1521665825603;0.5862274;7.697635;3.4528205
1521665825606;-0.19142532;6.0633574;2.6775517
1521665825618;-0.9762573;5.254641;3.5724494
1521665825626;-2.2348633;6.4127226;5.2258325
1521665825638;-3.2924805;9.413339;5.259402
1521665825646;-3.7543335;11.368175;4.8884296
1521665825659;-3.5963745;11.72462;5.4914575
1521665825666;-2.9311523;10.947031;5.850344
1521665825679;-2.093689;10.011484;5.0177026
1521665825686;-1.5457458;8.1091385;3.6944587
1521665825709;-2.6152954;5.1445336;3.8308723
1521665825718;-4.6875;7.5924106;6.4510527
1521665825726;-5.314453;10.135996;5.989138
1521665825738;-5.237793;10.635996;5.721194
1521665825747;-4.953125;10.104746;5.6925073
1521665825758;-4.218506;9.46119;5.709231
1521665825766;-3.3379517;9.114266;5.673342
1521665825778;-3.2973022;7.6928744;4.55591
1521665825786;-3.4934692;6.1279325;4.1729755
1521665825810;-5.2019043;7.317142;5.608767
1521665825818;-6.180542;8.044441;4.8861103
1521665825826;-7.0826416;8.0588455;4.244753
1521665825839;-6.9056396;7.855594;4.5343037
1521665825846;-6.45105;7.4200473;4.6157246
1521665825859;-6.2452393;6.364871;4.263918
1521665825866;-6.446167;5.546511;4.0390644
1521665825878;-6.8481445;5.1876245;4.0222187
1521665825886;-7.2597656;5.2449975;4.610964
1521665825909;-8.27417;7.17847;4.5773945
1521665825918;-8.535156;6.6519804;4.4433613
1521665825926;-8.295898;6.003543;4.783205
1521665825938;-7.8459473;5.917361;5.0057397
1521665825946;-7.8867188;5.546511;4.902834
1521665825957;-7.9919434;5.0416284;4.675539
1521665825965;-8.003906;5.3718286;5.077517
1521665825979;-8.374756;6.441409;5.0727563
1521665825987;-8.757568;6.4630156;4.7114277
1521665826003;-9.104492;5.804934;4.4123554
1521665826008;-8.932373;5.3072534;4.7353535
1521665826018;-8.939453;5.6613793;4.71863
1521665826026;-8.437012;4.814333;4.737673
1521665826039;-8.367676;3.993592;3.7926033
1521665826047;-8.817383;3.7997444;3.6944587
1521665826058;-8.951416;4.2615986;4.4458027
1521665826066;-9.29834;4.7473164;4.055788
1521665826078;-9.535156;4.967409;3.7518928
1521665826086;-9.446777;4.6037617;3.5365608
1521665826109;-9.197998;3.543763;3.062806
1521665826119;-9.700439;3.7877815;3.1058357
1521665826126;-9.475342;3.3451545;3.316407
1521665826138;-9.518555;3.747132;2.9862065
1521665826146;-9.774658;4.1156025;2.9790044
1521665826158;-9.415527;3.7375495;3.2183235
1521665826166;-9.063965;3.5413215;3.3786628
1521665826178;-8.860596;3.3977668;3.9481208
1521665826186;-8.999268;3.3451545;4.321413
1521665826203;-8.7146;3.1752326;4.491213
1521665826209;-8.903564;3.3522956;4.429079
1521665826219;-8.88208;3.974427;4.1419697
1521665826227;-8.729004;5.1062036;3.7686775
1521665826239;-8.812744;6.123172;3.790223
1521665826247;-8.666748;6.3361845;4.364504
1521665826259;-8.367676;5.7259545;4.2160664
1521665826267;-7.8531494;4.630007;4.5319843
1521665826279;-7.8842773;4.06299;4.682741
1521665826287;-8.22876;4.5462666;4.175417
1521665826309;-8.814941;5.146853;3.727967
1521665826320;-8.664307;5.7690454;3.5532844
1521665826327;-8.975342;6.630496;3.2374885
1521665826339;-9.059082;6.048953;3.4863288
1521665826347;-8.826904;5.292849;3.4479988
1521665826359;-8.547119;4.9578876;3.6633918
1521665826367;-8.549316;5.1134057;4.0461445
1521665826379;-8.984863;5.804934;4.010256
1521665826387;-9.059082;6.345706;4.010256
1521665826409;-9.42041;8.039803;4.1490498
1521665826419;-8.800781;7.5852084;4.625246
1521665826427;-8.951416;7.1544223;4.8933125
1521665826438;-9.9921875;7.467899;4.397951
1521665826447;-9.75293;7.5852084;4.347658
1521665826459;-9.123779;7.4344516;4.3692646
1521665826467;-9.17627;7.589969;4.505617
1521665826479;-9.188232;9.037606;4.567873
1521665826487;-9.171631;10.545176;4.8741474
1521665826510;-9.415527;10.20289;4.4888935
1521665826518;-8.712158;9.398934;4.8166523
1521665826527;-7.5684814;8.788826;5.242556
1521665826538;-6.98938;8.3244705;5.4221215
1521665826546;-6.69751;8.537361;5.4364038
1521665826558;-6.769287;9.166757;5.7834496
1521665826567;-6.561035;9.738778;5.304812
1521665826579;-6.065796;10.08082;4.8693867
1521665826586;-5.680542;10.504404;4.699465
1521665826601;-5.47229;10.45167;4.5031757
1521665826608;-5.122925;9.312753;4.1921406
1521665826618;-3.751892;8.884529;4.9890156
1521665826627;-3.5006714;8.977791;5.4531274
1521665826638;-3.555725;8.657234;5.565676
1521665826646;-3.270935;8.267097;4.97217
1521665826658;-2.809143;7.982425;4.4123554
1521665826667;-2.5267944;8.18824;3.5078743
1521665826679;-2.447815;9.035165;3.1871955
1521665826686;-2.4047852;8.585213;3.4599617
1521665826707;-1.8879089;7.9919467;4.2113056
1521665826718;-1.6103516;8.475349;4.524782
1521665826727;-1.2466431;8.731209;4.27112
1521665826738;-0.8326874;8.185799;4.3500996
1521665826747;-0.18185425;7.8149447;3.4671638
1521665826759;-0.09810448;8.037361;3.4504402
1521665826767;0.007178426;8.209724;3.5581062
1521665826779;0.44506073;8.161873;3.6107185
1521665826787;0.93559265;7.159305;3.5676887
1521665826802;1.5074769;6.2044706;2.7948003
1521665826808;1.9764711;5.66614;2.6392827
1521665826820;2.5483403;5.869509;2.79242
1521665826827;2.5674443;6.034671;2.7277837
1521665826838;3.1824348;5.115847;2.9144292
1521665826847;3.5796516;4.84778;2.6273198
1521665826859;3.8883064;4.941164;2.6488042
1521665826867;3.993592;4.55591;2.1056523
1521665826879;3.9888313;3.8691413;1.7634889
1521665826887;4.3309345;3.347535;1.3447572
1521665826902;4.6611347;3.031678;1.0121461
1521665826907;4.6898212;3.4169319;0.5407715
1521665826919;4.086916;2.900086;0.77526855
1521665826927;4.6970234;2.4047856;1.1604921
1521665826939;5.2402368;1.9620973;1.1437684
1521665826947;5.496218;1.7539369;1.0815431
1521665826959;5.632693;1.4452516;1.0863343
1521665826967;5.723513;1.0408632;1.5696718
1521665826979;6.0083036;0.8111572;2.0051274
1521665826987;5.9963403;0.63409424;1.9214174
1521665827009;5.9030786;0.78723145;1.3782655
1521665827021;5.759524;1.1078492;1.3471376
1521665827039;5.8599877;1.4548341;1.1365663
1521665827051;5.66614;2.2922978;1.052826
1521665827059;5.7187524;2.8593755;1.0001832
1521665827066;5.603884;3.108277;1.0887147
1521665827078;5.316775;2.938355;1.6629945
1521665827087;5.273684;2.9599004;2.242066
1521665827107;4.7305927;4.4816914;2.1583257
1521665827119;4.687502;4.460207;1.9692689
1521665827127;4.7545185;5.020144;2.110413
1521665827138;4.22571;5.850344;2.1511235
1521665827146;3.785401;5.603884;2.4334722
1521665827159;4.1778584;5.38135;3.139344
1521665827167;3.632264;6.795535;3.5939949
1521665827179;2.9359746;6.573001;4.1108418
1521665827187;3.258973;6.6663847;3.6873176
1521665827202;2.9120488;7.994388;3.2924812
1521665827207;1.9405519;8.7480545;3.5413215
1521665827219;1.8663942;8.472908;3.4982917
1521665827227;2.3928227;7.941776;3.4528205
1521665827239;1.997986;7.3339877;3.8117073
1521665827246;1.3974;7.0157504;4.649172
1521665827259;1.4404603;6.73096;4.010256
1521665827267;1.4404603;6.6519804;3.5939949
1521665827279;0.55752563;8.544685;3.6275032
1521665827288;-0.68434143;10.796396;4.7473164
1521665827310;0.043070793;9.123788;4.5271015
1521665827319;0.5216217;5.9078393;3.4073493
1521665827327;0.18185425;5.039187;3.8596199
1521665827339;-1.7132568;7.67139;5.3334985
1521665827347;-3.5628662;11.404063;6.407962
1521665827360;-4.144287;13.093518;6.1782255
1521665827367;-3.5700684;11.8108015;6.6136503
1521665827379;-2.7971802;10.743662;6.477298
1521665827388;-1.9429626;8.7480545;3.108277
1521665827408;-2.586609;2.4813237;2.71106
1521665827419;-3.871582;4.8046894;4.7353535
1521665827427;-6.2786865;9.721932;7.2453647
1521665827440;-7.3913574;13.4116335;7.037235
1521665827448;-6.8530273;13.562512;6.2093534
1521665827460;-5.2666016;11.507091;6.32178
1521665827468;-4.3692627;9.841561;6.3050566
1521665827480;-4.0079346;8.628426;5.331179
1521665827488;-4.4194336;7.791019;5.242556
1521665827511;-4.9937744;6.44617;5.9101586
1521665827520;-5.637451;7.4080844;6.4246855
1521665827528;-6.3529053;9.207528;5.7954125
1521665827540;-6.1279297;9.348641;5.558474
1521665827548;-6.0513916;8.922615;4.7807636
1521665827560;-5.3598633;7.8125033;4.522341
1521665827568;-5.54895;6.7165556;3.2685554
1521665827580;-5.6254883;5.209109;3.689698
1521665827588;-6.0179443;5.1062036;4.163454
1521665827611;-7.6641846;6.7476835;4.5654316
1521665827620;-7.8172607;7.013309;3.916993
1521665827628;-7.6210938;6.711795;4.1395283
1521665827640;-7.231079;6.410281;4.244753
1521665827648;-7.5445557;6.1136503;4.2160664
1521665827661;-7.731201;5.8886743;4.1275654
1521665827668;-7.7454834;5.3144555;4.218508
1521665827680;-7.7766113;4.744875;4.3070087
1521665827688;-7.9537354;4.902834;4.182619
1521665827713;-8.68335;6.6783476;4.175417
1521665827720;-9.047119;6.757327;3.8883064
1521665827729;-8.963379;6.233279;3.8930671
1521665827740;-8.678711;5.8455834;4.3740253
1521665827748;-8.468018;5.424441;4.0079365
1521665827761;-8.125977;3.9265754;4.1036396
1521665827769;-8.79834;4.4888935;4.453005
1521665827781;-8.425049;4.3166523;4.55591
1521665827788;-9.037598;5.1756616;3.512635
1521665827811;-8.879639;4.7233906;3.2326667
1521665827820;-8.915527;4.3931904;3.4575813
1521665827828;-8.862793;4.378786;3.4599617
1521665827840;-8.872559;4.0916767;3.443238
1521665827848;-8.948975;3.8571784;3.3522956
1521665827860;-8.417725;3.7016609;3.0962532
1521665827870;-8.518311;3.562867;2.6081548
1521665827881;-8.487305;3.620301;2.938355
1521665827889;-8.922607;3.7423713;3.0149543
1521665827903;-9.186035;3.9792488;3.177613
1521665827908;-9.339111;4.3166523;3.108277
1521665827919;-9.307861;4.120363;3.0867317
1521665827928;-9.281738;3.5604866;3.177613
1521665827942;-9.116455;3.2518318;3.1848152
1521665827948;-8.8845215;3.3810432;3.3953865
1521665827960;-8.709717;3.632264;3.5318
1521665827967;-8.915527;3.7327888;3.759095
1521665827980;-9.030273;4.383547;3.3379524
1521665827988;-9.159668;4.857424;3.3379524
1521665828003;-9.174072;5.3264184;3.4671638
1521665828010;-8.894043;5.812136;3.7232063
1521665828020;-8.348389;5.2497582;3.9122322
1521665828028;-8.159424;3.5485237;4.0031757
1521665828041;-8.295898;2.799561;3.9218147
1521665828048;-8.549316;3.3690803;4.1801777
1521665828060;-8.903564;4.333376;4.201784
1521665828068;-9.162109;5.3526635;3.9457405
1521665828082;-8.731201;5.5369897;3.8524177
1521665828088;-8.468018;5.6494164;3.7734382
1521665828111;-8.487305;5.8886743;3.6657722
1521665828120;-8.597168;5.7714868;3.2542121
1521665828128;-9.363037;6.3743925;2.830689
1521665828140;-9.01123;5.9030786;2.945557
1521665828149;-9.059082;5.6995873;3.2398689
1521665828161;-9.602295;6.7357206;3.924195
1521665828169;-8.867676;7.575565;5.0057397
1521665828182;-9.42041;8.300545;5.386233
1521665828189;-9.2265625;7.994388;5.388552
1521665828203;-8.575684;7.18555;4.7615986
1521665828207;-9.729004;7.5875278;3.5461433
1521665828220;-9.422852;7.960819;3.6155403
1521665828228;-9.181152;8.15699;4.0581074
1521665828239;-9.138184;8.717049;4.486452
1521665828248;-9.243408;9.75538;5.254641
1521665828260;-9.32959;10.291513;5.6063256
1521665828268;-9.370117;9.855966;5.146853
1521665828280;-9.037598;8.944344;4.9459248
1521665828288;-8.444092;8.657234;4.6396503
1521665828303;-7.8172607;8.506355;4.828615
1521665828310;-7.532593;9.398934;5.0224633
1521665828321;-7.1593018;9.8679285;5.108645
1521665828329;-6.611328;9.585458;4.998537
1521665828341;-6.104004;9.87037;5.532107
1521665828349;-5.75708;10.293711;5.6254907
1521665828362;-5.5584717;9.9443445;5.204348
1521665828369;-5.2976074;9.487313;4.9315205
1521665828381;-4.764038;9.389413;4.3189716
1521665828387;-4.445801;8.826912;4.455324
1521665828403;-4.180176;8.166512;4.194582
1521665828408;-3.6226807;7.994388;4.5151386
1521665828420;-3.340332;8.518318;4.8238544
1521665828428;-2.986206;8.788826;4.5391865
1521665828440;-2.7565308;8.633308;3.8643806
1521665828448;-2.397583;8.563728;3.4193122
1521665828460;-2.517212;8.625984;3.9265754
1521665828468;-2.543518;8.523201;4.2424335
1521665828480;-2.201355;8.64283;3.6969001
1521665828488;-1.8903198;7.8005404;3.215943
1521665828513;-0.7944031;6.9056425;3.5867927
1521665828521;-0.6173401;8.415535;3.7734382
1521665828529;-0.24167252;8.633308;4.156252
1521665828541;0.21295929;8.422615;3.4647834
1521665828549;0.8087616;8.345955;2.660767
1521665828562;1.0576173;7.912967;3.0603645
1521665828568;1.3758546;7.3459506;2.4167485
1521665828581;1.6342775;6.534793;2.2205205
1521665828588;1.9716798;5.7187524;2.4980474
1521665828603;2.59137;5.261721;2.6679692
1521665828610;3.1513069;5.6182885;2.8283086
1521665828621;3.4575813;5.8455834;3.127381
1521665828629;3.8691413;5.8958764;2.9622808
1521665828641;4.484133;6.104007;2.5291753
1521665828649;4.6396503;5.5153832;2.2037358
1521665828661;4.1539326;4.5462666;1.6247255
1521665828669;4.2998066;3.61316;1.6558229
1521665828682;4.4146748;2.7325444;1.6390687
1521665828688;4.5319843;2.6320806;1.5074769
1521665828703;4.460207;2.780457;1.8113405
1521665828709;5.082278;2.3521123;1.6223146
1521665828720;5.443606;1.4620057;0.9427643
1521665828728;5.7810082;0.9499359;0.76808167
1521665828740;5.7954125;0.78723145;0.96429443
1521665828748;5.747561;0.8326874;1.093506
1521665828761;5.8383813;0.4905243;1.4261171
1521665828768;5.938967;0.06939125;1.6199342
1521665828781;6.1159697;0.29670715;1.1700746
1521665828788;6.168582;0.60298157;1.0576173
1521665828812;6.300296;1.6462404;1.2897035
1521665828821;6.4318876;1.9525148;1.2346803
1521665828828;6.372073;2.1176152;1.4500428
1521665828840;6.233279;1.997986;1.5074769
1521665828849;6.271487;2.1558843;1.7611085
1521665828861;6.2595243;2.3521123;1.8280946
1521665828868;6.1829863;2.8952641;1.7108461
1521665828881;5.970095;3.6059577;1.2250978
1521665828888;5.7954125;3.393006;1.6079713
1521665828909;5.209109;5.86719;2.2037358
1521665828921;4.9075947;5.546511;2.4741216
1521665828928;5.4029565;4.7784443;2.1367803
1521665828941;5.08948;4.883669;1.9644777
1521665828948;4.239992;5.2138696;2.2707524
1521665828961;3.7638557;5.450808;2.4287114
1521665828969;3.8045661;6.3552275;3.2542121
1521665828981;3.4887092;7.6425815;3.766297
1521665828989;3.1656501;8.48951;4.168215
1521665829011;3.3714607;9.291268;3.797364
1521665829021;3.2494514;8.08033;3.7495124
1521665829028;3.28534;6.69263;3.3331916
1521665829041;2.7373662;6.673465;3.797364
1521665829049;1.8855287;8.68116;5.0750756
1521665829061;1.505066;9.427499;4.9315205
1521665829069;1.6893312;9.87745;4.5701923
1521665829082;1.5409547;10.7221775;5.66614
1521665829088;1.5792543;10.736582;4.0581074
1521665829103;1.5433656;9.372567;2.3928227
1521665829109;0.45702362;8.164314;3.4193122
1521665829120;-0.078962326;7.728763;4.2280293
1521665829128;-0.41873932;8.302986;5.158816
1521665829140;-0.35891724;8.3747635;5.1995873
1521665829148;-0.30867004;9.573495;5.012942
1521665829162;-0.60298157;11.143321;5.8336205
1521665829169;-0.629303;11.066661;5.8839135
1521665829181;-0.63409424;10.552256;4.4386005
1521665829189;-0.3038864;8.625984;4.1467304
1521665829212;-0.8685913;6.711795;3.8883064
1521665829222;-1.7515259;6.649539;4.7664814
1521665829229;-2.5770264;8.257576;5.0679955
1521665829241;-2.6990967;9.30787;4.984133
1521665829249;-2.916809;10.868174;5.6925073
1521665829260;-2.555481;11.050059;6.422244
1521665829269;-2.0290527;9.87037;5.8886743
1521665829281;-1.7611084;8.585213;5.596804
1521665829289;-1.5361633;7.0491977;4.744875
1521665829312;-3.005371;5.658938;5.012942
1521665829322;-4.218506;6.826663;5.5106225
1521665829330;-4.9195557;8.439461;4.9052753
1521665829342;-5.2666016;9.702889;5.17322
1521665829349;-5.003296;8.6403885;4.9626484
1521665829362;-5.0057373;6.460574;4.017458
1521665829371;-4.2280273;4.787966;4.505617
1521665829382;-5.0583496;5.1684594;4.5391865
1521665829391;-5.6589355;6.0777617;4.6730976
1521665829411;-6.8338623;7.92493;5.2449975
1521665829422;-6.4174805;7.695316;5.4101586
1521665829430;-6.3050537;7.8316684;5.7020288
1521665829442;-6.2093506;7.3387485;5.9126
1521665829450;-5.977173;6.604129;5.316775
1521665829469;-6.604126;5.546511;4.6922626
1521665829482;-6.7860107;5.596804;4.6396503
1521665829490;-7.4249268;6.300296;4.8382587
1521665829512;-8.006348;6.800296;4.8166523
1521665829522;-7.874756;6.1159697;5.046389
1521665829530;-7.6953125;5.577639;4.7664814
1521665829542;-7.7023926;4.7425556;4.599001
1521665829550;-8.0563965;3.9863899;4.4051533
1521665829562;-8.858154;4.498415;4.1036396
1521665829571;-9.33667;5.5297875;4.067751
1521665829582;-9.662109;5.9030786;4.0222187
1521665829591;-9.846436;5.7187524;3.6035774
1521665829611;-9.461182;4.2041035;3.9649055
1521665829622;-9.506592;3.7112434;3.41211
1521665829631;-9.563965;3.2709358;2.880921
1521665829642;-9.817627;2.67273;3.3379524
1521665829650;-10.109619;3.5173957;3.6466072
1521665829662;-10.3654785;4.4074726;3.854798
1521665829669;-10.353516;4.599001;3.7016609
1521665829682;-10.746094;4.6588154;3.8930671
1521665829689;-9.903809;3.7351692;4.0031757
1521665829711;-9.726807;3.8787239;3.3906257
1521665829722;-9.379639;3.2924812;3.7040412
1521665829730;-9.3845215;3.7710578;3.3140266
1521665829742;-9.307861;4.0413837;3.481507
1521665829751;-8.862793;4.010256;3.8715827
1521665829762;-9.401367;4.72571;3.2422493
1521665829770;-9.303223;4.560671;3.2877204
1521665829782;-8.573242;4.1658955;3.8787239
1521665829791;-8.080322;3.7758186;4.429079
1521665829811;-7.7526855;4.47925;4.4649677
1521665829822;-8.102051;5.4029565;4.283083
1521665829830;-8.654785;5.804934;4.2543964
1521665829842;-8.659424;5.3718286;3.8261116
1521665829850;-8.386719;4.5582294;3.8955085
1521665829862;-8.314941;4.371584;4.1084003
1521665829870;-7.8842773;4.326174;4.113161
1521665829881;-8.257568;4.706667;3.8763435
1521665829891;-8.542236;5.0560327;3.4408576
1521665829913;-9.50415;5.632693;2.8450322
1521665829931;-9.473145;5.843264;2.9240117
1521665829943;-9.114258;6.092044;3.12024
1521665829950;-8.070801;5.122927;4.012697
1521665829963;-8.3532715;5.651736;4.1801777
1521665829970;-8.446533;6.226077;4.3356953
1521665829983;-8.616455;6.5754423;3.8380744
1521665829990;-9.437256;7.1688266;3.5078743
1521665830013;-9.676514;8.214363;3.2374885
1521665830023;-9.358154;7.67139;3.2924812
1521665830031;-9.583252;6.953494;3.9912117
1521665830051;-9.556885;8.456062;5.508181
1521665830063;-9.824707;8.745613;5.266604
1521665830071;-10.013916;8.389168;4.484133
1521665830083;-9.82959;8.465584;3.77826
1521665830091;-9.470703;9.01368;4.2855244
1521665830112;-9.355713;10.308115;5.122927
1521665830123;-8.724121;9.925302;5.0057397
1521665830131;-7.874756;9.587899;5.3574243
1521665830143;-7.412964;9.626229;5.5034204
1521665830151;-7.199951;9.645272;5.3407006
1521665830163;-7.149658;9.712411;5.230593
1521665830171;-6.7094727;9.896493;4.890871
1521665830183;-6.1087646;9.918221;4.656374
1521665830191;-5.6135254;9.363046;4.3046894
1521665830213;-4.630005;9.118905;4.606081
1521665830222;-4.517578;9.96119;4.5893574
1521665830230;-4.326172;9.623788;4.929201
1521665830242;-3.53656;8.06617;4.2280293
1521665830251;-3.1895752;7.802982;3.94336
1521665830263;-3.0771484;8.200203;3.9816291
1521665830270;-3.0149536;8.948982;3.9337776
1521665830283;-2.4191284;8.891609;3.8117073
1521665830290;-2.1391602;9.702889;2.26117
1521665830313;-2.0195312;9.453866;4.6396503
1521665830323;-1.5098572;8.786385;4.371584
1521665830330;-0.7824402;8.377205;3.8308723
1521665830342;-0.6053772;7.994388;3.2230842
1521665830351;-0.39959717;7.1616244;3.0603645
1521665830363;0.14356613;6.6975126;3.3068244
1521665830370;0.83747864;6.9056425;3.7184455
1521665830383;1.261017;6.6136503;4.3548603
1521665830391;1.919037;6.211673;4.0533466
1521665830413;2.7660527;6.395999;2.356873
1521665830423;2.634461;6.1590605;2.3234258
1521665830431;3.3642585;5.66614;1.8376771
1521665830442;2.7277837;5.7690454;1.1198121
1521665830451;3.08191;5.0750756;1.997986
1521665830463;4.0653095;4.790407;2.3832402
1521665830471;3.8955085;4.168215;1.8520204
1521665830491;4.6898212;2.83783;0.9930115
1521665830512;4.682741;2.6703496;1.6055604
1521665830523;4.8933125;1.7108461;1.653412
1521665830531;5.412478;1.1581117;1.6414491
1521665830542;5.496218;0.92123413;1.89032
1521665830551;5.7810082;1.0552064;1.4859315
1521665830563;5.977175;1.1581117;0.67715454
1521665830571;6.173465;0.92123413;0.7441559
1521665830583;6.434207;0.7513428;0.87576294
1521665830591;6.561038;0.9116516;0.7465515
1521665830611;6.288333;1.406952;0.8996887
1521665830622;6.580203;1.3543092;1.3447572
1521665830630;6.750125;1.5888063;1.5218202
1521665830642;6.587405;1.9860231;1.2346803
1521665830650;6.52283;2.3521123;1.5648805
1521665830662;6.7045927;3.1250007;1.7754518
1521665830671;6.5562773;3.5173957;1.4117433
1521665830682;6.410281;3.41211;1.122223
1521665830712;6.295413;3.3810432;2.3521123
1521665830723;5.9724145;3.873963;2.615296
1521665830730;5.8575463;4.043825;2.6464238
1521665830743;5.8886743;4.213747;2.6512456
1521665830750;6.226077;4.656374;2.4047856
1521665830763;5.3192163;5.04407;1.0169374
1521665830771;5.17322;4.4266376;1.2586061
1521665830783;5.1636987;5.386233;2.1439214
1521665830790;4.474489;6.5562773;3.443238
1521665830811;4.541506;7.197513;4.06299
1521665830823;4.771242;5.994021;3.570069
1521665830831;4.5200214;4.84778;3.0029914
1521665830843;3.974427;5.17322;2.0554204
1521665830851;3.139344;7.1376987;2.1391606
1521665830871;2.7540898;9.425302;3.4384773
1521665830891;2.445435;8.19532;4.132326
1521665830913;2.1152349;5.646975;3.7543342
1521665830923;0.5048828;7.1688266;2.9934087
1521665830931;-0.07417679;8.671394;4.213747
1521665830943;-0.16988754;10.233896;6.1901884
1521665830951;0.19142532;10.834482;6.4558134
1521665830963;0.5096588;9.743417;5.9340844
1521665830972;0.37088013;8.437019;5.496218
1521665830992;0.083747864;4.7545185;3.7806404
1521665831011;-2.043457;7.836429;4.857424
1521665831023;-3.1920166;10.899179;6.1279325
1521665831030;-3.1991577;11.562022;6.472537
1521665831042;-2.8330688;10.231699;6.048953
1521665831050;-1.8879089;8.800789;5.367068
1521665831063;-1.4572144;7.42493;4.385988
1521665831071;-1.9405518;6.1854277;3.7877815
1521665831083;-3.2111206;4.9890156;4.1898212
1521665831091;-4.7401123;6.0083036;4.644411
1521665831109;-5.7714844;7.2645297;5.2880883
1521665831114;-6.4294434;9.111825;5.9412866
1521665831131;-4.7664795;9.116464;6.4749784
1521665831143;-4.376465;8.03492;5.9293237
1521665831151;-4.8118896;6.642459;5.4483666
1521665831163;-5.6781006;5.8981957;5.6063256
1521665831172;-6.3743896;6.010745;5.1564965
1521665831183;-6.912842;6.850589;4.5893574
1521665831191;-7.6761475;8.413094;4.8238544
1521665831212;-7.932129;8.805428;5.012942
1521665831223;-7.7957764;7.132938;5.4531274
1521665831231;-7.5612793;6.0753202;5.6925073
1521665831242;-7.4296875;5.5751977;5.2641625
1521665831251;-7.8795166;5.1707788;5.4221215
1521665831263;-8.456055;5.5560327;5.0057397
1521665831270;-8.484863;6.4700956;4.5200214
1521665831283;-8.826904;7.944095;4.567873
1521665831291;-8.8532715;8.288582;5.197146
1521665831311;-8.982422;7.1234164;5.651736
1521665831323;-8.508789;5.2641625;5.558474
1521665831331;-8.602051;5.2138696;5.481936
1521665831343;-8.817383;5.192385;4.8884296
1521665831352;-8.83667;5.2186303;4.510378
1521665831373;-8.547119;6.338504;4.575075
1521665831392;-9.130859;5.285647;4.106081
1521665831412;-9.116455;4.783205;3.6729743
1521665831423;-8.968262;4.417116;3.8500373
1521665831431;-8.977783;4.340578;3.9385383
1521665831443;-9.327148;4.587038;3.9577034
1521665831451;-8.628418;3.9649055;4.074953
1521665831471;-8.92749;4.201784;3.809327
1521665831483;-8.922607;4.2424335;3.4456184
1521665831491;-9.1501465;4.290285;2.9742436
1521665831513;-9.121338;4.3955097;3.062806
1521665831523;-9.0998535;4.455324;3.057984
1521665831531;-8.743164;4.3500996;3.5078743
1521665831543;-8.4609375;3.90503;4.0318623
1521665831551;-8.326904;3.3906257;4.067751
1521665831563;-8.408203;3.4288948;4.23279
1521665831571;-8.5876465;4.1084003;3.835694
1521665831591;-9.109375;4.991335;3.5293586
1521665831609;-9.174072;4.5654316;3.6370857
1521665831614;-8.468018;3.7016609;4.0151386
1521665831632;-8.250244;3.5413215;4.8884296
1521665831652;-8.671387;4.7592793;4.3573017
1521665831663;-8.736084;5.362307;3.8835456
1521665831672;-9.052002;5.9843774;3.5916145
1521665831683;-9.174072;6.384036;3.3307502
1521665831691;-9.133301;6.388797;3.3642585
1521665831712;-9.236084;6.187747;3.6346443
1521665831731;-8.72168;4.9459248;4.7114277
1521665831752;-9.166748;7.2119174;4.491213
1521665831772;-9.724365;7.8508334;3.4767463
1521665831792;-9.705078;7.905887;4.4577656
1521665831809;-9.712402;8.161873;4.3931904
1521665831823;-9.513672;7.417728;5.285647
1521665831831;-10.155029;8.518318;5.5345483
1521665831843;-9.968262;9.389413;5.278567
1521665831852;-9.389404;9.707528;4.9770527
1521665831872;-8.310059;8.882088;5.323977
1521665831891;-7.874756;9.848641;6.0083036
1521665831912;-6.98938;8.719246;5.103884
1521665831923;-6.3552246;8.571053;4.687502
1521665831931;-6.068115;8.946541;4.814333
1521665831952;-5.42688;9.585458;5.259402
1521665831972;-4.7089844;9.621346;5.4794946
1521665831992;-3.952942;7.8770785;4.594118
1521665832013;-3.302063;7.5086703;4.2663593
1521665832026;-3.163269;8.269539;4.2496357
1521665832034;-3.0340576;8.724129;4.814333
1521665832053;-1.7993774;8.523201;3.873963
1521665832073;-1.8305054;8.630867;3.9529426
1521665832092;-0.5072632;6.496463;3.7351692
1521665832110;-0.5862274;6.211673;4.814333
1521665832114;-0.083747864;6.3409452;4.328615
1521665832133;1.2681886;6.6903105;3.1106575
1521665832152;0.89730835;7.8459506;3.0603645
1521665832171;1.9525148;6.345706;2.4119267
1521665832183;2.1343389;4.9960957;2.0578008
1521665832192;2.4932866;3.77826;3.0771492
1521665832212;3.170472;3.2901008;3.2183235
1521665832232;4.326174;4.467287;2.103272
1521665832252;4.321413;5.8144555;2.2133183
1521665832272;4.436281;4.7496357;1.5194398
1521665832293;5.5919213;1.7443544;1.8927003
1521665832311;5.71155;1.9357911;1.7706605
1521665832316;5.6756616;1.8089601;1.6893312
1521665832332;6.19971;2.249207;1.4452516
1521665832353;6.211673;2.6512456;1.7060548
1521665832373;6.3170195;2.3162236;1.9309999
1521665832393;6.194949;2.2468266;1.4141542
1521665832413;6.017947;3.2901008;1.64386
1521665832432;5.886233;3.2996833;1.6079713
1521665832443;5.8408227;3.1154182;1.7850343
1521665832452;5.9221215;3.3690803;2.05304
1521665832472;5.5560327;4.1778584;2.3114629
1521665832492;5.4842553;4.156252;1.8017884
1521665832511;5.0032983;4.151491;1.7491456
1521665832516;4.3117695;4.76404;1.8161317
1521665832533;3.90503;7.2047153;3.5748298
1521665832552;4.168215;7.7766147;4.3166523
1521665832573;3.8141487;5.8575463;3.1489265
1521665832592;2.8091435;5.4603295;4.120363
1521665832612;2.0505986;8.068367;3.9720466
1521665832617;1.7395631;9.537606;5.1325707
1521665832633;1.6940919;10.717295;5.678103
1521665832653;2.8713384;6.604129;2.8258672
1521665832673;1.122223;3.4265144;3.4097297
1521665832693;-2.0314941;10.391855;5.034426
1521665832712;-2.0578003;11.71046;5.785769
1521665832715;-0.8183441;11.014171;6.2667265
1521665832732;0.22970963;6.9798613;4.27112
1521665832752;-0.8614044;4.4960957;3.8452156
1521665832773;-3.8859253;10.633554;5.551272
1521665832792;-3.3834229;11.021251;6.0130644
1521665832812;-2.2420654;8.948982;6.106448
1521665832814;-1.7156372;8.345955;5.8575463
1521665832832;-2.9335938;5.855227;4.699465
1521665832853;-4.249634;6.872073;5.469973
1521665832872;-6.00354;10.054453;5.563235
1521665832892;-5.0822754;7.8651156;6.048953
1521665832912;-5.0775146;6.7404814;5.955691
1521665832914;-5.0560303;5.831301;4.8549824
1521665832932;-6.5682373;6.2355986;5.139773
1521665832953;-7.7407227;8.676277;5.474734
1521665832973;-7.503784;5.735476;5.4483666
1521665832993;-7.908203;5.469973;5.1684594
1521665833013;-8.178467;5.563235;5.312014
1521665833014;-8.269531;6.0322294;4.7927265
1521665833033;-8.645264;6.876956;4.828615
1521665833045;-8.583008;7.001346;5.000979
1521665833054;-8.566162;6.218875;5.0919213
1521665833072;-8.563721;5.0105004;5.4794946
1521665833093;-8.958496;5.2210717;4.6396503
1521665833113;-8.977783;5.9987817;3.6179206
1521665833133;-9.025635;5.670901;4.4960957
1521665833153;-8.819824;4.9890156;4.644411
1521665833173;-9.24585;4.163454;4.278322
1521665833193;-8.544678;4.055788;3.3594978
1521665833211;-9.678955;4.644411;3.5867927
1521665833214;-8.841309;4.259157;3.809327
1521665833233;-8.96582;3.8715827;3.5389411
1521665833253;-9.154785;2.9910283;3.012513
1521665833266;-8.693115;2.5579228;3.2207038
1521665833274;-9.121338;3.3187873;3.0795295
1521665833286;-9.166748;4.263918;3.3307502
1521665833294;-9.104492;5.0224633;3.6824958
1521665833308;-8.987305;5.259402;3.9194343
1521665833314;-8.822266;4.548708;4.012697
1521665833326;-8.630859;3.5724494;3.9792488
1521665833334;-8.503906;2.926392;3.727967
1521665833346;-8.554199;3.3331916;3.7997444
1521665833354;-8.719238;4.4505634;4.144289
1521665833372;-8.729004;5.166018;3.6346443
1521665833393;-8.314941;5.0990014;4.80237
1521665833413;-8.386719;4.8238544;3.924195
1521665833433;-8.578125;4.8861103;3.5963752
1521665833453;-9.01123;6.0897245;4.0581074
1521665833473;-8.994385;6.745364;3.7638557
1521665833493;-8.295898;5.936526;4.27112
1521665833511;-8.793457;6.0274687;4.0844746
1521665833514;-9.123779;6.3361845;3.916993
1521665833526;-9.674072;6.8673124;4.113161
1521665833534;-9.932373;7.5421176;4.0533466
1521665833547;-10.064209;7.3649936;4.106081
1521665833554;-9.786621;8.075691;4.4697285
1521665833566;-9.446777;8.200203;5.2066674
1521665833574;-10.6813965;8.862801;4.498415
1521665833593;-9.432373;8.633308;4.4051533
1521665833613;-9.224121;7.968021;5.1876245
1521665833633;-8.099609;9.394052;5.8981957
1521665833653;-7.36499;10.839365;5.2833276
1521665833673;-6.6136475;9.106942;4.314211
1521665833693;-6.2786865;9.432382;5.0368676
1521665833711;-6.168579;9.176278;5.424441
1521665833716;-5.6661377;9.162118;5.4101586
1521665833726;-5.276123;9.202645;4.857424
1521665833734;-4.8477783;9.580819;4.649172
1521665833753;-4.2735596;9.427499;4.9459248
1521665833773;-3.9361572;9.063973;4.6778584
1521665833793;-3.3762207;8.68116;4.2878437
1521665833812;-3.0508423;8.18824;4.239992
1521665833817;-2.4310913;7.8197055;4.752077
1521665833826;-2.0147095;8.298103;4.594118
1521665833835;-1.6917114;8.68116;4.02466
1521665833846;-1.5242004;8.9824295;3.3594978
1521665833854;-1.2131348;8.487312;2.8737798
1521665833873;-0.20338821;7.570804;3.5844123
1521665833893;0.4785614;7.1065707;3.3834236
1521665833909;0.90208435;6.2547636;2.7134404
1521665833916;1.3519288;6.623294;2.818726
1521665833927;1.328003;6.8433867;3.3571174
1521665833934;1.741974;6.4127226;3.6346443
1521665833946;2.337769;5.7810082;3.3762214
1521665833954;2.6895146;4.9243183;3.0842903
1521665833967;2.9981694;4.7615986;2.6679692
1521665833974;3.170472;4.3381367;3.0340583
1521665833987;3.677735;3.5867927;2.5100713
1521665833994;4.012697;3.8524177;1.6606141
1521665834007;3.8045661;4.4769306;1.1126405
1521665834014;4.029421;4.948244;0.96429443
1521665834026;4.4266376;4.2855244;1.3136598
1521665834034;4.9626484;3.639466;0.4402771
1521665834044;5.3144555;3.677735;-0.28713226
1521665834054;5.1492944;2.8402715;0.26081085
1521665834073;5.778567;0.26081085;1.4572145
1521665834085;5.881472;0.09810448;1.2107545
1521665834094;6.2404814;0.22013855;1.1006776
1521665834112;6.415042;1.0001832;0.87815857
1521665834116;6.2285185;1.3662721;1.093506
1521665834126;6.4558134;1.6701661;1.3040773
1521665834134;6.5059843;1.7898256;1.4548341
1521665834153;6.6639433;1.4883119;1.6988832
1521665834173;6.546756;1.6677858;1.3543092
1521665834193;6.326541;2.3090215;1.5026857
1521665834208;6.180545;2.7469487;1.4141542
1521665834214;6.1207304;2.9718633;1.2370607
1521665834226;6.1326933;3.4288948;1.3734742
1521665834234;6.017947;3.7304084;1.6486512
1521665834246;5.8193383;3.6633918;1.8161317
1521665834254;5.632693;3.708863;1.8568116
1521665834267;5.312014;3.6107185;1.9549257
1521665834274;4.9937763;3.3906257;2.153504
1521665834287;4.7999287;4.055788;1.5768434
1521665834294;4.2471943;4.0725117;1.7922059
1521665834309;4.244753;4.7161884;2.1367803
1521665834316;4.156252;5.654177;2.3521123
1521665834327;3.4528205;6.491702;3.1513069
1521665834334;3.0556037;6.8171415;4.005495
1521665834346;2.8474126;7.1185336;3.9768684
1521665834354;2.7636724;6.996585;3.3499153
1521665834366;2.3234258;7.4967074;3.2924812
1521665834374;1.9333802;7.975223;3.5413215
1521665834387;1.780243;9.111825;3.500672
1521665834394;1.3136598;9.872567;4.1419697
1521665834409;1.3064576;9.903817;3.7614753
1521665834415;1.545746;8.501472;3.3499153
1521665834427;1.7898256;7.7048373;2.9144292
1521665834435;1.2370607;8.006355;3.2111213
1521665834446;0.2392807;9.583261;4.1275654
1521665834456;-0.30149078;11.2317;4.567873
1521665834467;-0.4785614;11.9184675;4.9267597
1521665834475;-0.023928165;11.743907;4.7999287
1521665834487;0.22013855;9.133309;4.1490498
1521665834495;0.28234863;6.9248075;2.6320806
1521665834510;0.11724663;7.0875278;2.0817266
1521665834515;-1.5768433;9.788827;4.2113056
1521665834527;-2.7756348;12.231945;5.0368676
1521665834535;-3.055603;13.203382;4.567873
1521665834547;-2.024292;10.710215;6.0250273
1521665834556;-1.3902283;8.867683;4.3356953
1521665834567;-1.3878174;6.9559355;3.139344
1521665834576;-1.7730713;6.391116;2.9934087
1521665834587;-2.5076294;8.1403885;4.1228046
1521665834596;-3.6896973;10.370371;5.3574243
1521665834613;-4.383545;11.858653;5.4149194
1521665834616;-4.2471924;11.042735;4.649172
1521665834626;-3.2565918;9.563973;4.383547
1521665834635;-3.1967773;8.81031;4.9267597
1521665834646;-3.2757568;8.200203;4.378786
1521665834654;-3.7495117;7.7359653;3.7567146
1521665834667;-4.1968994;7.322025;3.7423713
1521665834674;-4.4433594;7.601932;3.8117073
1521665834686;-5.1707764;8.944344;4.237673
1521665834695;-5.599121;9.631112;4.4625263
1521665834713;-5.776245;8.774422;4.5773945
1521665834716;-5.7929688;7.5612826;4.6730976
1521665834726;-5.4819336;6.9678984;5.235476
1521665834734;-5.4364014;7.1065707;4.1228046
1521665834746;-5.9173584;6.5634794;3.7327888
1521665834754;-6.6759033;6.654422;3.7926033
1521665834766;-7.3291016;7.944095;3.8500373
1521665834774;-7.5421143;8.051765;3.8715827
1521665834787;-7.4678955;7.2047153;4.055788
1521665834794;-7.28125;6.52283;4.3812275
1521665834815;-7.503784;6.833865;4.5200214
1521665834826;-7.6953125;6.7334013;4.0413837
1521665834835;-7.855591;6.068118;4.0031757
1521665834846;-7.692871;5.9150414;4.326174
1521665834854;-7.85791;6.1710234;4.486452
1521665834867;-8.0876465;6.106448;4.541506
1521665834875;-8.197754;6.0633574;4.6658955
1521665834887;-8.238281;6.0202665;4.4433613
1521665834894;-8.300537;5.881472;3.955323
1521665834912;-8.355713;5.87427;3.4839485
1521665834917;-8.867676;6.0848417;3.3786628
1521665834927;-8.281494;5.8527856;3.6801155
1521665834935;-8.18335;5.974856;3.8883064
1521665834948;-9.133301;6.4892607;3.7136238
1521665834956;-8.8342285;6.1973906;3.5867927
1521665834968;-8.566162;5.5943627;4.1539326
1521665834976;-8.594971;5.37427;3.543763
1521665834988;-8.291016;4.6850605;3.8261116
1521665834996;-8.736084;4.7976093;3.8930671
1521665835010;-8.214355;4.8238544;3.9863899
1521665835016;-8.271973;5.0607934;3.7447517
1521665835027;-8.276611;4.828615;3.6107185
1521665835036;-8.379639;5.0919213;3.5796516
1521665835047;-8.535156;5.62073;3.1871955
1521665835055;-8.4729;5.407717;3.5485237
1521665835067;-8.482422;4.986574;3.6633918
1521665835075;-8.47998;4.7784443;3.500672
1521665835088;-8.26709;4.55591;3.589234
1521665835095;-8.393799;4.8621845;3.41211
1521665835112;-8.652344;4.4003925;3.0292976
1521665835116;-8.729004;3.7160041;2.9503179
1521665835127;-8.783936;3.9218147;2.9359746
1521665835136;-8.755127;4.0725117;3.177613
1521665835147;-8.800781;4.256716;2.7540898
1521665835156;-9.028076;3.924195;2.4550176
1521665835168;-8.96582;3.6346443;2.4980474
1521665835175;-9.116455;3.835694;2.6583867
1521665835188;-9.166748;4.1610126;3.0149543
1521665835196;-9.035156;4.3955097;3.0747688
1521665835212;-8.707275;4.1898212;3.6657722
1521665835218;-8.214355;4.3189716;4.2304707
1521665835227;-8.042236;5.2377954;4.132326
1521665835235;-8.22168;5.8408227;3.589234
1521665835247;-8.283936;6.053836;3.08191
1521665835255;-8.425049;6.364871;2.780457
1521665835267;-9.269775;6.44617;3.1177986
1521665835276;-8.93457;6.3289824;3.158509
1521665835288;-8.475342;5.850344;3.8117073
1521665835296;-8.645264;6.0250273;4.144289
1521665835312;-8.506348;5.8383813;3.7447517
1521665835317;-8.67627;5.728396;3.955323
1521665835328;-9.186035;6.2475615;3.7686775
1521665835336;-9.50415;6.635257;3.809327
1521665835347;-9.643066;7.664188;3.5461433
1521665835355;-8.994385;8.063728;3.6610115
1521665835368;-8.96582;8.192879;3.809327
1521665835375;-8.6953125;8.07325;4.0964375
1521665835388;-9.126221;8.362801;4.6658955
1521665835395;-9.17627;9.130868;4.7545185
1521665835411;-8.841309;8.678719;5.525027
1521665835417;-9.300781;8.228767;5.1707788
1521665835428;-9.276855;7.8819613;4.567873
1521665835437;-8.841309;8.192879;3.9194343
1521665835448;-8.571045;8.774422;4.283083
1521665835456;-8.614014;10.071299;3.7949836
1521665835467;-8.484863;10.767588;4.347658
1521665835474;-8.147461;10.999765;4.9387226
1521665835488;-7.7215576;10.233896;5.5106225
1521665835495;-7.161621;9.324716;5.29761
1521665835512;-6.5515137;8.420174;5.228274
1521665835518;-6.0369873;7.855594;5.0607934
1521665835529;-5.515381;7.8842807;5.065554
1521665835537;-5.2785645;9.329598;4.953127
1521665835548;-5.326416;10.449228;4.1969013
1521665835556;-5.3095703;10.547373;3.9529426
1521665835567;-5.118164;10.20997;3.8835456
1521665835576;-4.5319824;9.415536;4.1036396
1521665835588;-4.2280273;8.994392;4.637209
1521665835595;-3.921814;8.314949;4.740114
1521665835612;-3.225525;8.008553;4.474489
1521665835616;-2.8426514;7.767093;4.5965595
1521665835628;-2.7182007;8.219246;4.256716
1521665835636;-2.4885254;9.174081;3.7686775
1521665835649;-2.5579224;9.39161;3.3212287
1521665835656;-2.062561;8.891609;3.393006
1521665835668;-1.31604;8.661873;4.1610126
1521665835676;-1.1461487;8.479988;3.393006
1521665835688;-0.5431671;8.52076;2.7708745
1521665835696;-0.40677643;8.788826;2.8977056
1521665835712;0.059820175;7.609134;4.1467304
1521665835718;0.60058594;7.410526;3.6944587
1521665835727;1.1150514;7.6474643;3.1369636
1521665835734;1.1820375;7.4464145;3.7495124
1521665835746;1.9070741;7.3076205;3.3714607
1521665835756;2.4789433;6.573001;2.4550176
1521665835769;2.7062383;5.7498803;2.3042607
1521665835775;3.0914924;5.4866967;2.6942754
1521665835788;3.2135017;5.5848413;3.1034553
1521665835795;3.5150154;5.45801;3.3881843
1521665835812;3.65857;5.166018;2.3832402
1521665835816;3.455201;5.0727563;2.1822515
1521665835827;3.6610115;5.3837914;2.2396245
1521665835835;3.6179206;5.37427;1.6247255
1521665835847;3.7016609;4.744875;1.2921144
1521665835856;4.0222187;4.0390644;1.0384828
1521665835869;4.2160664;3.6107185;0.7513428
1521665835875;4.130007;2.9311528;1.1676942
1521665835887;4.5965595;2.2731328;1.615143
1521665835895;4.8693867;1.6342775;1.8233033
1521665835911;4.9123554;0.8853302;1.3734742
1521665835916;5.108645;0.65083313;1.093506
1521665835928;5.3718286;0.85183716;0.6077728
1521665835935;5.4411645;0.9714813;0.7657013
1521665835947;5.6566186;1.0767518;1.2657777
1521665835955;5.886233;1.3399659;1.5146486
1521665835968;5.893435;1.4715577;1.64386
1521665835976;5.9724145;1.4452516;1.6558229
1521665835988;6.2044706;1.4787599;1.5409547
1521665835995;6.0777617;1.8137513;1.122223
1521665836012;6.0441923;2.0936894;0.835083
1521665836018;6.1136503;2.6966558;0.7800598
1521665836028;6.072879;2.8857427;1.1844178
1521665836036;5.919802;3.1441658;1.3734742
1521665836048;5.8599877;3.069947;1.6701661
1521665836056;5.723513;3.4312751;2.084107
1521665836069;5.7139916;3.3786628;2.6512456
1521665836076;5.8599877;3.8332527;2.603333
1521665836088;5.7810082;4.359621;2.1630864
1521665836096;5.4603295;4.120363;2.0817266
1521665836112;5.280886;4.2113056;1.6797487
1521665836118;4.6730976;4.1036396;2.0410771
1521665836128;3.5198371;5.493899;2.5603032
1521665836136;3.5724494;6.0466337;3.0340583
1521665836148;3.8380744;6.7476835;3.6681526
1521665836156;3.65857;7.1688266;3.2015388
1521665836169;3.2565925;6.5562773;3.089112
1521665836177;2.6320806;6.3791533;3.5461433
1521665836189;2.2037358;6.903201;3.835694
1521665836196;1.7658998;7.7766147;3.6681526
1521665836211;1.2490236;9.324716;3.4312751
1521665836217;1.1341859;10.047373;3.7543342
1521665836229;1.3327943;10.078379;3.1824348
1521665836237;1.3902284;10.523447;2.7971807
1521665836249;1.1676942;10.140635;4.3955097
1521665836257;0.727417;9.516122;5.0942407
1521665836271;0.87576294;8.420174;5.0105004
1521665836278;0.30867004;8.547127;4.8741474
1521665836289;-0.19620895;10.011484;4.3548603
1521665836297;-0.59820557;11.38502;4.237673
1521665836319;-0.9116516;11.435069;4.548708
1521665836329;-0.8063812;10.779551;5.1756616
1521665836336;-0.88772583;9.556893;3.828492
1521665836349;-0.83747864;6.7357206;3.3667
1521665836357;-2.3425293;8.568611;4.618044
1521665836369;-3.2039795;11.827647;5.3287377
1521665836377;-3.321228;13.179456;5.2186303
1521665836389;-3.2542114;12.064465;4.732912
1521665836397;-2.0889282;9.985116;6.441409
1521665836411;-1.866394;9.025643;5.146853
1521665836417;-1.6749573;7.171268;3.1608894
1521665836429;-2.3616943;6.1159697;3.0532234
1521665836436;-3.1920166;6.8147;3.354737
1521665836449;-4.15625;8.441658;4.201784
1521665836457;-5.5943604;10.736582;4.4505634
1521665836469;-5.4555664;10.796396;4.6013203
1521665836477;-5.156494;9.434823;3.9146125
1521665836489;-4.125122;7.4392123;5.046389
1521665836496;-3.9935913;6.1662626;4.821535
1521665836517;-4.97937;5.027224;3.5461433
1521665836529;-5.96521;5.7379174;3.7255867
1521665836537;-6.9989014;7.5924106;4.8238544
1521665836549;-7.889038;8.960945;5.103884
1521665836556;-7.912964;8.984871;4.9818134
1521665836568;-7.374634;8.085213;4.8933125
1521665836576;-6.7094727;6.8410673;5.2186303
1521665836588;-6.939087;6.637576;4.864504
1521665836596;-7.185547;6.9869413;4.795168
1521665836611;-7.31958;6.429446;4.8549824
1521665836616;-7.6258545;6.391116;5.209109
1521665836628;-8.051758;7.132938;5.084719
1521665836635;-8.465576;7.0347934;4.7856464
1521665836648;-8.652344;6.5946074;4.6970234
1521665836656;-8.458496;6.245242;4.8166523
1521665836668;-8.408203;6.0059843;4.30945
1521665836677;-8.372314;5.5417504;4.4003925
1521665836689;-8.348389;5.3765893;4.687502
1521665836697;-8.336426;5.2905297;4.6707783
1521665836721;-8.448975;5.254641;4.637209
1521665836729;-8.475342;5.266604;4.536745
1521665836737;-9.0998535;5.280886;4.5200214
1521665836749;-8.44165;4.4074726;4.474489
1521665836757;-8.401123;4.0964375;3.9074714
1521665836770;-9.733887;4.7856464;3.2446296
1521665836778;-8.688232;4.795168;3.7997444
1521665836790;-8.93457;4.96509;3.8620002
1521665836797;-9.240967;4.594118;4.156252
1521665836820;-8.539795;3.8212898;4.668337
1521665836829;-9.41333;3.9768684;4.290285
1521665836836;-8.604492;3.582032;4.036623
1521665836848;-9.157227;3.8763435;3.8021858
1521665836856;-8.901123;3.8906868;3.7734382
1521665836869;-8.88916;4.0581074;4.0007343
1521665836877;-8.666748;4.237673;4.0725117
1521665836889;-8.525391;4.125124;4.074953
1521665836897;-8.451416;4.2113056;4.0844746
1521665836917;-8.549316;3.7064826;3.2924812
1521665836929;-8.666748;3.4265144;3.3259895
1521665836937;-8.463379;3.7495124;3.620301
1521665836949;-8.5373535;4.3117695;3.9505012
1521665836957;-8.381836;4.7545185;3.8596199
1521665836970;-8.245605;4.9195576;4.156252
1521665836978;-8.326904;4.7688007;4.4243183
1521665836990;-8.573242;4.1969013;4.0461445
1521665836998;-8.824707;3.7567146;3.9098518
1521665837019;-8.75293;3.8452156;4.0341816
1521665837029;-8.238281;4.6588154;4.6396503
1521665837036;-8.099609;5.697268;3.897889
1521665837048;-8.216797;5.7020288;3.7232063
1521665837057;-8.317383;5.020144;3.670533
1521665837069;-8.585205;4.7976093;3.4025886
1521665837077;-8.494385;5.0535913;3.4791267
1521665837089;-8.67627;5.532107;3.6155403
1521665837097;-8.661865;5.709231;3.835694
1521665837119;-9.032715;4.960207;4.5271015
1521665837129;-8.561279;5.2402368;4.9387226
1521665837136;-8.826904;6.1016874;4.4386005
1521665837150;-9.664551;6.6975126;3.9863899
1521665837157;-9.42749;6.5969267;3.8141487
1521665837169;-9.619141;6.6975126;4.1849384
1521665837177;-9.379639;7.0803256;4.2424335
1521665837189;-9.446777;7.4200473;5.012942
1521665837197;-9.480225;7.429691;5.3407006
1521665837218;-9.532959;6.9295683;4.871706
1521665837229;-9.461182;7.4008822;4.71863
1521665837237;-10.083252;8.448982;4.675539
1521665837249;-10.351318;8.853279;4.455324
1521665837257;-10.272217;8.774422;4.175417
1521665837269;-9.040039;8.544685;5.5225854
1521665837278;-8.432129;9.619149;6.338504
1521665837289;-8.508789;9.87745;6.7788115
1521665837297;-7.9488525;9.458749;6.391116
1521665837318;-6.8912354;9.164315;5.513064
1521665837329;-6.769287;9.542489;5.670901
1521665837337;-6.4940186;10.013926;5.254641
1521665837348;-6.273926;10.104746;4.9123554
1521665837357;-6.123169;9.554452;5.247439
1521665837369;-5.6469727;9.130868;4.998537
1521665837377;-5.110962;8.7649;4.787966
1521665837389;-4.572632;9.29371;4.0964375
1521665837397;-4.60376;9.844003;4.23279
1521665837421;-3.459961;8.551765;4.744875
1521665837430;-2.9359741;8.494392;4.371584
1521665837438;-2.9718628;8.913094;4.23279
1521665837450;-2.7589111;9.341561;3.974427
1521665837458;-2.2444458;8.77198;3.897889
1521665837470;-1.7443542;8.676277;3.6466072
1521665837478;-1.5266113;8.551765;3.8571784
1521665837490;-0.73698425;7.563602;4.0581074
1521665837498;-0.3062744;7.613895;3.9481208
1521665837523;0.13160324;7.463138;3.5222175
1521665837531;0.66519165;7.310062;3.0938728
1521665837539;1.0480348;6.915164;3.2805183
1521665837550;1.2538148;7.109012;2.3807988
1521665837558;1.2107545;6.3289824;3.7232063
1521665837568;1.947754;5.761843;3.6992805
1521665837576;2.3975835;5.2210717;2.8593755
1521665837588;2.5076299;5.4221215;2.1199956
1521665837595;2.533997;4.914797;2.318604
1521665837609;2.8546147;4.6898212;2.0434575
1521665837618;3.1656501;4.6802998;1.653412
1521665837629;3.0077522;4.845461;1.6007692
1521665837637;3.3307502;4.4577656;2.3018804
1521665837649;3.8117073;4.1586933;1.8400575
1521665837657;3.9026496;3.7543342;1.261017
1521665837670;4.2878437;3.2924812;0.89730835
1521665837677;5.0057397;2.780457;1.052826
1521665837689;5.177981;2.6368413;0.7848358
1521665837697;4.9698505;2.287537;0.76091003
1521665837713;5.070315;1.368683;1.4835206
1521665837718;5.761843;0.8446655;1.6318971
1521665837731;5.893435;0.8183441;1.4739686
1521665837738;6.460574;0.8039856;1.6175233
1521665837750;6.7476835;1.1820375;1.7946168
1521665837758;6.6280546;1.722809;1.751526
1521665837771;6.5395536;2.0625615;1.4093629
1521665837778;6.5323515;1.9764711;1.5122377
1521665837790;6.3935575;2.01471;1.4500428
1521665837798;6.460574;1.8352662;1.1748658
1521665837813;6.281131;1.8711854;1.0217286
1521665837819;6.206912;2.2827153;1.3399659
1521665837829;6.194949;2.8761601;1.7180177
1521665837838;6.187747;3.2494514;1.653412
1521665837849;6.010745;3.2518318;1.447632
1521665837858;5.962893;3.7495124;1.4356691
1521665837869;5.532107;4.151491;1.7586976
1521665837877;5.424441;3.7686775;2.1008916
1521665837890;5.646975;3.5724494;1.9908143
1521665837898;5.388552;3.5987556;1.9142457
1521665837921;4.6970234;4.3931904;2.395203
1521665837930;4.4649677;6.149539;1.9429628
1521665837938;4.2041035;6.6065702;3.101075
1521665837950;4.3740253;7.159305;3.7638557
1521665837960;4.118044;7.2119174;4.27112
1521665837971;4.0413837;6.4869413;3.9289558
1521665837977;3.9720466;5.938967;3.5341804
1521665837990;3.316407;6.618533;3.170472
1521665837997;2.4215093;7.290897;3.5581062
1521665838013;2.0458379;8.499275;3.8500373
1521665838018;2.002747;9.932382;4.484133
1521665838037;2.172669;10.124033;5.3215356
1521665838049;2.414307;9.264901;4.448244
1521665838058;2.2970586;7.0180697;4.206545
1521665838069;1.9860231;5.407717;3.3786628
1521665838079;1.0384828;6.060916;3.5844123
1521665838090;-0.057427406;8.104256;4.1108418
1521665838100;-0.42591858;10.147959;4.5701923
1521665838122;-0.30149078;10.346445;5.520144
1521665838131;-0.33259583;9.162118;5.615847
1521665838138;0.22492218;7.2645297;6.022708
1521665838150;0.11724663;5.525027;4.333376
1521665838158;-0.24645996;4.8238544;3.4169319
1521665838172;-3.2398682;10.3488865;5.393313
1521665838179;-3.821289;11.84669;5.228274
1521665838191;-3.3283691;10.683847;4.6898212
1521665838198;-1.9118652;8.760017;5.228274
1521665838213;-1.9956055;7.912967;5.955691
1521665838218;-2.1583252;6.903201;4.783205
1521665838229;-2.5315552;5.8264184;4.201784
1521665838238;-3.3834229;6.1901884;4.448244
1521665838249;-4.0198975;7.5994906;4.9698505
1521665838258;-5.0655518;9.556893;5.5871606
1521665838270;-5.244995;10.143076;5.6422143
1521665838278;-5.402954;9.87037;5.7882104
1521665838290;-4.8095703;9.116464;5.4292016
1521665838298;-4.517578;8.657234;4.687502
1521665838313;-4.8166504;8.224129;4.5701923
1521665838318;-5.4675293;8.147469;5.0799584
1521665838329;-5.9676514;8.020515;5.2258325
1521665838338;-6.2547607;8.362801;5.189944
1521665838350;-6.4820557;8.236092;4.8884296
1521665838358;-6.680664;7.3866;4.7735615
1521665838370;-6.635254;6.7357206;4.7592793
1521665838379;-6.673462;6.7476835;4.582155
1521665838391;-7.2094727;5.9796166;5.0057397
1521665838399;-7.369873;5.632693;5.2905297
1521665838413;-7.4559326;6.015506;5.3909936
1521665838420;-7.539673;6.8936796;5.424441
1521665838431;-7.9537354;7.0539584;5.273684
1521665838439;-7.6904297;6.5131865;5.261721
1521665838451;-7.9488525;6.517947;5.000979
1521665838459;-7.9249268;6.4892607;4.6276875
1521665838471;-8.082764;6.28345;4.421877
1521665838479;-8.156982;5.9293237;4.5080585
1521665838491;-8.212158;5.539309;4.3548603
1521665838499;-8.331787;4.9434834;4.6778584
1521665838513;-8.43457;4.9003925;4.8118916
1521665838518;-8.681152;5.084719;4.984133
1521665838530;-8.865234;5.21155;4.8238544
1521665838538;-8.968262;5.0919213;4.6013203
1521665838550;-9.614258;5.1492944;3.7758186
1521665838558;-8.652344;3.5916145;4.910036
1521665838570;-9.444336;4.0725117;3.9840095
1521665838578;-10.303467;4.7281513;3.5293586
1521665838591;-9.032715;4.409914;3.651429
1521665838598;-9.681152;4.417116;3.4097297
1521665838620;-9.42749;4.6348896;3.5796516
1521665838631;-9.643066;3.9840095;3.689698
1521665838639;-9.377441;2.91919;3.620301
1521665838651;-9.339111;2.476563;3.6824958
1521665838660;-8.994385;2.584229;3.9505012
1521665838671;-8.879639;3.1297615;4.010256
1521665838679;-9.145264;3.3786628;4.017458
1521665838692;-9.174072;3.4671638;3.4528205
1521665838699;-9.140381;3.6538093;2.7349858
1521665838713;-9.044678;3.8404548;2.7948003
1521665838719;-9.29126;3.5078743;3.062806
1521665838731;-9.463379;2.9934087;2.6990972
1521665838738;-9.233887;2.9335942;2.926392
1521665838750;-8.862793;2.8737798;2.9526982
1521665838758;-8.4729;2.4550176;3.177613
1521665838770;-8.487305;2.2899175;3.5173957
1521665838778;-8.774414;2.7325444;3.5987556
1521665838791;-8.870117;3.5748298;3.3571174
1521665838798;-9.073486;3.9194343;2.8761601
1521665838813;-9.090332;3.4767463;2.5626836
1521665838818;-8.937012;3.885926;2.318604
1521665838830;-8.681152;4.732912;2.5100713
1521665838838;-8.563721;5.0416284;2.54596
1521665838850;-8.879639;4.0198994;3.7184455
1521665838858;-8.826904;3.5796516;3.601197
1521665838871;-8.788818;3.6251228;4.106081
1521665838878;-8.5686035;3.9840095;4.6922626
1521665838896;-8.341309;4.321413;5.0224633
1521665838931;-8.298096;4.6276875;4.5462666
1521665838953;-8.458496;5.9078393;3.5557258
1521665838963;-8.96582;4.795168;3.6226814
1521665838969;-9.063965;4.582155;3.7160041
1521665838977;-8.994385;4.2974873;3.9672859
1521665838989;-9.709961;4.1036396;4.740114
1521665838998;-9.142822;4.498415;4.220827
1521665839019;-9.554443;5.7067895;4.137087
1521665839029;-10.088135;6.2165556;3.1154182
1521665839037;-10.511475;6.479739;3.1465461
1521665839049;-9.973145;6.8171415;3.258973
1521665839057;-9.470703;6.9056425;3.4408576
1521665839083;-9.666992;6.888919;4.7976093
1521665839103;-9.743408;7.214359;5.1636987
1521665839120;-9.485107;8.475349;4.2232685
1521665839130;-9.363037;9.111825;4.0892353
1521665839137;-9.0686035;9.769784;4.7425556
1521665839149;-9.092529;10.379892;5.4603295
1521665839157;-8.951416;10.360849;5.6254907
1521665839182;-8.010986;9.46827;5.596804
1521665839200;-7.8149414;9.195565;5.285647
1521665839204;-7.5612793;9.652596;4.8884296
1521665839232;-6.596924;9.643075;5.012942
1521665839238;-5.522583;10.796396;5.1062036
1521665839261;-5.110962;9.186044;4.5462666
1521665839273;-4.213745;8.200203;4.290285
1521665839278;-3.4695435;7.9345737;4.3070087
1521665839298;-2.5794067;8.838875;4.3356953
1521665839323;-1.7706604;8.618904;3.2733772
1521665839333;-1.435669;9.145272;3.2111213
1521665839337;-1.5768433;8.633308;3.00055
1521665839353;-1.4308777;7.805301;2.8163457
1521665839363;-0.5407715;7.767093;2.742127
1521665839378;-0.3158493;6.7740507;3.7877815
1521665839398;0.49770355;7.006107;2.9790044
1521665839423;0.38523865;8.836678;2.8665776
1521665839433;0.7058716;8.556648;3.24701
1521665839437;1.4883119;7.5468783;2.4238896
1521665839449;2.3928227;7.8508334;1.024109
1521665839457;2.3138433;8.15699;1.2849427
1521665839470;2.3736577;7.1065707;1.8233033
1521665839477;2.9790044;6.333743;1.7084657
1521665839490;3.455201;5.6302514;2.703858
1521665839498;4.0222187;4.9267597;3.6753547
1521665839518;5.900637;5.5919213;3.2374885
1521665839530;6.6591825;7.0300326;1.0719606
1521665839538;6.3242216;6.0705595;0.727417
1521665839549;5.931765;4.441042;0.91404724
1521665839558;5.8719506;3.5269783;0.4665985
1521665839572;5.4101586;3.0867317;0.8111572
1521665839581;6.211673;2.5794072;0.73698425
1521665839593;6.099246;2.1271977;1.0145265
1521665839601;6.28345;0.97387695;1.1964113
1521665839623;6.02991;1.1341859;1.0504457
1521665839632;5.8408227;0.8494415;0.8949127
1521665839640;5.38135;0.6077728;0.35891724
1521665839653;5.8527856;0.014356852;1.4141542
1521665839661;6.0705595;-0.15074539;1.6007692
1521665839683;6.3122587;-0.0382843;1.4213258
1521665839693;6.4558134;0.34456635;1.5146486
1521665839701;6.3242216;0.92123413;1.4093629
1521665839732;6.3432646;1.2801515;0.50009155
1521665839740;6.7860136;1.5122377;0.9068756
1521665839753;7.2119174;1.6223146;0.9714813
1521665839761;7.1353793;1.3519288;0.97387695
1521665839782;6.7932158;1.261017;0.67477417
1521665839793;6.6472197;2.153504;0.69869995
1521665839801;6.5515165;2.615296;1.3184205
1521665839823;6.635257;3.1513069;1.1198121
1521665839832;6.76929;3.632264;1.1868287
1521665839840;6.8242216;3.404969;1.7778627
1521665839853;6.6065702;2.95752;0.7345886
1521665839861;5.9843774;3.73993;0.9930115
1521665839882;5.7331567;5.17322;1.4524232
1521665839893;5.5417504;5.400515;1.2538148
1521665839901;5.474734;5.8383813;2.0554204
1521665839945;5.4483666;5.66614;2.3928227
1521665839962;5.1636987;4.979372;2.5052495
1521665839967;4.505617;6.5634794;2.7182012
1521665839981;3.873963;8.769539;4.074953
1521665839991;4.0461445;5.532107;3.7495124
1521665840007;3.512635;4.9123554;3.5963752
1521665840020;2.7182012;7.999149;3.4001472
1521665840030;1.9956056;11.786876;4.484133
1521665840051;2.7971807;9.669198;4.9890156
1521665840073;2.5052495;6.4366484;3.94336
1521665840082;2.0195317;5.5489526;3.9122322
1521665840090;1.2538148;7.5421176;3.8643806
1521665840098;0.033498764;11.104991;4.694704
1521665840119;0.40677643;10.621592;5.0488305
1521665840139;0.7896271;8.561287;5.400515
1521665840150;0.5694885;7.379398;4.22571
1521665840158;-0.031106472;6.3983183;3.8955085
1521665840171;-0.63887024;6.541873;4.8502216
1521665840178;-1.464386;8.925056;4.960207
1521665840190;-2.2755737;12.236828;5.54407
1521665840223;-0.9882355;8.853279;5.601565
1521665840230;-1.3758545;8.2168045;4.878908
1521665840238;-1.837677;6.802737;5.1301293
1521665840250;-2.0841064;6.8242216;5.5560327
1521665840258;-2.5531006;8.219246;5.9676538
1521665840272;-3.4624023;10.602549;6.02991
1521665840278;-3.744751;11.404063;6.0657988
1521665840291;-3.6394653;9.439462;5.5034204
1521665840298;-3.2087402;7.960819;5.1062036
1521665840318;-3.9935913;8.013435;4.902834
1521665840331;-4.237671;7.3721957;4.606081
1521665840339;-4.429077;6.788333;5.122927
1521665840363;-4.340576;8.831795;5.54407
1521665840382;-4.776001;10.049814;5.5560327
1521665840384;-4.9554443;9.657235;5.242556
1521665840403;-4.378784;8.171394;5.285647
1521665840420;-4.548706;8.092293;5.6182885
1521665840430;-4.7615967;6.281131;5.3790307
1521665840439;-5.1206055;6.5203886;5.4292016
1521665840458;-5.850342;7.305179;4.6229267
1521665840480;-5.907837;6.496463;4.713747
1521665840499;-6.312256;5.931765;5.084719
1521665840522;-6.419922;5.9126;4.948244
1521665840524;-6.45813;5.670901;4.6707783
1521665840539;-6.70459;5.7020288;4.613283
1521665840559;-7.1018066;5.6828637;5.13489
1521665840580;-7.400879;4.986574;4.4266376
1521665840599;-7.8914795;4.814333;4.606081
1521665840622;-8.336426;5.034426;4.4769306
1521665840624;-8.585205;4.8813496;4.067751
1521665840639;-8.738525;4.787966;3.8930671
1521665840658;-9.035156;4.3884296;4.7353535
1521665840680;-9.611816;3.639466;4.0892353
1521665840699;-8.937012;3.9816291;4.048586
1521665840722;-9.346191;4.086916;4.0413837
1521665840724;-9.360596;3.9146125;3.8021858
1521665840739;-9.135742;3.2948616;3.4695442
1521665840751;-9.128418;3.4695442;3.7112434
1521665840759;-8.984863;3.4599617;4.012697
1521665840772;-9.023193;3.4073493;3.6849372
1521665840779;-8.848633;3.208741;3.4695442
1521665840791;-9.094971;3.297303;3.4719856
1521665840799;-9.0686035;3.1250007;3.1871955
1521665840819;-9.052002;3.2207038;3.2015388
1521665840831;-9.085449;3.0603645;2.8617558
1521665840839;-9.073486;2.7397466;3.2183235
1521665840851;-8.783936;2.8330693;3.3690803
1521665840859;-8.925049;3.03888;3.385804
1521665840882;-8.814941;3.0412605;3.4216926
1521665840903;-8.937012;3.1297615;3.2518318
1521665840946;-9.087891;2.9240117;2.856995
1521665840962;-9.071045;2.95752;2.9718633
1521665840967;-9.044678;2.8928838;3.1561286
1521665840981;-8.862793;2.7373662;2.9670415
1521665840991;-8.729004;3.258973;2.9407353
1521665841008;-8.769531;2.9335942;2.8665776
1521665841022;-8.659424;2.945557;2.9718633
1521665841025;-8.633301;3.189576;3.0292976
1521665841043;-8.977783;2.703858;2.83783
1521665841051;-9.152344;2.1846318;2.6990972
1521665841073;-9.1188965;2.0960698;2.71106
1521665841079;-9.042236;2.3521123;3.189576
1521665841099;-9.025635;2.407166;3.0269172
1521665841121;-9.133301;2.2635503;2.7086186
1521665841131;-9.429932;2.419129;2.749329
1521665841143;-9.657227;2.495667;2.483704
1521665841151;-9.7578125;2.533997;2.419129
1521665841159;-9.49707;2.4238896;2.5507207
1521665841173;-9.159668;2.2540288;2.7971807
1521665841192;-8.709717;1.7108461;2.7899785
1521665841208;-8.8342285;1.7012941;2.7254033
1521665841223;-9.042236;1.988434;2.4406743
1521665841225;-9.114258;2.3090215;2.438233
1521665841241;-9.238525;2.3975835;2.4334722
1521665841244;-9.126221;2.153504;2.4932866
1521665841262;-9.001709;2.0793462;2.4621587
1521665841264;-8.917969;1.9597169;2.476563
1521665841281;-8.977783;1.9238282;2.495667
