1521665063333;-0.08630562;0.01769352;-0.01386714
1521665063345;-0.06918144;0.024392605;0.11183739
1521665063352;-0.09930992;0.022965908;0.13433456
1521665063364;-0.12952042;0.007303238;0.23296356
1521665063372;-0.13385391;0.0067243576;0.24314499
1521665063384;-0.11897278;0.09729195;0.18395996
1521665063393;-0.05373478;0.015927315;0.20127106
1521665063406;-0.086359024;0.05105114;0.107852936
1521665063414;-0.1279602;0.049467087;-0.020896435
1521665063426;-0.09461212;0.011958361;0.061442375
1521665063434;-0.12631989;0.075582504;0.09363556
1521665063457;-0.102054596;0.098436356;0.096479416
1521665063477;-0.15200043;0.008064985;0.15491867
1521665063488;-0.15282059;0.0894146;0.115989685
1521665063499;-0.12014961;0.05916977;0.13827896
1521665063511;-0.10657501;0.032141685;0.10013962
1521665063523;-0.14044571;0.032048225;0.017483234
1521665063538;-0.11474419;0.040296555;0.1169281
1521665063556;-0.14204025;0.030239105;0.13767242
1521665063568;-0.18839264;0.044140816;0.11562729
1521665063577;-0.095386505;0.1641655;0.116493225
1521665063588;-0.08695412;0.06301689;0.09118843
1521665063596;-0.106500626;0.045885086;0.13550186
1521665063608;-0.1235981;0.029804707;-0.010008335
1521665063617;-0.11322975;-0.105350494;0.027696133
1521665063636;-0.11851883;0.0071573257;0.12600708
1521665063658;-0.10007095;0.046455383;0.1321106
1521665063678;-0.16055298;0.06268692;0.022533417
1521665063698;-0.1764412;0.039177895;-9.4127655E-4
1521665063718;-0.096551895;-0.009155035;0.017458916
1521665063731;-0.11288643;-0.04779625;0.103206635
1521665063739;-0.043333054;-0.020985603;0.04122448
1521665063758;-0.1770668;-0.011056662;0.14733505
1521665063778;-0.12001419;0.03737259;0.11919212
1521665063792;-0.14879227;0.13315201;0.056739807
1521665063800;-0.095825195;0.22290039;0.13814163
1521665063838;0.12541199;-0.02351904;-0.010752916
1521665063843;0.09420586;-0.0601511;0.17108536
1521665063858;0.04034996;0.031127453;0.13706589
1521665063878;-0.017015457;-0.011232853;-0.117362976
1521665063888;0.53305054;-0.15121078;-0.39070892
1521665063896;0.7299957;-0.2678604;-0.44716644
1521665063908;0.87734985;-0.4062271;-0.25226593
1521665063916;0.84487915;-0.5018616;-0.5705414
1521665063936;1.4150697;-1.1681824;-1.4456482
1521665063956;2.0449224;-1.6356812;-1.0284424
1521665063968;2.025391;-1.3673401;-0.5867462
1521665063975;1.9848939;-1.1574097;0.17797089
1521665063986;1.9462587;-0.6778412;0.5982208
1521665063996;1.7163087;-0.09384918;0.5409088
1521665064007;1.7516786;0.33476257;0.5029297
1521665064015;1.6987306;0.461792;0.17142105
1521665064029;1.4703676;0.19116974;-0.83332825
1521665064039;1.4524537;-0.09360123;-1.480133
1521665064058;2.0836186;-1.3995972;-2.3826294
1521665064077;2.290711;-2.290039;-2.038147
1521665064097;1.7395326;-1.6370239;-1.6091003
1521665064108;1.5879823;-0.9893799;-1.1940002
1521665064117;1.6853029;-0.28482056;-0.5974884
1521665064137;1.8744203;0.5604553;-0.025037289
1521665064157;1.9760743;-0.15177536;0.78723145
1521665064177;1.6286317;-1.3665161;0.07192421
1521665064198;1.2218324;-0.5162506;-0.98417664
1521665064217;1.4539796;0.66127014;-0.9631958
1521665064237;1.824524;0.8567505;-0.41187286
1521665064298;0.941452;-0.2576294;-0.52153015
1521665064307;0.5640564;0.1532135;-0.31518555
1521665064317;0.28901672;0.92388916;0.8460846
1521665064336;-0.4819107;1.4613649;1.4020692
1521665064361;-0.80433655;1.0645753;1.0734559
1521665064376;-0.8767395;0.58491516;1.1003724
1521665064388;-1.0618591;0.5701752;0.7017975
1521665064396;-1.0724182;0.6670532;0.8991089
1521665064408;-1.4846802;0.7771301;0.8779297
1521665064417;-1.6927795;0.80674744;0.32061768
1521665064438;-1.5927734;0.20796967;0.074697495
1521665064477;-1.7966919;-0.16606903;0.3910675
1521665064480;-1.6911926;1.7346803;2.3973393
1521665064501;-2.0427246;1.8480531;4.3695087
1521665064509;-2.1890259;1.9715577;4.4718037
1521665064536;-1.6981201;2.5262456;2.6360478
1521665064558;-1.6806335;2.153687;0.71151733
1521665064568;-1.749115;2.0289311;0.37652588
1521665064576;-1.9030151;1.9539186;1.1651002
1521665064597;-2.4054565;2.263123;3.0241096
1521665064611;-2.7511597;2.0453496;4.194582
1521665064620;-3.026245;1.8851014;3.9394538
1521665064637;-2.9291382;2.1614995;3.0340583
1521665064642;-2.770691;2.545899;2.761414
1521665064663;-2.703186;3.2015388;1.7651979
1521665064672;-2.215332;3.599305;0.875412
1521665064680;-1.759613;3.3194587;0.98217773
1521665064697;-1.6790466;2.389649;0.93058777
1521665064702;-1.8982239;2.0866094;1.1432496
1521665064736;-1.8523865;3.373597;1.483368
1521665064742;-1.6817627;3.7722175;1.860016
1521665064762;-1.6000977;3.6676643;1.5505067
1521665064771;-1.3462219;2.5335698;0.67329407
1521665064838;-1.5532227;3.0000007;1.1752931
1521665064844;-1.8832397;4.8277607;1.9357606
1521665064855;-1.5235596;4.3131123;0.9681244
1521665064867;-1.1080933;3.5054328;0.6963196
1521665064875;-0.96336365;2.8677983;0.27311707
1521665064887;-1.2677612;2.750794;-0.054680824
1521665064895;-1.4610901;3.1171272;-0.0034226775
1521665064908;-1.4668884;3.4998786;0.4106903
1521665064915;-1.267456;3.9374397;0.6110687
1521665064928;0.0060367584;3.6322029;1.326996
1521665064937;0.19596481;3.243348;1.4671632
1521665064957;-0.86538696;2.4110723;1.4721986
1521665064969;-1.8042297;2.79065;1.5531007
1521665064979;-3.2728882;0.79330444;0.27967834
1521665064997;-0.86169434;0.23620224;-1.558258
1521665065017;1.7126771;-1.623291;-1.0617065
1521665065032;1.3326112;-2.0776978;-0.87467957
1521665065041;0.20692062;-1.7073364;-0.42745972
1521665065070;-0.68522644;-0.66778564;0.73776245
1521665065084;-1.9446106;2.9108891;0.52900696
1521665065093;-1.365387;3.9429939;0.02941227
1521665065101;-0.32015228;3.163575;-0.63093567
1521665065115;1.1181947;0.4160614;-1.6253357
1521665065125;1.0243531;-0.73391724;-1.6073608
1521665065137;-0.044210434;-0.6957245;-1.1292114
1521665065158;-0.9924927;1.8884584;-1.0645752
1521665065178;-0.18325424;2.3955693;-0.92466736
1521665065197;1.0601197;-1.2158813;-2.0474854
1521665065217;1.3337098;-2.1934814;-2.081604
1521665065233;0.905365;-1.2825623;-1.1278687
1521665065241;0.56051636;0.25060272;0.43826294
1521665065278;0.6245117;3.497071;1.6651307
1521665065283;1.0433656;3.5726936;1.8650514
1521665065292;1.3911744;2.6477056;1.7575685
1521665065305;1.7918702;-0.09558678;0.060105324
1521665065322;1.6455384;-0.76420593;-0.3407898
1521665065337;1.2149965;1.0985109;-0.58525085
1521665065356;1.3251039;1.7325441;-0.3828659
1521665065359;1.6412355;1.7490846;-0.094696045
1521665065378;1.9062501;-0.116155624;0.3495102
1521665065402;1.8506776;-1.4072876;-1.0531006
1521665065422;1.8621827;0.54190063;0.25164032
1521665065443;1.67688;1.7730409;0.4080429
1521665065461;1.4559633;1.2402955;-0.14550018
1521665065478;1.1000062;0.48889923;-0.7646179
1521665065498;1.4232789;-0.42679596;-0.42181396
1521665065509;1.6676027;-0.85276794;-0.2510605
1521665065521;1.9018556;-0.88912964;-0.78601074
1521665065538;2.780579;-0.63119507;-1.2147522
1521665065562;3.212342;-1.1099243;-2.22229
1521665065578;3.3972785;-1.2034607;-3.0474854
1521665065590;3.6121833;-1.2573853;-2.652588
1521665065602;3.8572395;-1.1802979;-1.7025757
1521665065618;3.7822273;-1.5621948;-3.2629395
1521665065638;3.2912605;-0.6591644;-3.0310059
1521665065662;3.2308967;-0.3327942;-1.4616394
1521665065678;3.0155036;-0.8542328;-1.2392273
1521665065698;2.5891118;-1.3623047;-1.9794617
1521665065718;2.4104009;-1.3876038;-2.2560425
1521665065730;2.7479863;-1.6117249;-2.1377563
1521665065742;2.763001;-1.3091125;-2.1191406
1521665065763;2.3478398;-0.53038025;-1.8420715
1521665065778;2.0559697;-0.23918152;-0.70751953
1521665065798;2.3589482;-0.45719147;-0.4333725
1521665065818;2.2097173;-0.18540955;-0.4705429
1521665065836;1.3822633;0.6144104;0.10363388
1521665065839;0.99224854;0.579834;0.55444336
1521665065863;0.6023712;0.33384705;0.29441833
1521665065878;0.24123764;0.26867676;-1.4897766
1521665065898;0.20772552;0.48203278;-0.9144287
1521665065918;-0.41709137;0.64071655;0.15447235
1521665065936;-0.98809814;0.37987518;0.26822662
1521665065939;-1.1248474;0.28245544;1.6003419
1521665065963;-2.1032104;0.09043121;1.4028932
1521665065978;-1.333435;0.5487976;0.7556
1521665065998;-0.6058502;0.51368713;0.8342438
1521665066018;-1.9953003;0.17321777;-0.0017910004
1521665066036;-2.2857666;0.053504944;0.27069855
1521665066039;-2.5911255;0.07466698;0.2696228
1521665066065;-1.9093628;0.51382446;1.1128236
1521665066078;-3.926941;0.0015541315;2.2532964
1521665066090;-4.6102295;-0.7623291;1.7648317
1521665066099;-4.3551025;-1.6343689;1.2256471
1521665066110;-4.0281982;0.27793884;1.1998292
1521665066119;-4.133545;0.7679596;0.2922058
1521665066138;-4.2382812;3.0650032;1.1723939
1521665066158;-4.2805176;4.267458;1.0634156
1521665066160;-3.6558228;4.4007587;1.8040468
1521665066184;-3.8475342;2.905335;1.5089418
1521665066202;-3.2872314;2.3250127;1.0732728
1521665066224;-2.2598877;2.6489263;-0.2360344
1521665066230;-1.9445801;2.0769048;-0.87091064
1521665066239;-1.5563354;1.3220216;-1.560791
1521665066277;-1.4563293;1.0938417;-1.2787476
1521665066285;-1.8278198;2.6478276;-0.15582657
1521665066298;-1.6356201;3.297181;1.3910524
1521665066310;-1.8626709;3.361695;1.8649598
1521665066332;-1.6946106;3.429383;1.8509523
1521665066346;-1.5913391;3.4110115;1.9472352
1521665066363;-1.5914612;3.15149;0.7267761
1521665066370;-1.923523;2.5590215;-0.42704773
1521665066380;-1.9385681;1.8031617;-1.1980896
1521665066390;-2.345398;1.0064698;-1.7815857
1521665066399;-2.5686035;-0.94055176;-1.5603027
1521665066410;-2.7478027;-0.58558655;-0.5987396
1521665066419;-2.8859253;0.30338287;-0.041650772
1521665066444;-3.0482788;0.66548157;1.04657
1521665066474;-3.2346191;1.0796205;0.49494934
1521665066481;-3.4501343;1.8606569;-0.6760254
1521665066491;-2.8150024;1.7178346;-0.5640106
1521665066499;-2.095459;1.5861207;-0.46381378
1521665066510;-1.4115295;1.5185243;-0.76039124
1521665066531;-0.03124237;-0.030258656;0.07622337
1521665066543;-0.74961853;0.5812683;0.57492065
1521665066563;-1.9729614;1.7162782;-1.0660095
1521665066570;-1.2969666;1.7155458;-1.8701477
1521665066583;-0.16369629;0.874527;-2.1329346
1521665066597;0.84713745;0.09899902;-1.9803467
1521665066599;1.3334352;-0.23667908;-1.8561707
1521665066614;1.3135072;-0.44316864;-1.2710876
1521665066619;0.8677368;0.12028122;0.028404713
1521665066631;0.0029363632;1.1744081;1.0149232
1521665066639;-0.8618622;1.9506227;0.50891113
1521665066658;-0.6080017;2.360474;-0.6451721
1521665066660;0.064115524;1.6504518;-0.8720093
1521665066670;0.6471405;0.49008942;-2.4083252
1521665066679;1.4030153;-0.5904083;-3.4677734
1521665066690;2.0648198;-1.4602051;-3.093872
1521665066699;1.748047;-1.4530029;-2.52594
1521665066711;0.90104675;-0.026927471;-1.4992371
1521665066732;-0.21770477;3.0026863;1.4385072
1521665066753;-0.39779663;4.1174335;1.6215516
1521665066764;-0.13097382;1.7752687;-0.050585747
1521665066784;0.58729553;-1.341095;-2.2748413
1521665066791;0.40616608;-1.8532715;-2.4378662
1521665066799;-0.20770264;-1.064209;-2.2612915
1521665066843;-0.7092438;0.43710327;-1.9536438
1521665066857;-0.19291306;2.209351;0.14202881
1521665066863;0.8023529;0.1961174;-0.044682503
1521665066871;1.1595765;-0.8127594;-0.72766113
1521665066880;1.1159669;-0.9506378;-1.0805359
1521665066891;0.7412262;-0.36772156;-1.2882385
1521665066899;0.5391388;0.3428192;-1.1309204
1521665066911;0.3651657;1.0198976;-1.0072021
1521665066919;0.33839417;1.7249757;-1.1210632
1521665066931;0.54714966;1.6227418;-0.97650146
1521665066943;0.991272;0.8662567;-0.3923111
1521665066965;1.3075563;-0.13545227;-0.17855453
1521665066974;1.358368;-0.89941406;-0.4263153
1521665066982;1.1202089;-1.5021057;-1.1433105
1521665066992;1.095215;-1.4567871;-1.2430725
1521665067005;1.0887758;-0.11248016;-1.6738892
1521665067024;1.8596193;0.4117508;-1.2122192
1521665067045;2.0505986;-0.17424774;-1.2726135
1521665067065;1.8394777;-0.7595978;-2.3772583
1521665067073;1.6733094;-1.3534241;-3.119812
1521665067086;2.120667;-1.9543762;-3.5425415
1521665067093;2.4709477;-1.6767273;-3.7370605
1521665067099;2.808167;-1.3639221;-3.7839355
1521665067111;3.135743;-1.1026611;-3.7270508
1521665067119;3.4004524;-0.74316406;-3.5307007
1521665067131;3.4331672;-0.42217255;-3.8168945
1521665067140;3.7061775;-0.5585327;-3.736206
1521665067155;3.8110359;-0.98287964;-3.3807373
1521665067159;3.7130134;-1.435791;-3.0372314
1521665067171;3.3312995;-1.6265869;-2.892273
1521665067179;2.9033818;-1.6309814;-2.7128296
1521665067191;2.6146855;-1.6734619;-2.5543823
1521665067200;2.5500493;-1.4147644;-2.4239502
1521665067211;2.3945928;-0.8843689;-2.512207
1521665067220;2.5013433;-0.5224762;-2.3058472
1521665067231;2.5004888;-0.45612335;-1.810852
1521665067239;2.6002812;-0.9264374;-1.6080017
1521665067262;2.3067632;-1.1579895;-1.56604
1521665067271;1.9405519;-1.2921448;-1.7884216
1521665067284;1.8538514;-1.2686768;-1.7018127
1521665067305;2.0900273;-0.987442;-0.65797424
1521665067324;2.2099614;-0.5145569;0.2389679
1521665067344;2.198792;0.0075302124;0.8244324
1521665067365;2.0537724;-0.02675438;0.5316467
1521665067374;2.1074834;-0.07787514;0.48905182
1521665067382;1.976349;-0.37126923;-0.24641418
1521665067395;2.021912;-0.4657364;-1.0697327
1521665067404;1.7414857;-0.15719986;-1.0414429
1521665067424;1.3681947;0.28621674;0.4860916
1521665067444;0.23789215;0.5366974;0.5362549
1521665067465;-0.24918747;0.7704315;0.09330177
1521665067471;-0.33605194;0.7417908;0.6569519
1521665067480;-0.63423157;0.6333771;0.65219116
1521665067491;-0.9054718;0.6380005;0.9446106
1521665067500;-1.3992615;0.6668701;1.069214
1521665067512;-1.8511963;0.3482132;0.6366577
1521665067532;-1.9941406;0.27217865;1.3136598
1521665067558;-2.3944092;-0.053135872;1.2818605
1521665067565;-2.3552856;0.039030075;-0.7559509
1521665067572;-1.5054932;-0.52568054;0.16610718
1521665067580;-1.1195984;-0.47794342;0.29699707
1521665067591;-1.2888184;0.2401619;0.48931122
1521665067600;-1.5744629;1.1321412;1.4035951
1521665067612;-2.2415771;1.5490113;2.5936894
1521665067620;-2.9719849;1.616974;2.8659673
1521665067632;-3.4505615;1.6733705;2.3581548
1521665067640;-3.4454346;1.0879213;0.7087097
1521665067655;-1.4405212;0.47969818;1.0045472
1521665067660;-1.9899292;0.6218262;1.2770387
1521665067672;-3.2920532;1.4932863;1.282013
1521665067680;-3.8660278;2.93158;2.9666753
1521665067691;-4.0911865;2.7008672;2.910645
1521665067700;-3.140625;2.236878;1.5060426
1521665067714;-1.6997681;1.2310487;0.09469032
1521665067724;-0.76213074;0.12641525;-0.8820343
1521665067745;-2.6800537;1.0261537;-0.46660614
1521665067787;-3.7860107;2.0601811;0.55178833
1521665067795;-3.9961548;3.2344368;1.4327089
1521665067804;-3.6812744;4.0792255;1.6441652
1521665067818;-2.0114136;3.3380744;0.965744
1521665067825;-1.7058105;1.3046266;-0.62750244
1521665067832;-2.0579834;1.3960572;-0.7631531
1521665067866;-1.5070496;2.5605474;0.10883331
1521665067885;-1.363617;2.3321538;0.39905548
1521665067904;-1.7072754;2.6558232;0.5752106
1521665067924;-1.8390503;3.2529914;1.0032655
1521665067938;-2.151184;3.396424;1.3333131
1521665067940;-2.614502;3.4868782;1.538086
1521665067965;-3.170044;3.1492317;0.32531738
1521665067976;-2.694397;2.3726811;0.18598175
1521665067980;-2.3982544;1.3080446;-0.43372345
1521665067996;-1.7767029;0.3900528;-0.5941925
1521665068000;-2.0336914;-1.6543579;-1.1603699
1521665068021;-2.6741943;-0.32002258;-0.90715027
1521665068038;-3.2456665;0.53492737;-0.012619257
1521665068040;-3.6903687;1.6866761;0.62435913
1521665068056;-3.8864136;2.7033086;0.36044312
1521665068061;-3.3745728;2.5003667;0.086891174
1521665068072;-2.15625;1.3253175;0.7034149
1521665068080;-0.90937805;0.101932526;0.7014923
1521665068094;-0.424675;-0.6304474;0.07264137
1521665068100;-0.45863342;-1.0290527;-0.47511292
1521665068114;-1.8237;0.2498169;-0.16677475
1521665068124;-2.1989136;1.5321351;0.12241554
1521665068145;-0.6509552;1.9990541;-1.3930969
1521665068168;0.7868347;0.89505005;-1.1505737
1521665068176;1.45282;-0.16923904;-1.0577087
1521665068184;1.2561952;-0.519989;-1.5195923
1521665068193;0.70202637;-0.20236206;-1.0544434
1521665068206;-0.47138214;1.6533815;1.2763063
1521665068233;-0.78778076;3.0235603;1.6141664
1521665068246;-0.3798294;4.1901875;0.60546875
1521665068266;0.7041321;3.3803718;0.7821655
1521665068276;0.8908539;-0.19499588;-1.0037231
1521665068280;0.014502525;-0.26623535;-0.9365845
1521665068293;-0.71902466;0.3801422;-0.15753174
1521665068315;-0.73986816;1.9082643;0.062233925
1521665068333;2.153626;1.4400026;-0.13452911
1521665068341;2.5272832;0.5436554;-0.55778503
1521665068366;1.6270753;-0.63375854;-0.960495
1521665068372;0.60032654;0.09209442;-0.7026062
1521665068380;-0.11645126;1.179474;0.02049017
1521665068392;-0.08224869;2.02002;0.56204224
1521665068400;0.68652344;2.6036992;1.5628968
1521665068414;1.4956056;2.7257695;1.9886781
1521665068433;2.3977056;2.0427861;0.111328125
1521665068466;0.86860657;0.6844177;-0.6781006
1521665068485;-0.080532074;1.40683;-0.7499542
1521665068492;0.06131649;1.4411927;-0.47342682
1521665068501;0.37347412;1.1712648;-0.5379486
1521665068514;0.72094727;0.677475;-0.5740204
1521665068520;0.7898407;0.1927681;-0.6626282
1521665068536;0.68878174;-0.25045013;-0.95539856
1521665068540;0.52098083;-0.27422333;-0.95344543
1521665068562;0.22827148;0.19712067;-1.1850281
1521665068576;0.46228027;0.32717896;-0.6092224
1521665068581;0.84843445;0.4287033;-0.94932556
1521665068596;1.2651063;0.3863678;-1.7090759
1521665068606;1.9725038;-0.06657219;-1.8870239
1521665068622;2.6082158;-1.4964294;-3.3064575
1521665068641;2.4890141;-1.2544861;-4.385376
1521665068666;3.7290046;-1.6508789;-3.9700928
1521665068676;4.390871;-2.0718994;-3.2124634
1521665068685;4.7095966;-2.2427979;-3.3428345
1521665068697;4.6364765;-2.4163818;-4.044922
1521665068701;4.6430683;-2.5352783;-4.267578
1521665068722;3.837342;-1.7731628;-4.4718018
1521665068741;3.4093635;-0.9608002;-3.8875732
1521665068766;2.719605;-0.29714966;-2.9875488
1521665068776;2.3176885;-0.17945862;-2.3477783
1521665068785;1.8892213;-0.40611267;-1.9238586
1521665068793;1.9117128;-0.88934326;-2.15448
1521665068801;1.9173585;-1.4035034;-2.305359
1521665068814;1.8599244;-1.6255798;-2.2810059
1521665068821;1.7989503;-1.691803;-2.0686035
1521665068834;1.5698854;-1.5872803;-1.9672546
1521665068841;1.4238893;-1.5401917;-1.8778381
1521665068861;1.4029847;-2.3359985;-2.930725
1521665068873;1.6087648;-2.5575562;-2.9664917
1521665068881;1.6338502;-2.4555664;-2.6832886
1521665068893;1.6359254;-2.02417;-2.0690308
1521665068901;1.6894227;-1.1834717;-0.9050598
1521665068926;1.4647828;0.8763428;1.0522462
1521665068946;1.4804078;1.7115785;1.793213
1521665068968;1.4237977;1.6996461;1.8828126
1521665068976;1.2976991;1.4586488;1.5734864
1521665068984;1.2338563;0.8150635;1.089142
1521665068993;1.0212098;0.4453125;0.77685547
1521665069006;0.35962677;-0.037194252;0.13661194
1521665069026;-0.17250443;-0.37049866;-0.69618225
1521665069046;-0.52879333;0.19422531;-0.76342773
1521665069068;-0.6196594;0.6448822;-0.8247223
1521665069076;-0.56347656;0.85697937;-0.5142822
1521665069084;-0.39585114;0.73820496;0.28456116
1521665069093;-0.307518;0.24326706;1.1166078
1521665069106;-0.7321472;-0.3662033;1.2936403
1521665069134;-0.858551;-0.12683487;1.6328431
1521665069147;-1.5776672;0.7638855;-0.42742157
1521665069166;-1.3530884;1.2659608;-0.49430847
1521665069177;-0.43236542;0.74671936;0.45911407
1521665069195;-1.8977966;0.6488342;1.7912294
1521665069201;-2.9259033;0.61439514;2.5505986
1521665069227;-4.3120117;0.30138397;1.4372255
1521665069246;-0.9911499;-0.27074432;0.6946564
1521665069275;-2.1069336;0.5411835;1.0570985
1521665069281;-4.7805176;2.8388066;2.1863408
1521665069293;-5.0601807;3.67566;2.7203374
1521665069305;-4.385742;4.6362324;2.2660527
1521665069314;-3.2409668;4.9472675;2.316773
1521665069321;-2.4525757;4.4628925;1.8699647
1521665069334;-2.541809;4.0510273;1.1479799
1521665069341;-3.0358887;3.5512702;1.2261049
1521665069363;-2.887085;3.5102546;1.680359
1521665069373;-2.2789307;3.9736335;1.9053956
1521665069381;-1.6316223;4.300905;1.9609681
1521665069393;-1.0326233;4.0684834;1.5702516
1521665069401;-0.83106995;3.4566658;0.44675446
1521665069417;-0.65534973;2.7724004;-0.104932785
1521665069425;-0.727829;2.6961064;-0.4949646
1521665069449;-0.5863495;2.9108891;-0.26759338
1521665069475;-0.5565338;3.3939826;-0.043203354
1521665069484;-0.4430008;3.8638313;0.34062958
1521665069493;-0.35393524;4.389406;0.97036743
1521665069506;-0.50387573;4.460329;0.61331177
1521665069515;-0.36174774;4.6090107;0.51493835
1521665069524;-1.0554199;4.590212;0.61209106
1521665069534;-0.9790039;4.481203;0.63768005
1521665069568;-0.47532654;4.564211;0.37825775
1521665069586;-0.6973419;4.922365;0.6219177
1521665069606;-1.277008;5.221682;1.5571595
1521665069626;-0.86138916;4.5286884;0.8366394
1521665069642;-0.21912003;2.3455205;-0.13804626
1521665069666;-1.4113159;-0.8083191;-0.6439667
1521665069682;-2.28656;2.353211;0.35259247
1521665069697;-1.0025024;2.538941;0.5085144
1521665069702;0.51724243;1.2790529;0.030447483
1521665069723;1.3492433;-0.7728729;-0.926239
1521665069742;0.022209167;0.13619614;-0.73062134
1521665069766;-1.437439;3.6920784;1.622223
1521665069777;-1.6997375;5.567385;0.59562683
1521665069786;-0.35751343;5.3892846;-0.22311401
1521665069794;1.7029115;3.37024;0.13887024
1521665069802;2.9398808;1.0919496;-0.115448
1521665069814;2.8632817;0.0056991577;-1.4787598
1521665069822;2.1496587;-0.31933594;-2.2957764
1521665069834;1.3671571;0.073028564;-1.6420288
1521665069842;0.36974335;1.2779847;-0.0983696
1521665069863;-1.1429443;4.4250507;0.40112305
1521665069874;-1.080719;5.08301;0.2726593
1521665069882;-0.48976898;4.3863544;0.74176025
1521665069894;0.12385368;3.1207893;0.14234924
1521665069902;1.0024415;1.7109681;-0.61390686
1521665069914;1.1034852;0.07100487;-1.553833
1521665069923;0.25988007;0.82829285;-1.6983643
1521665069934;-0.41134644;1.7855226;-1.555542
1521665069942;-0.7696228;2.884705;-1.1699829
1521665069958;-0.94692993;3.8485725;-0.65193176
1521665069962;-0.85491943;3.8977058;-0.44169617
1521665069975;-0.3919525;2.9014897;-0.29149628
1521665069982;0.31100464;1.6024476;-0.5930481
1521665069994;0.867218;0.021979809;-1.1412048
1521665070002;0.90571594;-0.8275757;-1.6035156
1521665070014;0.56988525;-0.73521423;-1.7652893
1521665070023;0.2352562;0.22555923;-1.2746887
1521665070047;0.10656357;2.761414;-0.50213623
1521665070078;0.9970398;3.236573;0.22908401
1521665070085;1.7605897;1.5205384;0.014466047
1521665070107;1.7462465;0.38760376;-0.73553467
1521665070126;1.5035096;0.5397186;-1.3051758
1521665070129;1.1895753;0.79582214;-2.1308594
1521665070142;1.7460328;1.2365724;-2.1223145
1521665070164;2.4154668;-0.41654205;-2.1889648
1521665070175;2.4919438;-1.0686951;-2.7105103
1521665070182;2.426331;-1.4229431;-2.756897
1521665070194;2.3125615;-1.3734741;-2.8909302
1521665070202;2.181275;-0.75379944;-2.637085
1521665070224;2.4080815;0.53656006;-2.1583862
1521665070247;3.911866;-0.34690857;-3.78125
1521665070276;4.4610615;-1.2574768;-5.1639404
1521665070285;3.7214363;-1.590271;-6.7335205
1521665070307;3.417359;-1.9909363;-5.2457275
1521665070315;3.2811897;-1.7463684;-4.616455
1521665070324;3.3237922;-1.3262634;-3.7333374
1521665070343;3.3366706;-0.687027;-1.9002991
1521665070367;2.829041;-0.69789124;-1.5812988
1521665070376;2.6270146;-0.987381;-3.0793457
1521665070382;2.7706304;-1.4142761;-3.0076294
1521665070394;2.9830937;-2.1470337;-2.8392334
1521665070403;2.9230962;-2.6425781;-2.9076538
1521665070415;2.5973516;-2.6933594;-2.9033813
1521665070427;2.0239873;-2.3727417;-3.022583
1521665070443;1.3828431;-0.34482574;-1.9180298
1521665070477;1.5989991;0.8654938;-0.08745766
1521665070484;1.706299;0.39774323;0.48117065
1521665070494;1.3150636;0.10046196;-0.3115921
1521665070503;1.0680238;-0.18546295;-0.21957016
1521665070524;0.4901123;-0.36714172;-0.8066101
1521665070535;0.4028244;0.11133766;-0.5095062
1521665070546;0.10074425;0.35049438;-0.88648987
1521665070567;0.14134979;0.4865265;-0.294487
1521665070584;-0.13370132;-0.035648346;1.1730653
1521665070598;-1.0161743;0.29884338;1.2218324
1521665070603;-1.4986572;0.6899719;0.43174744
1521665070615;-1.627533;0.9961395;0.16605759
1521665070624;-1.5984497;1.1722413;0.272377
1521665070643;-0.9902191;0.9657898;0.7273865
1521665070667;-1.1904602;0.8592529;1.1549989
1521665070684;-1.8275452;0.3938446;1.0671693
1521665070698;-2.0430298;-0.16347885;0.62538147
1521665070703;-1.7067261;-0.7398071;0.53131104
1521665070724;-1.3748474;-0.49717712;-0.24251175
1521665070743;-1.4305725;1.0148622;1.9258424
1521665070767;-2.3358154;1.8289796;2.1325688
1521665070784;-1.4540405;0.060941696;-0.50476074
1521665070803;0.4321289;-2.7235107;-0.07116318
1521665070823;-3.5631714;2.8195195;2.4344487
1521665070844;-4.3875732;6.205325;2.4586797
1521665070867;-2.0671387;3.6267097;1.9609681
1521665070883;-1.3305969;0.06490135;-0.6877899
1521665070904;-3.039734;0.6756897;-0.43743134
1521665070924;-3.7175293;3.6317146;2.0492558
1521665070944;-2.0922241;4.0717793;1.6885377
1521665070968;-1.5196228;2.952271;0.0036674738
1521665070983;-2.119812;3.2666633;0.17375565
1521665070995;-2.0744019;3.821595;0.36917114
1521665071003;-1.5549316;4.173952;0.1783638
1521665071016;-0.795578;3.9907844;0.060853004
1521665071023;-0.32824707;3.7999275;0.13601685
1521665071035;-0.75001526;3.3820198;0.5020447
1521665071043;-0.7216797;3.4298103;0.756073
1521665071064;-0.7098236;3.7999885;0.9307709
1521665071075;-0.8154144;4.248049;1.1400148
1521665071083;-1.1681519;4.91675;1.2347718
1521665071095;-1.1481323;5.0178246;1.1701356
1521665071103;-1.1233215;4.921755;1.059662
1521665071128;-1.0652466;4.418581;0.50401306
1521665071151;-1.0820923;4.201418;0.80233765
1521665071178;-1.2272034;4.248659;0.9342041
1521665071188;-1.4589539;4.1519794;0.9502716
1521665071196;-1.8029175;3.8438118;0.5175476
1521665071205;-2.2249146;2.9821172;0.6053314
1521665071217;-2.9160156;1.7547303;1.0334169
1521665071226;-2.5258179;2.8129277;0.13347244
1521665071248;-0.6970062;1.7589113;-0.8044281
1521665071277;0.018252373;1.9994508;-0.61901855
1521665071286;0.7065582;2.2557988;-0.7600403
1521665071295;0.46316528;2.1052861;-1.1155701
1521665071304;0.5617523;1.9411927;-1.0310059
1521665071316;0.41075897;1.8866884;-0.7364197
1521665071323;0.48474884;2.0594487;-0.23254013
1521665071348;1.0341493;2.2070317;1.0598756
1521665071377;1.1492006;2.6617436;0.32982635
1521665071386;0.93411255;2.6801152;-0.8254547
1521665071395;0.51400757;2.759705;-0.7828522
1521665071404;-0.16625214;3.1910408;-1.7469788
1521665071416;-0.3623047;3.0816658;-1.7156372
1521665071436;0.3927307;1.6721193;-0.42140198
1521665071458;0.7701874;1.1749574;-0.12132645
1521665071467;0.7818451;1.0679017;-0.22468948
1521665071469;0.48929596;0.98835754;-0.92037964
1521665071487;-0.38936615;1.7955018;-1.0312195
1521665071496;-1.0048828;2.3110356;-1.935791
1521665071504;-1.3723145;1.8630372;-1.9759521
1521665071528;-0.24921417;0.073163986;-2.18927
1521665071544;0.85136414;-0.3199768;-1.793396
1521665071565;0.9673004;0.58888245;-1.5420227
1521665071569;0.638916;1.4729921;-1.4034119
1521665071584;-0.14881897;2.5643926;-0.1731987
1521665071604;-0.8321686;1.9178163;-0.9125824
1521665071625;0.06511879;-0.31628418;-1.0141907
1521665071644;1.1432801;-0.6234894;-2.255371
1521665071666;1.397278;-0.21226883;-2.3112793
1521665071669;1.552643;0.21506882;-2.0974731
1521665071684;1.1878053;0.45280457;-2.1877441
1521665071699;1.0537721;-0.016118526;-2.1921387
1521665071716;1.7644044;-1.4640503;-2.4093628
1521665071725;2.0888677;-1.4096985;-2.7352905
1521665071736;2.5794683;-0.9482422;-3.290039
1521665071744;3.1057746;-0.8096466;-3.2450562
1521665071764;4.498659;-1.7469177;-4.177002
1521665071776;4.6176777;-2.2184448;-5.0443115
1521665071784;4.4365253;-2.6183472;-5.8911133
1521665071796;4.2701435;-2.9268188;-6.441284
1521665071817;4.331545;-2.2244263;-6.16626
1521665071838;4.4909687;-1.0174255;-4.3948975
1521665071868;3.5129402;-0.39888;-2.9701538
1521665071876;3.0599372;-0.4723053;-3.1351318
1521665071885;2.9920049;-1.178009;-3.9502563
1521665071900;3.05243;-2.1282349;-4.190674
1521665071909;3.0721443;-2.8448486;-4.227661
1521665071924;2.4650884;-2.8240356;-3.9855957
1521665071945;2.0784917;-1.4533997;-2.368225
1521665071968;2.204102;0.77186584;-0.07341957
1521665071976;2.1058965;1.0715944;0.72335815
1521665071989;1.7394105;1.1569215;0.83425903
1521665072004;1.4422303;0.38485718;-0.14907455
1521665072024;0.90441895;-0.1993103;-1.5769653
1521665072045;0.24985123;0.20970154;-1.219574
1521665072066;-0.061063766;0.28679657;-0.78559875
1521665072076;-0.3405609;0.34264374;-0.017973423
1521665072096;-0.7925873;-0.019498348;0.44107056
1521665072104;-0.8215027;-0.12826157;0.40724945
1521665072116;-0.9299011;-0.01571083;0.68013
1521665072124;-1.0690308;0.34088898;0.707428
1521665072136;-1.1780701;0.8183594;0.9340515
1521665072148;-1.3530579;1.8486024;0.76490784
1521665072178;-1.5835876;2.2729497;0.91970825
1521665072187;-1.4931946;2.3479009;1.6535951
1521665072192;-1.2715454;1.9366761;3.429505
1521665072204;-2.1294556;1.0160829;2.4912114
1521665072218;-2.6102295;0.11060333;1.9093019
1521665072226;-2.8435059;-0.30233002;0.9100952
1521665072231;-3.069519;0.51564026;-0.5452728
1521665072271;-2.6486816;1.0359803;-0.2534027
1521665072280;-1.6896362;0.805542;0.69281006
1521665072297;-2.0307007;1.416382;2.0368657
1521665072307;-2.4455566;-1.456665;0.3702774
1521665072316;-1.7593994;-2.9355469;0.95518494
1521665072324;-2.602234;-1.2563477;1.4059755
1521665072337;-3.2162476;2.1836553;1.5032655
1521665072345;-5.258545;5.147097;1.8738099
1521665072366;-3.7507324;6.1245146;3.7039802
1521665072377;-2.2566528;4.416872;1.8925782
1521665072385;-0.9071045;2.270081;1.2095643
1521665072396;-0.53500366;0.14929962;1.2655641
1521665072406;-2.6973267;0.115587234;0.967453
1521665072417;-3.5944824;1.3022462;1.9293519
1521665072438;-2.286377;3.9021614;1.8458558
1521665072465;-1.1322021;3.7520149;1.1080934
1521665072477;-1.5687561;1.7812501;-0.8195038
1521665072485;-1.7086487;1.6304322;-0.901001
1521665072496;-1.5099792;2.02179;-0.8412628
1521665072505;-1.1673279;2.3959355;-0.64915466
1521665072527;-1.0025635;2.757752;-0.62705994
1521665072530;-1.0745239;2.9004521;-0.5020752
1521665072547;-1.2744751;2.7484746;-0.12505722
1521665072550;-1.3860474;2.3782964;0.24982834
1521665072578;-1.4233704;2.341065;0.6042938
1521665072587;-1.5974731;2.783753;1.459015
1521665072607;-1.7784119;2.809815;1.383545
1521665072610;-1.9317627;2.676331;0.72135925
1521665072626;-1.8991394;2.441895;0.061175346
1521665072645;-2.6817017;3.2264411;1.3266298
1521665072668;-2.9501343;3.3732917;1.8214418
1521665072670;-3.3989868;3.0428474;1.948517
1521665072685;-2.8258667;1.732483;0.87753296
1521665072700;-2.3276367;-0.17750168;0.8336487
1521665072710;-1.6419373;-0.3549881;1.1974794
1521665072726;-1.5686646;0.16588211;0.23512268
1521665072745;-2.1478882;0.8511658;0.50582886
1521665072768;-2.316101;1.481537;0.40194702
1521665072770;-1.9298096;1.7352601;0.618927
1521665072785;-1.0016174;1.5802308;0.6070099
1521665072800;-0.3963318;1.4463807;0.75219727
1521665072817;-0.28883362;1.0445863;-0.025205612
1521665072825;-0.16627502;0.754364;-0.5410309
1521665072837;0.24911118;0.07893753;-0.783371
1521665072845;0.1787262;-0.09611893;-1.9668884
1521665072866;0.26376343;0.9228821;-0.88716125
1521665072877;0.22267151;2.0992436;-0.077150345
1521665072885;0.05890274;2.9629521;0.884964
1521665072897;-0.098825455;3.5046394;0.08623505
1521665072905;0.3379364;2.8818364;0.18774033
1521665072919;0.7462158;1.7344667;0.51327515
1521665072929;0.5019531;0.8076782;-0.46689606
1521665072944;0.36572266;0.18937302;-0.6620178
1521665072949;-0.0038928986;-0.21648788;-0.88531494
1521665072972;-0.33226776;-0.2507553;-1.2175293
1521665072988;-0.19684601;1.383423;-1.6496887
1521665072997;0.12760544;1.8863832;-2.324768
1521665073005;0.8820801;2.005982;-1.8525391
1521665073010;1.3325502;1.6622926;-0.8101196
1521665073026;1.1779176;1.1237184;-1.1572876
1521665073031;0.5800476;0.8642578;-1.0994568
1521665073045;-0.054676056;0.35001373;-0.4998932
1521665073050;-0.7161102;-0.07466316;-0.66166687
1521665073072;-0.87150574;0.03025484;-1.9038696
1521665073080;-0.44056702;-0.104291916;-1.8509521
1521665073097;0.81980896;0.5155029;-1.7029724
1521665073105;0.8150482;1.142212;-1.5648804
1521665073110;0.6881256;1.7988282;-2.1421509
1521665073126;0.5864563;2.0296025;-2.4655151
1521665073130;0.6354828;1.6658937;-2.281189
1521665073153;0.67637634;0.7974243;-2.552063
1521665073178;0.78793335;-0.044384003;-2.6680298
1521665073197;0.7469635;-1.4431763;-2.2037964
1521665073205;0.6525421;-1.2444763;-1.2396545
1521665073210;0.66607666;-0.22416687;-1.4997559
1521665073247;1.8716432;1.0310975;-1.7010193
1521665073252;2.645081;1.8264467;-3.350525
1521665073268;2.5144658;-0.58132935;-5.4694824
1521665073278;2.1371465;-2.0269165;-6.223755
1521665073284;2.2348027;-2.1272583;-5.9300537
1521665073295;2.360108;-1.9081421;-5.5582275
1521665073316;2.9597783;0.24925995;-3.6367798
1521665073324;3.052674;0.48484802;-3.3771362
1521665073348;3.003785;-0.08134079;-3.7693481
1521665073367;3.0538337;-0.558548;-3.5297241
1521665073378;2.7712407;-0.75115967;-3.5325317
1521665073386;2.6481938;-0.721756;-3.880127
1521665073398;2.804932;-0.930542;-3.8511353
1521665073406;2.6922612;-0.98695374;-3.560791
1521665073418;2.450562;-1.0007019;-3.6138916
1521665073436;2.2037969;-1.113739;-3.5778198
1521665073439;2.1690679;-1.3120728;-2.8313599
1521665073468;2.0717778;-1.4067383;-1.7433777
1521665073471;2.0465703;-1.1369019;-1.812439
1521665073488;2.1527715;-0.93037415;-1.6473694
1521665073498;2.1772466;0.0042021275;-0.7854767
1521665073506;1.8150331;0.32074738;-0.7733612
1521665073538;0.91477966;0.6382446;-0.7135315
1521665073546;0.5024414;0.666214;-0.7907715
1521665073568;0.32850647;0.58525085;-0.67767334
1521665073578;0.3695984;0.45471954;-0.54096985
1521665073586;0.2906952;0.18915558;-0.78344727
1521665073598;0.107824326;0.31731415;-0.8464508
1521665073606;-0.4462967;0.7350769;-1.2428589
1521665073618;-0.95669556;1.1300355;-1.2975769
1521665073626;-1.3613281;1.3846742;-0.55178833
1521665073646;-1.6317444;1.4977723;-0.23838806
1521665073649;-1.8321533;1.3806459;-0.040826797
1521665073688;-1.1576843;-0.13699722;1.7147523
1521665073711;-1.3061523;0.33758545;2.3020635
1521665073728;-2.078308;1.1287538;1.5514222
1521665073731;-2.7805176;2.1072392;0.288002
1521665073746;-2.8883667;2.46637;0.47652435
1521665073749;-2.6553955;2.3070683;1.0841981
1521665073768;-2.2581177;1.873047;1.5603334
1521665073771;-2.2127075;0.75180054;1.7233583
1521665073781;-2.2583618;-0.11320305;1.2121888
1521665073791;-2.1469116;-0.7406006;-0.2448616
1521665073806;-1.3450012;-1.805542;-0.096624374
1521665073826;-2.8115845;-1.2479248;1.3362733
1521665073846;-3.8570557;0.3671646;2.5854497
1521665073868;-3.9348755;1.1840516;1.6350709
1521665073878;-2.5577393;2.4810796;0.7624054
1521665073886;-2.2144165;2.5900884;1.2320863
1521665073898;-2.7194214;2.2828374;2.4988408
1521665073906;-3.22406;1.9006349;2.426148
1521665073924;-3.456787;1.106476;2.317017
1521665073936;-2.8753662;1.2892762;1.7271119
1521665073944;-2.7000732;1.6042176;1.1427919
1521665073964;-2.6269531;1.5182191;0.44648743
1521665073978;-2.619995;1.1784974;-0.08079529
1521665073986;-2.017334;0.5603943;-0.5504303
1521665073998;-1.8268738;0.34280396;-0.30840302
1521665074006;-1.8634338;0.590271;-0.13498688
1521665074021;-1.7574463;0.57315063;0.034142494
1521665074030;-1.8988953;0.5758209;0.2673874
1521665074046;-2.0753784;0.7905121;0.29151917
1521665074051;-2.050476;1.5017701;0.5078888
1521665074073;-2.0334473;2.1073003;1.0424501
1521665074081;-2.0027466;2.7147222;1.4130555
1521665074098;-2.0441284;3.434693;2.3977666
1521665074107;-1.9319458;3.1234138;2.4924932
1521665074111;-1.8854065;2.6175542;2.0015874
1521665074148;-1.2415771;1.6442262;0.25505066
1521665074153;-1.1589661;1.8833009;-0.10612297
1521665074177;-1.6431885;2.511475;-0.16110992
1521665074187;-1.9798584;3.2154548;1.1588136
1521665074198;-1.4397278;2.0153203;1.6144716
1521665074206;-1.3728638;1.3615724;0.95251465
1521665074232;-1.7273254;1.3348695;-0.16466522
1521665074251;-1.4604187;2.4147954;0.6279297
1521665074288;-2.7616577;0.07309151;0.3467331
1521665074298;-2.4067993;-0.41725922;0.36036682
1521665074318;-0.91922;-1.0779419;0.45041656
1521665074326;-0.60246277;-0.5174408;0.11968231
1521665074348;-0.2553177;0.3547287;0.3453064
1521665074367;-0.43067932;-0.12851334;0.42771912
1521665074378;-0.81211853;-0.245327;-0.06282234
1521665074386;-0.8623047;-0.070804596;-0.653244
1521665074406;-0.39546204;1.0079652;-0.8058319
1521665074419;0.026413918;1.8567201;-1.256897
1521665074437;0.92837524;2.0881352;-0.3133011
1521665074439;1.2305909;0.8491211;-0.25829315
1521665074467;0.8303528;-0.11222458;-0.5552826
1521665074473;-0.34002686;-1.0042114;-0.47053528
1521665074491;-0.64697266;0.72994995;-1.0126038
1521665074507;0.8569336;2.0292363;0.4584732
1521665074527;1.8844606;1.8966371;0.1571083
1521665074546;1.2190248;0.21456909;-0.32632446
1521665074567;0.61691284;-0.29917145;-0.86395264
1521665074570;0.115364075;-0.27880096;-1.5602722
1521665074587;-0.090452194;0.34990692;-1.3225098
1521665074607;0.32214355;0.7970581;-0.90644836
1521665074627;0.6840668;0.031633377;-0.17412949
1521665074647;0.23225403;-0.09632683;-0.37955475
1521665074672;-0.4360962;1.2366945;-0.6352997
1521665074686;0.13632202;1.5888978;0.40464783
1521665074707;0.67453;0.16768265;0.40272522
1521665074727;0.5783081;-1.2582092;-0.400589
1521665074747;0.24467087;-0.5725403;-1.3069763
1521665074772;1.0312196;0.09869957;-1.2298889
1521665074787;1.5902406;0.5365448;-0.99606323
1521665074807;1.5552675;-0.29291534;-0.3171234
1521665074827;1.2402955;-1.3422241;-1.0541382
1521665074847;1.7520143;-1.5481262;-1.9382629
1521665074873;2.2760015;-1.3991089;-2.0498047
1521665074881;2.9177861;-1.092041;-1.9028931
1521665074898;3.7083137;-0.8871155;-1.8564758
1521665074906;3.8557746;-1.4552612;-2.8065796
1521665074910;3.9273689;-1.7545776;-3.234375
1521665074932;3.8363044;-1.564209;-2.949524
1521665074952;3.3316658;-0.5690155;-2.4396362
1521665074987;3.0346076;-0.092020035;-1.838623
1521665074989;3.0540168;-0.40937805;-2.0002441
1521665074999;3.0706794;-0.81340027;-2.0872803
1521665075018;2.856629;-1.1795654;-1.907959
1521665075020;2.669434;-1.3691711;-1.5411987
1521665075031;2.29242;-1.2852783;-1.3200378
1521665075047;2.060059;-1.06073;-2.0421753
1521665075066;2.3529668;-1.2423706;-2.121399
1521665075069;2.4271245;-1.4933777;-2.1604004
1521665075087;2.200501;-1.7003784;-2.1038208
1521665075107;1.9044191;-1.1860657;-1.7705688
1521665075120;1.8359987;-0.68914795;-1.2946167
1521665075138;1.8267823;-0.4547119;-0.47071075
1521665075140;1.7249757;-0.09469795;0.47556305
1521665075166;1.5173341;0.3387909;0.8166504
1521665075173;0.8386078;1.2300721;1.2474366
1521665075192;1.0702516;0.63578796;0.48285675
1521665075208;0.8360138;-0.41703796;-0.6633911
1521665075228;0.7292633;-0.621933;-0.82754517
1521665075230;0.41479492;-0.9445801;-1.103241
1521665075248;-0.76190186;-0.21337509;-1.4829407
1521665075273;-1.3666992;0.27490234;-2.0090332
1521665075287;-0.6632385;-0.07319832;-0.62680054
1521665075299;0.0652771;-0.35892487;0.5969238
1521665075311;-0.15930557;-0.60287476;0.6291504
1521665075327;-1.0723877;-0.35012817;0.38893127
1521665075348;-3.1664429;1.9945375;2.216187
1521665075373;-4.6502686;2.9433599;2.7080083
1521665075387;-3.3077393;1.8199159;1.840088
1521665075407;-3.4605713;0.9905243;0.053871155
1521665075421;-3.6661987;0.16805267;-0.26947784
1521665075431;-3.5859985;-0.63960266;-0.7723236
1521665075448;-3.2740479;-1.8684692;-0.5827942
1521665075473;-3.3604736;-2.4050293;0.5160217
1521665075488;-5.276367;-0.3531952;1.3692018
1521665075508;-4.8410645;2.096436;1.7295228
1521665075526;-3.4919434;1.7882997;1.3549196
1521665075529;-2.343811;0.92170715;0.21915817
1521665075548;-2.715088;-0.6173401;0.82855225
1521665075573;-3.4434814;0.3312378;1.1631471
1521665075588;-1.3335571;1.0255738;0.28027344
1521665075608;-1.3528442;-0.17854309;-0.67381287
1521665075626;-1.0977783;-0.50968933;-1.0784607
1521665075629;-1.0162048;-0.62091064;-1.2140503
1521665075648;-1.0782166;0.13869858;-0.84098816
1521665075672;-1.8866882;1.1836549;0.33112335
1521665075688;-2.4787598;1.2772828;0.67907715
1521665075708;-2.8223267;0.793869;0.039399147
1521665075726;-2.8201294;0.54966736;-0.022675514
1521665075729;-3.0026855;0.26402283;0.07644081
1521665075748;-3.4082031;-0.19869614;0.4781952
1521665075772;-3.239502;-1.296936;-0.47089386
1521665075787;-2.9372559;-1.3092957;-0.45835114
1521665075790;-2.8815918;-0.5786743;-0.6425781
1521665075808;-1.8916626;1.2629396;1.4266359
1521665075827;-1.4176025;0.90771484;0.79689026
1521665075829;-1.1244507;0.27695465;0.9373779
1521665075846;-1.3843384;-0.21577835;0.80596924
1521665075849;-1.5422363;-0.06943703;0.13698578
1521665075873;-0.35565186;1.5751039;-0.2965622
1521665075888;0.764801;2.6857915;0.34696198
1521665075908;0.2782364;1.3092653;1.1903383
1521665075920;-0.1540184;0.61935425;1.039734
1521665075929;-0.799469;0.41731262;0.7156677
1521665075948;-1.0071716;1.1372987;-0.43107605
1521665075966;-0.007516861;1.3206788;-0.53131104
1521665075969;0.8688812;1.099701;-0.60891724
1521665075988;1.3794557;0.31110382;-1.2190857
1521665076008;-0.40345;-0.2543106;0.04891777
1521665076020;-1.7044983;0.71629333;1.1979676
1521665076029;-1.4835205;1.3963014;0.92059326
1521665076048;0.0024938583;1.9721376;-0.51649475
1521665076068;1.5122377;1.4800416;-0.039772987
1521665076081;1.2191163;0.84472656;-0.25752258
1521665076098;0.5825958;0.02234888;-0.6435547
1521665076101;-0.3479538;-0.27742767;-0.29398346
1521665076121;-1.4446106;0.96951294;-0.28186798
1521665076148;1.1245424;1.1479188;0.218853
1521665076170;1.6554261;0.40407562;-0.25359344
1521665076188;0.48899078;0.098127365;-0.6368408
1521665076208;-0.05633545;0.7996521;-0.08605385
1521665076226;0.13931656;1.1369935;-0.07683945
1521665076229;0.6640167;1.0010377;0.38458252
1521665076248;0.87145996;0.29356384;0.5696564
1521665076273;0.3449936;-0.41609955;-0.52638245
1521665076288;0.509079;-0.5860443;-1.0017395
1521665076300;0.76353455;-0.4812088;-1.0050049
1521665076313;1.0521547;-0.4025879;-0.7492981
1521665076320;0.8622894;-0.30660248;-0.4994049
1521665076330;0.75213623;-0.08833122;-0.30545044
1521665076346;0.6061249;-0.06714249;-0.1476593
1521665076349;0.55548096;-0.040020943;-0.48554993
1521665076373;0.70162964;-0.3320465;-2.5457764
1521665076388;1.5046693;-0.9286804;-2.5878296
1521665076408;1.4530336;-1.414032;-2.3009644
1521665076420;1.3353883;-1.6922913;-1.7432861
1521665076433;1.2026368;-2.0269165;-2.1004639
1521665076446;1.3916932;-1.9794312;-2.8808594
1521665076449;1.9039003;-1.8473511;-3.6748657
1521665076473;3.5807502;-2.350891;-5.1190186
1521665076487;4.090212;-2.5282593;-4.9630127
1521665076489;3.8553474;-2.1074219;-4.3554688
1521665076500;3.523011;-1.5089111;-3.4266968
1521665076509;3.137635;-1.1091614;-2.9454956
1521665076526;3.2318122;-0.8557892;-2.2179565
1521665076529;3.222657;-0.80836487;-1.6993103
1521665076548;3.1953132;-0.70851135;-1.7841492
1521665076550;3.103028;-0.90560913;-2.1190186
1521665076567;3.028077;-1.3728638;-2.9129639
1521665076569;3.1528327;-2.2124023;-3.9315796
1521665076584;3.2462776;-2.934143;-4.600586
1521665076594;3.2091682;-3.216919;-4.8482666
1521665076604;2.8276982;-2.901245;-4.590088
1521665076614;2.5545049;-2.2747803;-3.6282349
1521665076626;2.2863774;-1.729187;-2.079834
1521665076629;2.1105962;-1.0181885;-0.7786255
1521665076648;1.8706971;-0.71466064;-0.40904236
1521665076650;1.8014833;-0.42327118;-0.39302063
1521665076673;1.4512941;-0.091537476;-1.1774292
1521665076686;1.3526613;0.035661697;-1.063446
1521665076689;1.1866761;0.09095764;-1.1088867
1521665076707;1.1531984;0.14625931;-0.7181549
1521665076709;0.90322876;-0.07019806;-0.5478058
1521665076726;0.6187134;0.014566183;-1.0178223
1521665076729;0.43533325;-0.40596008;-0.93499756
1521665076745;0.55255127;-0.8480377;-0.40584564
1521665076749;0.41374207;-1.0438843;-0.2699585
1521665076775;-0.07234192;-0.56163025;-0.021989822
1521665076781;-0.27616882;-0.090581894;0.50172424
1521665076793;-0.49409485;0.61299133;1.3936769
1521665076804;-0.8991699;1.37735;2.314942
1521665076809;-1.4786377;1.6331178;1.9669191
1521665076828;-1.6047058;1.9838258;1.5822145
1521665076830;-1.2864685;1.6988221;2.3732915
1521665076847;-1.0229187;0.7797241;2.530335
1521665076849;-1.0471191;0.05943775;1.6191102
1521665076874;-1.8998413;-0.3528061;0.758728
1521665076881;-2.3862915;-0.40803528;-0.20350266
1521665076893;-2.3746338;-0.8293762;-1.6776428
1521665076905;-1.8148193;-1.4332275;-3.2891235
1521665076909;-0.5074158;-2.456482;-2.80896
1521665076922;0.07713699;-1.7761841;-0.3625412
1521665076929;-1.2459412;-0.10048294;0.9527588
1521665076941;-2.6118164;1.3055726;3.4679573
1521665076949;-3.958496;1.7013856;5.4603295
1521665076968;-5.7662354;2.341004;6.156375
1521665076970;-7.647705;2.898316;3.7791755
1521665076981;-5.302124;4.13904;3.0985115
1521665076989;-2.954834;2.2522588;2.8628545
1521665077001;-2.210083;1.2415162;1.656128
1521665077009;-2.5501099;1.4750367;0.19804382
1521665077021;-3.0635986;1.8211061;0.0342474
1521665077034;-4.1068115;2.2782598;0.837677
1521665077054;-4.30188;3.1580207;1.2502137
1521665077074;-3.7739258;3.2360847;1.2870485
1521665077084;-3.529541;2.7320561;1.6322633
1521665077092;-3.3396606;2.433228;0.8272705
1521665077100;-3.1130981;1.8038942;0.04453373
1521665077114;-2.034912;0.7730255;0.24660873
1521665077134;-1.6558533;2.5492558;1.1098329
1521665077157;-1.7223206;3.3732307;1.8296205
1521665077177;-1.6125488;3.7317512;1.8327333
1521665077193;-0.75149536;2.9338384;2.0404058
1521665077201;-0.35198212;2.655518;2.1143804
1521665077214;0.2545166;3.1470954;2.245606
1521665077223;0.25696564;3.3735359;2.4078984
1521665077236;0.46429443;4.1486835;1.5455629
1521665077254;0.036424637;5.1146264;1.5333863
1521665077285;-0.9976654;5.5454125;1.5724183
1521665077292;-1.7412109;5.38782;1.0225221
1521665077301;-1.8923035;5.242434;0.71435547
1521665077323;-0.5435486;4.47278;0.9557648
1521665077331;0.06841087;4.0426044;0.21965408
1521665077348;0.34629822;3.7907112;-0.03649807
1521665077350;-0.14328003;3.920716;0.014372587
1521665077368;-1.150177;4.12549;0.44789886
1521665077370;-2.2302246;4.4624043;1.1711732
1521665077381;-3.333496;5.0824;2.058228
1521665077390;-3.0830078;4.378298;0.60635376
1521665077401;-1.5595703;2.1233525;1.1187745
1521665077410;0.8211365;1.716797;0.33235168
1521665077421;1.1545106;0.9174957;-0.5757141
1521665077433;0.34432983;0.84317017;-0.8980255
1521665077452;-1.3771667;1.2504884;0.21463394
1521665077488;-1.0185547;2.9963994;-2.4744263
1521665077490;1.0180665;2.568726;-1.7930603
1521665077501;2.0485845;2.0797124;-1.5569458
1521665077511;2.641358;1.7502748;-1.5160522
1521665077522;2.3692021;1.8049623;-1.1951294
1521665077555;-0.7835846;4.2337666;0.957016
1521665077585;-0.25662994;3.9129646;-0.48666382
1521665077592;1.0631715;1.76709;-1.399231
1521665077615;0.8874359;2.6672368;-2.472412
1521665077633;0.22107315;3.69513;-0.8159332
1521665077648;0.13769531;3.6472175;0.23651123
1521665077650;-0.12268448;3.3850715;-0.18867111
1521665077675;1.0002137;0.32823944;-1.8192749
1521665077688;1.3845216;-0.5628662;-1.9102478
1521665077690;1.1713258;-0.3256302;-2.8544922
1521665077705;0.64224243;0.7804718;-3.048523
1521665077710;0.4726944;2.0213017;-1.8787231
1521665077728;0.3837738;2.8453374;-0.87786865
1521665077731;0.26783752;3.47107;0.27733612
1521665077748;0.052012444;4.0075703;0.91378784
1521665077750;-0.16001892;3.8265388;0.561203
1521665077775;0.52801514;1.7578431;-0.28404236
1521665077788;1.1278077;0.4146042;-0.92326355
1521665077790;1.5002443;-0.2396431;-1.8720703
1521665077806;1.3060914;0.14943314;-2.6620483
1521665077810;0.8479309;0.9445648;-2.690918
1521665077831;0.76519775;1.9204713;-1.4892578
1521665077848;0.8287811;1.3744813;-1.4517822
1521665077850;1.0650636;0.65589905;-1.9992981
1521665077875;1.6110536;-1.200531;-2.3894043
1521665077888;1.5204164;-1.0825806;-1.9599609
1521665077890;1.1024781;-0.4729004;-1.4413452
1521665077906;0.8773651;0.2762146;-1.3596497
1521665077915;1.0281678;0.8566284;-1.1906128
1521665077923;1.5026246;0.8811798;-1.0846558
1521665077930;2.0177617;0.6036377;-1.7842407
1521665077942;2.521729;0.021955013;-2.8579712
1521665077950;2.9491582;-0.5855713;-3.8257446
1521665077968;3.141053;-0.9008484;-4.3485107
1521665077970;2.9709477;-0.9663391;-4.3446045
1521665077982;2.955567;-0.76904297;-3.9467163
1521665077990;2.976685;-0.43824768;-3.923706
1521665078002;3.0114143;-0.1436081;-4.279785
1521665078010;3.3209236;-0.2560501;-4.8460693
1521665078024;3.8568733;-0.916275;-5.5598145
1521665078034;4.1848164;-1.5801392;-6.188843
1521665078054;3.4002082;-1.4955444;-6.213501
1521665078076;2.9216313;-0.51782227;-4.7581787
1521665078085;2.9207768;-0.167305;-4.32312
1521665078093;3.1057746;-0.3473282;-4.6463623
1521665078101;3.4422615;-0.7255707;-4.475464
1521665078115;3.302613;-1.4518738;-4.3825684
1521665078136;2.9932256;-1.7276306;-3.260498
1521665078146;3.0912483;-1.748169;-2.7574463
1521665078155;3.0034187;-1.5601807;-2.66687
1521665078178;2.9216313;-1.2184143;-2.4812012
1521665078186;2.7315068;-0.693573;-2.2115479
1521665078194;2.4727788;-0.20477295;-1.7223816
1521665078203;2.188477;0.06167221;-1.5458984
1521665078216;2.056275;0.040343285;-1.6808167
1521665078244;1.9840394;-0.17679214;-1.8465576
1521665078257;1.1884462;0.16829681;-1.6971741
1521665078276;0.82543945;0.43325043;-0.93170166
1521665078286;0.21935654;1.1799623;0.5249176
1521665078291;0.14070511;1.1670228;0.70402527
1521665078302;-0.29634094;1.1957399;0.197052
1521665078326;-0.575531;0.5473633;0.61865234
1521665078330;-0.84254456;0.39040375;1.2057801
1521665078343;-1.306366;0.6232147;1.3536683
1521665078350;-1.8632202;0.9642792;1.1763612
1521665078375;-2.5493164;1.685486;1.78183
1521665078382;-2.779663;1.435547;1.3412782
1521665078390;-2.3567505;0.8308716;1.286194
1521665078402;-1.9986267;-0.09354019;0.9697876
1521665078411;-1.6163635;-0.8833313;1.2425233
1521665078423;-1.6899414;-1.1278992;1.0843202
1521665078443;-3.251892;0.26961517;0.9107361
1521665078476;-4.314209;1.8423158;1.5373536
1521665078495;-2.809143;2.7210088;2.3368535
1521665078503;-2.4719238;1.7081605;2.0379033
1521665078525;-3.5285034;1.3323976;1.9569093
1521665078534;-3.731018;2.2153935;2.3588872
1521665078543;-3.7028809;3.4199226;1.8806459
1521665078550;-2.809143;3.783509;2.1802373
1521665078567;-2.2578735;3.6541145;2.0987554
1521665078571;-1.670166;3.080201;0.99520874
1521665078586;-1.2466736;2.3640141;0.93740845
1521665078590;-1.698883;1.9688112;0.80355835
1521665078606;-1.7322998;2.0118413;0.913208
1521665078611;-1.6914978;2.3563237;1.2529603
1521665078632;-0.760025;3.1162727;1.2147218
1521665078651;-0.48399353;3.5336921;0.5936432
1521665078676;-0.623291;3.2171028;0.49085236
1521665078686;-0.65792847;2.9718633;0.8139343
1521665078695;-0.7991028;2.6997075;0.8092499
1521665078706;-0.8414917;2.7459722;0.5874939
1521665078716;-0.80955505;2.7917485;0.2511673
1521665078732;-0.823822;3.1066291;0.3012619
1521665078751;-1.2254333;3.7076423;1.260193
1521665078776;-1.7113342;4.2957783;1.2448732
1521665078791;-2.0040894;4.5638447;0.78860474
1521665078806;-1.9534607;4.6195087;0.47607422
1521665078816;-1.9561768;4.5568867;0.40102386
1521665078824;-1.8944092;4.4139423;0.49210358
1521665078831;-1.7702026;4.2419453;0.29022217
1521665078843;-1.5818481;4.1229267;0.039294243
1521665078851;-1.2888489;3.8295295;0.20438385
1521665078871;-1.775238;3.370423;0.43054962
1521665078883;-2.455017;3.186341;0.95147705
1521665078891;-3.0543213;2.9893804;1.6046449
1521665078903;-3.6498413;2.9514165;1.8990175
1521665078911;-4.4519043;0.97380066;1.5167848
1521665078935;-2.8867798;3.0626228;0.7843933
1521665078955;-0.45224762;3.6662605;-0.081495285
1521665078978;0.13048553;3.1605232;0.01605606
1521665078986;0.16855621;1.4894105;0.7578888
1521665078994;-0.41181183;1.2754213;0.7751465
1521665079003;-0.54133606;1.6502992;0.4813614
1521665079016;-0.42287445;3.2673347;-0.6772156
1521665079036;1.7088624;4.055666;-0.14968109
1521665079055;1.4919435;4.009035;0.26142883
1521665079078;0.55921936;3.3520515;-0.024811268
1521665079086;-0.42681122;2.6855474;-0.45980835
1521665079095;-1.206543;2.1785283;-1.0742188
1521665079103;-1.3517456;1.6731569;-2.2174683
1521665079116;0.035326004;0.66734314;-3.467163
1521665079136;2.308106;0.33570862;-2.6269531
1521665079176;2.6435552;0.8335266;-2.308899
1521665079184;2.3331914;1.4385377;-2.4976807
1521665079195;1.6860048;1.8901674;-1.3839111
1521665079203;0.5941467;2.1358647;-0.38368988
1521665079216;-0.4972229;2.3875127;-1.8379822
1521665079225;1.2295533;0.75090027;-2.3778687
1521665079234;2.7009282;0.68959045;-3.7901611
1521665079256;1.6932069;1.9684755;-2.2996216
1521665079285;0.64126587;2.4566655;-2.444336
1521665079294;0.37886047;1.104004;-1.721405
1521665079303;0.76753235;0.59417725;-2.1951294
1521665079312;1.1139222;0.16716385;-2.3745728
1521665079324;1.4526368;0.13549805;-2.4507446
1521665079332;1.4695436;0.6053467;-2.5671997
1521665079344;1.2942201;1.2534486;-2.52771
1521665079351;1.1609498;1.8370057;-2.3325195
1521665079367;1.0378419;1.8361512;-2.5252686
1521665079371;0.8601532;1.7163697;-2.8771362
1521665079383;0.7951355;1.2070924;-3.0440674
1521665079391;0.96655273;0.38680267;-3.0595093
1521665079403;1.089142;-0.22549057;-3.0493164
1521665079412;1.1689149;-0.35282898;-2.8452148
1521665079444;1.4950258;0.39059448;-2.85083
1521665079458;2.3193364;0.80545044;-2.9507446
1521665079476;2.9288335;0.40808868;-3.5974731
1521665079486;3.6386726;-0.8892975;-4.972412
1521665079504;3.4962165;-0.48786163;-4.869385
1521665079512;3.7597663;-0.28949738;-4.192749
1521665079538;3.9272468;0.0076003075;-3.487732
1521665079556;3.7944953;-0.4571457;-3.4571533
1521665079585;3.1942756;-0.68237305;-3.8302002
1521665079592;3.127259;-0.95565796;-3.3580322
1521665079607;3.0462654;-0.93310547;-3.1437988
1521665079612;2.6594853;-0.88549805;-3.0167847
1521665079633;2.2305303;-0.5270691;-1.9672241
1521665079652;2.115601;0.27012634;-1.6199036
1521665079677;1.963257;0.38951874;-1.6903687
1521665079688;1.8821412;0.20028687;-1.4103088
1521665079692;1.8092347;-0.02824068;-1.188385
1521665079707;1.7262269;-0.19218445;-0.9566803
1521665079712;1.5816957;-0.08552742;-0.65371704
1521665079733;1.1187745;1.0870668;-0.40688324
1521665079752;1.1467897;1.5493165;-0.08700752
1521665079777;1.6122133;0.80174255;0.9190216
1521665079792;0.94929504;0.3847351;1.4404603
1521665079808;0.6326904;0.2466774;1.6432191
1521665079812;-0.15060806;0.58935547;1.6215211
1521665079833;-1.2799072;1.4623109;0.5389252
1521665079852;-0.83187866;0.937088;0.60198975
1521665079877;-1.7831421;-0.06475639;0.112895966
1521665079892;-2.8171997;0.50535583;-0.6153259
1521665079912;-1.7515259;0.0753479;-1.4407349
1521665079933;-0.3601532;-0.40428925;0.79185486
1521665079952;-2.2317505;0.8692322;0.8275757
1521665079977;-3.1708984;0.3768921;1.2970582
1521665079992;-2.3391724;-0.44551086;0.6356659
1521665080004;-2.244934;-0.62776184;0.7616577
1521665080012;-2.7167969;0.24882507;1.4628297
1521665080025;-3.5361938;2.302918;2.8902593
1521665080032;-4.6501465;3.7687385;3.279969
1521665080045;-5.012085;4.430666;2.8783574
1521665080052;-4.4400635;4.050661;1.9183656
1521665080073;-1.8928833;0.5736542;-0.9149933
1521665080084;-1.8219604;-0.8823395;-1.1369629
1521665080092;-3.3493042;-1.0886841;-0.71144104
1521665080104;-5.2547607;0.23145676;0.5685425
1521665080113;-4.494507;0.93141174;0.59251404
1521665080128;-3.078247;1.0578614;0.039351463
1521665080136;-2.1278687;0.48952484;0.13434601
1521665080157;-2.5740967;-0.2778473;-1.3973999
1521665080188;-2.6467285;-0.4633255;-0.94010925
1521665080196;-2.7104492;0.21902847;-0.7963867
1521665080204;-2.536316;0.99949646;-0.081459045
1521665080218;-2.011963;1.7734071;0.7730713
1521665080245;-1.7849731;1.9663697;0.7479706
1521665080258;-1.6363525;1.8378602;1.3103334
1521665080287;-1.5579529;1.4734193;1.4300538
1521665080294;-1.4519958;0.734375;0.2583084
1521665080304;-1.5256348;0.51057434;-0.07654953
1521665080313;-1.677948;0.7159271;-0.12556839
1521665080338;-1.7342834;0.7030792;-1.6569519
1521665080345;-1.5148621;0.49843597;-0.81936646
1521665080377;-3.2525635;0.8201294;0.9776764
1521665080397;-4.053589;0.6109619;0.9951019
1521665080417;-3.149231;0.19301987;-0.053565025
1521665080438;-2.3568115;-0.24448395;-0.90005493
1521665080440;-1.5571289;-0.2568283;-1.1852417
1521665080453;-1.193573;0.52201843;-0.9809723
1521665080478;-2.4846191;1.6798097;0.6094208
1521665080484;-3.2580566;1.9654847;0.21141052
1521665080493;-2.9552612;1.8830262;-0.6040344
1521665080504;-1.738739;1.0692445;-1.081665
1521665080513;0.043074608;-0.35391235;-1.5371399
1521665080525;1.4061891;-1.4013367;-1.8230896
1521665080533;1.6869203;-1.5761414;-1.8587036
1521665080545;-0.0014419556;0.2620163;-0.85121155
1521665080553;-1.226593;1.9199525;0.92004395
1521665080588;-2.5483398;4.345461;0.3403244
1521665080595;-1.0264282;3.082093;1.2174379
1521665080617;0.04107189;0.68118286;-0.05004406
1521665080638;0.22166061;-0.27802277;-1.0681152
1521665080645;-0.29869843;0.46868896;-1.1593018
1521665080653;-0.77012634;1.3198243;-1.3280334
1521665080677;-0.2032547;1.9209291;-0.7200165
1521665080694;0.5945282;0.8082428;-0.17375565
1521665080708;0.815094;0.045671463;-0.039506912
1521665080713;0.59013367;-0.38777924;-0.20544052
1521665080734;0.035704613;-0.39779663;-0.90830994
1521665080753;0.97528076;-0.17903137;-1.1159058
1521665080777;1.7520143;0.4091034;-1.0591125
1521665080794;1.6239625;1.278412;-0.10798836
1521665080818;1.0014955;0.9525299;-0.37363434
1521665080833;1.1820985;-0.09174919;-1.3967896
1521665080854;1.8044435;-0.86743164;-1.9245911
1521665080877;1.7981263;-0.6472473;-2.3547974
1521665080893;1.3016969;-0.04879093;-2.0247803
1521665080914;1.1721803;0.36951447;-1.3344116
1521665080926;1.1657106;0.3217392;-1.3493347
1521665080937;1.2587892;0.16355896;-1.8248596
1521665080945;1.5354005;-0.13440704;-2.0316772
1521665080953;1.8780214;-0.6457977;-2.2723389
1521665080974;2.5662847;-1.1846313;-3.680542
1521665080985;2.8122563;-0.95939636;-4.195801
1521665080993;3.1903083;-0.6072235;-3.998108
1521665081005;3.644776;-0.6595764;-4.807617
1521665081014;3.8329475;-1.2516174;-4.3828125
1521665081026;4.015871;-1.7832336;-3.5950928
1521665081033;3.6503913;-1.7843628;-3.659668
1521665081045;3.2340705;-1.1974182;-3.7825317
1521665081053;3.2354133;-0.5189514;-2.4448242
1521665081078;3.2846687;0.06303024;-1.0573425
1521665081086;3.2116096;0.3199463;-0.62405396
1521665081095;3.1195076;0.06980324;-0.7837372
1521665081100;2.9155278;-0.57095337;-1.2583313
1521665081116;2.4323125;-2.067749;-3.9085693
1521665081125;2.5192266;-2.5969849;-4.4823
1521665081133;2.70044;-3.0079346;-3.9295654
1521665081158;2.266602;-2.2628784;-2.5489502
1521665081186;2.0986943;-1.527832;-1.5973206
1521665081196;2.195191;-0.1701355;-0.2329216
1521665081205;2.4268804;-0.29768372;-0.6903076
1521665081213;2.533997;-0.634964;-1.1609192
1521665081226;2.2480474;-0.6842346;-1.6316833
1521665081234;1.9541932;-0.558197;-1.554657
1521665081258;1.67157;-0.27742767;-0.38225555
1521665081287;1.4609681;-0.027675629;0.020362377
1521665081296;0.75971985;0.8577728;1.342682
1521665081305;0.30329132;0.8451996;0.8937073
1521665081314;0.14118958;0.5664215;0.2376976
1521665081338;0.46134186;0.13644409;0.53666687
1521665081354;0.2896576;0.40540314;0.21198273
1521665081374;-0.55488586;0.81204224;0.5924835
1521665081385;-1.2486267;1.3171998;0.12971115
1521665081393;-1.4987488;1.3312379;-0.31297302
1521665081405;-1.4532166;0.96240234;-0.8683014
1521665081414;-1.4848938;0.45439148;-1.1978455
1521665081438;-1.5600586;0.045253754;-1.1940002
1521665081446;-1.592041;-0.3526764;-1.5469055
1521665081454;-1.7189026;-0.31333923;-0.34649658
1521665081459;-1.7703247;-0.40818024;-0.4512787
1521665081506;-2.2696533;0.3534317;0.34544373
1521665081515;-2.411316;0.47034454;1.0836793
1521665081520;-2.598755;0.1911087;1.5335084
1521665081538;-1.935669;0.08760643;0.88760376
1521665081546;-2.7313843;1.124756;0.73446655
1521665081576;-3.31781;1.6931154;1.2067872
1521665081580;-2.7745361;0.9799042;1.0342103
1521665081598;-2.6693726;1.019745;1.8462526
1521665081618;-4.300659;0.32845306;0.2781067
1521665081638;-3.6098022;1.1131593;1.9591676
1521665081654;-3.6638184;2.875733;3.0771492
1521665081674;-3.7914429;1.4327089;2.2239385
1521665081685;-2.6918945;0.87397766;0.7304535
1521665081694;-2.6359253;1.5079347;0.5069885
1521665081705;-2.4901123;1.8133241;0.025548935
1521665081714;-1.8432312;1.6153871;0.047449112
1521665081726;-1.9881287;1.3961183;0.05987549
1521665081737;-2.1588135;1.3952333;0.05417633
1521665081758;-1.9243469;1.8126832;0.6881256
1521665081779;-1.2782288;2.2216802;0.8656616
1521665081797;-1.1079102;2.499329;1.3210756
1521665081805;-1.1600952;2.4195561;1.6979982
1521665081814;-1.2183228;2.4650884;1.7369996
1521665081819;-1.1999817;2.6337285;2.0057378
1521665081847;-1.1861877;2.811829;1.8882447
1521665081855;-1.2431641;3.003907;1.435547
1521665081860;-1.3130798;3.0914924;0.7200928
1521665081880;-1.4651184;3.0306404;-0.046448708
1521665081898;-1.6369629;2.5712285;0.4992981
1521665081918;-2.8607178;2.6420903;2.2593389
1521665081941;-3.161438;2.5125737;1.1608278
1521665081957;-2.397522;1.7891237;0.5599823
1521665081959;-1.6485596;-0.9519501;0.28705597
1521665081987;-1.0107422;-1.2254639;-0.2691803
1521665081996;-1.8462219;-0.054572105;0.6625824
1521665082016;-2.9465942;1.7996827;0.227108
1521665082035;-0.54074097;1.1421815;-1.9492188
1521665082046;1.9261171;-0.31632996;-1.5125732
1521665082054;3.2150276;-1.5448608;-0.84140015
1521665082076;1.0920106;-1.6281128;-0.614563
1521665082086;0.1280098;-1.3040466;1.5115663
1521665082095;-1.0933533;0.14094543;2.8177495
1521665082106;-2.0511475;2.0415654;2.9216924
1521665082114;-2.3658447;3.4903572;1.6629945
1521665082126;-0.57299805;3.5816658;0.6554718
1521665082134;0.34804535;3.618409;0.43496704
1521665082154;0.5947571;1.2512208;-0.2774048
1521665082159;0.3726349;0.20840454;-0.8575134
1521665082180;-0.104127884;-0.60025024;-0.7197876
1521665082198;-1.3396912;0.17321014;-1.4065552
1521665082206;-1.1043396;0.5982208;-0.54719543
1521665082215;-0.75190735;1.2080995;0.6187897
1521665082220;-0.6940918;1.8396913;0.018368721
1521665082242;-0.6471405;1.8039247;-0.6104584
1521665082256;-0.4716568;1.4770509;-0.70584106
1521665082260;-0.42842865;0.9417877;-1.2401123
1521665082280;-0.28834534;0.51486206;-1.6805115
1521665082294;-0.11232948;0.24772644;-1.6913147
1521665082307;1.154236;0.0012159348;-1.0740356
1521665082315;0.9043884;1.0686647;-1.177063
1521665082326;0.8400879;1.5729982;-0.33525848
1521665082334;0.47369385;2.3334966;-0.3376236
1521665082346;0.45152283;2.622376;-0.50209045
1521665082355;0.8805084;2.0087895;0.31754303
1521665082374;1.8127748;-0.7154541;0.1361084
1521665082386;1.7058412;-0.89953613;-0.38075256
1521665082394;1.3449098;-0.50761414;-0.9115448
1521665082406;0.89811707;0.36284637;-0.888031
1521665082415;0.6261139;1.4844972;-1.0677795
1521665082437;0.5794983;2.1469731;-1.5013733
1521665082439;0.9045105;2.443543;-1.1211243
1521665082457;1.0460511;2.2095342;-0.62008667
1521665082459;1.0542299;1.4414979;-0.44182587
1521665082488;0.9085083;0.5998535;-0.41034698
1521665082497;0.08746719;-0.2132988;-0.52505493
1521665082506;-0.005145073;0.24383163;-0.71315
1521665082515;0.22059631;0.75257874;-1.0597229
1521665082536;0.5295868;0.9537811;-1.9373169
1521665082539;1.1655885;0.80895996;-2.6328735
1521665082555;1.9013673;-0.093818665;-3.1901855
1521665082577;1.8752137;-0.4050827;-3.3631592
1521665082580;1.7759401;-0.60961914;-3.2340698
1521665082595;1.485016;0.3170395;-0.7538147
1521665082615;1.5217897;0.77822876;-0.76016235
1521665082636;1.762787;0.43587494;-1.8404846
1521665082655;1.900879;-0.5344238;-2.9979248
1521665082676;1.9454042;-1.1549377;-3.1033936
1521665082680;1.9188234;-1.4818726;-3.1421509
1521665082695;1.264496;-1.0214539;-2.7380981
1521665082715;0.6984253;0.06909752;-1.40979
1521665082736;0.38095093;0.60632324;-0.2265358
1521665082755;-0.33641052;0.57102966;-0.17035675
1521665082777;-0.47516632;0.39356232;-0.2504959
1521665082780;-0.6011963;0.16530228;-0.48693848
1521665082795;-0.5943451;-0.09890938;-1.0110474
1521665082815;-0.38700867;-0.26847076;-0.6868286
1521665082836;-0.5425415;-0.14870071;-0.6287079
1521665082856;-0.49687195;0.10350418;-0.3604355
1521665082877;-0.39949036;0.3233261;-0.23975754
1521665082880;-0.3535614;0.5092621;-0.21431732
1521665082895;-0.09611511;0.38842773;-0.23931503
1521665082906;-0.045819283;0.25032806;-0.29978943
1521665082915;0.13165665;0.061606407;-0.23069382
1521665082935;0.28247833;-0.10329437;-0.2369461
1521665082947;0.29851532;-0.06434822;-0.39554596
1521665082955;0.20780563;0.006934881;-0.27553558
1521665082975;0.13396454;0.36902618;-0.12788773
1521665082987;0.09280777;0.32234192;0.008046627
1521665082995;0.2220993;0.32521057;0.0977211
