1521665953884;0.07277489;1.1938173;-1.4416199
1521665953890;-0.2748413;0.90374756;-1.838501
1521665953903;-0.33286285;-0.3334198;-0.43235016
1521665953910;-0.3403473;0.18314743;-0.43652344
1521665953925;-0.27005005;0.33031464;0.5213623
1521665953932;-0.27085876;-1.2363586;0.26861572
1521665953945;-0.44215393;-1.0318909;-0.049572945
1521665953952;-0.94944763;-0.11825943;0.5382843
1521665953965;-1.3582153;0.8615265;0.39814758
1521665953972;-1.6057434;1.3980104;0.30545044
1521665953995;-1.6283569;1.3116761;0.6358795
1521665954000;-1.1648865;1.0076905;1.0549318
1521665954016;-0.13028336;-1.3950195;2.487122
1521665954037;0.7707825;-2.293213;1.9378663
1521665954057;0.47399902;0.93048096;1.0696412
1521665954076;-0.0075950623;1.8884889;-0.10747337
1521665954096;0.22517776;1.4426576;0.32685852
1521665954100;0.6606598;0.038089752;1.4251405
1521665954114;0.87820435;-2.6328125;2.6930547
1521665954127;0.94854736;-2.3771973;2.5970464
1521665954134;0.8988037;-1.1343079;2.0764775
1521665954148;0.59207153;0.8211365;1.1895448
1521665954154;-0.16708374;1.8384401;1.1183778
1521665954168;-0.35816193;1.0764467;0.88682556
1521665954174;-0.3042984;0.13399887;1.2928163
1521665954195;0.35368347;-0.647583;1.3260804
1521665954208;0.11694145;-0.94937134;1.8260194
1521665954214;-0.42144775;-1.2598267;1.9922487
1521665954228;-0.6943512;-1.1965027;1.3473817
1521665954234;-0.60849;-0.26184082;0.97843933
1521665954248;-0.18400955;0.92118835;1.2492982
1521665954254;0.05533886;1.3363038;1.0149232
1521665954268;0.2652359;1.3030397;1.1874391
1521665954274;-0.30413055;1.0130922;0.6705322
1521665954296;-0.51631165;0.5539398;0.55007935
1521665954301;-1.7151184;1.3962098;0.44480133
1521665954317;-1.5431519;1.8829347;1.3352052
1521665954337;-0.96183777;0.45423126;1.7009889
1521665954348;-0.43582153;0.5917511;1.6080018
1521665954358;-0.7783661;2.118775;1.4375306
1521665954375;-0.80685425;2.1434941;0.97714233
1521665954380;-1.553894;1.715027;-0.46188354
1521665954400;-1.1909485;2.4327397;0.8863983
1521665954418;-1.5031738;1.4692689;0.6042175
1521665954426;-1.5178833;1.262787;1.274872
1521665954435;-1.1366577;1.5967408;1.959961
1521665954440;-1.1681519;1.4396058;1.9162294
1521665954454;-1.5932617;0.69418335;1.4313356
1521665954459;-1.4993286;0.6629791;1.0415345
1521665954474;-1.3329163;1.8066102;1.0748292
1521665954479;-1.9627075;2.3157353;1.2138978
1521665954497;-2.6463013;2.0067754;0.88412476
1521665954502;-2.2754517;1.8919679;0.83865356
1521665954515;-1.9471436;-0.08305359;1.3397828
1521665954528;-1.2950745;-0.31809998;1.2406007
1521665954536;-1.4649353;0.417305;2.4115605
1521665954556;-1.9980164;1.5256044;0.7892914
1521665954576;-1.9804688;0.699173;0.654541
1521665954597;-1.5341797;-0.15841675;1.2389528
1521665954602;-1.0607605;-0.49162292;1.9124757
1521665954617;-0.49725342;1.5378419;1.8814393
1521665954637;-0.84802246;-1.7373352;0.8187561
1521665954657;-0.023522854;0.048895836;1.1116334
1521665954676;-0.59284973;-0.17217636;1.2214662
1521665954696;-0.21754074;-1.177185;1.4764405
1521665954701;0.34955597;-1.9476624;1.5817262
1521665954717;0.8091278;-2.0977173;1.9806215
1521665954737;2.1394658;1.216858;-2.8024292
1521665954758;2.8626103;0.35617065;-4.3482666
1521665954775;3.0210578;0.2668457;-5.2730713
1521665954797;3.227784;-0.03690338;-5.414917
1521665954802;3.3833015;-0.3527527;-4.8549805
1521665954817;3.269532;-0.69847107;-4.7075195
1521665954835;4.866579;-1.5982666;-6.057129
1521665954847;4.91028;-1.6257324;-6.0516357
1521665954875;4.00403;-2.06073;-5.100464
1521665954896;4.3465595;-3.0411987;-5.206787
1521665954915;4.408083;-2.4312744;-5.657593
1521665954928;4.300173;-2.3432007;-5.756714
1521665954935;4.0723896;-2.616272;-5.616089
1521665954948;3.990052;-2.267517;-5.487671
1521665954955;3.9404914;-1.8607788;-5.092285
1521665954975;4.1849384;-1.5256042;-4.5560303
1521665954997;3.870179;-1.1252136;-4.904419
1521665955002;3.83191;-1.019928;-5.1030273
1521665955014;3.4478767;-1.388855;-4.765503
1521665955028;2.2207036;-1.2718201;-4.7282715
1521665955035;4.02759;-1.5642395;-3.9523926
1521665955056;3.0225227;1.1087953;-4.3726807
1521665955076;3.589173;-0.6922455;-3.9082642
1521665955097;2.6546636;-0.12887192;-4.817871
1521665955102;2.5134892;-0.018804073;-3.817688
1521665955116;2.285645;0.4692688;-2.6778564
1521665955136;2.8155522;1.0579225;-3.4058838
1521665955156;1.8507386;-0.20372391;-4.079712
1521665955177;0.84820557;2.2594;-3.1107788
1521665955197;1.321808;1.9370729;-3.2075195
1521665955202;1.1782228;1.8892213;-3.3391113
1521665955217;0.9778137;0.7628174;-3.7407227
1521665955237;0.15234375;-0.07732391;-2.8656616
1521665955257;0.19339752;1.4082948;-2.6141968
1521665955278;-0.04965496;3.6713874;-3.0214844
1521665955297;-0.1374054;3.1500251;-3.6329956
1521665955302;-0.6231384;2.2072759;-3.2286377
1521665955317;-0.8701935;-0.6003418;0.731781
1521665955334;-1.281189;-0.313591;-0.4526291
1521665955347;-1.2164307;0.32437897;-0.8849945
1521665955354;-1.2922058;1.1512758;-0.517334
1521665955367;-1.4714355;0.7220764;-0.37596893
1521665955377;-1.4839783;0.20168304;-0.65800476
1521665955382;-1.4251099;0.103876114;-1.4374695
1521665955407;-2.4328613;-0.053462982;-1.6663513
1521665955414;-2.9086304;0.3815155;-1.1226196
1521665955426;-2.8376465;1.0087281;-0.4446411
1521665955433;-2.6151733;1.3095094;-0.012416363
1521665955446;-2.6517944;0.40560913;-0.15372086
1521665955454;-2.3864746;-0.40057373;-0.48942566
1521665955467;-2.3633423;-0.009569168;-0.9417877
1521665955477;-2.4067993;0.2876587;-1.1705017
1521665955495;-2.826538;0.3759613;-1.2459106
1521665955500;-3.2042236;0.67922974;-0.8404846
1521665955517;-2.8429565;0.21454239;0.20154953
1521665955535;-2.9542847;-0.34410858;-0.40873718
1521665955557;-3.2072144;0.25460815;-0.72776794
1521665955575;-3.376648;-0.19607162;-1.4619446
1521665955597;-2.9576416;0.17740631;-0.84210205
1521665955602;-2.9432983;0.5052185;-0.23432922
1521665955618;-2.8880005;-0.2354393;-0.6107788
1521665955638;-2.873291;-0.15597153;-0.7101135
1521665955657;-3.116455;0.4737854;-1.6380005
1521665955677;-2.7233887;-0.9039612;-0.91804504
1521665955698;-2.130005;-0.30658722;-0.7132263
1521665955703;-1.773468;-0.25872803;-1.0601807
1521665955718;-2.598877;-0.50083923;-1.0248413
1521665955738;-2.213562;-0.5315552;-1.2929993
1521665955751;-2.2226562;-0.40348053;-1.3782349
1521665955759;-2.0159302;-0.90870667;-0.97480774
1521665955778;-1.8465271;-0.22293854;-0.7956543
1521665955798;-0.9771118;-0.115119934;-0.59194946
1521665955801;-1.9581604;-0.37114716;-0.69721985
1521665955817;-1.5383606;-0.22924423;-0.91012573
1521665955837;-1.2303467;-0.06302452;-0.6845703
1521665955857;-0.53134155;0.24429703;-0.15755081
1521665955877;-0.5135498;-0.17073059;0.010166645
1521665955897;-0.81381226;0.2030487;-0.55500793
1521665955900;-0.29935455;0.7079315;-0.19370651
1521665955917;-0.3373947;0.061306;0.0037269592
1521665955937;0.1495285;0.5150299;0.05118656
1521665955958;-0.21388245;1.0761415;-0.05647278
1521665955976;-0.23472595;0.66389465;0.080099106
1521665955997;-0.0136528015;0.5029907;0.03684044
1521665956002;-0.76737976;0.6298065;0.24023056
1521665956015;-0.7618866;-0.037205696;-0.6049957
1521665956028;-0.7608032;0.5624237;-0.51397705
1521665956035;-1.0058289;1.2681886;-0.5158081
1521665956058;-0.5715637;1.5434572;-0.080093384
1521665956077;-1.1339417;-0.041499138;0.30836487
1521665956098;-1.3578186;-0.24526978;0.240448
1521665956103;-1.3386841;0.75491333;0.1782341
1521665956118;-1.6815186;1.4151002;-0.44182587
1521665956137;-2.486023;1.8734132;0.05220127
1521665956158;-1.9301147;0.41444397;0.09666824
1521665956176;-2.6073608;0.25426483;0.48329926
1521665956197;-3.0617676;0.84609985;0.14365005
1521665956202;-3.0283203;1.9300538;0.29199982
1521665956216;-3.2807617;2.45752;0.5869751
1521665956236;-3.4465332;1.3269044;0.8348999
1521665956255;-3.484192;0.3004532;0.5204468
1521665956276;-3.6027222;1.447632;0.32782745
1521665956296;-3.416809;1.6853944;0.17913437
1521665956299;-2.9215088;1.309723;0.27963257
1521665956317;-1.9247437;1.9631044;0.7645416
1521665956337;-1.9876099;0.26072693;1.1684572
1521665956357;-1.2151794;-0.14280319;0.544693
1521665956376;-1.3996582;0.5761566;1.3269349
1521665956398;-1.7548523;0.4714737;1.1696473
1521665956402;-1.4892578;0.29440308;0.83226013
1521665956416;-0.91674805;-0.642807;0.8094635
1521665956438;-0.7689209;-0.44068146;1.5852052
1521665956458;-0.87286377;-0.9406433;0.50338745
1521665956477;1.4379884;2.1071172;-3.6896362
1521665956504;1.6338807;1.9133302;-3.6449585
1521665956518;2.561646;0.70944214;-4.262451
1521665956538;3.3838508;0.579834;-5.4154053
1521665956553;3.4371955;0.9417267;-5.8529053
1521665956559;3.5221565;1.4993287;-6.027466
1521665956578;3.28357;0.44226074;-5.5494385
1521665956598;3.5452888;-0.33356476;-5.3875732
1521665956603;3.7223518;-0.5010681;-5.8374023
1521665956614;3.8921516;-1.4011536;-6.0389404
1521665956619;4.4068623;-1.7372131;-6.149414
1521665956634;4.4628925;-1.9718323;-6.2888184
1521665956639;4.026125;-2.2404785;-6.151245
1521665956651;4.085085;-2.4813232;-5.432373
1521665956659;4.076296;-2.9221802;-4.7839355
1521665956678;4.142458;-3.199463;-5.430908
1521665956696;3.9646003;-3.225891;-5.4525146
1521665956701;3.9096076;-3.1397705;-5.411865
1521665956717;3.3624275;-2.4212036;-5.7471924
1521665956738;3.1851203;-2.1574707;-5.0117188
1521665956758;3.1492317;-1.819397;-4.45874
1521665956777;3.110047;-1.362793;-4.8719482
1521665956823;2.5922246;-0.9946594;-4.889038
1521665956837;2.7081304;-1.9655457;-4.0080566
1521665956842;2.9718022;-1.4569092;-3.2836304
1521665956857;2.4387822;-0.55255127;-3.6760864
1521665956862;2.3936162;-0.29683685;-4.9746094
1521665956874;1.7484132;1.3813173;-4.7755127
1521665956879;1.6612245;0.7254181;-4.496826
1521665956898;1.5117494;0.048544884;-3.461914
1521665956914;1.6144716;-0.69192505;-3.4226685
1521665956919;1.6775819;0.32846832;-2.6705322
1521665956934;0.80036926;1.7538759;-2.164734
1521665956939;1.1424562;2.1348882;-2.5040894
1521665956954;1.2586366;2.0688481;-2.7285767
1521665956959;0.80966187;1.5099794;-2.7611084
1521665956974;0.8593292;1.0905458;-2.6984863
1521665956979;0.86094666;0.53622437;-2.9277344
1521665956998;0.048350334;1.2274476;-3.4074097
1521665957017;-0.7015381;3.752198;-2.5563965
1521665957038;-0.5361023;4.477785;-2.9140625
1521665957057;0.26097107;1.9595338;-4.255127
1521665957078;-1.1793823;-3.7442017;0.33377075
1521665957097;-2.3963013;1.1770631;0.7456207
1521665957100;-2.8916626;1.94516;0.64990234
1521665957118;-1.949707;0.89115906;0.46473694
1521665957138;-1.4235535;-1.445343;-0.5215149
1521665957158;-2.3494263;-0.59150696;0.246315
1521665957178;-3.2913818;2.4252934;-0.08656311
1521665957198;-3.1452026;1.3132325;-0.64901733
1521665957201;-3.1045532;0.18621445;-1.0031433
1521665957218;-2.970581;0.43082428;-0.89341736
1521665957237;-2.8978882;-0.86994934;-0.14736557
1521665957252;-2.508484;0.09552574;0.21628189
1521665957259;-2.817627;1.6025697;0.038962364
1521665957278;-3.201538;1.421631;-0.8361511
1521665957297;-2.7062378;0.698349;-0.5623169
1521665957300;-2.6105347;0.7318573;-0.3350067
1521665957318;-2.82312;-0.40109253;-0.62265015
1521665957338;-2.6097412;-0.5535431;-1.184967
1521665957352;-2.7698364;0.05003643;-1.3852844
1521665957366;-3.0633545;0.26918793;-1.1583252
1521665957375;-3.007141;0.19761276;-1.2127075
1521665957384;-2.7417603;0.17427826;-1.3206482
1521665957403;-2.5213013;-0.42147064;-0.802475
1521665957418;-2.3358765;-0.43540955;-0.95288086
1521665957438;-2.4611206;0.25566864;-0.8798981
1521665957458;-2.5637207;-0.17992401;-0.83815
1521665957477;-2.633606;-0.19397736;-1.282196
1521665957504;-2.7804565;-0.8535156;-1.2249451
1521665957513;-2.3832397;-0.6342163;-1.1674194
1521665957519;-2.437622;-0.15139389;-1.2672119
1521665957537;-2.1947021;-0.27876282;-0.68133545
1521665957552;-2.2960205;-0.71640015;-0.8674164
1521665957559;-1.65625;-1.4076843;-0.8740845
1521665957578;-1.7052917;-0.4899063;-0.7797394
1521665957598;-1.4371948;0.13993073;-0.6246643
1521665957601;-1.463501;0.23564148;-1.0314331
1521665957618;-0.55892944;-0.4041214;-0.47868347
1521665957638;-0.19558716;-0.3111496;-0.52638245
1521665957658;-0.42822266;0.13393784;-0.16330719
1521665957678;-0.66386414;0.9196625;-0.24902344
1521665957704;-0.22812653;0.9399414;-0.23010254
1521665957713;-0.0097055435;0.41565704;0.17361832
1521665957719;0.3366928;0.3614502;0.48991394
1521665957734;0.37303162;0.5518646;0.6002655
1521665957740;0.17599106;0.5337677;0.36871338
1521665957753;0.02878189;0.78704834;0.028017998
1521665957759;-0.18320465;1.2011415;-0.07843971
1521665957773;-0.26730347;1.2561647;-0.12722015
1521665957780;-0.34433746;0.8534088;0.3829422
1521665957798;-0.2408638;0.37202454;0.27207184
1521665957799;-1.0879211;0.07053375;1.1741639
1521665957811;-0.42255402;-0.1737976;0.5909271
1521665957824;-1.1770325;0.39691162;-0.0035982132
1521665957838;-1.1020813;0.80752563;-0.26086426
1521665957843;-1.34729;0.9964447;-0.27835083
1521665957857;-1.1916199;0.8702545;0.026338577
1521665957862;-0.969635;1.0456239;0.10680008
1521665957872;-1.182373;1.2886659;-0.12225342
1521665957879;-1.3523254;0.7697449;-0.090330124
1521665957899;-1.4077148;0.56718445;0.41426086
1521665957917;-2.9969482;1.0211488;0.32078552
1521665957938;-1.9204407;1.7228395;0.6151428
1521665957958;-2.0622559;0.119226456;1.3299562
1521665957971;-3.099121;0.93927;0.84454346
1521665957980;-2.9420166;1.6674501;0.3888855
1521665957998;-3.6599731;1.9757386;-0.08600998
1521665958010;-2.9787598;1.7706605;0.7470093
1521665958019;-2.8269653;1.6657411;1.375641
1521665958032;-2.9039917;0.8398895;0.9120178
1521665958039;-2.80896;0.42652893;0.71144104
1521665958058;-2.7930298;0.51971436;0.92497253
1521665958073;-2.9135742;1.2007142;0.8656311
1521665958079;-2.9816284;1.6548768;0.766037
1521665958102;-2.7089844;0.83587646;0.57873535
1521665958112;-2.4385986;0.7348938;1.0961305
1521665958120;-2.2789917;0.20918274;1.4063112
1521665958138;-2.0906982;-0.95880127;0.91400146
1521665958158;-1.864563;-0.28795624;0.6519165
1521665958178;-2.0355835;0.4367752;0.21937561
1521665958205;-1.4225464;-0.7801819;0.5702057
1521665958213;-1.0421448;-0.9687958;0.808197
1521665958219;-1.0665894;-0.55155945;0.8585205
1521665958233;-1.0039062;-0.9672699;0.82962036
1521665958239;-0.823349;-2.8291626;1.1629945
1521665958253;0.5256958;-1.9761353;0.64945984
1521665958260;1.0853273;0.14222717;0.5697937
1521665958278;1.4582826;3.802491;-4.3292236
1521665958298;1.7506105;2.5594487;-4.220581
1521665958300;3.1217048;1.3917543;-3.220459
1521665958318;3.6090095;0.59532166;-3.6046753
1521665958338;3.9765022;-0.030189991;-5.49292
1521665958351;3.965638;-0.15142441;-6.062134
1521665958359;3.6544197;-0.4850464;-6.4312744
1521665958372;3.2524421;-0.67100525;-6.9375
1521665958380;3.198426;-0.8800659;-6.791992
1521665958405;2.8327641;-1.9570618;-6.458008
1521665958413;2.9238896;-2.7350464;-6.348999
1521665958420;3.2205818;-2.7254639;-6.081909
1521665958435;3.563111;-2.9576416;-5.41626
1521665958440;3.615113;-3.5874634;-4.9539795
1521665958455;3.5002449;-3.8913574;-5.152588
1521665958459;3.3291023;-4.059082;-4.6661377
1521665958473;3.4295661;-4.2905273;-4.7006836
1521665958479;3.3278816;-4.2094727;-4.713867
1521665958502;3.3955085;-2.7770996;-4.7303467
1521665958512;3.1398933;-2.7991333;-4.7282715
1521665958519;2.9716802;-2.614685;-4.765503
1521665958532;2.900208;-2.128601;-4.6690674
1521665958540;2.9482427;-2.597168;-4.6817627
1521665958553;2.8668828;-2.8621826;-4.734375
1521665958559;2.7622685;-2.6774292;-4.7904053
1521665958572;2.6904912;-2.2825928;-4.9416504
1521665958579;2.6645513;-2.3292847;-5.1707764
1521665958605;2.1923833;-2.697815;-5.341797
1521665958614;1.9362184;-2.2717896;-4.640381
1521665958620;1.7816774;-1.4575195;-3.6256714
1521665958633;1.7108461;-0.95054626;-3.5106812
1521665958640;1.8446962;-1.0146179;-3.8005981
1521665958654;1.881836;-1.2046204;-3.7490234
1521665958660;1.6545411;-0.6426239;-4.1918945
1521665958674;1.1362611;-0.18597412;-4.2124023
1521665958682;0.9073639;0.13866043;-4.3621826
1521665958705;0.5656433;2.735169;-1.8175659
1521665958714;0.72743225;1.571747;-2.1621704
1521665958720;0.75227356;0.9347687;-2.0083008
1521665958733;0.68325806;0.5361023;-1.6437378
1521665958739;0.34201813;1.4828798;-1.4929199
1521665958758;0.046139717;2.938294;-1.1191406
1521665958778;-0.11258507;3.7787483;-1.8469849
1521665958805;-0.23305511;3.1090705;-3.3723145
1521665958814;-0.6768341;4.3758564;-3.4840088
1521665958823;-1.0691833;5.1473413;-3.5604858
1521665958834;-0.9827118;4.6532;-3.7263184
1521665958842;-0.94847107;-0.47536469;1.1757203
1521665958854;-0.89720154;-0.5682831;1.1415406
1521665958861;-0.92033386;0.014163017;0.89990234
1521665958877;-1.0857239;0.31809235;0.20261765
1521665958882;-1.1897278;0.3817749;-8.378029E-4
1521665958906;-1.7020264;1.3846437;-0.06412125
1521665958914;-1.2673035;1.2117616;-0.34666443
1521665958921;-1.3446655;1.1123353;-0.23003769
1521665958933;-1.3776245;0.58877563;-0.23592377
1521665958941;-1.3536987;0.19396973;-0.24310303
1521665958954;-1.4720459;0.057807922;-0.031126022
1521665958960;-1.8615417;0.54130554;-0.04884529
1521665958976;-2.208313;1.2777711;-0.57192993
1521665958980;-2.1923218;1.9444276;-0.63183594
1521665958998;-2.112671;1.7577821;-0.44337463
1521665959000;-2.0959473;0.9442291;-0.618042
1521665959013;-1.8868713;0.24131775;-0.69210815
1521665959020;-1.772522;-0.021364689;-0.24269104
1521665959033;-1.8065186;-0.33018494;-0.045866013
1521665959040;-1.760437;-0.87898254;-0.6423645
1521665959054;-1.8250427;-0.41754913;-0.542984
1521665959060;-2.0648193;0.926178;-0.4096527
1521665959074;-2.4979248;1.3057863;-0.85476685
1521665959080;-2.5898438;0.8763733;-0.79707336
1521665959104;-2.1896973;0.22948837;-1.0344238
1521665959114;-2.1292725;-0.48768616;-0.90408325
1521665959122;-1.980957;-0.7563629;-0.63938904
1521665959134;-1.8865967;-1.0468445;-0.66464233
1521665959142;-2.3095093;-0.43785858;-1.1281433
1521665959155;-2.6466675;-0.007863998;-1.0341187
1521665959160;-2.7815552;0.6596985;-0.9967346
1521665959173;-2.737732;0.8557892;-1.0924072
1521665959180;-2.6313477;0.16984177;-0.94044495
1521665959207;-2.1808472;-0.064460754;-0.41532135
1521665959212;-2.2382202;0.06555557;-0.66075134
1521665959219;-2.3530884;-0.35557556;-0.947876
1521665959232;-2.458435;-0.20413208;-1.0513306
1521665959239;-2.5671387;0.13217163;-1.165863
1521665959253;-2.4371948;0.22276688;-0.9233551
1521665959261;-2.0701294;0.16072083;-0.79429626
1521665959276;-2.4232178;-0.24198914;-1.0845337
1521665959281;-1.719574;-1.4766235;-0.8730774
1521665959304;-2.1223145;-0.28014374;-1.3313599
1521665959313;-2.3114624;-0.015259266;-1.4007568
1521665959321;-2.2661133;-0.021516323;-1.3292542
1521665959333;-1.8226624;0.21991348;-1.0862122
1521665959340;-1.6190796;0.093997955;-0.89793396
1521665959354;-1.8212585;0.059336662;-0.70243835
1521665959359;-1.4641418;-0.19250107;-0.902298
1521665959374;-1.4734802;-0.26406097;-0.8726959
1521665959380;-1.0579529;0.508255;-0.6830597
1521665959399;-1.1663513;0.4467926;-0.61953735
1521665959413;-1.2371826;0.34007263;-0.41458893
1521665959422;-0.971756;0.2769928;-0.14530563
1521665959434;-0.91374207;0.40829468;-0.11140823
1521665959441;-0.77189636;-0.023330212;-0.047587395
1521665959454;-0.8641052;-0.04457569;-0.04292965
1521665959461;-0.7158356;0.53744507;0.14535522
1521665959474;-0.67622375;1.0253297;0.32695007
1521665959479;-0.6519165;1.2318727;0.43597412
1521665959505;0.15307236;1.1897279;0.45227814
1521665959514;-0.07526398;0.41978455;0.8862457
1521665959522;0.01176548;0.8233185;0.87239075
1521665959534;-0.22782898;1.4198304;0.65119934
1521665959542;-0.7124176;1.4732972;0.32245636
1521665959557;-0.81370544;0.95555115;0.07578468
1521665959561;-0.62831116;0.8233795;0.27281952
1521665959577;-0.6632843;0.9415283;0.34818268
1521665959582;-0.7257843;0.6913147;0.5162811
1521665959607;-1.3321533;1.3611146;0.30516052
1521665959615;-1.1356201;1.6358644;0.18155289
1521665959623;-1.7620239;2.0015264;-0.1401062
1521665959635;-1.9205933;2.1611943;-0.20481873
1521665959642;-1.3139954;2.0333257;0.17578125
1521665959654;-1.3970642;1.0105287;0.78027344
1521665959662;-2.0928345;0.7037201;0.70132446
1521665959677;-1.6716309;0.8604126;1.1657716
1521665959682;-2.361145;0.83496094;1.1087343
1521665959707;-2.276245;1.2370301;0.73983765
1521665959714;-2.4794312;2.1336675;0.60998535
1521665959721;-2.736023;2.3823247;0.4781723
1521665959746;-2.373169;1.9658204;0.7576599
1521665959756;-2.2944946;1.3407899;0.7136688
1521665959760;-2.1932983;0.7383728;0.653183
1521665959774;-1.9744263;0.3763733;0.7987671
1521665959781;-1.869873;0.7523041;0.7040558
1521665959803;-2.2036133;0.80332947;0.8075104
1521665959814;-2.364624;1.0767518;0.80955505
1521665959820;-2.3169556;1.1372682;-0.15728378
1521665959834;-2.0308228;0.7992554;-0.17449188
1521665959840;-1.8877869;0.3914032;0.3386917
1521665959853;-1.664917;0.08813095;0.9147339
1521665959859;-1.4960022;0.21253967;1.1576234
1521665959875;-1.6252747;0.6271057;1.0130006
1521665959881;-1.5470581;0.9743042;0.67237854
1521665959907;-1.6036377;1.3901979;0.08985138
1521665959915;-1.5601501;0.75701904;0.28481293
1521665959922;-1.0991211;-0.057307243;0.60472107
1521665959935;-0.97435;-0.74824524;1.0303651
1521665959942;-0.7914429;-0.9210663;1.3620301
1521665959955;-0.59413147;-1.3245544;1.0096132
1521665959962;-0.8617554;-0.76867676;0.5165558
1521665959975;-0.70602417;0.14636993;0.83358765
1521665959982;-0.45932007;-0.033509254;1.3402406
1521665960007;0.75694275;2.4118047;-3.8624268
1521665960018;1.1235048;2.785767;-3.5006104
1521665960023;1.1606752;2.5169683;-3.4736938
1521665960034;1.1315614;2.2922978;-4.3583984
1521665960041;1.6648256;2.6338506;-3.6102905
1521665960053;1.8229982;2.1843877;-3.5083618
1521665960062;1.8596803;1.3283387;-4.4141846
1521665960078;2.0445561;0.5009918;-4.477051
1521665960082;2.7521977;1.2120973;-5.3951416
1521665960108;2.5475469;1.0087281;-5.8841553
1521665960115;2.2650151;-0.5058136;-6.109009
1521665960122;2.7399297;-1.456604;-5.9381104
1521665960134;3.4382331;-1.9942322;-5.6589355
1521665960141;3.2942512;-2.7511597;-5.6555176
1521665960155;3.1936042;-3.453064;-5.764282
1521665960161;3.651612;-3.782837;-6.1289062
1521665960174;4.135866;-4.3927;-5.9935303
1521665960181;4.434084;-3.7459717;-6.036621
1521665960207;3.3334968;-3.3157349;-5.650757
1521665960214;3.1572273;-4.212158;-5.845581
1521665960220;3.363404;-5.130615;-5.338745
1521665960234;3.7146003;-5.4260254;-4.845337
1521665960241;3.7163703;-5.248657;-4.3480225
1521665960254;3.5748909;-5.017578;-4.415283
1521665960261;3.5277717;-4.9886475;-4.3554688
1521665960275;3.0342414;-3.7094116;-4.635498
1521665960281;2.6053472;-3.531433;-4.8756104
1521665960307;2.620789;-2.4465942;-4.73999
1521665960317;2.5280156;-2.6071777;-5.148926
1521665960322;2.6083379;-2.914917;-5.008423
1521665960335;2.6264653;-2.970337;-4.3721924
1521665960342;2.3733525;-2.418335;-4.1417236
1521665960355;2.2446904;-2.256836;-4.098633
1521665960363;2.2428594;-2.3510742;-4.222534
1521665960375;2.1420903;-2.2405396;-3.9715576
1521665960382;2.0385747;-1.7403259;-3.9910278
1521665960407;1.8917238;-0.41307068;-2.9643555
1521665960418;1.4176942;0.6407013;-3.1062012
1521665960423;1.340851;0.67741394;-3.3087769
1521665960435;1.3823854;0.8727417;-2.180603
1521665960442;1.3946229;1.1517335;-2.0465698
1521665960455;1.3662721;0.53730774;-2.7564697
1521665960463;1.6635438;0.36588287;-2.6522827
1521665960477;1.3792115;0.26407623;-2.451477
1521665960482;0.86187744;-0.0015878677;-2.5542603
1521665960507;0.32218933;1.8501588;-1.6642456
1521665960515;0.43383026;1.4838868;-1.9390259
1521665960523;0.30010223;1.2829286;-1.9057312
1521665960535;0.54862976;1.3567201;-1.7232361
1521665960542;0.6215668;0.36676788;-1.8043213
1521665960555;0.28209686;-0.17986298;-2.0220337
1521665960563;-0.21137619;0.12008476;-1.6466675
1521665960578;-0.645874;2.3894048;-0.7091675
1521665960581;-0.9971466;3.3384407;-0.4400177
1521665960602;-0.5575104;1.5038148;-0.95314026
1521665960615;-0.33514404;0.6509247;-1.2063904
1521665960623;-0.4609909;-0.56036377;-1.4093933
1521665960635;-0.7024994;-1.1981201;-0.57058716
1521665960643;-0.9979706;-0.71328735;0.4161148
1521665960655;-1.7008972;5.433108;-2.6097412
1521665960663;-2.0097656;4.1055927;-1.6048889
1521665960676;-1.8454895;2.5986333;-2.2008667
1521665960683;-1.2727356;1.4141847;-2.1148682
1521665960705;-1.7381897;0.6112213;-1.1914673
1521665960717;-1.6867676;-0.34940338;-1.4848938
1521665960721;-2.1345825;1.4180299;-1.2172546
1521665960733;-2.7350464;2.4014897;-1.4372864
1521665960741;-2.5996094;2.814942;-1.06073
1521665960753;-2.2965088;2.2089238;-0.9543915
1521665960762;-2.1465454;1.23938;-1.1242065
1521665960775;-2.1384277;0.5163574;-0.61131287
1521665960782;-1.9619751;-0.12204933;-0.2368393
1521665960806;-1.727356;0.02069807;-0.72857666
1521665960816;-1.995758;0.82518005;-0.82014465
1521665960821;-2.6271973;2.0091558;-1.1339417
1521665960834;-2.7626343;1.9803468;-1.9736023
1521665960840;-2.5787964;1.4853822;-1.9722595
1521665960854;-2.473938;1.0395204;-1.429718
1521665960862;-2.748108;0.38549042;-1.131012
1521665960874;-2.5203247;-0.6593933;-0.86753845
1521665960880;-1.9945679;-1.3852539;-0.5693817
1521665960901;-1.6987915;-0.16874313;-1.0259094
1521665960915;-2.0778198;0.46765137;-1.1566467
1521665960923;-2.2302246;0.646698;-0.8672333
1521665960935;-2.2789917;1.1044008;-1.1315002
1521665960942;-2.524109;0.730011;-1.5488281
1521665960955;-2.6016846;-0.4013977;-1.1864319
1521665960962;-2.5599365;-0.05003071;-1.276947
1521665960975;-2.4903564;0.259552;-1.5918579
1521665960982;-2.4525146;0.09993553;-1.8245544
1521665961004;-2.1269531;-0.051368713;-1.5400085
1521665961016;-2.3326416;-0.066783905;-1.168396
1521665961023;-2.4129639;-0.42723083;-0.9447632
1521665961036;-2.477295;-1.2026978;-0.79589844
1521665961043;-2.5648193;-1.8851929;-0.7877655
1521665961057;-2.6542358;-1.4633484;-0.9884033
1521665961061;-2.6412354;-0.26647186;-1.1403809
1521665961074;-2.234314;0.517807;-1.4767761
1521665961082;-3.1971436;0.78019714;-1.4966736
1521665961107;-2.8341675;0.21871948;-0.9130249
1521665961122;-2.2750854;-0.3633728;-0.8847656
1521665961135;-1.9618835;-0.7953644;-0.7581787
1521665961140;-2.4560547;-0.7422333;-1.2076721
1521665961155;-2.2453613;-0.44540405;-1.3456421
1521665961162;-1.9303284;0.39717102;-1.1826477
1521665961175;-2.2383423;0.25395203;-1.0220337
1521665961183;-1.5964966;-0.3560028;-0.6977844
1521665961207;-1.3418274;-0.5921173;-0.55418396
1521665961217;-1.6213989;-0.55960083;-0.81217957
1521665961223;-1.380249;-0.18145752;-0.96899414
1521665961236;-1.2204285;1.0696718;-0.7237854
1521665961243;-1.601471;1.9845887;-0.5111389
1521665961256;-1.3934021;1.8642274;-0.25099182
1521665961264;-1.4230957;0.6209259;-0.047163963
1521665961277;-1.0785828;0.5565796;-0.49428558
1521665961284;-0.5586853;1.803528;-0.54356384
1521665961307;-0.68188477;1.9926759;0.42517853
1521665961317;-1.0284424;2.2591558;0.7115021
1521665961323;-0.3193283;2.1148686;1.0780336
1521665961336;0.48253632;1.7658998;1.5454713
1521665961343;0.5765381;1.2982789;2.0822148
1521665961356;0.50149536;0.445549;2.6600347
1521665961364;0.5175934;0.20621109;2.3425908
1521665961378;0.053512573;1.0938417;1.4069215
1521665961383;-0.68626404;1.6213075;0.40759277
1521665961407;-1.3036499;2.4636235;-1.0175171
1521665961424;-1.9779968;1.5304261;0.15782928
1521665961438;-1.7678528;0.83969116;0.77885437
1521665961443;-1.4515991;-0.2631607;1.0905458
1521665961464;-1.0752563;-0.5247345;0.8983612
1521665961476;-3.4539795;1.3402711;-0.028522491
1521665961484;-2.8081055;2.8474736;-0.03233719
1521665961507;-3.72406;2.0820928;0.3776474
1521665961518;-3.142212;1.9099733;0.18737411
1521665961523;-2.9724731;1.590149;0.6513214
1521665961536;-3.1244507;1.1499635;1.2117616
1521665961542;-2.922058;0.68374634;1.0636598
1521665961556;-2.7680054;0.11573982;0.9461212
1521665961563;-2.5350952;0.64489746;0.9803772
1521665961576;-2.5216064;1.7433168;0.37229156
1521665961583;-2.499939;2.434815;0.47342682
1521665961604;-2.1449585;1.4773256;0.8349304
1521665961615;-2.0461426;0.8751373;1.2276002
1521665961623;-2.1429443;0.08329964;1.5059205
1521665961635;-1.5445862;0.34053802;0.72006226
1521665961642;-1.6412659;0.46414185;0.714798
1521665961656;-1.433258;0.9217224;0.9514923
1521665961663;-1.3208313;1.3341066;0.70043945
1521665961677;-0.940979;1.309662;0.6926727
1521665961683;-1.3288269;0.4172287;0.49163818
1521665961705;-1.0367126;-0.8153839;0.8715515
1521665961717;-0.828598;-0.5338898;0.52656555
1521665961722;-0.8606262;-0.2081337;0.37042236
1521665961734;-0.9788208;-0.18316269;0.26841736
1521665961743;-0.92427063;-0.79771423;0.043073654
1521665961756;-0.6151581;-0.6708069;0.22182465
1521665961764;-0.51860046;-0.90548706;0.7429352
1521665961777;-0.3462677;-1.4200134;0.9758148
1521665961784;1.1047975;2.2727666;-3.45813
1521665961803;1.3806459;2.085999;-4.270874
1521665961815;1.5477296;1.8676454;-4.659424
1521665961822;1.672577;1.3689271;-4.951782
1521665961835;1.7821962;1.4317323;-4.9956055
1521665961842;1.7764283;2.1315312;-4.5026855
1521665961855;1.873932;1.8699647;-4.943115
1521665961862;2.2984014;1.5323793;-5.496216
1521665961877;2.778687;1.2008058;-5.175293
1521665961883;2.6834722;0.4451294;-4.6151123
1521665961908;2.5666509;-0.5441742;-4.7089844
1521665961918;2.4995122;-0.36370087;-5.156128
1521665961924;2.8095708;-0.27381897;-5.828125
1521665961937;2.8888555;-1.3414001;-6.1488037
1521665961944;3.1831062;-2.3190308;-6.4019775
1521665961958;3.462281;-2.6903687;-6.4664307
1521665961964;3.352845;-2.4674683;-6.0285645
1521665961984;3.4295661;-2.5882568;-4.9453125
1521665962004;3.6126106;-3.0334473;-5.064453
1521665962009;3.8662727;-3.7871704;-5.1123047
1521665962025;4.3364277;-4.9071045;-5.1689453
1521665962036;4.2316914;-4.9624023;-5.0598145
1521665962044;3.821656;-4.588379;-5.0163574
1521665962057;3.6493537;-4.0893555;-4.89563
1521665962063;3.5279548;-3.7737427;-4.79834
1521665962076;3.3901374;-3.184143;-4.9213867
1521665962083;3.3015754;-2.8673706;-5.1049805
1521665962107;3.0863655;-2.0220947;-4.986084
1521665962118;2.7604985;-1.414032;-4.9819336
1521665962124;2.539124;-1.4160156;-4.1903076
1521665962137;2.6388555;-1.4978333;-3.4542236
1521665962144;2.8955083;-2.1170044;-2.869812
1521665962155;2.633057;-2.0929565;-3.4733887
1521665962162;2.2489629;-2.5127563;-4.170166
1521665962175;2.3826299;-1.9287415;-4.062134
1521665962183;2.0263066;-0.062167168;-3.652771
1521665962208;1.9497072;0.30223846;-3.5692139
1521665962218;2.113648;0.4061737;-3.0229492
1521665962223;1.7012635;-0.10691261;-2.9333496
1521665962237;1.7033387;-0.50457764;-2.81427
1521665962243;1.7208863;0.10480499;-2.4815063
1521665962256;1.2164003;0.812912;-1.7756653
1521665962264;1.2464906;0.7411957;-2.1166382
1521665962277;1.2872926;-0.29723358;-2.163391
1521665962282;1.3166505;-0.6842499;-1.8262329
1521665962305;0.9555359;0.13076401;-1.4756165
1521665962318;0.59173584;2.1116338;-1.1707458
1521665962324;0.4162674;2.6128545;-2.0706787
1521665962336;0.35806274;1.9064943;-2.5188599
1521665962343;0.4749298;0.34587097;-2.6420898
1521665962357;0.45137787;-0.90649414;-2.3340454
1521665962364;0.08857155;-0.952301;-1.680481
1521665962377;-0.33677673;0.036764145;-0.6874237
1521665962383;-0.6809082;1.4396058;-0.5050659
1521665962403;-0.876709;2.7211308;-1.0255737
1521665962425;-0.9886627;0.69262695;-2.4708862
1521665962443;-0.79733276;-2.2520752;0.0939579
1521665962458;-1.0022888;-0.32086945;-1.7018433
1521665962465;-1.4787292;1.4316102;-0.68725586
1521665962485;-2.239746;2.6458135;-1.0028687
1521665962503;-2.0376587;1.368622;-1.6628418
1521665962526;-1.868103;-0.067417145;-1.2892761
1521665962543;-2.1884155;1.0852662;-0.5038147
1521665962563;-2.3105469;2.0760503;0.08713341
1521665962586;-2.5997925;0.6483917;-1.4076843
1521665962605;-2.027649;-1.0840454;-0.39562988
1521665962615;-2.2093506;-0.60739136;-0.26499176
1521665962622;-2.3118286;0.7621918;-0.23083878
1521665962635;-2.6828003;1.1573793;-0.078084946
1521665962642;-2.7521973;0.40167236;-0.58551025
1521665962655;-2.8478394;-0.28663635;-1.1754456
1521665962662;-2.7623901;-0.05942154;-1.1289368
1521665962676;-2.8408813;0.07875824;-1.0986938
1521665962683;-2.838562;0.04378414;-0.6027069
1521665962702;-2.80719;0.31891632;-0.41332245
1521665962715;-2.843628;0.41562653;-0.32930756
1521665962723;-2.6958008;0.45750427;-0.34519196
1521665962736;-2.4174805;0.3198166;-0.43849182
1521665962743;-2.3529663;0.10692406;-0.81163025
1521665962755;-2.3521118;0.03711605;-0.9927826
1521665962763;-2.5789795;-0.20532608;-0.8860626
1521665962775;-2.517395;-0.37995148;-0.8777466
1521665962783;-2.4121704;-0.72273254;-1.016571
1521665962804;-2.3695068;-0.77568054;-1.1976318
1521665962809;-2.5825195;-0.66082764;-1.3172913
1521665962825;-2.663147;-0.25550842;-1.4721375
1521665962845;-2.6307983;-0.15733337;-1.322113
1521665962858;-2.2593994;-0.324234;-1.3079834
1521665962865;-2.6447144;-0.19369888;-1.1933899
1521665962878;-1.8244934;-1.1123962;-0.85609436
1521665962885;-3.1138306;-0.54985046;-1.2600708
1521665962904;-1.6643372;-0.4229126;-0.9983978
1521665962918;-2.1482544;-0.16584396;-0.94003296
1521665962925;-1.8373413;0.066093445;-0.47392273
1521665962938;-1.5838318;-0.46195984;-0.27101135
1521665962945;-1.5934753;-1.1824951;-0.36095428
1521665962965;-1.0526428;-0.48194885;0.15409088
1521665962978;-1.2753906;0.38480377;-0.8269348
1521665962985;-1.5102234;0.44377136;-0.54615784
1521665963003;-1.2445984;0.9525757;-0.6199188
1521665963018;-0.9547119;0.3810959;-0.45433807
1521665963025;-0.8457489;0.11460686;-0.40037537
1521665963037;-0.72795105;-0.2491417;-0.5127716
1521665963044;-0.54460144;-0.3538742;-0.21976471
1521665963058;-0.5973053;0.18065643;-0.09436798
1521665963064;-0.5832367;0.7522888;-0.38661957
1521665963078;-0.63272095;0.63394165;-0.4781723
1521665963085;-0.6525421;0.6733093;-0.2010994
1521665963108;-0.40940857;0.5809479;0.26261902
1521665963115;-0.07681084;0.5043793;0.48036194
1521665963125;-0.47273254;0.6205902;0.1901207
1521665963138;-0.58018494;0.80792236;-0.023267746
1521665963145;-0.7728882;1.0234376;0.19743347
1521665963165;-1.2216492;0.9660797;0.37583923
1521665963178;-0.7104187;0.74798584;0.41481018
1521665963185;-1.1409302;0.8519287;0.69163513
1521665963205;-1.3723145;0.54693604;0.3153839
1521665963218;-1.3883972;0.9207306;0.45735168
1521665963225;-1.522644;0.73431396;0.49182892
1521665963238;-1.4649963;0.9836273;0.80303955
1521665963245;-1.9783936;1.479767;1.097046
1521665963265;-1.6848755;1.7762147;0.3390503
1521665963285;-1.6932373;0.818985;0.81559753
1521665963302;-2.3182373;0.6064453;0.38674164
1521665963309;-1.9354248;0.68540955;0.40348816
1521665963323;-2.6173706;0.5432129;-0.06759262
1521665963336;-2.6191406;0.53915405;-0.23564911
1521665963343;-2.5648804;1.0329286;-0.5686493
1521665963358;-2.5532227;1.6490175;-0.28206635
1521665963364;-2.7528076;1.3339845;0.19140625
1521665963385;-2.3880005;0.6368103;0.7743225
1521665963404;-2.5127563;0.79844666;1.0474244
1521665963418;-1.8878479;0.20779037;1.745514
1521665963425;-1.9885864;1.377411;1.3900148
1521665963438;-2.314209;1.5372621;1.3919679
1521665963447;-2.0824585;2.8970342;0.9817047
1521665963465;-1.8877869;0.8716736;0.9354248
1521665963485;-1.1797485;0.29458618;1.2318116
1521665963508;-1.0042114;0.048570633;0.9139862
1521665963527;-0.34131622;-0.07164192;0.21778107
1521665963538;-0.4139328;-0.19058228;0.24545288
1521665963545;-0.448143;-0.19109344;0.16204453
1521665963558;-0.24895096;-0.22425842;0.27165222
1521665963565;-0.18541718;-0.7720032;0.35414886
1521665963585;0.33766174;-1.3405151;0.53022766
1521665963606;0.19242477;-1.2580261;1.0458375
1521665963618;-0.018749714;-1.95578;1.3326417
1521665963625;-0.1213913;-1.9194336;1.4588624
1521665963638;0.16563797;2.523499;-3.310913
1521665963645;0.5908966;1.9855348;-3.876892
1521665963657;1.0837404;2.3075566;-3.510559
1521665963665;1.198578;2.9057622;-3.8000488
1521665963677;1.1085817;3.0740974;-4.763672
1521665963684;0.908432;2.3973393;-5.3132324
1521665963705;1.0425111;1.9131166;-5.645508
1521665963710;1.6479188;1.6522828;-5.475708
1521665963726;2.412232;0.7373047;-5.743408
1521665963745;2.5386357;0.6251221;-6.4560547
1521665963765;2.7192388;-0.39504242;-6.0827637
1521665963770;3.3761604;-1.085846;-5.2939453
1521665963784;3.2658699;-1.0358582;-4.6955566
1521665963789;3.3063362;-2.0055542;-4.123047
1521665963808;4.170412;-2.612671;-3.9956055
1521665963818;4.708254;-1.8652344;-3.369751
1521665963823;4.7618427;-1.8066101;-3.1802979
1521665963837;4.2301044;-1.9126892;-3.3573608
1521665963845;4.0687275;-2.2410278;-3.4518433
1521665963858;3.9909065;-2.5232544;-3.7496338
1521665963865;4.1280537;-3.1333008;-3.4298706
1521665963878;4.0561543;-3.6299438;-3.7520142
1521665963885;4.0009785;-4.175659;-3.823059
1521665963905;3.5363777;-3.9620361;-3.9945068
1521665963910;3.2684333;-3.808899;-4.62146
1521665963926;2.677918;-3.65271;-4.427368
1521665963946;2.5138555;-3.1919556;-4.611328
1521665963966;2.1698003;-2.1481934;-4.2263184
1521665963985;2.134766;-1.7964172;-3.2636719
1521665964005;2.3981328;-2.5692139;-2.3328247
1521665964017;2.4007573;-2.4985962;-1.7902832
1521665964024;2.3799443;-1.8871765;-1.7513123
1521665964038;2.212586;-1.5642395;-2.3920898
1521665964044;1.9729615;-1.7716064;-3.284912
1521665964057;1.782715;-1.4421082;-3.171692
1521665964064;1.2344667;0.49947357;-2.5238647
1521665964077;0.85939026;0.98472595;-2.7675781
1521665964085;1.1302491;0.16710663;-2.3850098
1521665964105;1.3750001;0.108161926;-1.6514893
1521665964110;1.1931459;-0.021048546;-1.6993408
1521665964126;0.79966736;-0.85154724;-1.4907227
1521665964147;0.4789505;-0.2822113;-1.7398987
1521665964158;0.37226868;0.40111542;-1.0152283
1521665964164;0.10927391;0.8377533;-0.6430664
1521665964177;0.27646637;0.32548523;-0.81352234
1521665964186;0.49180603;-0.5393219;-0.8643646
1521665964208;-0.11336136;0.5351715;-0.9337311
1521665964218;-0.50271606;1.7480775;-0.08578873
1521665964225;-0.9215393;1.0586854;-0.7232971
1521665964245;-0.30693054;0.62480164;-0.1770134
1521665964258;-0.6593933;-0.25334167;-0.57499695
1521665964265;-1.0032043;-2.3688354;-0.61691284
1521665964285;-1.4375;-0.1308899;0.35159302
1521665964305;-2.1593018;4.816408;-2.630249
1521665964310;-2.104248;4.9121113;-3.1710205
1521665964326;-1.639801;1.9481202;-1.686615
1521665964347;-1.7316895;-0.40782928;-0.018903255
1521665964366;-2.2077026;1.0744325;-0.53118896
1521665964386;-2.0204468;1.7765504;-0.8131714
1521665964406;-2.1036987;1.4393007;-0.8715973
1521665964418;-2.0888062;1.1785585;-0.629364
1521665964425;-2.3843994;0.1838913;-0.87986755
1521665964448;-2.2416382;0.6141815;0.15377426
1521665964468;-2.5441284;0.8942566;-1.2515564
1521665964487;-2.515747;0.35414886;-0.8529663
1521665964505;-2.2612305;0.24319458;-0.61997986
1521665964510;-2.567505;0.106803894;-0.5099182
1521665964527;-2.7907715;-1.0227051;-0.8413086
1521665964548;-2.708313;0.5675049;-0.70687866
1521665964567;-2.9136353;0.9757538;-0.70233154
1521665964586;-2.7597046;-0.15918732;0.16015625
1521665964606;-2.665039;-0.66744995;0.03418255
1521665964611;-2.5429688;-0.7799072;-0.5209503
1521665964627;-2.5871582;-0.055918694;-0.84706116
1521665964647;-2.5531006;0.3031845;-0.6877136
1521665964667;-2.6292725;0.049162865;-0.7315216
1521665964687;-2.5176392;-0.69973755;-0.9204712
1521665964706;-2.413208;-1.0730896;-1.0731201
1521665964711;-2.9683228;-0.76441956;-1.388977
1521665964728;-2.6607666;0.1947403;-1.177124
1521665964748;-1.871521;-0.24483109;-1.0019531
1521665964767;-1.9964905;-0.66015625;-0.70991516
1521665964785;-1.7999268;-0.8838043;-0.72698975
1521665964805;-1.7151794;-0.4898529;-0.94096375
1521665964818;-2.0355835;0.21573257;-0.8755951
1521665964824;-1.408081;0.1857338;-0.70417786
1521665964847;-1.3578796;-0.54338074;-0.62187195
1521665964866;-1.4554443;-0.73342896;-0.5151367
1521665964878;-1.3862915;-0.55197144;-0.65571594
1521665964884;-1.0432739;-0.033141136;-0.9369507
1521665964907;-1.033905;0.1414566;-0.81048584
1521665964912;-0.91189575;0.48602295;-0.98994446
1521665964927;-0.5995941;0.61260986;-0.31867218
1521665964948;-0.101285934;-0.3147583;0.21477509
1521665964967;0.04843521;0.27527618;0.15261841
1521665964988;-0.2714157;1.1057435;0.34133148
1521665965005;-0.19070816;1.088318;0.57022095
1521665965010;-0.06628227;1.2294923;0.6109009
1521665965027;-0.41857147;0.69148254;0.57307434
1521665965048;-0.69514465;0.45010376;-0.16661835
1521665965067;-1.6138;1.1763917;-0.1968422
1521665965087;-1.3129883;1.0885011;0.9112396
1521665965106;-2.010498;1.4280397;0.7418213
1521665965109;-1.4840698;1.0404054;1.0552675
1521665965126;-1.9576721;0.1678772;0.5369568
1521665965147;-2.69104;2.8900151;0.90011597
1521665965166;-2.6450195;1.9086;0.8700104
1521665965186;-2.760437;2.2478642;1.2574464
1521665965206;-2.5975952;1.6323854;1.0505983
1521665965218;-2.906372;0.9824829;1.1579591
1521665965225;-2.8882446;1.3992616;1.6015321
1521665965238;-3.4179688;1.6051027;0.9161682
1521665965245;-3.5202026;1.9066774;0.6690521
1521665965258;-2.965454;2.8991094;0.6406555
1521665965267;-2.916809;2.2312627;0.9193268
1521665965286;-1.7633667;0.9081421;1.7833558
1521665965304;-2.0061035;0.25880432;1.6799318
1521665965310;-1.9056091;0.045847893;1.2875062
1521665965327;-1.1885071;0.9354553;-0.22683334
1521665965347;-1.276886;1.3581849;0.4320526
1521665965367;-0.97494507;0.16934967;0.8121338
1521665965388;-0.44895172;-1.086853;1.2928163
1521665965404;-0.5349426;-1.9975891;1.3974
1521665965409;-0.252594;-2.5622559;1.0001832
1521665965427;0.063747406;-1.296936;0.6541748
1521665965448;-0.7659912;-0.18192673;0.009270668
1521665965467;0.28765106;2.0733037;-3.8327026
1521665965488;1.113434;0.5670471;-4.8669434
1521665965508;1.334839;0.3246994;-4.9161377
1521665965512;1.7655336;0.28401947;-5.354004
1521665965528;1.6530763;0.3405609;-4.989502
1521665965547;2.3216558;0.027526855;-5.8125
1521665965567;2.9821172;-0.77915955;-5.8255615
1521665965587;3.1969001;-0.4172821;-6.0025635
1521665965608;3.0202644;-1.5385742;-5.7125244
1521665965626;3.4704597;-3.0908203;-4.556885
1521665965638;3.773133;-3.0690308;-4.123657
1521665965646;4.137575;-2.8140259;-4.391968
1521665965666;3.9192512;-2.6393433;-4.709839
1521665965686;3.4652717;-2.3269043;-5.0932617
1521665965707;3.6405647;-2.1118164;-3.9746094
1521665965711;3.4634407;-2.1309814;-3.89563
1521665965728;3.3760383;-2.105957;-4.3326416
1521665965748;3.0133064;-1.5344238;-4.0600586
1521665965768;2.480042;-1.4609375;-4.270874
1521665965788;2.5103154;-1.6366882;-4.033325
1521665965807;2.3695683;-1.3023987;-3.788391
1521665965812;2.2379766;-0.6324158;-3.142334
1521665965828;2.1065068;-0.17381668;-3.2651978
1521665965848;1.9284059;-0.028433323;-3.1914062
1521665965868;1.9535829;-0.27619934;-2.965271
1521665965888;1.6364442;0.47402954;-2.1067505
1521665965908;1.5491334;0.6445923;-1.9629211
1521665965918;1.2388917;0.53837585;-2.2764282
1521665965927;1.1227418;0.51242065;-2.277954
1521665965948;0.789093;0.34570312;-1.9515076
1521665965967;0.23101044;0.41617584;-1.329773
1521665965987;-0.10823631;1.7145387;-1.5179138
1521665966008;0.022937775;1.4060365;-0.7175293
1521665966026;-0.01611662;-0.04245758;-1.0136719
1521665966045;-0.20222473;-0.6648102;0.6351471
1521665966065;-1.2240295;3.3522956;-2.93219
1521665966087;-0.8770752;0.8672333;-1.764679
1521665966107;-0.69010925;0.59858704;-1.3800964
1521665966112;-1.0897217;0.28034973;-2.0500488
1521665966121;-1.151886;-0.43844604;-2.1361694
1521665966129;-1.1899414;0.23578644;-0.98851013
1521665966148;-1.7109985;1.7580262;-0.6825409
1521665966164;-1.5282288;0.8655853;-0.16989899
1521665966169;-1.5087891;0.97706604;-0.18178177
1521665966187;-1.7593689;-0.6683655;-1.1871033
1521665966208;-1.4296265;-0.62661743;-1.2554932
1521665966209;-1.6401978;0.4118576;-0.97792053
1521665966226;-2.687317;1.8118898;-0.58055115
1521665966247;-2.5374756;0.6869812;-1.0924377
1521665966266;-2.8773193;-0.35814667;-0.28108978
1521665966286;-2.395935;-1.0776978;-0.6628723
1521665966307;-1.9998474;-0.53907776;-0.699646
1521665966312;-2.468811;0.26010895;-0.7570801
1521665966326;-2.643921;0.71795654;-0.677475
1521665966345;-2.7023926;0.32543945;-0.7916565
1521665966368;-2.4606323;-0.5505676;-0.6924286
1521665966387;-2.2329102;-0.32779694;-1.1641846
1521665966408;-2.1813965;-0.6032562;-0.8973236
1521665966413;-2.2507935;-0.5434265;-1.0552368
1521665966423;-2.387329;-0.14071655;-0.9784546
1521665966429;-2.7631226;-0.12787628;-1.0359192
1521665966448;-2.8115234;-1.3207703;-1.64328
1521665966467;-2.8265991;-0.36515045;-1.3596802
1521665966488;-2.6872559;-0.16635132;-1.027008
1521665966508;-2.607666;-0.88194275;-0.46251678
1521665966522;-2.1777344;-1.3488464;-0.64642334
1521665966529;-3.0704346;-0.8603363;-1.0986633
1521665966547;-2.6173706;-0.2442398;-1.0566101
1521665966567;-2.2748413;-0.09897423;-0.8911133
1521665966588;-1.6073303;-0.5944824;-0.6377106
1521665966608;-1.5834961;-0.39929962;-0.49715424
1521665966626;-1.6296692;0.53326416;-1.0005798
1521665966647;-0.8240204;0.4957962;-0.5640259
1521665966666;-0.12643051;0.1697197;0.5607147
1521665966687;-0.08139992;-0.14189911;0.37441254
1521665966715;0.27838898;1.1131898;0.3630066
1521665966728;0.03570175;1.1422426;-0.06455612
1521665966748;-0.012360096;0.4426651;0.22817612
1521665966768;-0.48776245;0.42411804;0.017928123
1521665966782;-0.8290405;0.82896423;-0.03533554
1521665966789;-0.89068604;1.1153871;-0.033514977
1521665966806;-1.1095886;1.0470887;-0.2809677
1521665966810;-0.9899597;0.74560547;-0.42692566
1521665966828;-0.9662781;0.80274963;0.30649567
1521665966848;-1.2929688;-0.29393768;-0.41500092
1521665966867;-1.9276428;0.4317627;-0.06694412
1521665966886;-1.9327393;1.5625612;-0.024172306
1521665966908;-1.7368469;1.1159364;0.08647919
1521665966914;-1.8804016;1.3719789;0.21569061
1521665966922;-2.12677;1.3241273;0.30119324
1521665966929;-2.1602173;0.84661865;0.344841
1521665966942;-2.027954;0.9019623;0.27970886
1521665966949;-2.3911743;1.4475709;1.168152
1521665966964;-2.2242432;1.8413697;1.264496
1521665966969;-2.5247803;2.351746;0.7126312
1521665966988;-2.5437622;2.4284062;1.1552736
1521665967014;-2.8238525;1.4881898;0.7673645
1521665967024;-2.5004883;1.1409608;1.3464357
1521665967029;-2.3919678;1.4295961;2.1991582
1521665967042;-2.6126099;1.9942933;1.7344056
1521665967049;-2.9517822;1.9558107;1.0913087
1521665967064;-2.9502563;2.112122;0.7302704
1521665967069;-2.7070923;2.0527349;0.81443787
1521665967084;-2.5430298;1.2036134;0.92485046
1521665967089;-2.2974243;0.27158356;1.1711732
1521665967114;-1.7139893;0.40763855;1.155243
1521665967128;-1.790741;1.4685365;1.2886659
1521665967148;-1.2441406;1.0510865;0.71032715
1521665967165;-1.1022034;0.8147278;0.95536804
1521665967172;-1.2666016;-0.23724365;1.2292482
1521665967185;-1.0617981;-0.8736725;0.8380432
1521665967190;-0.9563751;-0.968277;0.45586395
1521665967208;-1.3399963;-0.77008057;-0.09718132
1521665967228;-0.9911041;-0.6052704;-0.067827225
1521665967248;-0.27317047;-2.1115112;0.54481506
1521665967268;1.0635072;1.9506227;-3.831604
1521665967288;1.9743043;1.5895997;-4.46521
1521665967314;1.9624025;1.6122438;-5.7407227
1521665967328;2.0907598;0.2964096;-5.536255
1521665967348;2.714417;-0.7154083;-5.3303223
1521665967361;3.259278;-1.4492493;-5.1744385
1521665967369;3.5461433;-1.9544678;-5.1279297
1521665967382;3.574952;-2.290039;-5.5389404
1521665967389;3.4023445;-1.9715576;-5.631592
1521665967408;3.0636604;-2.1000366;-5.7857666
1521665967410;3.3197029;-2.5427246;-5.536865
1521665967427;3.337464;-3.006958;-5.316284
1521665967448;3.2935188;-3.8890991;-5.7766113
1521665967468;3.2083747;-3.9447632;-5.543579
1521665967487;2.737183;-3.0012207;-5.2875977
1521665967508;2.8596196;-2.399292;-5.2802734
1521665967513;2.9290166;-1.7077942;-5.289917
1521665967522;2.674683;-1.7419128;-5.1605225
1521665967529;2.8439946;-1.5605774;-5.132324
1521665967542;2.856934;-1.4376221;-4.7268066
1521665967549;2.7223516;-1.470398;-4.329956
1521665967565;2.5400395;-1.36203;-4.1766357
1521665967569;2.4286504;-1.526062;-3.8671875
1521665967582;2.5194097;-1.5809631;-3.6582642
1521665967589;2.4066167;-1.3367615;-3.8483887
1521665967615;2.1298223;-0.5477295;-4.29895
1521665967623;2.0191655;0.096429825;-3.7042236
1521665967629;1.7282106;1.034607;-3.1188965
1521665967643;1.6990663;1.3967897;-2.6912842
1521665967650;1.8358766;0.5734863;-3.0689087
1521665967665;2.082337;-0.6111145;-3.15802
1521665967669;2.0230718;-0.8805237;-3.5454712
1521665967684;1.5290529;-0.2487526;-3.4298706
1521665967689;0.9864044;1.0219728;-1.9805603
1521665967715;0.7350006;2.6632085;-2.25177
1521665967723;1.1344911;1.7569886;-1.8947144
1521665967729;1.1474305;0.8801422;-1.9103394
1521665967743;0.600708;-1.1720886;-3.0663452
1521665967749;0.4763794;0.09741211;-2.5672607
1521665967765;-0.0940609;2.7373662;-2.2988281
1521665967769;-0.72047424;4.194582;-2.2990112
1521665967782;-0.9825287;5.082644;-2.3929443
1521665967790;-0.8618469;4.7357197;-2.7398682
1521665967814;-0.11347771;2.0961308;-3.7200928
1521665967823;0.036909103;-2.9140625;0.0690403
1521665967829;-0.1985817;-0.7510681;0.37782288
1521665967843;-1.0142822;0.7791443;1.2794191
1521665967849;-1.8804932;1.2672731;1.2243959
1521665967865;-1.6033325;1.8152772;0.35263824
1521665967869;-1.5293274;1.7411805;0.07483864
1521665967883;-1.4895935;0.9061432;-0.6026306
1521665967891;-1.4241943;-0.23908234;-1.1869812
1521665967909;-1.4167786;-0.5784912;-0.88087463
1521665967928;-2.086853;1.8685914;0.003238678
1521665967941;-2.5648804;1.2502443;-0.57006836
1521665967949;-2.197754;0.6440735;-0.49611664
1521665967968;-2.2109985;0.075056076;-0.3658371
1521665967988;-1.670105;-0.76664734;-0.20103073
1521665968014;-2.0965576;0.091293335;-0.4276123
1521665968023;-2.3084717;0.12788773;-0.844635
1521665968029;-2.5094604;0.36956024;-1.1174011
1521665968042;-2.6467896;0.36505127;-1.1727905
1521665968049;-2.729187;0.013381004;-1.1133118
1521665968063;-2.5128784;-0.074064255;-0.51782227
1521665968070;-2.5286865;0.14023209;-0.13404846
1521665968085;-2.517456;-0.1846962;-0.44470215
1521665968090;-2.3547363;-0.3551712;-0.66256714
1521665968112;-2.4766235;0.03915119;-0.40727234
1521665968122;-2.7548828;-0.15876389;-0.60736084
1521665968129;-2.8638306;-0.0884819;-0.92915344
1521665968142;-2.822998;-0.05804825;-1.0716858
1521665968149;-2.8776855;-0.15041733;-0.5822754
1521665968162;-2.9787598;-0.21487808;-0.6028595
1521665968170;-2.8197021;-0.72042847;-0.76423645
1521665968182;-2.8197021;-0.8517151;-0.7750397
1521665968189;-2.829773;-0.9682617;-0.84672546
1521665968211;-2.7086792;-0.51516724;-0.47562408
1521665968223;-2.505005;-0.559906;-0.5887909
1521665968230;-2.3026733;-0.8099365;-0.65737915
1521665968243;-2.595337;-0.65400696;-0.0921154
1521665968250;-1.734314;-0.6502991;-0.47546387
1521665968263;-1.9467773;-0.2889862;-0.6563873
1521665968270;-2.5855713;0.24884033;-0.78434753
1521665968286;-1.6549072;0.020017147;-0.8772888
1521665968291;-1.6201172;-0.3745575;-0.9015045
1521665968312;-1.2910767;-0.4473648;-0.7261658
1521665968322;-1.3800049;-0.6593323;-0.6258087
1521665968330;-1.3728638;-0.9801483;-0.8007202
1521665968342;-2.0963135;-0.3320694;-0.6244507
1521665968349;-1.1450806;-0.7467041;-0.5929413
1521665968361;-1.506958;-0.104904175;-1.1698608
1521665968369;-2.1767578;0.30091858;-1.2115784
1521665968382;-1.3128662;0.4198761;-1.1583252
1521665968389;-1.8471069;0.58969116;-0.89456177
1521665968414;-0.25502777;-0.26123047;-0.45383453
1521665968428;0.15830994;-0.8011322;-1.0150757
1521665968429;-1.5625;0.12124634;-0.5649414
1521665968448;-1.1358337;0.37151337;-0.47812653
1521665968462;-0.5190582;0.0031571388;-0.35250092
1521665968469;-0.025373936;0.12055397;-0.1586647
1521665968482;-0.15999603;0.6291809;0.06909752
1521665968492;0.17515945;1.0202333;0.20127869
1521665968512;0.32964325;0.2208023;0.54566956
1521665968522;0.37285614;0.49103546;0.45420074
1521665968529;0.39178467;0.9924774;0.23094177
1521665968541;0.1685524;1.2770387;0.6645508
1521665968549;0.1746788;1.8479615;0.04669285
1521665968567;-0.5799103;1.9602968;0.51161194
1521665968571;0.43842316;1.4481202;0.6362457
1521665968586;-0.7558136;0.5685425;0.3163681
1521665968590;0.09952927;-0.14530182;0.49906158
1521665968612;-0.75546265;-0.12269211;1.232361
1521665968622;-1.0393372;0.50727844;0.97662354
1521665968630;-1.0370178;0.32076263;0.99409485
1521665968642;-1.5279846;1.4999086;0.7129669
1521665968649;-1.050354;1.0677491;0.82014465
1521665968663;-2.715271;1.8482057;0.10349846
1521665968669;-2.401245;2.2448125;-0.053726196
1521665968683;-2.8953857;2.244019;0.38440704
1521665968689;-2.755371;1.3871156;0.52809143
1521665968717;-3.4154663;1.097046;0.5925598
1521665968724;-2.862732;1.1233522;0.95866394
1521665968736;-3.0355225;1.4857789;1.511139
1521665968744;-3.1899414;1.4046327;1.4523317
1521665968750;-3.1707153;1.732483;0.4853363
1521665968764;-3.1834717;2.5696416;-0.066230774
1521665968771;-3.5298462;2.5438237;0.1283493
1521665968786;-3.229187;2.6508183;0.7992859
1521665968791;-3.069458;2.8374639;0.59558105
1521665968813;-2.7555542;1.4212343;0.7826538
1521665968823;-2.614441;1.0923768;1.2246705
1521665968830;-2.4902344;0.8671112;1.0274659
1521665968845;-2.6113892;0.5363922;1.1156312
1521665968849;-2.3162231;0.11416435;0.8700409
1521665968868;-1.6427002;0.42273712;1.5230714
1521665968888;-1.3814697;-0.50367737;1.3471986
1521665968916;-1.0772095;-1.0266113;0.7387848
1521665968924;-1.3374329;-0.51530457;0.5654907
1521665968931;-1.654602;-0.21258545;0.6646881
1521665968944;-1.3916016;-0.26096344;0.5497284
1521665968951;-1.5186768;-0.49991608;0.9087219
1521665968964;-1.0654907;-0.43260193;0.9217987
1521665968971;-0.8638153;-0.66960144;0.71791077
1521665968984;-0.67433167;-1.3136292;1.2301332
1521665968990;-0.472435;-2.0229492;1.5218507
1521665969015;-0.21956635;-1.7889404;0.70854187
1521665969026;0.7085266;2.4260259;-3.8322754
1521665969031;1.2120973;2.1200566;-4.439209
1521665969044;1.3197633;1.3567506;-4.623413
1521665969051;1.6138307;1.7448121;-4.338623
1521665969064;1.9631044;2.2980962;-4.326172
1521665969072;2.1152349;2.1759648;-4.628784
1521665969086;2.2053227;1.4418947;-5.4559326
1521665969091;2.6510625;0.9374237;-6.390625
1521665969115;2.5271;0.15110016;-6.550171
1521665969125;3.0882576;0.5858154;-6.309204
1521665969131;2.8452153;0.0046629906;-6.109619
1521665969144;2.693787;-1.7736511;-5.798462
1521665969152;3.3992317;-2.5562744;-5.897583
1521665969165;3.4821174;-2.1879883;-6.1761475
1521665969171;3.582215;-2.817688;-5.920166
1521665969184;3.9758308;-3.5045776;-5.5526123
1521665969191;4.1532;-3.9140625;-5.340576
1521665969215;4.007082;-4.1325684;-4.883789
1521665969226;3.9405525;-4.0827637;-4.4854736
1521665969232;3.7214363;-3.8718262;-4.4468994
1521665969244;3.7618415;-3.6329956;-4.5908203
1521665969251;3.6974494;-3.1888428;-4.697632
1521665969266;3.5433967;-2.65448;-4.8376465
1521665969270;3.1784675;-1.7658386;-5.0584717
1521665969288;3.0540779;-1.3566895;-4.934082
1521665969293;3.017762;-1.3671875;-4.835205
1521665969316;2.5922856;-1.0709839;-4.6954346
1521665969324;2.5629277;-0.93489075;-3.5733643
1521665969332;2.6471562;-0.8595276;-3.173462
1521665969343;2.8501592;-0.4942932;-2.8966064
1521665969350;2.5073247;-0.9529114;-3.2921143
1521665969363;2.2016606;-0.49769592;-3.4118042
1521665969370;1.801056;0.5327301;-3.2688599
1521665969384;1.4519655;0.86779785;-3.22052
1521665969390;1.6593934;1.3717347;-3.4212036
1521665969414;1.6907655;-0.026413918;-3.765808
1521665969423;1.7883302;0.48280334;-2.9439087
1521665969430;1.4873658;1.7007447;-2.2477417
1521665969443;1.3855287;1.6738893;-2.3405151
1521665969450;1.3405763;1.4062196;-2.2648926
1521665969463;1.4396669;1.4546815;-1.704956
1521665969469;1.4704896;1.294922;-1.9102783
1521665969482;1.269745;0.67355347;-2.0963135
1521665969489;1.1158754;0.33661652;-2.7078857
1521665969515;0.68037415;2.3555913;-1.5695801
1521665969524;0.26431274;3.0104988;-1.9544373
1521665969532;0.39740753;2.7310185;-2.9592896
1521665969544;0.41158295;1.8338014;-3.282959
1521665969551;0.05202675;1.2803346;-3.4456787
1521665969564;-0.2980194;1.1744386;-3.0636597
1521665969572;-0.29088593;2.3074956;-2.4586182
1521665969587;-0.5158844;4.106325;-2.6825562
1521665969592;-0.9401398;4.6435566;-2.9506836
1521665969616;-0.6689911;0.55918884;-0.1757698
1521665969624;-0.62457275;0.67533875;-0.4539795
1521665969633;-0.76779175;0.2604599;-0.6823883
1521665969644;-0.8847809;0.25504303;-0.5503235
1521665969652;-1.0008545;0.9016266;-0.74269104
1521665969665;-1.133667;1.26709;-0.10397339
1521665969672;-1.6315918;1.513733;-0.045978546
1521665969688;-1.8331604;1.7210389;0.009389877
1521665969691;-1.7409363;1.5702516;-0.62602234
1521665969716;-1.5948486;0.55474854;-1.5589294
1521665969724;-1.634552;-0.07777023;-1.6083984
1521665969733;-1.8061523;0.128376;-0.93600464
1521665969745;-2.0079346;0.97810364;-0.3614807
1521665969752;-2.0752563;1.1028444;-0.6184082
1521665969765;-2.2089233;0.5800476;-0.7606354
1521665969772;-2.231018;0.42527008;-0.7737427
1521665969788;-2.593933;0.57948303;-1.5090332
1521665969793;-2.6638794;0.58303833;-1.4674683
1521665969816;-2.3547974;0.64826965;-1.1434021
1521665969825;-2.1256104;0.43497467;-0.77960205
1521665969833;-2.2387695;-0.22867584;-0.63983154
1521665969844;-2.2202759;-0.65779114;-0.35217285
1521665969852;-2.3642578;0.07260513;0.2362442
1521665969865;-2.4612427;1.0374757;-0.22919464
1521665969872;-2.6455688;1.0635377;-0.87158203
1521665969888;-2.3677368;0.38235474;-1.0828552
1521665969893;-2.1308594;-0.19246292;-0.778244
1521665969916;-1.4342041;-1.0193787;-0.7315521
1521665969925;-1.6069946;-1.6153564;-0.5522461
1521665969933;-1.6645508;-1.7875061;-0.68304443
1521665969945;-2.024475;-0.9209595;-0.74302673
1521665969952;-2.308838;0.46972656;-1.1923523
1521665969965;-2.5849;0.9677429;-1.7287292
1521665969972;-2.5993042;0.3738861;-1.7062988
1521665969987;-2.3536377;0.134552;-1.5878601
1521665969992;-2.0407104;0.30708313;-1.0918884
1521665970016;-2.0723267;-2.093933;-0.6507263
1521665970025;-2.6297607;-1.3234558;-0.6867676
1521665970033;-2.8899536;0.079847336;-0.7380829
1521665970045;-3.3079834;0.6854706;-1.3088989
1521665970052;-3.097412;0.21258545;-1.5186157
1521665970065;-2.6971436;0.019883156;-1.2590942
1521665970072;-2.399353;0.2956848;-0.66426086
1521665970087;-1.9910278;-0.13288498;-0.4334793
1521665970092;-1.9911194;-1.4140625;-0.4201355
1521665970117;-1.8773499;-0.8509674;-0.8620758
1521665970125;-2.057434;-0.18883514;-1.29599
1521665970133;-1.881134;-0.27773285;-1.6564636
1521665970145;-1.9968567;-0.024608135;-1.521759
1521665970152;-1.2478027;-0.4313202;-1.1604309
1521665970163;-1.5828247;-0.8253937;-0.9295807
1521665970171;-1.069458;-0.93492126;-0.64208984
1521665970185;-0.37275696;-0.7730713;-0.30303192
1521665970191;-0.58851624;-0.12155914;-0.20392609
1521665970211;-0.74038696;0.06807709;0.009468079
1521665970223;-0.6161804;0.0026845932;-0.35717773
1521665970230;-0.67481995;0.5193634;-0.49835968
1521665970244;-0.8280182;0.2970581;-0.25133514
1521665970250;-0.787735;0.32692719;-0.33016968
1521665970263;-0.52334595;0.14839172;-0.2981491
1521665970270;-0.4075241;0.14105225;-0.5212097
1521665970284;-0.55044556;0.17030716;-0.2930298
1521665970290;-0.64276123;0.0074117184;-0.14553452
1521665970312;-0.80867004;0.5355377;-0.0030918121
1521665970323;-0.4936905;0.29878235;-0.14707184
1521665970330;-0.27843475;-0.40184784;0.006583214
1521665970343;0.0764122;-0.6213989;0.3315506
1521665970350;-0.107437134;-0.5361786;0.5486145
1521665970364;-0.0357666;-0.74697876;0.46283722
1521665970370;0.2325325;-1.3048706;0.538147
1521665970389;0.08457565;-1.3261719;0.77526855
1521665970437;0.008910179;-0.6890259;0.37713623
1521665970443;-0.3861847;0.70710754;0.39476013
1521665970457;-1.1011047;2.8594365;-1.6289978
1521665970462;-0.73887634;1.8287965;-0.08418465
1521665970470;0.22303009;1.1640016;0.7850952
1521665970483;-0.27004242;0.534317;1.4231874
1521665970490;-0.53718567;-0.34387207;1.7710878
1521665970513;-1.0149536;0.9908142;1.2033693
1521665970523;-1.8719482;2.2760625;0.44167328
1521665970530;-2.741272;3.1588752;-0.2196083
1521665970542;-2.642273;3.3397834;-0.98017883
1521665970549;-2.5778198;3.2761238;-1.116272
1521665970563;-2.402649;2.8421636;-0.2600479
1521665970570;-1.9522095;2.5256963;0.30984497
1521665970586;-1.9283752;0.89686584;1.3227845
1521665970594;-2.117981;-0.2800827;1.7104188
1521665970617;-2.0500488;0.37551117;1.6564637
1521665970635;-3.2792969;1.623871;0.5794678
1521665970643;-3.0983887;2.5172734;-1.1567383
1521665970656;-3.0049438;2.368836;0.17272949
1521665970684;-2.4533691;2.0064702;1.0657045
1521665970697;-2.1516113;0.054394722;0.9365082
1521665970724;-1.9919739;-0.0599308;0.8812256
1521665970736;-2.2525635;3.0216072;0.24791336
1521665970745;-1.6122131;1.954651;1.6464235
1521665970750;-0.70487976;1.2678224;2.0295415
1521665970763;-0.8114166;-1.0942078;2.292664
1521665970784;-0.5055237;-1.0141907;1.2001344
1521665970798;-0.58773804;1.4747926;0.24085236
1521665970828;-2.3509521;1.7312013;-0.48480225
1521665970834;-0.42598724;-1.302063;0.57580566
1521665970843;0.006070018;-2.2282715;1.1423341
1521665970850;1.8429872;1.9761659;-3.5305786
1521665970863;2.2147222;2.7153325;-4.052124
1521665970870;1.9869996;2.7373052;-4.609619
1521665970895;2.2094731;0.699234;-5.329956
1521665970945;3.8040168;1.9804078;-5.385132
1521665970954;3.300721;1.6511537;-4.9523926
1521665970959;3.5711067;0.5169525;-4.354248
1521665970975;3.785096;-1.7320862;-4.609009
1521665970988;3.8125007;-2.4608154;-5.8807373
1521665970993;3.2029426;-1.4279785;-6.381958
1521665971011;3.2323005;-3.4481812;-6.2521973
1521665971037;3.5117195;-3.680603;-4.5151367
1521665971055;3.3124397;-3.1584473;-5.17749
1521665971075;2.9439702;-2.5595703;-6.626953
1521665971085;2.9528813;-2.9526367;-6.7283936
1521665971090;3.1336677;-3.6296997;-6.6464844
1521665971115;3.0321662;-3.1467285;-5.520508
1521665971136;2.8345952;-2.029358;-5.5023193
1521665971151;3.1943977;-1.8693848;-4.765869
1521665971163;3.1350715;-2.2875366;-4.8009033
1521665971170;3.175904;-1.8091736;-5.125244
1521665971184;2.9180913;-1.149231;-4.9664307
1521665971194;2.7383428;-0.8209686;-5.151367
1521665971216;2.521729;-0.048297882;-4.0946045
1521665971223;2.407166;0.1507721;-4.4127197
1521665971230;2.7036138;-0.70814514;-4.8129883
1521665971244;2.8433232;-1.0787048;-4.8985596
1521665971250;2.6564946;-1.0449219;-4.6208496
1521665971263;2.407349;-0.45355988;-4.468506
1521665971270;2.176087;-0.282547;-4.081299
1521665971283;2.1061406;0.28253174;-3.522522
1521665971290;1.9236146;0.7058716;-3.2842407
1521665971317;1.7708741;0.39920807;-3.1855469
1521665971325;1.7611696;0.5624695;-3.1731567
1521665971338;1.736786;1.2003175;-2.9853516
1521665971365;1.4596864;0.9380951;-2.9225464
1521665971378;1.060486;-0.021903038;-3.4685059
1521665971396;0.21586227;2.2470708;-2.0859375
1521665971407;-0.003486514;2.4823003;-1.8775024
1521665971418;0.30941772;1.1598207;-2.352417
1521665971423;0.12756729;0.7793579;-2.2710571
1521665971443;0.11255264;0.45724487;-2.314148
1521665971464;-0.7424774;2.3438115;-1.1705933
1521665971478;-1.0335999;3.3393562;-1.1915588
1521665971496;-0.6564789;2.9699101;-2.2710571
1521665971525;-0.49559784;-0.18989563;-0.87080383
1521665971530;-0.80615234;0.9805603;-0.8840332
1521665971543;-1.4349365;1.8154908;-0.6346741
1521665971550;-1.8774109;2.3195806;-0.55088806
1521665971564;-1.839447;2.0029302;-0.622345
1521665971571;-1.7669373;1.0781556;-0.9631195
1521665971584;-1.6280212;-0.41290283;-1.7327881
1521665971590;-1.6252136;-0.2786789;-1.6716003
1521665971612;-2.3173828;1.2104493;-0.6505432
1521665971636;-2.8613892;2.012879;-0.7299042
1521665971656;-2.8312378;1.0867921;-1.3412476
1521665971677;-2.4855957;0.108961105;-1.1669922
1521665971684;-2.251709;-0.17020798;-1.3084717
1521665971691;-2.2734375;0.47058868;-1.3257446
1521665971735;-2.8181152;0.23094559;-1.0625916
1521665971756;-2.9623413;-0.55874634;-1.1601868
1521665971764;-2.9177856;-0.41348267;-1.0788574
1521665971785;-2.519165;0.49291992;-1.4727783
1521665971799;-2.5322876;0.52090454;-1.3390198
1521665971826;-2.6264648;0.7153778;-0.24253845
1521665971835;-2.5639038;-0.72917175;-0.29049683
1521665971844;-2.62323;-0.5402374;-0.6245117
1521665971851;-2.6730347;-0.21084595;-0.8608551
1521665971872;-2.6871338;0.40677643;-1.1703186
1521665971884;-2.7301636;0.3088684;-1.2051697
1521665971891;-2.713684;-0.08853912;-1.2435303
1521665971917;-2.4939575;-0.43641663;-1.0517273
1521665971933;-2.3850708;-0.9193573;-1.34375
1521665971952;-3.0471802;0.2029686;-1.2695618
1521665971972;-2.1252441;0.13270569;-1.077179
1521665971993;-1.7300415;-0.47253418;-0.8860626
1521665972017;-1.7385864;-0.30330658;-1.085022
1521665972032;-1.7321777;0.68930054;-0.6430359
1521665972053;-0.29932404;0.059218407;0.0077400208
1521665972072;-0.59425354;0.5002899;-0.4550476
1521665972092;-0.7622528;1.2937318;-0.3881836
1521665972114;-0.3157959;1.6015016;-0.26409912
1521665972124;0.04521084;1.2378846;0.15858841
1521665972131;0.20121002;0.7774048;0.22344208
1521665972144;0.26473236;0.4935608;0.1837349
1521665972155;0.30151367;0.7991333;0.47053528
1521665972174;-0.41131592;1.2682496;0.05009842
1521665972192;-0.2926178;1.4828187;-0.17815018
1521665972218;-0.6458893;1.5480653;-0.33527374
1521665972224;-0.86442566;1.15683;-0.5422516
1521665972231;-0.5145874;0.7050934;-0.03183365
1521665972252;-1.3297119;1.9073488;-0.32205963
1521665972273;-1.8711548;1.6063234;-0.141819
1521665972293;-2.578064;1.4050294;0.37968445
1521665972318;-2.6971436;1.2695924;-0.5283203
1521665972324;-2.529663;1.36261;-0.59191895
1521665972335;-2.807129;1.6356508;-0.4776764
1521665972352;-2.9193115;2.1647954;0.14291382
1521665972373;-2.940918;1.2477113;0.19670486
1521665972393;-3.0188599;-0.65431213;0.36073303
1521665972418;-2.7940063;1.413086;-0.061094284
1521665972424;-3.1990356;1.7547914;0.17805862
1521665972435;-3.1796875;1.6576539;0.409935
1521665972452;-2.2034302;1.4074403;0.80859375
1521665972473;-2.0269775;0.39011383;1.0003968
1521665972493;-1.5993347;0.3560791;1.6945497
1521665972518;-2.0443115;2.344727;0.66433716
1521665972524;-1.6731262;1.687317;1.0156862
1521665972531;-1.6043091;0.95062256;1.3623964
1521665972544;-1.5844727;0.11723328;1.8121644
1521665972552;-1.2573547;-0.1459198;2.2564702
1521665972564;-1.5525208;0.012073517;2.5680547
1521665972572;-1.6123047;0.64782715;2.1009526
1521665972585;-1.9708557;1.1182557;0.90063477
1521665972592;-1.7401428;1.0393678;-0.7728729
1521665972613;-1.6879883;-1.604065;0.83984375
1521665972636;-1.3581543;-2.1367188;1.2077028
1521665972639;0.3261795;2.7749639;-3.8028564
1521665972657;0.450531;2.9292607;-5.5321045
1521665972675;0.8364105;1.6380311;-5.517212
1521665972685;2.1058354;1.3850404;-5.6228027
1521665972692;2.4777837;1.9899904;-5.050171
1521665972718;2.6755376;1.6242677;-4.6434326
1521665972725;3.4699714;0.10005379;-4.973633
1521665972733;3.9306037;0.18956375;-5.180176
1521665972745;3.9226081;0.64115906;-5.156006
1521665972752;3.7821662;0.2024498;-5.045532
1521665972765;3.6871345;-0.21568298;-5.2631836
1521665972780;3.8677986;-0.86846924;-5.7266846
1521665972800;3.7440193;-1.1191101;-5.605591
1521665972828;3.727967;-2.4330444;-5.111328
1521665972834;4.4940205;-3.1415405;-4.595825
1521665972846;4.2063007;-2.8811035;-4.717285
1521665972852;4.2736835;-2.7210693;-5.1331787
1521665972876;3.66211;-2.5844116;-5.9714355
1521665972885;3.5709236;-2.5898438;-5.900635
1521665972894;3.2894905;-2.0999146;-5.4886475
1521665972926;3.1734626;-2.1151733;-4.6035156
1521665972935;3.6173713;-2.5284424;-4.7335205
1521665972956;3.003968;0.21899414;-5.0686035
1521665972973;2.70221;-0.7093048;-4.4907227
1521665972993;2.969727;-2.1039429;-4.3640137
1521665973016;2.560059;-1.7631531;-4.0426025
1521665973025;1.7596742;-0.9390564;-4.411133
1521665973036;1.6179506;-0.1187439;-4.576538
1521665973053;1.0905763;1.0813905;-4.4765625
1521665973074;1.297516;-0.62042236;-3.3805542
1521665973093;1.2981569;1.0591737;-3.4667969
1521665973116;1.0583802;1.3380128;-3.5376587
1521665973125;0.6945343;2.5549932;-3.4534912
1521665973132;0.5834961;1.5894471;-2.9606323
1521665973145;0.9598694;1.1154786;-2.4562988
1521665973152;0.8943329;1.1844178;-2.4087524
1521665973165;0.8831482;1.7883912;-2.87677
1521665973173;0.50183105;3.189759;-2.1548462
1521665973198;0.6706543;1.919922;-3.0214844
1521665973227;0.62875366;1.1138917;-2.9179077
1521665973236;0.031888008;2.6508794;-2.6464233
1521665973245;-0.1808548;3.8654182;-3.3223267
1521665973253;-0.36198425;4.6368427;-3.8206787
1521665973265;-0.36986542;4.3829365;-3.3499146
1521665973287;-0.647583;-0.75845337;-0.701004
1521665973301;-0.27882385;-0.9110565;-0.8302765
1521665973327;-0.5071869;-0.08350754;-0.62205505
1521665973336;-1.5358276;1.5614625;-0.36980438
1521665973357;-2.3223267;1.2269899;-1.0652161
1521665973378;-1.795044;0.16670609;-1.1226807
1521665973394;-2.2055054;0.543396;-0.009626865
1521665973418;-2.7906494;1.5732118;-0.21564484
1521665973426;-3.1569214;1.9657594;-0.61305237
1521665973436;-3.4692383;1.0899659;-1.2790833
1521665973453;-2.666748;0.22825241;-1.1073914
1521665973468;-2.8545532;0.24537659;-0.8000641
1521665973473;-2.7477417;0.50112915;-0.24914551
1521665973494;-2.553833;-0.20765305;-1.264801
1521665973518;-2.7024536;-0.068035126;-1.0954285
1521665973526;-2.6296997;0.03578186;-1.0583191
1521665973534;-2.7234497;-0.05825138;-0.88749695
1521665973545;-2.7287598;-0.22608185;-1.2756958
1521665973552;-2.7488403;-0.57250977;-1.3742981
1521665973565;-3.0009155;-0.576355;-1.0873413
1521665973573;-3.1653442;-0.11961174;-0.983551
1521665973586;-3.267517;0.21514511;-0.77804565
1521665973593;-3.0463257;0.33291626;-0.80101013
1521665973615;-2.6850586;-0.3596573;-1.0422058
1521665973626;-2.491211;-0.58828735;-0.9631958
1521665973645;-1.858551;-0.66941833;-0.7149353
1521665973666;-1.8323975;-0.4867401;-1.3544922
1521665973687;-2.5194702;-0.40769196;-1.5008545
1521665973693;-2.3833618;-0.43824768;-1.6990356
1521665973716;-1.9628296;-0.34640503;-1.3277893
1521665973719;-1.9828796;-0.31936646;-1.0258179
1521665973737;-1.7870178;-0.22983551;-0.86402893
1521665973754;-1.5486755;-0.026487827;-0.2935257
1521665973765;-1.8112488;0.35208893;-0.047267914
1521665973778;-1.4227905;-0.030826092;-0.6352997
1521665973794;-1.4898987;-0.42189026;-1.4769287
1521665973816;-1.0531311;0.26966858;-1.1106567
1521665973819;-1.4517822;0.52767944;-0.72561646
1521665973835;-1.5128174;-0.089832306;-0.9323425
1521665973846;-1.120697;-0.90512085;-0.328537
1521665973853;-1.0073242;0.50613403;-0.058541298
1521665973866;-0.788208;1.0442811;-0.08345795
1521665973878;-0.5030823;0.93717957;0.026816845
1521665973886;-0.27915192;0.71424866;0.19576645
1521665973893;0.061418533;0.64131165;0.19983292
1521665973917;0.08462906;0.89097595;0.26950836
1521665973919;0.12979507;1.0516969;0.24354935
1521665973935;0.07616997;0.97735596;0.6255188
1521665973954;-0.08335304;0.82084656;0.7170563
1521665973974;-0.31251526;0.8223114;0.5862732
1521665973995;-0.5780182;1.6944886;0.39590454
1521665974017;-0.96195984;1.0228883;0.014684677
1521665974019;-0.8934021;0.5480652;0.12545013
1521665974034;-0.7188873;0.77627563;0.62231445
1521665974055;-1.8364258;1.4314271;0.36924744
1521665974074;-2.6865845;1.0891114;0.31243134
1521665974094;-3.5369873;1.6558229;0.2589798
1521665974118;-2.0081177;1.8937684;0.95277405
1521665974120;-2.0291748;1.3253785;1.2614747
1521665974134;-2.010437;1.6554261;0.6594391
1521665974154;-2.9319458;1.9386598;0.38705444
1521665974176;-2.0424805;2.3453984;1.636902
1521665974194;-2.613037;1.329651;1.7198488
1521665974226;-2.3364868;3.4723518;0.024698734
1521665974233;-3.3116455;3.7709358;0.39887238
1521665974246;-3.5046997;2.377747;0.2515335
1521665974253;-2.5960693;1.0336915;0.0035147667
1521665974271;-2.1878662;-0.5688629;1.4845582
1521665974285;-2.102478;-0.72984314;1.0942079
1521665974291;-1.8667908;-0.7516327;1.1347047
1521665974307;-1.5497437;1.2151185;0.0027194023
1521665974311;-1.4098816;2.7345586;-0.36239624
1521665974326;-1.7207642;2.2220464;0.10455704
1521665974346;-1.159729;-1.304779;0.92303467
1521665974368;-0.29428864;-2.4996948;1.5720826
1521665974382;-0.5858002;-1.1458435;1.4458009
1521665974397;-0.9995117;-0.022622108;1.1103212
1521665974399;-1.166748;0.15500641;0.46791077
1521665974418;-0.86763;-0.6240845;-0.3373947
1521665974420;0.44496918;1.4366456;-4.5340576
1521665974435;1.6078798;1.2503053;-3.2590942
1521665974454;1.6984864;3.3551643;-3.8561401
1521665974475;1.7375795;3.0523689;-6.2001953
1521665974495;1.6236879;1.8102418;-6.2856445
1521665974518;1.8967897;1.1989442;-5.6765137
1521665974520;2.2896733;0.14593124;-5.0932617
1521665974534;3.4451911;-0.95207214;-4.293701
1521665974554;3.8872688;-1.3733826;-5.499756
1521665974567;3.4684455;-1.1468201;-5.062744
1521665974573;2.910462;-1.772644;-4.3046875
1521665974587;3.0806892;-2.5854492;-4.1297607
1521665974593;4.2523212;-1.9904175;-5.2232666
1521665974616;4.5062275;-2.6669922;-6.4677734
1521665974638;3.9856575;-3.6274414;-6.5927734
1521665974656;3.5450447;-3.6588135;-5.3570557
1521665974659;3.7427986;-4.057129;-3.7804565
1521665974678;3.890992;-4.6904297;-2.5534058
1521665974687;4.0770283;-5.1673584;-4.10376
1521665974694;4.06592;-4.6101074;-4.8586426
1521665974717;3.7795417;-3.8566284;-4.986328
1521665974727;3.2618415;-2.0939941;-4.7266846
1521665974734;2.825684;-1.6032104;-4.441162
1521665974748;2.8207402;-1.8503723;-4.308838
1521665974754;3.0499275;-2.2896729;-4.201294
1521665974767;3.418946;-2.9801636;-4.6827393
1521665974782;3.8020027;-2.930603;-4.718506
1521665974798;3.3021247;-2.1027832;-4.5980225
1521665974800;2.368897;-1.0049744;-4.2456055
1521665974838;2.931519;-2.8301392;-3.644287
1521665974847;3.3190315;-2.444336;-3.803894
1521665974854;3.3378303;-1.6578674;-3.255127
1521665974868;2.882935;-0.7863312;-3.3289185
1521665974877;2.472962;-0.4505539;-3.7684937
1521665974887;2.3955083;-0.55145264;-3.7335815
1521665974894;2.4027104;-0.10811806;-3.5705566
1521665974921;2.3328252;-0.63700867;-2.684021
1521665974934;2.5628057;-1.0358582;-2.385437
1521665974955;2.3521733;0.16770172;-1.639679
1521665974976;1.998047;-0.3111267;-2.142212
1521665974995;1.6155092;-0.13568115;-2.418335
1521665975021;1.2027894;0.16849136;-2.0236816
1521665975035;0.98350525;-0.218647;-2.0796509
1521665975055;0.8122101;-0.6130066;-1.6216431
1521665975076;1.0167238;-0.71513367;-1.2350769
1521665975095;1.0521241;0.50686646;-0.7629852
1521665975121;0.567276;0.25019836;-0.89933777
1521665975134;0.4441681;-0.41331482;-1.1130371
1521665975155;0.18016052;-0.16107559;-0.57476807
1521665975176;0.4745407;0.5792999;-0.2234726
1521665975195;0.085020065;-0.23109818;-0.8751526
1521665975221;-0.5569916;-0.2818222;-0.14434433
1521665975234;-0.47577667;-0.14748001;-0.6997528
1521665975255;-0.41015625;0.8487549;-0.29654694
1521665975276;-0.63923645;-0.22572708;-0.27911377
1521665975296;-0.7819824;-0.39395142;0.9606476
1521665975321;-1.2223816;-0.9565277;1.1834413
1521665975335;-0.9702606;-0.14647293;1.4263002
1521665975347;-0.94259644;-0.107442856;1.0768129
1521665975354;-1.0813293;-0.33615112;0.8143463
1521665975368;-1.0947571;-0.3042221;0.80825806
1521665975374;-1.1506348;-0.0048065186;1.3890687
1521665975387;-1.7003784;4.4785175;-2.9833374
1521665975394;-1.8982239;3.9959724;-3.185791
1521665975417;-1.6151733;3.233216;-3.281311
1521665975428;-1.4461365;3.4490974;-3.2095947
1521665975434;-1.5075073;3.2836921;-3.43396
1521665975447;-1.8440857;2.9751592;-2.6148071
1521665975454;-1.8475952;3.3020637;-2.451477
1521665975474;-2.1242065;3.44159;-2.2783813
1521665975479;-2.2514038;3.203431;-2.2832031
1521665975495;-2.0449219;2.6968389;-2.5178223
1521665975500;-1.9225769;2.1025395;-2.6582031
1521665975522;-1.7062073;1.2809755;-2.0930176
1521665975530;-1.5492249;0.9835663;-1.6227112
1521665975547;-1.7951355;0.623703;-1.3504639
1521665975555;-1.9377747;0.68447876;-1.2327576
1521665975560;-1.8969421;0.7971649;-1.1956177
1521665975585;-2.1091309;0.4836502;-1.5540161
1521665975597;-2.0134277;0.20294571;-2.0479736
1521665975601;-1.9872437;-0.29682922;-2.0841064
1521665975628;-1.8267212;-0.07447243;-1.2561646
1521665975631;-2.0142212;0.6177063;-0.83477783
1521665975642;-2.2705078;0.22395706;-0.8804474
1521665975660;-2.192871;-0.3316269;-1.0923462
1521665975688;-2.5926514;-0.06411171;-0.94641113
1521665975695;-2.4904175;-0.16328812;-1.0760803
1521665975718;-2.5204468;-0.49803162;-0.74502563
1521665975720;-2.444641;-0.57725525;-0.7145691
1521665975737;-2.7437134;-0.65382385;-0.70977783
1521665975740;-2.7590942;-0.70085144;-1.0658569
1521665975768;-2.578064;-0.532074;-1.0312195
1521665975776;-2.7035522;-0.33198547;-0.79185486
1521665975798;-2.5883179;-0.15995789;-0.85572815
1521665975800;-2.9492188;0.28800964;-0.8805542
1521665975828;-2.9839478;0.20423126;-0.9338684
1521665975838;-2.4718018;-1.1453552;-1.17276
1521665975856;-2.453125;-1.198822;-0.3359146
1521665975877;-2.2129517;-1.3884888;-0.956131
1521665975888;-2.7093506;-0.545578;-1.0183105
1521665975895;-2.6239014;-0.61724854;-1.2394104
1521665975922;-1.2791443;-1.3508911;-1.1904602
1521665975935;-2.2487793;-0.85202026;-1.2207642
1521665975956;-2.119812;-1.1923523;-0.85653687
1521665975977;-1.7453003;-1.1209106;-0.8000183
1521665975997;-2.1016846;-0.8154297;-1.315918
1521665976018;-1.8320923;-0.52485657;-1.1519775
1521665976021;-1.8612671;-0.4032364;-0.9031677
1521665976035;-1.3623657;-0.25897217;-0.6788788
1521665976056;-1.2523804;-0.53193665;-0.7334595
1521665976077;-0.9810791;-0.95606995;-0.6261902
1521665976096;-0.9331207;-1.1726379;-0.7617645
1521665976122;-0.8298187;-0.97624207;-1.0135498
1521665976137;-0.7450714;-0.13668442;-1.0273743
1521665976156;-0.4878235;-0.5511017;-1.023468
1521665976178;-0.4667511;-0.9113922;-0.73005676
1521665976197;-0.42980957;-1.0950317;-0.465477
1521665976222;-0.24827957;0.18138123;-0.18765259
1521665976236;-0.10626602;0.41555023;-0.31248474
1521665976256;-0.034641266;0.6938629;-0.13757706
1521665976278;-0.46404266;0.70103455;-0.1552124
1521665976297;-0.26272583;0.8125305;0.13451385
1521665976322;-0.34281158;0.42375946;-0.023999691
1521665976336;0.10870361;0.143219;0.25769043
1521665976348;-0.22244263;-0.45427704;-0.24663544
1521665976355;-0.25318146;-0.29249573;-0.42294312
1521665976368;-0.378685;0.45176697;-0.17144012
1521665976375;-0.54597473;1.1388246;0.032057762
1521665976395;-0.6396332;0.9896698;0.39212036
1521665976418;-0.45583344;0.12298584;0.1552391
1521665976428;-0.3045349;-0.07675552;0.68614197
1521665976435;-0.503891;0.80036926;1.0872499
1521665976455;-1.6853943;0.7994385;-0.27490997
1521665976468;-1.2192078;1.0601808;-0.28549194
1521665976476;-1.4014893;1.9542238;-0.27905273
1521665976495;-1.6664124;2.6427617;0.7338867
1521665976522;-1.6332397;1.1313173;1.1891786
1521665976531;-1.5774841;0.6355133;1.3341676
1521665976544;-3.1845703;1.7297059;0.7030792
1521665976558;-1.703186;1.6459047;0.9015045
1521665976560;-2.5784302;2.3299565;0.2758789
1521665976575;-2.5879517;3.2368782;1.499817
1521665976595;-2.3461304;1.1778566;2.26648
1521665976622;-2.0006714;0.8245392;2.2876592
1521665976630;-1.947937;0.988678;1.8605348
1521665976644;-2.0772705;2.0366216;0.4372406
1521665976657;-1.9814758;3.8305671;0.19716644
1521665976660;-3.0804443;3.9070442;0.92970276
1521665976681;-2.2851562;1.4952394;1.4791261
1521665976702;-1.7963867;-0.025791645;1.5820009
1521665976723;-0.89208984;0.9728699;0.6696472
1521665976729;-1.2031555;2.2171025;1.018982
1521665976744;-1.5847168;1.4462281;1.3253785
1521665976758;-0.91474915;-0.44831085;0.41992188
1521665976769;-0.8787689;-1.3101501;0.78933716
1521665976780;-0.92359924;-1.9055176;0.8254547
1521665976797;-0.3234787;0.39434814;-0.29206848
1521665976823;-0.78686523;-0.52557373;-0.024659634
1521665976837;1.084076;0.41762543;-4.284668
1521665976856;2.8884892;-0.3300476;-4.2958984
1521665976870;2.8972173;1.2084657;-4.602173
1521665976879;2.7158818;1.974579;-5.2677
1521665976896;2.9772954;0.61546326;-5.6677246
1521665976918;2.7686772;0.26496887;-5.640625
1521665976920;2.6896977;0.08597946;-5.4692383
1521665976942;3.8468025;-1.1045532;-6.36084
1521665976961;3.9169319;-1.3570862;-6.2906494
1521665976983;3.448304;-2.1435547;-5.309326
1521665976996;3.6946418;-3.1791382;-4.7210693
1521665977017;3.955201;-3.69104;-5.7874756
1521665977020;3.7116096;-3.7854004;-6.05249
1521665977037;3.528138;-3.086792;-5.449463
1521665977057;3.6195686;-3.1679077;-4.3581543
1521665977078;3.4857795;-3.7629395;-4.4520264
1521665977097;3.6518562;-3.852356;-5.4193115
1521665977123;3.2056282;-2.409546;-4.472046
1521665977129;3.1088264;-1.2955933;-4.444214
1521665977140;2.9257207;-0.7998657;-4.8448486
1521665977157;3.0917366;-1.7237244;-4.5806885
1521665977178;3.335755;-1.8505554;-4.3780518
1521665977196;3.06659;-2.0621948;-3.7373047
1521665977218;2.9145513;-1.7235107;-3.4369507
1521665977237;2.8947148;-1.2335205;-3.2053833
1521665977257;2.4850469;-1.1306152;-3.7264404
1521665977278;1.9672548;0.40776825;-2.9750366
1521665977296;2.3275762;-0.39591217;-1.6819763
1521665977317;2.313416;0.27599335;-0.9659271
1521665977319;2.2489629;0.66638184;-1.4544983
1521665977337;2.2288823;0.47362518;-1.947113
1521665977357;1.5847169;0.6638794;-2.043335
1521665977377;1.6688539;0.45252228;-0.8285217
1521665977402;1.583954;0.08336258;-1.1051636
1521665977438;0.90567017;1.1431886;-2.2271729
1521665977440;0.33728027;1.7032167;-1.914917
1521665977462;0.04582119;0.46204376;-1.7351074
1521665977478;0.12547302;-0.9501953;-0.7938843
1521665977498;-0.07213974;0.47824097;-1.7879028
1521665977522;-0.862381;1.1667482;-1.0860596
1521665977531;-0.7915497;0.91270447;-0.8340149
1521665977540;-0.6562805;0.07734871;-0.27397156
1521665977557;-0.2748108;-1.4024658;0.86328125
1521665977578;-0.73031616;0.58818054;0.432724
1521665977597;-0.9462738;0.7451019;1.0096742
1521665977616;-0.75572205;0.15962219;1.56839
1521665977619;-0.9364319;4.160158;-2.8603516
1521665977638;-1.1288757;2.9432988;-2.481079
1521665977657;-1.0386963;2.5466924;-2.224121
1521665977678;-1.4581604;1.7823793;-2.836975
1521665977698;-1.6173096;2.0805058;-2.517212
1521665977737;-1.3842468;1.2220155;-0.94847107
1521665977739;-1.321991;1.7355348;-0.7580719
1521665977763;-1.4962769;1.5262758;-1.3977356
1521665977770;-1.3524475;0.8793793;-1.1048584
1521665977785;-1.3095093;0.58865356;-1.190094
1521665977804;-1.5822754;-0.34790802;-0.86849976
1521665977823;-1.9260254;0.4943161;-0.9325714
1521665977830;-1.915741;1.0156862;-0.7845764
1521665977841;-1.8818359;1.6384584;-0.9435272
1521665977858;-1.8625488;0.6631012;-1.2308044
1521665977870;-1.6298523;0.3265381;-0.9182129
1521665977881;-1.8002319;-0.022342205;-0.9190521
1521665977897;-1.9651794;-0.19491577;-0.48212433
1521665977924;-2.182312;0.43434143;-1.1592712
1521665977930;-2.2156372;1.2564698;-1.5673828
1521665977941;-2.2606812;0.54393005;-1.4290771
1521665977958;-1.9124146;-0.6329193;-1.0727539
1521665977977;-1.8774414;-0.9970398;-0.75479126
1521665977979;-1.8857117;-1.2290039;-0.72454834
1521665977998;-2.1505127;-1.0240173;-0.8889313
1521665978024;-2.3792725;-0.06990433;-1.5186462
1521665978030;-2.1990356;0.10054207;-1.3149719
1521665978041;-2.0509644;0.47948456;-1.3177185
1521665978058;-1.9346008;0.20481491;-1.0672302
1521665978077;-1.8448486;-0.404068;-0.7633667
1521665978079;-1.7163391;-1.0404663;-0.608078
1521665978096;-1.6280823;-1.2851257;-0.44846344
1521665978099;-1.557373;-1.2270508;-0.79637146
1521665978124;-1.8520508;-0.13552094;-1.0817566
1521665978130;-2.1522827;0.0037183762;-1.1584167
1521665978141;-2.1777344;-0.14951706;-1.1314697
1521665978157;-2.4776611;-0.82551575;-1.1018982
1521665978178;-2.0822144;-1.1469116;-1.0707703
1521665978197;-1.8330994;-0.8915863;-0.66145325
1521665978217;-1.5602112;-0.6009064;-0.8148346
1521665978219;-1.5776672;-0.4527893;-1.0832825
1521665978230;-1.7244873;-0.731369;-0.64634705
1521665978244;-1.5378113;-0.85658264;-0.737442
1521665978262;-1.8854675;-0.44361877;-0.6855316
1521665978283;-1.2183838;-0.5676422;-0.78401184
1521665978305;-1.0720825;-0.6446686;-0.5782013
1521665978323;-1.0098267;-0.63031006;-0.18590164
1521665978330;-1.1055298;-0.6614227;-0.12847137
1521665978351;-1.0005493;-0.7398224;0.011670113
1521665978360;-0.84376526;-0.7498474;-0.28131104
1521665978376;-1.0249023;-0.9530792;-0.7117462
1521665978379;-0.70632935;-0.840683;-0.9213104
1521665978397;-1.0835266;-0.13327026;-1.0497742
1521665978400;-1.1778564;-0.35341644;-0.9601593
1521665978423;-0.8303528;-0.69892883;-0.43967438
1521665978437;-0.7754364;-1.0440674;-0.47621918
1521665978439;-0.64149475;-1.1512756;-0.56622314
1521665978457;-0.62638855;-0.9853668;-0.6060028
1521665978459;-0.59054565;-0.5829773;-0.57647705
1521665978478;-0.6421356;-0.47655487;-1.0746765
1521665978496;-0.49667358;-0.42240143;-0.7715759
1521665978499;-0.61790466;-0.22141647;-0.5354767
1521665978525;-0.6919098;-0.42852783;-0.6715088
1521665978531;-0.60014343;-0.6037903;-0.71546936
1521665978541;-0.40626526;-0.5509491;-0.35141754
1521665978558;-0.42710876;-0.2624817;-0.46910095
1521665978570;-0.49717712;0.16508865;-0.25302887
1521665978580;-0.56069946;0.30255127;-0.15491104
1521665978597;-0.41714478;-0.53445435;0.10263443
1521665978617;-0.2893448;-1.2188416;0.18484116
1521665978620;-0.45182037;-1.1316528;-0.13939285
1521665978641;-0.51846313;-0.30704498;-0.54533386
1521665978665;-0.7052307;-0.061255455;-1.372467
1521665978684;-0.62242126;0.21290207;-1.4769897
1521665978698;-0.640213;-1.0801086;-0.9016571
1521665978738;-0.013868332;-1.5973511;-0.8289337
1521665978740;-0.07368851;-1.1903076;-0.40608978
1521665978758;-0.49448395;-0.60691833;-0.6967621
1521665978771;-0.47127533;-0.6581421;-0.79234314
1521665978783;-0.28125;-0.6978302;-0.7811127
1521665978797;-0.19459915;-0.8784332;-0.44557953
1521665978800;-0.13013458;-0.9914093;-0.5306549
1521665978824;-0.23910141;-0.29509735;-0.89701843
1521665978838;-0.6418457;0.1023407;-1.1765747
1521665978858;-0.26268005;-0.25373077;-0.7427063
1521665978878;-0.30174255;-1.3735046;-0.6552582
1521665978893;-0.1201992;-1.3032227;-0.6905365
1521665978902;0.05417347;-0.9536743;-0.52563477
1521665978953;0.1251564;-0.508255;-0.48725128
1521665978966;-0.25865936;-0.68573;-0.9654846
1521665978978;-0.38043976;-0.6250763;-1.1197815
1521665978983;-0.3852234;-0.19916534;-1.1628723
1521665978993;-0.33113098;0.153965;-1.1814575
