1521665433838;-4.230591;-15.645996;2.3677373
1521665433853;0.11574364;0.024823189;0.7975769
1521665433873;0.5742645;0.23532486;-0.2691803
1521665433893;-0.050178528;0.7421112;-0.27796936
1521665433906;-0.20002365;0.8544922;-0.16976547
1521665433916;-0.1867714;0.69628906;-0.091609955
1521665433929;0.06986618;0.14964294;0.12648392
1521665433937;0.038492203;0.0653038;0.3221817
1521665433949;-0.0653038;0.1926384;0.20485306
1521665433956;-0.06474304;0.44413757;-0.20529556
1521665433970;-0.18442535;0.7165375;-0.8287506
1521665433979;-0.32386017;0.6482239;-1.0528564
1521665434002;0.09467125;-0.42035675;-1.0288391
1521665434010;0.43631744;-1.1209106;-0.68447876
1521665434019;0.7954254;-1.2706604;-0.48885345
1521665434040;0.26773834;0.006286621;-0.036273956
1521665434055;-0.17339706;0.34313202;0.32148743
1521665434060;-0.12568665;-0.38762665;0.31500244
1521665434070;0.26624298;-0.7707062;-0.20833588
1521665434079;0.4102478;-1.1410828;-0.9914551
1521665434100;0.47293854;-1.4511414;-1.2176208
1521665434111;0.027187824;-1.1340942;-0.80496216
1521665434118;-0.16392136;-1.1517639;-0.49695587
1521665434130;-0.38923645;-1.2577515;-0.6356964
1521665434137;-0.6685791;-1.6145935;-1.2426758
1521665434150;-0.6185303;-1.6345215;-2.3650513
1521665434157;-0.4710312;-1.5481567;-2.2196045
1521665434170;-0.39170074;-1.5297852;-1.9772644
1521665434177;-0.37018585;-1.2997742;-2.3825684
1521665434200;-0.37078094;-2.0080566;-1.2270813
1521665434212;-0.08551216;-2.274414;-1.1315308
1521665434217;-0.16351318;-1.881958;-1.2289124
1521665434230;-0.37132263;-1.2655334;-1.2786865
1521665434237;-0.3859253;-0.70129395;-1.1679688
1521665434250;-0.52145386;-0.2949524;-1.3129883
1521665434257;-0.19395828;-0.7434845;-1.3702393
1521665434270;0.5460968;-1.3456421;-2.244629
1521665434277;0.72250366;-1.5051575;-2.4405518
1521665434301;0.40608215;-0.7609558;-1.905365
1521665434322;0.89434814;-2.7573242;2.7932744
1521665434335;1.1129457;-3.0718994;2.9995122
1521665434340;1.184784;-3.126831;2.8590093
1521665434355;1.7864686;-3.57135;2.1818242
1521665434361;2.1351323;-3.6967163;2.0818486
1521665434375;2.5990605;-3.5029297;2.9828496
1521665434392;2.198853;-2.963745;3.9437263
1521665434396;2.0624394;-2.317688;4.434206
1521665434410;1.679474;-1.522644;4.557497
1521665434416;1.7513429;-1.333435;5.3024926
1521665434430;2.5725713;-2.336975;5.393679
1521665434436;3.6871345;-3.6655273;3.9820564
1521665434458;3.8309333;-2.777893;3.0844734
1521665434470;3.0534675;-0.4729538;2.5852056
1521665434477;2.4082646;1.6016847;2.7615361
1521665434501;2.321961;2.3635259;4.7531757
1521665434511;3.4163215;0.8203125;5.603152
1521665434517;4.255373;-2.1208496;5.4115014
1521665434530;4.5582294;-3.8712769;4.012453
1521665434537;3.6714485;-2.4577026;2.3363652
1521665434550;2.5556035;0.13855362;1.6151124
1521665434558;1.4125367;2.4675298;2.3836064
1521665434570;0.69403076;3.7130134;2.8576665
1521665434577;0.6550751;3.9474494;3.0703132
1521665434601;2.4893804;1.4762269;4.1262226
1521665434611;3.9282234;-2.4214478;3.55774
1521665434617;2.6378179;-1.0809326;2.3590093
1521665434630;1.4293824;0.9208832;2.754395
1521665434637;0.15856934;2.7685552;3.4732063
1521665434650;0.02487278;3.3936775;3.7135627
1521665434658;0.4428711;3.3196418;3.304322
1521665434670;1.7609254;1.5581666;3.6200569
1521665434677;3.34607;-0.7686615;3.25586
1521665434695;3.488404;-2.5778198;2.7142339
1521665434698;2.667664;-0.8406677;1.565735
1521665434723;0.55296326;2.7852178;3.512757
1521665434732;0.27074432;3.6876228;3.8000495
1521665434738;1.0859987;3.554444;3.4943855
1521665434752;2.7377934;1.8910524;2.2981572
1521665434759;5.1044946;-1.3688965;2.6897588
1521665434771;4.92737;-0.68411255;3.0149543
1521665434779;2.802796;1.5265809;1.9665223
1521665434801;0.8300781;3.5513313;4.0756855
1521665434813;1.3063356;3.5949714;4.7531757
1521665434818;2.6123662;3.4393318;3.9027107
1521665434832;6.0496855;-0.29132843;4.0648212
1521665434838;4.7509785;1.0665284;4.1552753
1521665434852;2.7954717;3.2329109;3.446656
1521665434858;1.7362062;3.9646614;3.4373176
1521665434872;1.3291932;4.304323;3.8641365
1521665434878;1.6735231;4.2493916;4.1534443
1521665434902;2.926148;4.119875;3.9469001
1521665434911;3.563172;2.870789;4.7806416
1521665434920;3.3787239;2.3592534;5.160647
1521665434940;1.6208802;3.2022102;3.474488
1521665434953;0.93292236;3.720887;3.4139411
1521665434959;0.730484;4.19153;3.252259
1521665434973;1.0612184;4.7373066;3.1087654
1521665434979;1.5892946;4.7459736;2.5158086
1521665434999;2.4147344;4.8728046;3.4791877
1521665435010;2.0394292;4.8896503;3.712342
1521665435017;1.9004213;4.692873;3.7224128
1521665435030;1.6842042;4.428835;3.5359504
1521665435038;1.9605104;4.306032;3.2098396
1521665435051;2.83252;4.171633;3.9446418
1521665435059;2.8002324;4.4748554;3.9671028
1521665435072;2.5232549;4.5858173;4.276125
1521665435079;2.2800908;4.5413837;4.8322773
1521665435104;1.6433717;3.889405;4.9332294
1521665435114;2.9548345;3.3532722;4.2178974
1521665435121;3.2687385;3.5407722;4.079714
1521665435134;2.3649907;4.1904316;4.4770527
1521665435141;1.8437501;4.3051777;4.3083515
1521665435161;0.87976074;3.2601936;3.8457038
1521665435174;0.57470703;2.5603032;3.814698
1521665435180;0.27267456;2.358643;3.6379402
1521665435204;0.33802032;2.3456426;3.1026008
1521665435213;0.6736603;2.056458;3.0746467
1521665435219;0.96377563;1.6859742;3.37732
1521665435233;0.7529602;1.5099488;3.5017707
1521665435239;0.28092194;1.3698426;3.2388313
1521665435255;0.07647705;1.1965944;3.477906
1521665435259;-0.1733551;1.2420961;3.5025032
1521665435274;-0.28637695;1.6136171;3.3314826
1521665435281;-0.26446533;1.7642518;3.2769783
1521665435312;-0.050227165;0.39678955;3.1148078
1521665435325;-0.21968079;0.09852409;3.1838386
1521665435343;-1.0785217;0.8656616;3.7376716
1521665435361;-1.0874023;0.59628296;2.973267
1521665435369;0.3434143;-1.1624451;2.764954
1521665435377;1.2311403;-2.319275;2.3677983
1521665435390;1.3942262;-2.201355;1.925934
1521665435396;0.05666256;-1.4236755;1.1602174
1521665435412;-0.8269348;0.053966522;1.4194337
1521665435420;-1.4873047;1.409485;2.5106816
1521665435433;-1.615387;2.160584;3.1426399
1521665435439;-1.0907898;1.0392762;3.389405
1521665435453;0.4041214;-1.6398621;3.1837776
1521665435460;1.0700685;-3.588501;2.0628667
1521665435472;0.68836975;-4.6711426;0.7172699
1521665435480;-0.21338654;-4.15979;0.31217194
1521665435502;-2.416809;-0.54959106;2.9032598
1521665435513;-2.6240234;0.6224823;3.283387
1521665435520;-1.7263184;-1.0760193;2.9516606
1521665435533;-0.9036255;-3.5006714;1.6190187
1521665435540;-0.6857605;-5.255127;-0.0605402
1521665435554;-1.2994385;-5.4920654;-1.4129028
1521665435561;-2.5482178;-4.439087;-1.4875793
1521665435573;-3.3174438;-2.4771729;-0.31765747
1521665435580;-4.128784;-0.66111755;0.6062927
1521665435604;-3.0637207;-0.38957214;2.2365727
1521665435621;-1.5464783;-3.6054077;2.1093755
1521665435635;-1.45401;-3.9562988;0.77583313
1521665435640;-2.2055664;-3.8312378;0.04366207
1521665435653;-2.696106;-3.0563354;0.8677521
1521665435660;-3.1304932;-1.632721;1.7225953
1521665435673;-3.7176514;-0.05538082;2.3051763
1521665435680;-3.800415;0.9530029;2.4164433
1521665435705;-1.9089661;-1.3400879;2.7859502
1521665435721;0.038985252;-6.015747;0.5752106
1521665435733;-1.5285339;-2.6256714;-1.6143188
1521665435739;-2.5286865;-0.3955841;0.99383545
1521665435753;-3.2739258;1.6686097;2.5900273
1521665435761;-3.7681274;2.8405156;2.681397
1521665435771;-3.3927002;2.042542;1.9326478
1521665435779;-1.4474792;-1.9040222;3.0761116
1521665435803;0.8677826;-8.487305;-2.9941406
1521665435814;0.5459137;-6.4345703;-4.710205
1521665435820;-0.8356476;-2.868164;-2.106018
1521665435845;-2.404663;1.4395143;3.0328376
1521665435860;-2.8529053;1.9786683;2.2235723
1521665435873;-2.7263184;0.98349;2.1643682
1521665435879;-2.2745972;-0.7772827;1.6521302
1521665435905;-0.6658783;-4.555176;-0.51257324
1521665435915;-0.06553841;-5.7995605;-0.11440277
1521665435920;-0.6589813;-4.187866;-0.57310486
1521665435935;-1.2783813;-1.2902222;-0.43562317
1521665435940;-1.9684753;1.298462;0.78131104
1521665435961;-2.6365967;3.5378425;1.5089113
1521665435981;-0.80410767;-2.375;-0.9440155
1521665436005;0.12163925;-5.2929688;-2.5996094
1521665436015;-0.71421814;-1.7844543;-2.8011475
1521665436020;-1.4190369;0.92152405;-0.2801895
1521665436035;-1.90625;2.530274;2.1975713
1521665436039;-2.116272;3.4957893;2.7268682
1521665436052;-2.1254272;3.6257331;1.9440309
1521665436061;-1.9596558;2.4224858;1.0770875
1521665436074;-0.8317261;-0.61979675;-0.238163
1521665436080;0.40344238;-4.743164;-1.0088806
1521665436103;-0.636734;-3.3771973;-3.2723389
1521665436120;-2.0858154;1.6860963;0.55078125
1521665436134;-2.411438;2.8651738;1.7626954
1521665436139;-2.4594116;3.3569953;1.8482362
1521665436152;-2.3726807;2.8841558;1.031891
1521665436160;-2.7927856;-3.7738037;4.503542
1521665436173;-1.9447021;-6.513672;3.3764045
1521665436180;-1.116333;-9.164551;2.3282475
1521665436204;-2.6437378;-5.2478027;2.9364018
1521665436214;-3.0998535;-3.888855;5.030398
1521665436221;-3.4556274;-3.0671997;6.1976347
1521665436234;-3.5077515;-2.8024902;6.210696
1521665436242;-3.3150024;-3.2591553;5.650393
1521665436255;-3.0531616;-4.051758;4.7511005
1521665436261;-2.4591064;-5.5220947;3.7423103
1521665436274;-1.9932556;-6.525635;3.1962898
1521665436281;-2.2578735;-6.408203;3.1589363
1521665436305;-2.908142;-4.501709;4.296633
1521665436314;-3.0031128;-3.437561;5.117312
1521665436322;-3.3069458;-2.9780884;5.6126733
1521665436339;-3.1279297;-3.3796387;5.702517
1521665436362;-3.0446167;-3.5805054;3.1660163
1521665436381;-3.128357;-3.9367065;2.754456
1521665436401;-3.0075684;-3.2461548;3.71753
1521665436412;-3.1367798;-2.5354614;4.1123066
1521665436420;-3.3943481;-1.5171204;4.6606464
1521665436434;-3.526001;-1.4501343;4.215578
1521665436440;-3.2625122;-1.6394043;3.6467292
1521665436454;-2.7843628;-2.5357666;3.0950325
1521665436460;-2.055542;-3.5031128;1.6523744
1521665436474;-1.6638184;-3.338501;0.6930542
1521665436480;-2.1688232;-2.6384277;1.3677369
1521665436505;-2.8549805;-0.50227356;3.5297859
1521665436515;-3.137207;0.28578186;3.8034675
1521665436523;-3.2601318;0.26740265;3.3081062
1521665436541;-2.277893;-1.6164551;2.4631963
1521665436554;-1.5628052;-2.81427;1.201111
1521665436560;-1.0281677;-3.526184;0.89323425
1521665436574;-0.9506073;-3.5388184;0.9099121
1521665436582;-1.3034363;-2.6664429;0.95822144
1521665436603;-2.0655518;-0.09226608;1.7994081
1521665436614;-2.4718018;0.69625854;2.0745244
1521665436621;-2.815796;0.63031006;2.5161138
1521665436635;-1.5768127;-2.454712;1.8857423
1521665436641;-0.45400238;-4.052368;0.74902344
1521665436655;-0.069826126;-4.1418457;-0.18473816
1521665436661;-0.42917633;-3.2457275;-0.28860474
1521665436681;-2.0567627;-0.42110443;1.3280336
1521665436705;-2.494751;-0.47868347;1.9038697
1521665436714;-1.7941895;-1.9501648;1.7339174
1521665436722;-0.98228455;-3.336609;1.3022157
1521665436734;-0.23259735;-4.229004;0.4121704
1521665436741;-0.20557022;-4.3497314;0.041129112
1521665436761;-1.7419434;-2.0681763;-0.64212036
1521665436774;-2.3226318;-1.6574097;-0.7945404
1521665436781;-2.7385254;-1.8603821;-0.45859528
1521665436823;-2.5231323;-3.7944336;0.50735474
1521665436833;-1.8068237;-4.1071777;0.76142883
1521665436840;-1.4950562;-4.23291;0.44774628
1521665436859;-0.98695374;-3.8532715;-1.8882446
1521665436872;-1.7289124;-3.3208618;-0.33192444
1521665436880;-1.7858887;-2.5444946;0.33677673
1521665436903;-1.6684265;-1.8653259;1.4643556
1521665436914;-0.9098053;-2.4093628;1.3783876
1521665436921;-0.6261444;-2.7579956;0.80189514
1521665436934;0.14073944;-2.8609009;-1.2539368
1521665436941;0.6012573;-2.9522705;-2.727234
1521665436962;-0.5034027;-1.1142883;-1.7677002
1521665436982;-1.4318542;1.210724;0.26432037
1521665437005;-1.0090027;0.5953827;1.4024965
1521665437015;0.17264938;-0.7384491;1.3287355
1521665437022;1.7786256;-5.2160645;3.793824
1521665437035;1.8737794;-4.3289795;0.35411835
1521665437042;1.524994;-2.7766113;0.23637009
1521665437062;-0.16221237;-0.97254944;3.5462043
1521665437074;-0.7288208;-0.5197296;4.467409
1521665437082;-1.1922607;-0.7303314;5.384768
1521665437103;1.8410646;-4.817627;5.50989
1521665437115;2.174317;-4.147339;2.2573247
1521665437122;1.3850099;-1.9089661;0.29244232
1521665437135;1.1407167;-0.47763062;0.8302765
1521665437142;0.861496;0.18809128;2.88971
1521665437155;0.5687561;0.36823273;4.6959248
1521665437161;0.85505676;0.1163826;5.806277
1521665437174;1.2949525;-1.4294128;6.9146757
1521665437181;1.5801393;-3.1715698;7.2279086
1521665437203;1.2018434;-0.59072876;3.882325
1521665437214;0.60131836;1.7618715;2.7208867
1521665437221;0.63082886;2.6915898;2.3052983
1521665437234;1.137726;2.879212;2.0793462
1521665437241;1.9436647;2.0621953;2.2923589
1521665437255;3.830445;-1.0566101;2.8298955
1521665437261;5.16968;-3.6768188;3.7579963
1521665437283;2.8699346;-0.68717957;2.513001
1521665437302;1.1387635;2.29596;2.967957
1521665437307;0.46401215;3.5258796;4.5615253
1521665437328;0.45978546;3.9594734;5.0417504
1521665437341;3.0067146;2.059998;1.7472535
1521665437346;5.5561547;-1.7442627;1.0576783
1521665437360;2.2315068;2.0474858;2.5482183
1521665437373;0.8548279;3.726319;4.114748
1521665437380;0.40283966;4.3426533;5.243777
1521665437402;1.1546632;3.858033;5.1600366
1521665437407;3.2387702;2.525269;4.2722187
1521665437424;5.1001;0.6874237;1.5732423
1521665437435;4.0388203;1.3395387;1.8434144
1521665437442;2.6099858;2.4655766;3.4739387
1521665437462;0.63960266;3.7154548;4.2021503
1521665437472;1.4759218;3.389588;3.9714973
1521665437482;2.8090825;3.06482;4.2161884
1521665437503;3.5864265;3.038819;4.581911
1521665437507;3.715638;3.5150154;4.8691425
1521665437523;2.2825933;3.1311653;4.267336
1521665437535;1.715912;2.8054814;3.9177253
1521665437542;1.4697877;2.6566167;3.512696
1521665437555;2.165955;2.5856328;4.385378
1521665437563;2.138123;3.2889411;4.6881123
1521665437582;2.0318608;4.1488056;4.349123
1521665437603;2.3538823;4.512209;4.6142597
1521665437614;2.4021611;4.1781025;4.1431904
1521665437622;2.6401372;3.7372444;4.230715
1521665437633;2.2741704;3.5816047;4.434206
1521665437640;1.6395265;3.462342;4.2476826
1521665437654;1.3241884;3.8118293;4.337038
1521665437660;1.2824098;4.20154;4.6344013
1521665437673;1.5360414;4.71863;4.6453876
1521665437680;2.0104985;4.904543;4.6956806
1521665437702;0.7492218;4.810549;4.757448
1521665437707;2.4959722;3.9993293;4.8842793
1521665437723;2.5415654;3.544068;4.933962
1521665437735;1.925049;3.7478034;5.1982446
1521665437742;1.3038026;3.8568122;4.5856953
1521665437755;1.3717347;3.5411994;4.1661396
1521665437762;1.2857057;3.3919685;4.087038
1521665437775;0.98620605;3.1105964;3.9915779
1521665437782;0.90727234;2.816773;3.8436897
1521665437815;0.8731537;2.537293;3.8433235
1521665437820;0.76364136;2.3454595;3.7258918
1521665437832;0.68226624;1.9802247;3.4045417
1521665437844;0.72869873;2.3010259;3.5808723
1521665437862;0.48308563;2.1045537;4.198122
1521665437875;0.15679169;1.9031678;4.4521503
1521665437882;-0.058763504;1.6884767;4.24695
1521665437904;0.35982513;0.75276184;4.1870136
1521665437914;0.27648926;0.6368408;3.9438484
1521665437920;0.011175156;1.0179139;3.2604377
1521665437944;-0.58525085;1.533722;3.5720832
1521665437963;-0.9704132;1.2595216;3.6278694
1521665437974;-0.85095215;0.3893814;3.5885017
1521665437980;-0.3263092;-0.9058075;3.5123909
1521665438002;-0.1084156;-1.2539673;3.1043708
1521665438014;-0.88253784;-0.3547821;2.6337895
1521665438021;-1.3551941;0.40550232;3.1746833
1521665438044;-1.1919556;0.24253464;4.369753
1521665438061;-0.788208;-2.2106934;2.4295049
1521665438074;-0.36265564;-2.9850464;1.4525453
1521665438081;-0.012719631;-3.864685;1.7316285
1521665438102;-0.7017517;-3.043274;1.453827
1521665438106;-1.3956604;-1.401825;1.444275
1521665438121;-2.0167847;-0.6686249;2.96637
1521665438134;-1.6130066;-1.4992676;2.96283
1521665438143;-1.1968384;-3.027954;3.3206184
1521665438155;-1.6835632;-3.7132568;2.7118535
1521665438162;-1.9853821;-4.658203;1.6223451
1521665438175;-2.3467407;-4.3186035;0.580719
1521665438182;-2.9466553;-3.7770996;-0.5305176
1521665438203;-3.006958;-2.8502808;0.06255531
1521665438215;-3.6972656;-1.8417053;0.9169159
1521665438222;-4.1636963;-1.0458069;1.3269655
1521665438235;-4.585205;-1.3934326;2.5489507
1521665438242;-3.619629;-4.019409;3.4226081
1521665438255;-3.359253;-6.3914795;1.1941224
1521665438262;-3.6607056;-6.944336;-3.033142
1521665438275;-3.550232;-6.137085;-4.0512695
1521665438282;-3.927124;-4.4987793;-1.6808167
1521665438305;-5.6584473;-0.027796268;2.8281865
1521665438315;-6.470215;0.4323578;3.9434822
1521665438322;-6.218872;-1.4633179;4.7351093
1521665438335;-4.744629;-3.8914795;4.251711
1521665438342;-3.0881348;-5.5128174;0.56347656
1521665438355;-2.2591553;-5.8651123;-2.6867065
1521665438362;-2.027771;-4.851074;-3.2601318
1521665438375;-2.6135254;-2.8532715;-1.341095
1521665438382;-3.7870483;-0.87724304;0.12527847
1521665438401;-5.584961;0.47527313;1.1926881
1521665438414;-5.5448;-1.4305725;2.0126348
1521665438422;-4.336548;-3.8319092;2.1493535
1521665438435;-2.864441;-4.26416;-0.6083069
1521665438443;-1.8904419;-3.1229858;-1.8538208
1521665438454;-2.421753;0.11332893;0.16753006
1521665438460;-2.460022;1.0485536;1.1350709
1521665438483;-2.1448364;0.31542206;1.3836366
1521665438503;-1.8583984;-8.077148;5.3419213
1521665438508;-1.6430359;-8.61792;4.1766376
1521665438524;-1.9299011;-6.918091;3.0411994
1521665438543;-2.2633057;-5.3016357;4.630495
1521665438563;-0.5844574;-7.119385;5.2141137
1521665438583;-0.42972565;-6.567383;3.823304
1521665438604;-1.70578;-3.9372559;5.151736
1521665438623;-2.7241821;-3.199463;5.145266
1521665438641;-1.2000427;-5.9902344;3.0846565
1521665438654;0.1893692;-8.292725;3.4580085
1521665438661;0.19880676;-8.447266;2.9699712
1521665438675;-0.72132874;-6.1101074;2.3591313
1521665438682;-2.6547241;-2.9191284;5.654177
1521665438702;-3.1382446;-2.0646973;5.9549584
1521665438714;-2.7924194;-3.3181152;3.7390754
1521665438722;-2.0421753;-5.20105;2.504273
1521665438734;-1.6461487;-6.5549316;1.935608
1521665438742;-1.9040222;-6.291748;1.7473451
1521665438761;-3.5617676;-3.2371216;3.7701423
1521665438774;-4.072876;-2.2046509;4.64258
1521665438782;-4.272949;-1.5074463;4.7509785
1521665438805;-3.5846558;-2.1879272;2.7556157
1521665438815;-2.7713623;-3.40802;0.3909912
1521665438823;-2.8302002;-4.202759;-0.41164398
1521665438843;-3.9192505;-3.8596802;1.3898622
1521665438863;-4.3311768;-1.6139526;3.3448493
1521665438884;-3.7265625;-1.0407715;3.6572273
1521665438903;-2.902771;-1.178772;2.443543
1521665438909;-2.852539;-1.463501;1.7831422
1521665438922;-2.7564087;-1.8625488;0.8357239
1521665438927;-2.3112793;-2.0233765;1.3169252
1521665438943;-1.9905396;-1.836792;1.6486512
1521665438948;-1.7354736;-1.3603821;1.7000123
1521665438962;-1.5932007;-0.8019867;1.7219545
1521665438967;-1.7410278;-0.57115173;1.9641725
1521665438982;-1.8937683;-0.65667725;2.0367436
1521665438986;-1.6523132;-1.1227417;1.774872
1521665439005;-1.0753479;-2.0471191;1.4580995
1521665439010;-0.49752045;-2.9420776;0.8349304
1521665439024;-0.5767212;-2.9985962;0.08927345
1521665439044;-1.598999;-2.4264526;1.1845704
1521665439064;-2.232727;-2.49292;1.670868
1521665439084;-1.3648682;-3.430664;0.8656006
1521665439103;-1.5116882;-3.4035034;-0.1578064
1521665439108;-1.851471;-3.5853271;-0.50476074
1521665439123;-1.9388428;-3.3322144;-0.6747894
1521665439135;-1.2947083;-3.4890137;0.03094244
1521665439141;-0.8845215;-3.8531494;0.33035278
1521665439155;-0.8523102;-3.7268066;0.12150955
1521665439162;-0.9965515;-3.3580322;-0.4252243
1521665439174;-1.179657;-3.0040283;-0.2962494
1521665439181;-1.5283203;-2.2514648;-0.12692642
1521665439203;-1.247406;-1.4444275;-1.4013367
1521665439208;-1.0440063;-1.0376587;-1.4156799
1521665439224;-0.582016;-1.9598083;-0.701416
1521665439243;-0.40727234;-1.4015808;-0.024490833
1521665439265;-0.845459;0.5203247;-0.044625282
1521665439284;0.08814621;-0.069532394;-1.2796936
1521665439303;0.8360596;-5.6032715;2.315308
1521665439315;0.4754181;-4.7037354;2.4149785
1521665439322;-0.24256897;-3.4871216;3.7838752
1521665439342;-0.5163574;-2.4431152;5.3420434
1521665439362;1.6468202;-3.1223755;4.4504414
1521665439375;1.9560853;-2.9003296;3.3120735
1521665439382;1.547577;-1.7203369;2.0399175
1521665439405;0.85832214;-0.4105301;4.2926044
1521665439422;0.6738434;0.3265381;4.449953
1521665439443;1.9384462;-1.0831604;4.102419
1521665439463;2.2521367;-0.19997787;3.538697
1521665439475;1.7406312;0.9173279;2.7046514
1521665439483;1.5365602;1.797516;2.7901006
1521665439504;2.1957402;1.4427797;4.2424335
1521665439515;2.5422978;0.8734436;4.806032
1521665439522;2.5100713;0.7576904;4.207033
1521665439535;2.523377;0.784256;3.7229621
1521665439543;2.5936894;1.0524904;4.277834
1521665439563;1.742798;2.3704839;3.8835456
1521665439575;1.8674318;2.4216924;3.509278
1521665439582;2.2616582;2.1840215;2.6644292
1521665439602;2.9929814;1.3973695;2.883057
1521665439607;3.6246955;0.91641235;3.2587287
1521665439624;2.6508183;2.2130742;3.5863044
1521665439644;1.8722535;3.163758;3.953797
1521665439665;3.1275032;2.0499272;3.0703743
1521665439685;3.357972;0.94132996;0.83784485
1521665439702;2.8351445;1.5339662;1.1422731
1521665439707;2.263245;2.507874;3.0086677
1521665439724;1.5117189;3.5131843;4.395876
1521665439745;3.1625373;2.1320806;3.3347785
1521665439763;3.7258918;1.7838441;2.351563
1521665439775;2.5232549;2.7672734;2.5611577
1521665439782;1.6832582;3.519654;3.231263
1521665439804;1.1906129;3.6381843;3.8296516
1521665439808;1.6811525;3.7290657;4.3775654
1521665439825;2.9881597;2.4673467;3.6849983
1521665439844;2.0282598;2.641663;3.3879402
1521665439865;1.1017152;3.292237;3.4490364
1521665439884;1.4445497;4.039797;3.9215705
1521665439905;2.6561894;3.892945;3.8471687
1521665439924;2.0905766;3.372132;3.337159
1521665439950;1.4240113;3.2775276;3.1969001
1521665439963;1.1493531;3.2873542;3.3500373
1521665439968;1.3451234;3.3361824;3.6890876
1521665439985;1.8937379;3.819825;3.9475105
1521665439990;1.9777223;3.7134407;3.917298
1521665440005;1.568451;3.5150764;3.9078987
1521665440015;0.9121399;2.7628179;3.3938606
1521665440022;0.9612427;2.3518682;3.2275398
1521665440042;1.0555421;2.6422734;3.2691658
1521665440055;0.8236847;3.0862434;3.2702034
1521665440063;0.53170776;3.309388;3.2183845
1521665440085;0.81607056;2.584168;3.2308967
1521665440104;1.582184;0.73654175;2.8197026
1521665440123;0.40834808;1.8202821;3.2363288
1521665440143;-0.34368134;2.6787114;3.951844
1521665440163;-0.11402702;1.4956056;3.4322517
1521665440183;0.70129395;-0.7732544;1.7216493
1521665440204;1.0707093;-1.0269165;2.1773686
1521665440208;0.5203705;-0.37127686;2.2659307
1521665440225;-0.45163727;1.6242982;2.382874
1521665440243;-0.37711334;1.5253297;3.4855354
1521665440265;-0.34645844;-1.7809448;0.25341034
1521665440284;-1.2131042;-1.5621643;-0.4317398
1521665440305;-1.1515503;-0.6746521;0.58584595
1521665440309;-1.589447;-0.13148117;1.4400636
1521665440324;-1.9060974;0.3304596;2.238587
1521665440343;0.13226318;-3.0371094;2.6228642
1521665440363;-0.87609863;-2.9006958;-1.1531067
1521665440384;-2.3358154;0.19691086;1.6612245
1521665440403;-2.6350708;1.3783265;3.07013
1521665440409;-2.996399;2.0817876;3.5080574
1521665440425;-0.9757843;-2.1242676;3.6521614
1521665440445;-1.0284424;-3.9199219;-1.2601929
1521665440463;-2.5238647;-1.4687805;-1.1968079
1521665440483;-3.170105;-0.08893013;2.3087773
1521665440505;-2.0045166;-3.9155273;1.0907899
1521665440516;-2.1294556;-4.0336914;-0.3601532
1521665440527;-2.887146;-3.1916504;-0.6770172
1521665440545;-3.9230957;-1.0450134;-0.050224304
1521665440565;-4.0894775;-1.2882385;0.98994446
1521665440585;-3.8915405;-2.7459106;0.5716858
1521665440614;-3.8060303;-2.4813232;0.026445866
1521665440625;-3.9387207;-0.96281433;-0.443573
1521665440639;-3.7786865;-0.45761108;-0.8870697
1521665440646;-3.5493164;-0.413826;-0.668869
1521665440659;-3.2210083;-0.6812897;-0.7234497
1521665440667;-3.0056152;-0.6151428;-0.11268616
1521665440679;-3.1964722;-0.19641113;0.054445267
1521665440686;-2.9874268;-0.10027504;-0.04922104
1521665440704;-1.6583252;-0.725708;0.5700226
1521665440723;-1.8194275;0.65605164;-1.5622253
1521665440727;-1.8714294;0.9518738;-1.0154419
1521665440745;-2.2072144;0.9707794;-0.37252045
1521665440749;-2.0629883;0.48744965;-0.5124512
1521665440763;-1.8934631;-6.5596924;4.4625263
1521665440767;-1.5331726;-7.305664;4.5184345
1521665440784;-1.8415222;-5.3934326;3.7686775
1521665440805;-2.378357;-3.9951172;4.2287617
1521665440824;-2.241516;-4.6029053;3.3500984
1521665440845;-1.6075745;-6.7209473;3.913819
1521665440865;-2.7125244;-4.8427734;3.873963
1521665440879;-3.053772;-3.7015991;4.1901875
1521665440886;-3.2441406;-2.7804565;4.5186787
1521665440908;-3.275879;-2.1815186;2.55658
1521665440924;-2.2286987;-4.62854;0.9205475
1521665440944;-2.887085;-3.668335;2.1802373
1521665440964;-3.3425293;-1.3681335;3.367005
1521665440984;-3.4922485;-0.16104507;3.0111701
1521665441011;-2.4813843;-2.486023;0.33644104
1521665441020;-2.2183838;-3.9507446;-0.10235977
1521665441027;-2.1090698;-4.5563965;-0.041038513
1521665441040;-2.1482544;-4.192505;0.8483124
1521665441047;-2.7733154;-2.6185303;2.01471
1521665441060;-3.182495;-1.1613464;2.7469487
1521665441067;-3.3875122;-0.09571648;3.0289924
1521665441080;-3.4909668;0.20022964;2.7922368
1521665441087;-3.1031494;-0.56770325;1.943451
1521665441105;-2.1551514;-2.2376099;0.5240631
1521665441110;-1.4612427;-3.946106;-0.7895813
1521665441124;-1.8270874;-3.4714966;-1.0999756
1521665441145;-3.2435913;-0.8634949;1.6428834
1521665441162;-3.5198975;-1.1928711;2.6751103
1521665441166;-3.4475708;-1.1220093;2.592896
1521665441185;-0.92248535;-3.2583618;-2.0130615
1521665441205;-0.96221924;-3.5654907;-2.43927
1521665441208;-1.6561279;-3.5511475;-1.338562
1521665441225;-2.4380493;-2.9747314;1.7444154
1521665441245;-2.1560059;-1.9992065;2.2529912
1521665441265;-1.805481;-1.57547;0.33206177
1521665441285;-1.3526001;-2.5978394;-2.3743896
1521665441305;-1.0333252;-3.6557617;-2.9760132
1521665441309;-1.1098938;-3.8950806;-2.171997
1521665441325;-1.4036255;-2.7226562;0.88768005
1521665441345;-1.423584;-1.0069885;1.6661073
1521665441365;-0.84695435;-0.8929291;-0.03863716
1521665441385;-0.0979805;-2.3133545;-2.5773926
1521665441405;-0.13050842;-1.5383301;-0.62350464
1521665441424;-0.97024536;0.6269531;0.9178772
1521665441442;-0.7432556;0.664505;1.1433717
1521665441447;-0.29159546;0.5681915;-0.20824814
1521665441463;0.3864746;-0.44783783;-1.6324463
1521665441468;1.0451967;-1.0260925;-2.902954
1521665441484;0.98316956;-4.380127;1.9603883
1521665441505;0.12538528;-2.8493042;4.265505
1521665441524;0.2620926;-2.4070435;5.209353
1521665441543;1.2024537;-3.1464233;4.04883
1521665441547;1.7739869;-3.220642;3.0590827
1521665441563;2.0276494;-3.1224976;2.3316655
1521665441568;1.5130616;-2.1467285;1.4239198
1521665441582;1.3359987;-1.3164062;1.8666078
1521665441587;0.69259644;0.14125061;2.4664311
1521665441605;0.75502014;0.19089508;4.5655537
1521665441618;0.94718933;0.1546669;4.909914
1521665441627;1.6669618;-0.5967102;4.177614
1521665441640;2.0830083;-0.92248535;3.2379768
1521665441647;2.0036016;-0.59265137;2.3746953
1521665441660;1.5322267;0.42916107;2.0497441
1521665441667;1.4202272;1.093567;2.5663457
1521665441680;1.1171571;1.4385072;3.509156
1521665441686;1.1884462;1.3202211;4.048586
1521665441711;1.9739686;0.09089279;4.4227314
1521665441722;1.7579347;0.36221313;3.531739
1521665441726;1.5462953;0.45570374;2.6549077
1521665441739;1.5763551;0.843277;2.7592168
1521665441746;1.1680299;1.1173097;3.14795
1521665441759;1.0321962;1.432129;3.4550788
1521665441766;1.1739503;1.8053285;3.3033454
1521665441785;1.8228456;1.4965211;2.750794
1521665441803;2.612;0.49199677;2.6203008
1521665441808;2.9709477;0.5422363;2.8212895
1521665441820;2.1647954;1.6574403;2.6296391
1521665441827;1.2794801;2.7153935;2.8016973
1521665441840;1.4004518;3.330384;3.636109
1521665441847;2.0499883;3.0537727;3.7964485
1521665441862;2.5601811;2.532349;3.1701057
1521665441866;3.66034;1.7313844;3.071656
1521665441879;4.0892353;1.2372743;2.7846684
1521665441888;3.36493;2.2880864;2.8772588
1521665441902;2.2164922;3.6749885;3.2073982
1521665441907;1.5919801;4.512453;3.7050788
1521665441920;1.7298585;4.6020527;4.2039814
1521665441927;2.5706792;4.1452656;4.436159
1521665441940;3.6942756;3.1104743;4.498293
1521665441947;4.3308125;2.3871465;4.2368183
1521665441962;3.7029426;3.3516243;3.3864753
1521665441966;2.488831;4.416628;2.7584233
1521665441979;1.7276307;4.9871845;3.444886
1521665441986;1.4054261;5.327395;4.1344013
1521665442015;2.3908086;5.0072045;4.03467
1521665442023;2.938538;3.969178;3.9177864
1521665442029;3.2615364;3.2130744;3.7502449
1521665442043;2.5052495;3.1087654;3.717469
1521665442049;1.3815004;3.4436042;3.5894783
1521665442062;0.83839417;3.712281;3.5424201
1521665442067;1.0938112;3.8396614;4.1192646
1521665442080;2.2813725;3.8643806;4.1037617
1521665442087;2.5449834;3.7701423;3.9905403
1521665442112;1.7821962;3.3154914;3.5915534
1521665442120;1.0986329;3.4107673;3.6904914
1521665442127;1.0609437;3.450318;3.8707283
1521665442142;1.2730409;3.5362556;3.6408699
1521665442148;1.5878602;3.4337165;3.5905159
1521665442162;1.7106019;3.088929;3.5530403
1521665442166;1.663788;2.7277837;3.4192512
1521665442179;1.6183168;2.3712163;3.5364997
1521665442186;1.4142152;2.2904668;3.630616
1521665442205;1.1807557;2.3720098;3.4895637
1521665442211;1.0276185;2.702271;3.4703987
1521665442219;0.94636536;2.8347783;3.3916633
1521665442227;0.79429626;2.6004643;3.1540534
1521665442240;0.7607422;2.601441;3.0946662
1521665442247;0.8858032;2.2583013;3.1112678
1521665442261;0.8423767;1.8731996;3.3019416
1521665442266;0.8402405;1.8418275;3.3326423
1521665442280;0.5942383;1.8350221;3.134339
1521665442287;0.5723114;1.7288514;3.1299446
1521665442315;0.017199516;1.0103456;2.6697392
1521665442320;-0.13310623;0.6080017;2.7175298
1521665442327;-0.31197357;0.65470886;2.6063237
1521665442340;-0.12297058;0.3530655;2.596375
1521665442348;0.08855629;0.06966019;2.736878
1521665442361;-0.084280014;0.3453598;2.7756963
1521665442367;-0.3150711;0.60731506;2.5386357
1521665442379;-0.59558105;0.40126038;2.3938603
1521665442386;-0.82302856;0.42069244;2.0954595
1521665442404;-0.5096588;-0.3351822;1.7660524
1521665442409;0.36610413;-1.811554;2.026856
1521665442421;1.3234864;-2.5076294;2.3493657
1521665442427;0.7371979;-1.8832397;1.5593873
1521665442440;-0.2713318;-0.7497101;0.63687134
1521665442448;-1.0321045;0.2023964;0.92033386
1521665442463;-1.4744568;0.8014679;2.080811
1521665442468;-1.489685;0.93377686;2.8089604
1521665442480;-1.2802734;0.1581955;2.3982549
1521665442488;-0.030470848;-2.8190918;0.41662598
1521665442510;1.0271302;-5.4468994;-0.74279785
1521665442525;-2.9731445;0.6917877;1.8456117
1521665442539;-3.114624;1.4557496;3.182618
1521665442546;-3.0212402;1.6522828;3.248597
1521665442560;-2.3815308;0.7446747;2.7757573
1521665442566;-1.3899231;-1.236145;1.8169862
1521665442579;0.22382736;-4.4246826;0.5942688
1521665442586;1.0019227;-6.0289307;0.56596375
1521665442605;0.31462097;-4.5617676;-0.76493835
1521665442612;-1.0660095;-2.8724976;-0.44430542
1521665442620;-2.550354;-0.40489197;0.8672333
1521665442628;-3.3895264;1.4131166;2.2644658
1521665442640;-3.6522217;2.3525395;3.0192878
1521665442647;-3.8849487;2.8733525;3.210511
1521665442661;-3.4334106;1.4539796;2.7987065
1521665442667;-1.5461426;-2.1749878;2.5330815
1521665442679;-0.5804138;-5.2540283;1.7344362
1521665442686;-1.1697693;-5.2922363;-0.61413574
1521665442704;-2.0699463;-3.4674072;-1.479126
1521665442707;-2.9577026;-1.5411682;0.48059082
1521665442720;-3.8676758;0.56489563;2.4317632
1521665442727;-4.42688;2.040894;2.8209233
1521665442740;-4.217285;2.033936;2.2599492
1521665442747;-2.8050537;0.22254944;2.4440923
1521665442760;-0.108285904;-6.1973877;-0.8503113
1521665442768;-0.50579834;-5.7738037;-3.7514648
1521665442780;-1.4989319;-2.9821167;-2.9555054
1521665442787;-2.7077026;-0.5029144;0.032273293
1521665442804;-3.6950684;1.5426637;2.1215825
1521665442810;-4.357788;2.8371587;2.60492
1521665442819;-4.0634766;2.3614507;2.6685796
1521665442827;-2.6713867;-0.5524597;4.345583
1521665442840;-0.86465454;-4.177124;2.448853
1521665442848;-0.09708786;-6.8498535;-1.5812988
1521665442861;-0.05336666;-5.4313965;-4.5126953
1521665442869;-0.49274445;-2.5557861;-3.2111206
1521665442880;-1.6624146;-0.20364761;-0.101392746
1521665442888;-2.71698;1.8006288;1.8098451
1521665442905;-3.3358765;3.3601081;2.3704228
1521665442910;-3.9101562;3.5204475;2.5833745
1521665442919;-3.6275024;1.8076173;2.7800298
1521665442926;-1.9411011;-1.8990173;2.485352
1521665442939;0.07813072;-6.0064697;1.0419618
1521665442946;0.9095459;-6.869507;-2.8762207
1521665442960;0.13092422;-3.9225464;-5.1279297
1521665442967;-0.7899475;-1.0492554;-3.4382324
1521665442985;-3.579895;3.557984;1.8334047
1521665443004;-4.1118164;3.1681526;1.4086
1521665443008;-3.9802246;0.8734436;1.3750917
1521665443025;-2.0194702;-9.636475;3.514344
1521665443045;-2.149475;-7.5858154;1.1228639
1521665443065;-3.4334717;-5.4331055;4.007326
1521665443085;-5.0269775;-4.5456543;5.429568
1521665443105;-4.8292236;-5.146118;5.1961694
1521665443110;-4.300415;-6.333008;5.055056
1521665443125;-3.1853638;-5.968628;3.255616
1521665443139;-3.628601;-4.8725586;3.0904548
1521665443146;-3.9710083;-4.4468994;2.941712
1521665443163;-3.9994507;-4.82251;2.6491704
1521665443168;-3.99469;-5.973877;3.502198
1521665443184;-3.590393;-6.751587;3.2838142
1521665443188;-3.317505;-6.3536377;3.1781013
1521665443212;-3.9214478;-3.1305542;4.6116962
1521665443221;-4.0357666;-2.6399536;4.458498
1521665443229;-3.6849976;-3.0128784;3.686402
1521665443241;-3.1140747;-3.7839966;2.6807256
1521665443248;-2.7236328;-4.435425;1.9475404
1521665443262;-2.6307373;-4.5999756;1.9893495
1521665443268;-2.8063354;-3.918396;2.5299687
1521665443279;-2.8295898;-2.9926758;2.9598393
1521665443286;-2.8648071;-2.6733398;3.6823127
1521665443302;-2.5393677;-2.6725464;3.6416633
1521665443308;-2.2402344;-3.3353271;3.1032722
1521665443321;-2.0414429;-3.9505615;2.4946904
1521665443329;-1.9752808;-4.29895;1.7197572
1521665443342;-2.2879028;-3.7697754;1.3621522
1521665443348;-2.7561035;-2.7802124;1.2034608
1521665443362;-2.916687;-2.4041138;1.282776
1521665443366;-2.816162;-2.7141113;1.4839479
1521665443383;-2.4075317;-3.539917;1.0495607
1521665443388;-2.2434692;-4.296631;0.80322266
1521665443405;-2.1640015;-4.8233643;0.6901245
1521665443408;-2.4989624;-5.029175;1.7142335
1521665443420;-3.059082;-4.5351562;2.0672002
1521665443428;-3.2797852;-3.6992188;1.6733705
1521665443440;-2.263916;-3.7854614;0.072956085
1521665443446;-1.7669373;-4.227051;-0.5236511
1521665443459;-1.3262329;-4.564453;-0.9588928
1521665443466;-1.2931213;-4.7541504;-0.7197571
1521665443479;-1.5400085;-5.112549;0.46929932
1521665443487;-1.5682678;-5.051758;1.1315004
1521665443505;-1.8388672;-3.859558;1.3786927
1521665443510;-2.1953735;-2.5339355;1.5246278
1521665443522;-2.2596436;-1.4468079;1.5644838
1521665443529;-1.9703674;-1.0609436;0.91178894
1521665443543;-1.1959229;-1.500824;-0.4391327
1521665443548;-0.18533707;-2.6600342;-1.7744141
1521665443561;0.6138458;-3.5595093;-2.248352
1521665443568;0.68951416;-2.909851;-2.546936
1521665443580;0.13557816;-1.1348877;-2.6608887
1521665443587;-0.59020996;-4.4643555;3.2978523
1521665443609;-0.80589294;-3.6091309;5.176394
1521665443620;-0.332016;-3.08667;4.632448
1521665443628;0.24876404;-2.8676147;3.2193
1521665443640;1.0778505;-2.8846436;1.8362733
1521665443647;1.1504213;-2.2160645;1.4472352
1521665443659;0.5834656;-1.3666992;2.3665166
1521665443667;0.50593567;-1.1445923;3.2362068
1521665443681;0.4087677;-0.86253357;3.6665657
1521665443687;0.5402069;-0.8601837;4.06299
1521665443710;0.9944;-0.6027832;4.49341
1521665443734;1.3197633;-0.030022144;2.8748174
1521665443747;1.2378236;0.5795746;1.2046205
1521665443760;1.2018129;0.56840515;1.8460084
1521665443767;1.2788697;0.33550262;2.933167
1521665443780;1.3539735;0.048340797;3.819825
1521665443787;1.5964051;-0.06726456;4.3277607
1521665443814;1.5566407;0.5456543;4.314089
1521665443822;1.4806215;1.2335511;3.6837165
1521665443826;1.6578065;1.8029176;2.6508183
1521665443841;1.9580079;1.4649049;2.3418584
1521665443846;2.6246343;0.8539429;2.4585576
1521665443859;2.804566;0.5678711;2.9873052
1521665443867;2.0238652;1.1608278;2.4144292
1521665443880;2.034058;1.3118287;2.558106
1521665443888;1.7650453;2.1712651;4.248781
1521665443914;2.0974736;2.2760625;3.1500862
1521665443924;2.5765996;1.240326;2.1076665
1521665443929;3.0833137;0.98828125;1.8025209
1521665443952;1.4052125;2.8939824;2.7357183
1521665443972;0.6805725;3.7355964;4.399294
1521665443991;1.8143312;3.1539314;4.3295918
1521665444012;3.0215461;0.9874878;3.1014411
1521665444021;2.2601933;1.6608583;2.1981206
1521665444028;1.4757997;2.3440557;2.1026006
1521665444042;0.6536865;3.047547;3.0357673
1521665444048;0.33035278;3.7822273;3.84076
1521665444061;0.79341125;3.9561164;4.0581074
1521665444068;1.7581788;3.5198982;4.0413837
1521665444080;2.3126225;3.2711189;3.3074958
1521665444088;2.919495;2.705872;3.1000984
1521665444110;2.1441045;3.123902;3.4511116
1521665444121;1.3937074;4.2183857;3.5537727
1521665444128;1.6387941;4.6379414;3.482972
1521665444141;2.2018437;4.533205;2.9844975
1521665444148;2.815125;3.569886;2.8349004
1521665444160;2.9693608;3.3090827;2.9448857
1521665444168;2.3258061;3.44336;2.7679448
1521665444181;1.865265;3.3833015;2.8956914
1521665444188;1.33667;3.3697517;3.458985
1521665444209;1.5720521;3.4348152;3.7647712
1521665444223;1.8052675;3.2061164;3.7321174
1521665444229;1.9903566;2.7397466;3.4374397
1521665444244;1.7890321;2.6044927;3.3745124
1521665444249;1.2839967;2.6472173;3.4237068
1521665444260;0.8501892;2.5988774;3.3728034
1521665444268;0.78982544;2.5792851;3.484681
1521665444279;0.82333374;2.6098638;3.37555
1521665444287;0.8511658;2.5228887;3.221131
1521665444308;0.70602417;2.2050786;2.9166265
1521665444325;0.6297302;2.0197148;2.7326665
1521665444330;0.52485657;1.8919679;2.6618657
1521665444345;0.6508026;1.664795;3.0027473
1521665444350;0.6954956;1.4784547;2.7097173
1521665444365;0.9202423;1.2341005;2.8281255
1521665444369;0.7849121;1.5801393;2.8333745
1521665444379;0.6127014;1.7616273;2.5142217
1521665444386;0.49243927;1.8889467;2.4890141
1521665444402;0.46585083;1.9804384;2.7550054
1521665444406;0.32228088;1.8057557;2.9201055
1521665444419;0.12974548;1.7387391;2.8437505
1521665444428;0.04806137;1.4973756;2.7365117
1521665444444;0.043671608;1.1203309;2.879517
1521665444450;-0.018404007;1.1547853;2.641541
1521665444463;0.073488235;0.8475647;2.473206
1521665444467;0.24820709;0.65509033;2.629395
1521665444480;0.040644646;1.05011;2.771851
1521665444487;-0.21458817;1.2742616;2.7323003
1521665444512;-0.9797821;1.025757;2.8265386
1521665444523;-0.9333496;0.6006317;2.7337651
1521665444528;-0.60961914;-0.032777786;2.6868901
1521665444544;-0.13851166;-0.8876953;2.1903691
1521665444548;0.37141418;-1.3198853;1.6759645
1521665444564;-0.22580719;0.06826019;1.9533998
1521665444568;-0.9530945;0.8467102;1.9617921
1521665444582;-1.2331848;1.2850343;2.0436406
1521665444588;-1.1483765;0.9055786;2.20929
1521665444609;0.07431221;-1.6791077;1.7305909
1521665444621;0.17069244;-2.28479;0.6664276
1521665444628;-0.0025568008;-2.3225708;0.41122437
1521665444641;-0.5919647;-1.5319824;1.5394288
1521665444648;-1.3285828;-0.11987114;2.209412
1521665444665;-1.9547119;0.8149109;2.2740483
1521665444667;-1.9591675;1.0350648;2.268189
1521665444680;-1.4969788;-0.14635086;2.535584
1521665444687;-0.4288864;-2.046997;3.0983894
1521665444714;-1.4933472;-2.7495117;0.49538422
1521665444725;-1.6063538;-2.4421997;0.44010162
1521665444729;-2.1594849;-1.4407043;1.5791627
1521665444744;-2.892395;-0.07823753;1.8997194
1521665444749;-2.605835;0.39206696;2.1285405
1521665444764;-2.0864868;0.3130417;2.4876103
1521665444770;-1.7185059;-0.51872253;2.01825
1521665444782;-1.1705017;-1.9258728;1.0571901
1521665444789;-2.0037231;-2.2697754;0.20408249
1521665444812;-2.331482;-2.2381592;1.1678773
1521665444822;-2.607605;-1.5315857;0.94958496
1521665444828;-2.465454;-1.727478;1.2405702
1521665444842;-2.3347778;-2.0440063;1.373047
1521665444848;-2.6591187;-1.2701111;0.8769226
1521665444862;-2.9031982;-0.6839142;0.8123474
1521665444869;-2.736084;-1.1773682;1.5819703
1521665444882;-2.4934692;-1.486908;2.2655644
1521665444888;-2.0722046;-2.503601;1.8957216
1521665444912;-2.3607178;-2.8536987;-0.6079254
1521665444924;-2.793518;-2.371338;-0.11843109
1521665444930;-3.591919;-1.3197327;0.48394775
1521665444945;-4.2564697;-0.11681175;0.6376648
1521665444950;-4.408081;0.2076912;0.6042938
1521665444965;-3.9431763;-1.2177124;1.617035
1521665444970;-2.7719116;-3.3583374;1.5517579
1521665444985;-2.0836182;-4.2470703;-0.6765137
1521665444990;-2.345642;-3.4993896;-2.5023193
1521665445009;-3.6646729;-1.8192749;-0.8444214
1521665445021;-5.513794;-0.15922928;-0.11850929
1521665445028;-5.720459;-0.4515152;-0.19733429
1521665445041;-4.830078;-1.5226746;-0.5352173
1521665445048;-3.4863281;-3.062317;-0.23730087
1521665445062;-2.621704;-3.0723267;-1.0314026
1521665445068;-2.6446533;-1.638794;-1.547699
1521665445081;-3.9798584;-6.43396;3.1661384
1521665445088;-4.4140625;-5.6081543;3.507386
1521665445109;-4.9904785;-5.358032;2.2309575
1521665445122;-4.8201904;-6.422119;1.8583986
1521665445128;-4.382202;-7.5028076;1.9418641
1521665445141;-4.067993;-7.6502686;2.377686
1521665445148;-3.9070435;-7.086548;2.7400517
1521665445171;-4.3634033;-4.777832;3.9909065
1521665445183;-4.454956;-4.1121826;4.392336
1521665445190;-4.386841;-3.692871;4.552614
1521665445212;-3.753296;-4.0820312;4.106081
1521665445222;-3.0483398;-5.0272217;3.4628303
1521665445229;-2.2798462;-5.6810303;3.3923957
1521665445242;-2.2023926;-4.712158;3.2900398
1521665445249;-2.7721558;-3.338562;3.8001716
1521665445263;-3.09552;-2.2000732;4.2059345
1521665445269;-3.1621704;-1.4391174;4.245119
1521665445280;-2.9644775;-1.4107361;4.414797
1521665445289;-2.1680298;-2.441101;3.9463508
1521665445309;-0.6057129;-5.0723877;2.6966558
1521665445322;-0.49223328;-4.994751;2.023499
1521665445328;-1.3424683;-3.9823608;2.985169
1521665445341;-2.192749;-2.6109009;4.1261005
1521665445348;-2.7683105;-1.500946;4.5183125
1521665445361;-3.0786133;-0.64352417;4.5932636
1521665445368;-2.8571167;-0.9017029;4.0969257
1521665445380;-2.040039;-1.8676147;2.9788213
1521665445389;-1.4837036;-2.8048096;1.9479066
1521665445409;-2.0308228;-3.157959;1.67511
1521665445421;-2.43927;-2.538025;2.0448003
1521665445429;-2.612854;-1.6381531;2.4813237
1521665445441;-2.923706;-1.2192688;3.1860359
1521665445448;-2.6956787;-1.5030518;3.5410163
1521665445462;-1.5371399;-2.4481812;1.6660463
1521665445468;-1.451355;-2.677246;0.8657074
1521665445482;-1.6018982;-2.6605835;0.732666
1521665445488;-2.0270996;-2.0342407;0.9984894
1521665445509;-2.44812;-1.2430115;2.0614018
1521665445522;-2.2772827;-1.5456238;2.191712
1521665445528;-1.6364441;-2.4033813;2.1385503
1521665445542;-1.0184021;-3.5060425;1.5655214
1521665445548;-0.8872833;-3.7805176;0.78048706
1521665445563;-1.2651367;-3.5770874;0.30323792
1521665445569;-1.9494934;-3.343872;0.36936188
1521665445580;-2.0822754;-3.4108887;-0.05663395
1521665445589;-2.1950073;-3.5621948;-0.27848053
1521665445613;-2.5862427;-3.9752197;-0.09088898
1521665445623;-3.020752;-3.6711426;1.0228273
1521665445630;-3.0360718;-3.7839355;1.2447816
1521665445653;-1.881012;-3.9989624;0.50823975
1521665445664;-1.6896973;-4.1972656;-0.47924805
1521665445670;-1.5989685;-4.477417;-1.0782776
1521665445684;-1.7812805;-4.230957;-1.4496765
1521665445691;-2.4384155;-3.8042603;-1.0706787
1521665445710;-1.9344788;-2.8712158;1.085724
1521665445722;-1.5995789;-2.5212402;1.388733
1521665445729;-1.0887756;-2.4371338;0.8424225
1521665445742;-0.6512451;-2.5688477;-0.19687653
1521665445748;-0.23274612;-2.5614014;-1.9935608
1521665445762;-0.11702156;-2.616211;-2.671997
1521665445770;-0.32896423;-2.371582;-2.2971191
1521665445792;-1.1315613;-0.90467834;-0.47846985
1521665445813;-1.16922;0.6710205;1.1716615
1521665445822;-0.4378128;-3.0193481;6.133914
1521665445828;0.10180664;-3.1294556;5.860232
1521665445842;0.748291;-3.440857;3.5850227
1521665445849;1.4667054;-4.113159;1.3450929
1521665445863;1.6608278;-4.4417725;1.4652101
1521665445869;0.7467041;-4.1259766;2.5588384
1521665445882;0.33411407;-3.4958496;3.0980232
1521665445888;-0.19345093;-2.4123535;4.6882343
1521665445915;-0.5876312;-1.1583252;6.1951933
1521665445924;0.78692627;-0.9167175;5.1947045
1521665445930;1.469452;-1.406189;3.14972
1521665445944;1.9022218;-2.084961;1.5404054
1521665445950;1.8472596;-1.7807617;1.1185914
1521665445965;1.2129823;-1.1414185;2.7250981
1521665445970;0.5098114;-0.19504166;4.106325
1521665445983;0.14697266;0.69940186;4.713625
1521665445989;0.22539139;0.9083557;5.159182
1521665446012;0.9049988;0.39066315;4.3834248
1521665446023;1.6240236;-0.18738556;3.217591
1521665446030;2.2478032;-0.34272003;2.532166
1521665446043;2.174378;0.2431984;2.5232549
1521665446050;1.9290162;1.0764161;3.029908
1521665446063;1.6448671;1.9343873;3.7028205
1521665446070;1.4897462;2.1638188;3.9879158
1521665446083;1.9267884;1.6087037;3.8613899
1521665446090;2.532105;0.6340027;3.562928
1521665446115;2.5039067;0.6314697;3.1231697
1521665446124;1.6611634;2.1339726;2.648316
1521665446132;1.4609987;3.2763069;3.4567878
1521665446145;1.892151;4.031374;4.5255146
1521665446150;2.9589849;2.95398;3.3242195
1521665446171;5.367312;0.10807037;2.967957
1521665446184;3.7933967;1.8589174;2.2741094
1521665446190;2.6339726;3.5087287;2.7191777
1521665446215;1.9131166;4.830202;5.598269
1521665446224;2.6323247;5.008303;5.303225
1521665446231;3.6868904;3.913758;3.578614
1521665446244;5.1044946;1.5876771;3.1834724
1521665446252;4.826174;2.1140141;2.6906743
1521665446273;2.0993047;4.3601093;3.587403
1521665446284;1.404236;4.729372;5.119021
1521665446291;1.8846742;4.704714;5.599978
1521665446315;3.0779426;3.745484;3.6952522
1521665446324;3.6373909;2.1749272;3.177735
1521665446331;3.1335456;2.1546025;3.1743782
1521665446345;1.7892457;3.097779;3.3488777
1521665446350;1.0322572;3.5063484;3.687867
1521665446363;1.2146913;4.1243916;4.2159443
1521665446371;1.118744;4.024416;4.161257
1521665446384;2.3265996;3.6884773;3.792359
1521665446391;2.4741826;3.168702;3.7178352
1521665446415;1.507599;2.876038;3.4444587
1521665446424;1.2823793;2.867066;3.5972297
1521665446432;1.1701356;2.995545;3.7944343
1521665446445;1.4587709;3.301026;3.910157
1521665446449;1.5780336;3.474366;3.7946174
1521665446462;1.7168275;3.5250862;3.7099617
1521665446470;1.7161256;3.4608772;3.6890266
1521665446483;1.6242982;3.278077;3.8137825
1521665446490;1.3562623;3.0844123;3.77649
1521665446513;1.2674257;2.608399;3.3969734
1521665446523;1.3732301;2.3815312;3.3798225
1521665446530;1.354828;2.4219975;3.2370002
1521665446543;1.3811036;2.4094853;3.0454109
1521665446550;1.4113466;2.3195195;3.0531623
1521665446563;1.3836366;2.337708;3.2258918
1521665446569;1.2796327;2.452393;3.529969
1521665446583;0.9733429;2.466309;3.5382087
1521665446589;0.8473816;2.025391;3.5675666
1521665446610;1.3811952;1.7464601;3.5407112
1521665446623;1.2036439;1.9602052;3.538514
1521665446629;0.8825073;2.0520024;3.6349494
1521665446643;0.75357056;1.8148805;3.7238777
1521665446649;0.7877655;1.5331117;3.958924
1521665446663;0.6635742;1.3754274;4.149294
1521665446672;0.41082764;1.297516;3.778321
1521665446684;0.31253052;0.8086548;3.2943733
1521665446692;0.24476242;0.3557663;3.0968025
1521665446715;1.0366822;-0.9094238;3.4317024
1521665446725;1.0149537;-1.1117249;3.1823127
1521665446732;0.49050903;-0.75723267;2.2155766
1521665446745;-0.017288208;0.0687027;1.7573854
1521665446752;-0.8335724;0.710083;2.1522222
1521665446765;-1.1559143;1.0582582;2.4022222
1521665446772;-0.55104065;0.08296394;2.2518315
1521665446784;0.08248711;-1.2131653;1.7077028
1521665446791;0.5075073;-2.5795288;0.7608032
1521665446812;-0.35955048;-2.624939;0.87965393
1521665446824;-1.1437988;-1.5122375;1.8597108
1521665446831;-1.6343384;-0.42021942;2.995728
1521665446845;-1.0805664;-0.8341675;2.7824712
1521665446852;0.25269318;-2.5925293;2.5065312
1521665446864;0.7215576;-3.5708008;1.3525697
1521665446870;0.019149303;-3.131775;0.24764252
1521665446883;-0.7381439;-2.079956;0.537735
1521665446890;-1.6141052;-0.74069214;1.7816163
1521665446915;-2.6759644;1.6086732;3.2901618
1521665446925;-2.477539;1.2111512;3.1461189
1521665446932;-0.9910431;-0.9416046;3.6921394
1521665446945;-0.19193268;-2.7243042;3.0156868
1521665446952;0.2752838;-4.3533936;0.92471313
1521665446965;0.3493271;-4.932129;-0.6862793
1521665446973;-0.5270386;-3.8272095;-0.5626221
1521665446985;-1.9579163;-1.8348389;0.9781647
1521665446992;-3.1083984;0.30054474;1.8539125
1521665447011;-3.3843384;1.68042;2.1870732
1521665447016;-2.5755615;0.7041626;2.742188
1521665447032;0.08311844;-3.968689;3.2406013
1521665447045;-0.2403183;-4.611084;-1.6202393
1521665447052;-0.928421;-4.515259;0.23188782
1521665447065;-2.020874;-2.07135;2.273316
1521665447072;-3.125183;-0.3013916;3.0236213
1521665447084;-3.822998;0.6755066;2.8321538
1521665447091;-3.824768;0.40333557;2.4160771
1521665447112;-2.4364014;-1.9291382;2.9460454
1521665447117;-0.95285034;-5.1115723;3.0848396
1521665447131;-1.4138794;-4.869995;-1.3732605
1521665447144;-2.1429443;-3.2697754;-1.3398438
1521665447151;-2.8747559;-1.8744812;0.844162
1521665447170;-4.1187744;-0.0973587;2.1702275
1521665447183;-4.4942627;-0.25671387;1.5141908
1521665447192;-4.2720947;-1.5332947;1.2637025
1521665447212;-2.8290405;-4.550537;0.46393585
1521665447224;-2.3702393;-4.2524414;0.020986557
1521665447232;-2.644043;-3.0289917;-0.13169861
1521665447243;-3.1252441;-1.8076172;0.28025818
1521665447252;-3.3480225;-0.5083008;0.9051666
1521665447273;-3.8374634;0.9129944;0.7341461
1521665447285;-3.803711;-0.14508438;0.93870544
1521665447292;-2.9642334;-1.8087158;1.297516
1521665447312;-1.6867981;-2.7227783;0.19212341
1521665447324;-1.8561096;-1.6918945;-0.7573242
1521665447330;-2.0100098;-0.53118896;-0.24833679
1521665447344;-2.2873535;0.23114014;0.7184143
1521665447350;-2.7910156;0.9425354;0.5778961
1521665447364;-3.173523;1.5347902;0.1880188
1521665447370;-3.434082;1.8220826;0.27788544
1521665447384;-3.243103;1.4400941;0.93136597
1521665447390;-3.000061;0.69384766;1.7457887
1521665447413;-1.2325134;-1.3061218;0.5267639
1521665447424;-1.1007996;-7.8969727;3.941529
1521665447430;-1.2565918;-7.5289307;3.0601203
1521665447444;-1.8223877;-6.0826416;2.787293
1521665447450;-2.5546875;-4.4260254;3.17743
1521665447465;-3.2824097;-3.5563965;4.3166523
1521665447471;-3.7477417;-3.2704468;4.546999
1521665447484;-3.930664;-4.0456543;4.083132
1521665447490;-3.222107;-6.548828;4.566408
1521665447514;-1.1311951;-8.209473;1.2848512
1521665447525;-2.046997;-6.0480957;2.5002446
1521665447532;-2.8380127;-4.3883057;3.7304695
1521665447544;-3.770874;-3.4177856;4.3549824
1521665447550;-4.51709;-3.7229614;4.474489
1521665447565;-4.0405273;-5.2818604;3.6752937
1521665447572;-2.7867432;-7.0944824;2.1513066
1521665447584;-1.9508972;-8.13916;1.4052125
1521665447590;-2.0326538;-7.4381104;0.9356079
1521665447614;-3.3864136;-4.7995605;2.3088994
1521665447625;-3.7254028;-4.5045166;2.4754033
1521665447630;-3.5842285;-4.918335;1.8658448
1521665447645;-2.781067;-5.6939697;0.84194946
1521665447651;-2.4031982;-6.5040283;0.7492981
1521665447665;-2.4302368;-6.3740234;1.1708986
1521665447672;-2.9806519;-5.3394775;1.6631166
1521665447684;-3.376831;-4.4171143;2.0343633
1521665447691;-3.4320679;-4.1781006;2.094666
1521665447712;-3.1538696;-4.4191895;1.9149171
1521665447717;-2.7375488;-4.959961;1.338257
1521665447733;-2.555481;-5.1019287;1.1977845
1521665447750;-2.2392578;-5.4554443;1.2719117
1521665447764;-2.0026245;-5.821533;1.6292115
1521665447770;-1.8175354;-5.657837;1.5029603
1521665447784;-1.9031677;-4.9171143;1.3013002
1521665447791;-2.1651;-3.9973145;1.7568666
1521665447815;-1.8399048;-4.2530518;2.2758183
1521665447825;-1.3240967;-4.9609375;1.8387758
1521665447833;-0.9061737;-5.5965576;1.7044374
1521665447851;-0.43706512;-6.6655273;2.7571416
1521665447863;-0.5625305;-6.592285;3.1665046
1521665447870;-0.81533813;-0.084508896;-1.0695801
1521665447885;-1.3212585;-0.05782318;0.324852
1521665447892;-1.2147827;-0.33538055;0.70718384
1521665447913;-0.3295822;-1.9060669;0.4122467
1521665447925;0.32705688;-2.9191284;0.25379944
1521665447932;0.39094543;-2.7821655;-0.09950638
1521665447943;-0.010914803;-1.7121277;0.10082054
1521665447950;-0.6496124;-0.686203;0.92401123
1521665447964;-0.7540283;-0.71092224;3.1519172
1521665447970;-0.2649002;-1.2501221;3.286927
1521665447984;0.087322235;-1.5539246;2.572144
1521665447991;0.5822296;-1.7704468;1.4574891
1521665448011;0.7707367;-1.5490112;0.74768066
1521665448016;1.1152955;-1.5227051;0.63760376
1521665448033;0.35495758;0.12516022;1.2821656
1521665448044;-0.06819153;0.6429901;2.1322637
1521665448052;-0.029780865;0.84410095;3.4091804
1521665448072;0.688324;0.299057;4.1297626
1521665448085;1.1729127;-0.16848755;3.1356819
1521665448092;1.3724366;-0.28801727;1.8574525
1521665448111;1.2143251;0.06570053;0.9782715
1521665448117;1.4799196;0.2643051;1.2630006
1521665448130;0.37498474;1.4568788;2.749268
1521665448145;0.3797226;1.4188539;3.2517097
1521665448152;0.8213806;0.8338165;3.8797004
1521665448173;0.9207611;0.99905396;2.4561772
1521665448193;1.3882142;1.9201356;1.6828004
1521665448212;0.4488144;2.743775;2.7703252
1521665448224;1.018921;2.1471562;3.1061409
1521665448230;1.8523561;0.939682;3.4419563
1521665448244;1.8860475;1.2664491;3.5516365
1521665448250;1.6809388;1.8402101;2.9188848
1521665448273;1.0279847;3.137635;2.909058
1521665448292;1.4878541;2.7628179;3.4960945
1521665448312;1.7197267;2.296204;3.0621955
1521665448317;2.6672368;1.2409669;3.2703865
1521665448333;1.7667848;2.9583135;2.9815068
1521665448344;1.1223451;3.7387092;3.1075447
1521665448352;0.86431885;4.255129;3.9121711
1521665448365;0.86932373;4.2979755;3.8331916
1521665448372;1.2882997;4.352785;3.4855354
1521665448385;2.1496587;3.7916877;3.7458503
1521665448392;2.7172246;2.5655522;3.8363655
1521665448414;0.57844543;3.4891365;3.4582527
1521665448425;0.25480652;3.703553;3.882264
1521665448432;0.39691925;3.8260505;3.9002082
1521665448445;0.9498291;3.693299;3.5009162
1521665448452;1.7392884;3.3885505;3.2734993
1521665448465;1.9715883;2.896912;2.8753667
1521665448470;1.5082704;3.1347053;2.4245
1521665448485;0.7811127;3.2962654;2.4104009
1521665448492;0.38586426;3.465943;2.8771977
1521665448512;0.35601044;3.7239387;3.186219
1521665448517;0.88720703;3.9010017;3.0737922
1521665448532;1.5850526;3.3330085;2.5867314
1521665448553;1.1193849;3.2091682;2.7156377
1521665448573;0.9060364;3.1535041;3.243714
1521665448593;1.1774598;3.1539314;3.0397346
1521665448612;1.0133363;3.137513;2.9198613
1521665448617;0.9415741;3.2619636;2.797852
1521665448632;0.80859375;2.877747;2.6585698
1521665448646;0.85643005;2.3822026;2.535828
1521665448656;0.80192566;2.339417;2.5383306
1521665448674;0.5963135;2.384522;2.5054936
1521665448693;0.3188095;2.3676152;2.3822637
1521665448714;0.23480225;1.8798219;2.361817
1521665448732;0.56066895;1.2325746;2.6029668
1521665448745;0.48820496;1.1922609;3.0640876
1521665448752;0.16073608;1.3269655;3.1639411
1521665448774;-0.41540527;1.5478517;3.2618415
1521665448794;-0.38017273;1.066559;2.7990727
1521665448814;-0.09335518;0.4919052;2.48523
1521665448819;0.36995697;-0.3570099;2.5105596
1521665448834;0.48806;-0.26341248;3.0604866
1521665448851;-0.43815613;0.89404297;3.3178718
1521665448865;-0.52890015;0.25759125;2.3958135
1521665448872;-0.2982025;-0.09864426;2.3060308
1521665448885;0.17750931;-0.6387024;2.261414
1521665448892;0.76268005;-0.9260254;2.3269048
1521665448913;1.0924684;-0.59976196;2.3736577
1521665448918;0.7981415;-0.28630066;2.5889897
1521665448932;-0.016220093;0.28430176;2.6470952
1521665448945;0.20838928;-0.3257904;2.6938481
1521665448951;0.71595764;-1.230835;2.511292
1521665448965;1.0603029;-2.3215942;1.893097
1521665448972;1.1665956;-2.8364258;1.1241761
1521665448984;0.7749634;-2.4606323;0.98153687
1521665448991;-0.017212868;-1.754303;1.0485231
1521665449012;-0.835083;-0.65512085;2.3093266
1521665449025;-0.50457764;-1.4524841;2.4234624
1521665449032;0.2976532;-2.9040527;2.516541
1521665449045;0.37203217;-3.4503174;1.7365419
1521665449052;0.06624603;-3.5014648;1.2108461
1521665449065;-0.6944275;-2.8200073;0.9133911
1521665449072;-1.3606873;-2.2192993;1.4012758
1521665449084;-1.4613342;-1.5931702;2.1280522
1521665449092;-2.0446167;-1.7998047;2.6559453
1521665449114;-2.0514526;-1.9656067;2.1482549
1521665449119;-1.5895996;-3.1306763;2.0664678
1521665449134;-2.1065674;-2.7817383;1.7479249
1521665449154;-2.72052;-1.6184082;1.4955751
1521665449175;-2.9057617;-1.8143616;1.7079774
1521665449194;-2.267212;-3.2957153;1.703705
1521665449213;-2.4174194;-3.1175537;1.0791627
1521665449218;-2.4868164;-3.1343384;1.4596254
1521665449234;-3.283142;-1.1075134;2.1135259
1521665449254;-3.5888672;-0.41131592;1.4859926
1521665449274;-1.6313171;-3.7893066;1.3088685
1521665449294;-2.2192993;-3.340088;-0.18250656
1521665449313;-2.8513794;-2.046936;0.53793335
1521665449317;-3.607483;-0.95103455;1.9951478
1521665449334;-4.034424;0.13227081;1.6724855
1521665449354;-1.1058655;-4.2661133;0.9427643
1521665449374;-1.980896;-1.9257202;-0.679245
1521665449394;-2.8583984;0.82196045;2.431397
1521665449415;-3.4491577;1.496399;1.3112489
1521665449433;-2.8051758;-0.4079132;-0.95210266
1521665449453;-1.6444702;-3.2994385;-0.61546326
1521665449474;-1.9773254;-1.4832153;-0.00908041
1521665449494;-2.6878052;1.418152;0.8074341
1521665449512;-3.9310303;-3.6646118;4.7652607
1521665449525;-3.6762695;-5.260498;3.835389
1521665449532;-2.7884521;-8.070068;3.1720588
1521665449545;-1.9870605;-10.169922;1.9842836
1521665449552;-2.6435547;-8.595215;2.735108
1521665449572;-3.9511108;-4.673584;5.572268
1521665449585;-4.4555664;-3.7960815;5.414065
1521665449592;-5.140747;-4.050415;5.480227
1521665449612;-2.8006592;-8.291016;1.9089967
1521665449633;-2.437378;-8.980225;1.246277
1521665449653;-4.1673584;-5.1657715;3.7275398
1521665449674;-4.94458;-3.8795776;5.218264
1521665449694;-3.4658813;-4.449951;3.0471199
1521665449713;-2.606018;-5.600342;0.8180237
1521665449732;-3.6340332;-4.3342285;2.0415654
1521665449745;-3.6507568;-3.744934;2.6545415
1521665449753;-3.4609985;-3.1674805;3.1940925
1521665449773;-2.071045;-3.0249634;2.696961
1521665449785;-1.9972229;-2.8728027;1.8921815
1521665449792;-2.1209106;-2.7530518;1.3269044
1521665449813;-1.849884;-3.7540894;1.0858766
1521665449833;-1.8155212;-3.4663696;2.5228276
1521665449854;-2.53302;-1.9176941;3.3050544
1521665449874;-2.1860352;-2.807312;2.1939092
1521665449894;-0.80023193;-4.375122;-1.2583618
1521665449913;-1.3270874;-4.3739014;-1.2347107
1521665449925;-2.090393;-4.175659;0.64079285
1521665449932;-2.2438354;-4.1757812;1.9457704
1521665449953;-1.8607483;-3.053833;2.1614385
1521665449974;-1.1909485;-2.1015625;1.203827
1521665449993;-0.99372864;-3.2211914;-1.2578125
1521665450015;-0.81256104;-3.6297607;-0.6595154
1521665450020;-0.8356323;-3.1339111;0.18458176
1521665450034;-0.9136505;-1.3843079;1.3157655
1521665450054;-0.45745087;-0.52397156;-0.4029541
1521665450073;0.5268707;-6.274536;1.8515016
1521665450093;0.73365784;-5.4266357;0.6892395
1521665450114;1.0292232E-4;-3.8883057;1.76532
1521665450119;-0.5457611;-2.51062;3.1802375
1521665450135;-0.42866516;-1.7091675;4.854372
1521665450154;0.7220764;-1.7920227;3.906617
1521665450174;1.7771302;-2.475891;0.7328949
1521665450195;0.9872284;-1.3467102;0.002650261
1521665450215;-0.24740219;-0.0789299;3.5366828
1521665450235;0.72488403;-0.41721344;4.722536
1521665450255;1.6998903;-0.37511444;2.376099
1521665450275;1.3564454;1.0134584;0.9062805
1521665450295;0.8077545;1.2430726;2.995545
1521665450313;0.8071594;1.1885377;3.2966926
1521665450319;1.0948793;0.8654938;3.8457038
1521665450335;1.7832032;0.18371964;3.167115
1521665450355;1.630005;1.3718873;2.1161504
1521665450375;1.0783082;1.6698304;2.5347295
1521665450395;1.1836549;1.2864381;3.4984138
1521665450414;1.5836793;1.1483155;3.4855354
1521665450433;1.903412;2.332337;3.2587287
1521665450453;2.1773076;3.5895393;3.6250618
1521665450474;2.485413;2.320435;3.1546028
1521665450493;2.436646;2.3626714;3.208863
1521665450514;1.6130067;3.4459846;3.166993
1521665450535;1.1831666;4.338991;3.6088874
1521665450555;1.857483;4.100832;3.8069465
1521665450575;2.705689;2.6193852;4.0600605
1521665450595;1.231476;3.5303962;3.7044075
1521665450615;0.4673996;3.9869392;3.7864997
1521665450620;0.38962555;4.3044453;4.059328
1521665450635;1.7148134;4.2514668;4.022829
1521665450655;2.3710332;3.6906745;3.4090583
1521665450669;0.9655762;4.509035;3.4907234
1521665450676;0.48286438;4.8062763;4.017214
1521665450693;0.80293274;4.8294697;3.995301
1521665450697;-0.70835876;4.791628;3.8601081
1521665450714;3.0208747;2.7276006;3.2250373
1521665450735;1.5368348;4.010378;3.7101448
1521665450754;1.3362428;3.906922;3.596009
1521665450774;1.2142335;3.274964;3.3743904
1521665450794;1.2157289;2.5521245;3.1437385
1521665450814;1.137024;2.518311;3.0737922
1521665450819;0.7817993;2.6490483;3.0858772
1521665450832;0.5697937;2.681519;3.0394905
1521665450837;0.36322784;2.483643;3.0852668
1521665450854;0.045046806;1.9084779;2.973084
1521665450874;0.40185547;1.2807618;2.8787847
1521665450894;0.55981445;1.1468812;2.9950566
1521665450913;0.044979095;1.2603456;3.0447395
1521665450916;-0.12634277;1.2478639;3.099366
1521665450934;-0.29577637;1.0940858;3.3814094
1521665450954;0.19403458;0.114263535;3.4005744
1521665450974;0.5335846;-0.26091003;3.3102424
1521665450994;-0.1970787;0.36833954;3.0634773
1521665451014;-0.4704132;0.8568115;3.378907
1521665451017;-0.5637665;0.9226837;3.5381477
1521665451035;1.0061342;-0.8187103;3.7197883
1521665451054;0.937027;-1.296875;2.520081
1521665451074;-0.046227455;-0.9636841;3.2856452
1521665451094;-0.7676697;0.3477249;3.6320198
1521665451115;-0.7357788;0.29005432;3.7630622
1521665451120;-0.043341637;-0.6888428;2.8565679
1521665451135;-0.20246887;-2.3642578;1.2622987
1521665451151;-0.80485535;-1.8026123;1.474579
1521665451156;-1.5410461;-1.0099182;2.0919805
1521665451172;-1.8441162;-0.52752686;2.388123
1521665451177;-1.4089661;-1.0619507;2.3945317
1521665451195;-0.11089516;-3.0718994;1.4865419
1521665451215;-0.06127453;-3.6831055;0.7477722
1521665451220;-0.25775146;-3.8222046;0.7311859
1521665451229;-1.0606079;-3.0895386;1.2872926
1521665451236;-2.121704;-1.8058167;1.7069093
1521665451249;-3.0237427;-0.6366272;1.7770387
1521665451256;-3.4880981;-0.1158123;1.846222
1521665451269;-3.3666992;-0.26972198;1.8862001
1521665451276;-2.14563;-2.131775;2.04419
1521665451289;-0.8367462;-4.5251465;2.1524663
1521665451297;-0.8470459;-4.9802246;1.3167115
1521665451315;-1.3766174;-4.4823;0.6045685
1521665451334;-3.423645;-1.4255371;2.3260503
1521665451354;-3.291687;-1.711792;2.2518315
1521665451374;-2.2368164;-3.9129028;1.9183961
1521665451395;-2.7440186;-2.8188477;-0.19837189
1521665451414;-2.9630127;-2.2088623;0.92419434
1521665451419;-3.4093628;-1.457489;1.6522828
1521665451431;-4.1259766;-0.59947205;1.1311342
1521665451436;-4.085205;-0.6155243;0.35792542
1521665451449;-2.953125;-2.4465332;1.1870424
1521665451456;-1.8131104;-4.2298584;1.9095155
1521665451471;-1.8965759;-4.2980957;0.738266
1521665451477;-2.2492676;-3.201538;-0.7123871
1521665451495;-3.024292;-0.69078064;0.606369
1521665451515;-3.1306152;0.28025818;1.0130311
1521665451520;-3.052185;0.547348;1.2040101
1521665451535;-2.3671875;-1.2241516;0.6325073
1521665451555;-1.8146362;-2.387207;0.6902771
1521665451574;-2.170166;-0.87454224;1.2403871
1521665451595;-2.7202148;1.594452;0.84291077
1521665451615;-2.3340454;-0.14655304;-0.25987244
1521665451634;-1.1341553;-3.5474243;-0.58470154
1521665451654;-2.8839111;-8.8498535;2.7987065
1521665451668;-3.5969849;-6.961792;3.6783454
1521665451677;-4.269165;-5.392456;4.2161884
1521665451689;-4.6607666;-4.618286;4.5528584
1521665451696;-4.647217;-5.3289795;4.9384785
1521665451714;-2.4871216;-9.916016;2.212708
1521665451735;-2.0639038;-10.652588;1.6436769
1521665451754;-4.303833;-6.8464355;5.0537133
1521665451768;-5.1384277;-5.0806885;5.6550317
1521665451776;-5.7495117;-3.913208;5.7777123
1521665451795;-3.9973145;-4.514038;4.013796
1521665451813;-2.007141;-6.7509766;2.092774
1521665451816;-2.0488281;-7.0024414;1.9273988
1521665451828;-2.4499512;-6.283325;2.7588506
1521665451837;-2.6675415;-4.9353027;3.3574226
1521665451852;-2.8900146;-3.698059;3.5571907
1521665451857;-3.0429077;-2.7493896;3.6658943
1521665451870;-2.8950195;-2.437439;3.361756
1521665451877;-2.4088745;-2.715088;2.6356816
1521665451892;-1.9822388;-3.5459595;2.0318608
1521665451897;-1.3891296;-4.5233154;1.766266
1521665451913;-1.0372314;-5.227539;2.1006474
1521665451916;-1.0397949;-4.9086914;2.20044
1521665451929;-1.4487;-3.9204712;2.830689
1521665451937;-1.8302307;-2.9066772;3.3190925
1521665451950;-2.0299683;-2.241455;3.4212043
1521665451957;-1.8369751;-2.2242432;3.3240364
1521665451972;-1.4137878;-2.7401733;2.1273808
1521665451977;-1.2070007;-3.6518555;1.1610719
1521665451992;-1.226593;-4.3601074;0.6542969
1521665451997;-1.5852051;-4.578491;1.0018312
1521665452015;-2.0640259;-4.3928223;1.8597718
1521665452016;-2.0941772;-4.2226562;2.987061
1521665452035;-0.7806854;-4.4523926;1.3716737
1521665452055;-0.8382416;-5.4713135;-0.44852448
1521665452075;-1.6677246;-5.255005;-0.16436005
1521665452095;-2.270691;-4.121704;1.8823549
1521665452121;-1.8862305;-2.4470825;2.085816
1521665452130;-1.5925903;-2.617981;1.7957155
1521665452137;-0.8190918;-3.354309;0.72843933
1521665452151;-0.35705566;-4.066284;-0.7127228
1521665452158;-0.62124634;-4.2058105;-1.349884
1521665452171;-0.99998474;-3.6800537;-1.0645752
1521665452176;-1.4182739;-3.0463257;-0.23096466
1521665452189;-1.8742065;-1.8283386;0.6187134
1521665452196;-1.9753418;-0.36554718;0.062329292
1521665452221;-1.0263062;-4.546753;4.425661
1521665452232;-0.8327637;-3.9854736;3.6193855
1521665452237;-0.2576828;-3.9320679;1.6663514
1521665452252;0.47097778;-4.82251;0.7369995
1521665452257;0.34414673;-4.528076;1.3822938
1521665452272;-0.49272156;-2.5957031;1.7768556
1521665452277;-0.95718384;-1.265686;2.926087
1521665452290;-1.0363464;-0.92736816;4.078615
1521665452297;-0.6875305;-1.144989;4.3432636
1521665452322;0.43953705;-1.5709229;3.073365
1521665452330;1.007599;-1.5684204;1.8404542
1521665452337;1.2123109;-1.5918579;0.7874756
1521665452353;0.92674255;-1.0169678;0.41090393
1521665452357;0.4852066;-0.35045624;1.4846498
1521665452372;0.40950012;-0.058930397;2.8798833
1521665452378;0.48799133;-0.05369854;3.8033454
1521665452390;0.39405823;0.37194824;4.352541
1521665452397;0.23141098;0.98295593;4.4542255
1521665452422;0.96969604;1.1989137;3.4664314
1521665452430;1.5169374;1.0742494;2.9619756
1521665452437;2.1907964;0.30306244;2.014832
1521665452450;2.287476;-0.022306442;1.5197755
1521665452457;1.8516237;0.8420868;1.4274293
1521665452471;1.2919923;1.3878175;2.0064702
1521665452476;0.9805145;1.6549379;2.9813237
1521665452489;0.5382385;3.1891487;4.234255
1521665452496;1.2144166;2.3696904;4.245119
1521665452522;2.2306523;1.9305116;2.4530034
1521665452530;2.4241338;1.9877015;1.5465089
1521665452537;2.8488774;1.7479249;1.7677003
1521665452550;2.5725102;1.9078981;2.7534795
1521665452557;1.45282;3.1206062;3.271363
1521665452573;0.95259094;3.646485;3.4862068
1521665452578;1.1814271;3.5523078;3.6318367
1521665452590;1.4243776;3.3992927;3.5532844
1521665452597;2.0995488;2.7974248;3.2759407
1521665452622;3.424256;2.1019902;2.735169
1521665452630;3.0563972;2.7436528;2.5073247
1521665452637;2.4152226;3.1264045;2.4146123
1521665452653;1.6215822;3.5914924;2.9136968
1521665452657;1.2322999;3.7753303;3.3659065
1521665452672;1.2567445;3.965943;3.4281623
1521665452678;1.9081422;3.6925056;3.6607673
1521665452690;2.5694585;2.837525;3.516297
1521665452697;2.8921514;2.228516;3.6502693
1521665452718;1.403534;3.4342048;2.893189
1521665452729;1.0664064;3.7291877;3.4984138
1521665452736;1.1089784;4.057741;3.8605354
1521665452749;1.5703431;4.048464;3.90149
1521665452756;2.084107;3.651734;3.839051
1521665452775;2.165711;3.253785;3.7515876
1521665452795;1.4012758;3.3948371;3.7548225
1521665452817;1.202057;3.4895027;3.823548
1521665452829;1.4465944;3.3289802;3.7040412
1521665452836;1.6044008;3.0744636;3.5017707
1521665452850;1.7712098;2.8084111;3.519715
1521665452857;1.6034547;2.7156987;3.498902
1521665452870;1.3528444;2.6306157;3.2899177
1521665452876;1.2953492;2.650208;3.4681404
1521665452889;1.1966554;2.5799565;3.58191
1521665452897;1.2431642;2.5884404;3.387696
1521665452915;1.3096925;2.5093389;3.455445
1521665452920;1.2662355;2.348267;3.3134162
1521665452931;1.123932;2.0889897;3.2316291
1521665452938;0.97766113;1.7155458;3.313111
1521665452955;0.8537445;1.5318605;3.3418586
1521665452969;0.9080353;1.6513673;3.3623054
1521665452976;0.70355225;1.4934999;3.2327278
1521665452988;0.46990204;1.4939271;3.0427253
1521665452996;0.38167572;1.4163209;3.0113533
1521665453020;0.24792099;1.0178224;3.0062263
1521665453029;0.19041443;0.96717834;3.1061409
1521665453036;0.20735168;0.89308167;3.184388
1521665453050;0.14229965;0.85969543;3.2305305
1521665453057;0.110012054;0.96606445;3.7233894
1521665453070;-0.20941925;1.0168763;3.852723
1521665453077;-0.23535538;0.7727356;3.7517097
1521665453090;-0.11138344;0.2855835;3.5652473
1521665453097;-0.045007706;-0.03654766;3.1868293
1521665453117;-0.24782944;-0.2124672;2.7159429
1521665453129;-0.73802185;0.11011505;3.0077522
1521665453136;-0.8529358;0.5885315;3.0393684
1521665453155;0.4599228;-0.77583313;3.2448127
1521665453175;-0.36549377;-0.97488403;2.205872
1521665453190;-1.0585327;-0.113227844;2.3836675
1521665453197;-1.5299072;0.58573914;2.7274175
1521665453218;0.55155945;-1.7987366;2.6614385
1521665453230;1.7846681;-3.3742676;1.7154542
1521665453237;1.7067262;-3.6123047;0.2648468
1521665453251;0.83299255;-2.8720703;0.28632355
1521665453257;-0.49199677;-1.3712158;1.2951967
1521665453272;-1.48172;0.039797783;2.2245488
1521665453277;-2.0092163;0.69195557;2.9257207
1521665453289;-1.9196777;-0.061182022;3.582215
1521665453297;-1.4249573;-1.4023132;3.1783454
1521665453315;-0.286911;-3.739502;1.9818727
1521665453321;0.24320221;-4.975464;0.9359131
1521665453330;-0.74887085;-4.3797607;-0.013549805
1521665453337;-1.7802734;-3.3145752;-0.35094452
1521665453350;-2.2983398;-2.310852;0.13357544
1521665453357;-2.5785522;-1.2635193;0.84028625
1521665453369;-2.765564;-1.0507202;1.333191
1521665453377;-3.0202637;-1.1408997;1.6709596
1521665453390;-3.3815918;-1.2884521;1.5307924
1521665453397;-3.132019;-3.234497;2.2312016
1521665453418;-3.0883179;-3.6983643;1.020691
1521665453430;-3.1326294;-3.2300415;0.18045807
1521665453437;-3.3096313;-2.359375;0.13511276
1521665453450;-3.519104;-1.35672;0.75790405
1521665453457;-3.7836304;-0.51091003;1.1698304
1521665453470;-3.8843384;-0.028457642;1.7319642
1521665453477;-3.9608154;-0.16191483;1.9199525
1521665453490;-3.3024292;-1.7456055;2.049317
1521665453497;-2.045288;-3.855713;2.5818486
1521665453517;-1.4902039;-3.8693848;-0.57762146
1521665453532;-1.7532043;-2.7340698;-0.58932495
1521665453538;-2.2981567;-1.177002;0.021910667
1521665453552;-2.9268188;0.58714294;0.7305603
1521665453558;-3.2598267;1.2778322;1.1991273
1521665453572;-3.0463867;0.84439087;1.6164247
1521665453578;-2.2357788;-0.91148376;2.5206304
1521665453591;-1.6318665;-2.9143677;2.240601
1521665453598;-1.5323486;-3.6054077;0.493248
1521665453617;-2.8963013;-0.6192627;0.9622803
1521665453634;-3.260437;0.4877777;1.1597902
1521665453639;-3.583374;0.84233093;0.68063354
1521665453652;-3.316101;-0.11952591;0.29167175
1521665453658;-2.3815308;-1.8027649;0.27450562
1521665453674;-1.5045471;-3.546936;-0.1887207
1521665453679;-1.5285339;-3.8811035;-1.001709
1521665453691;-2.206421;-2.4938354;-1.4151306
1521665453698;-3.3446655;-7.678467;2.9542851
1521665453724;-4.2476807;-5.572998;4.477907
1521665453732;-4.2999268;-5.317627;4.462038
1521665453738;-3.961853;-5.656128;4.3918476
1521665453749;-3.3943481;-6.5926514;3.627381
1521665453757;-2.8516846;-7.849121;3.6640022
1521665453771;-2.708496;-8.459717;3.5086677
1521665453777;-3.145691;-7.7355957;3.3579109
1521665453790;-3.5150146;-6.6082764;3.8550422
1521665453798;-3.8659668;-5.734741;4.390383
1521665453816;-4.076538;-4.843506;4.1694355
1521665453834;-3.7614136;-4.70105;3.226075
1521665453839;-3.1727295;-5.6534424;2.6923833
1521665453854;-2.5859375;-6.585327;2.6162114
1521665453858;-2.8496704;-5.791992;3.0738533
1521665453872;-2.9995728;-4.786499;3.6513069
1521665453879;-3.2260742;-3.7797852;4.015383
1521665453892;-3.2332153;-2.8843384;3.5586555
1521665453899;-3.1800537;-2.2088013;2.9266973
1521665453921;-3.126892;-2.1712646;2.573731
1521665453932;-2.5055542;-3.50177;2.1817021
1521665453939;-2.319458;-3.9055786;2.3577886
1521665453954;-2.1466675;-3.640808;2.2399907
1521665453959;-2.1357422;-3.020752;2.20398
1521665453974;-2.0949097;-2.692505;2.8635259
1521665453979;-2.071106;-2.3812256;2.8889775
1521665453989;-2.095642;-1.9249268;1.8859559
1521665453997;-2.1536865;-1.7456665;1.043152
1521665454020;-2.2374268;-2.8886108;1.1560975
1521665454031;-2.0614624;-3.152954;1.1172792
1521665454039;-2.2371826;-2.8414307;1.4372865
1521665454050;-2.4244385;-2.4833984;1.7034303
1521665454058;-2.604248;-1.9310303;1.6778871
1521665454071;-3.0812988;-2.0320435;1.0490113
1521665454078;-3.093689;-2.4491577;0.29212952
1521665454090;-2.9180298;-3.0257568;-0.34085846
1521665454097;-2.973938;-3.4047241;-0.5120697
1521665454117;-2.5545654;-3.750061;0.52308655
1521665454135;-1.8833313;-4.124756;0.8295746
1521665454140;-1.6369324;-4.3098145;0.98506165
1521665454155;-1.4734802;-3.8863525;0.6848755
1521665454160;-1.7398071;-2.939392;0.11597061
1521665454174;-2.342102;-2.1323853;0.020394325
1521665454177;-2.893982;-1.5950317;-0.2753296
1521665454189;-2.9673462;-1.4696045;-0.18444824
1521665454196;-2.3001099;-1.9706421;-0.24689865
1521665454215;-0.5192261;-3.2352905;-0.0841732
1521665454234;-0.07968521;-3.190796;-0.38111115
1521665454239;-0.11292839;-2.5894775;-0.64030457
1521665454254;-0.6929321;-1.6384888;-0.4267807
1521665454259;-1.1299744;-0.9530945;-0.36185455
1521665454274;-1.1246338;-0.8162384;-0.6936493
1521665454279;-1.0614929;-1.0126038;-0.9523468
1521665454292;-0.83436584;-0.89242554;-1.3757935
1521665454298;-0.17266083;-0.29320526;-1.5185852
1521665454320;0.3239975;-4.883545;3.5050056
1521665454331;0.40290833;-4.5233154;3.4143074
1521665454354;0.59552;-3.8224487;3.1021125
1521665454359;0.73869324;-3.515747;2.95752
1521665454374;0.66304016;-2.7946167;2.8002324
1521665454379;0.63975525;-2.2017822;2.988709
1521665454391;0.55441284;-1.3876343;2.9894414
1521665454398;0.23319626;-0.53697205;2.8959355
1521665454424;0.8692627;-0.8680725;3.073487
1521665454432;1.4747926;-1.4459229;3.202088
1521665454439;1.9139405;-1.8139954;2.5870976
1521665454453;2.348206;-2.1427002;2.2967534
1521665454459;2.24585;-1.7381287;2.0031743
1521665454474;1.7621766;-0.3002777;2.3345952
1521665454479;1.121277;1.1367799;2.6983037
1521665454492;0.820282;1.651642;3.3328254
1521665454499;0.8416748;1.6780092;3.9591682
1521665454518;1.354004;1.2501832;3.6962898
1521665454530;1.6896669;0.38051605;2.2363286
1521665454537;1.7245485;0.54022217;1.8457948
1521665454551;1.7869569;0.6639557;2.7489629
1521665454557;1.2662965;1.4200441;3.4376838
1521665454570;0.78092957;2.126099;3.547242
1521665454578;1.1893617;2.2263188;3.5007942
1521665454590;1.7495118;1.724518;4.2420673
1521665454597;1.8103639;2.1339726;4.031374
1521665454623;2.2711797;1.7363588;2.7115483
1521665454633;2.7019048;1.0583192;2.5278325
1521665454639;2.5298467;1.4853517;2.76648
1521665454653;1.7725221;2.4813237;3.3121955
1521665454659;0.951355;3.562806;3.0883186
1521665454672;0.86109924;3.8549812;3.0052497
1521665454680;1.005768;3.8231819;3.6141365
1521665454693;1.4226686;3.5184944;3.7199714
1521665454698;2.2919927;2.688416;3.7163703
1521665454718;3.154847;1.326111;3.7233894
1521665454731;2.3909917;2.155457;3.6624763
1521665454738;1.0622255;3.4159553;3.1269538
1521665454751;0.5548706;4.564211;4.3310566
1521665454758;1.0852357;4.6434345;4.84778
1521665454771;1.4596559;4.5201435;4.392458
1521665454778;2.0638433;3.7254646;4.0151386
1521665454790;2.462647;2.8746953;4.0847187
1521665454797;2.1168828;2.58783;3.7442634
1521665454823;0.68562317;3.1956794;3.4088142
1521665454833;0.46077728;3.3461921;3.4010017
1521665454839;0.6950226;3.594422;3.2567146
1521665454854;1.4213868;3.63086;3.3533943
1521665454859;1.9106447;3.5432746;3.3486335
1521665454873;2.1424565;3.283448;3.1929939
1521665454879;1.9643556;3.1090705;2.9993901
1521665454893;1.4909364;3.106446;2.8004155
1521665454900;1.1452333;2.9987798;2.9245
1521665454925;1.0207216;3.0164802;3.0981452
1521665454932;1.5892335;3.1234138;3.4088142
1521665454941;2.0366826;3.042054;3.540406
1521665454952;2.157166;2.9797978;3.639466
1521665454959;1.8967286;2.9658818;3.5778205
1521665454971;1.4345399;3.0569465;3.7237556
1521665454978;1.2084962;2.992127;3.492005
1521665454990;1.1223756;2.9133306;3.4790657
1521665454997;1.210663;2.6388555;3.5190437
1521665455025;1.266266;2.0830083;3.2409065
1521665455033;1.1926271;1.9333802;3.222901
1521665455037;0.98976135;1.9195253;3.1232917
1521665455051;0.77420044;1.9965822;3.0912483
1521665455057;0.6980133;2.0245976;3.229554
1521665455071;0.5558624;1.8275148;3.2301033
1521665455078;0.55804443;1.6532289;3.1647346
1521665455090;0.69029236;1.4524232;3.1250007
1521665455098;0.8785248;1.0932924;3.0623176
1521665455115;0.7245331;1.1488954;2.997376
1521665455120;0.5737915;1.3092347;2.8035893
1521665455131;0.4198227;1.4898988;2.8522344
1521665455139;0.065704346;1.5574342;2.9529424
1521665455152;-0.105579376;1.6111146;2.8788457
1521665455157;-0.17072296;1.5898134;2.933106
1521665455172;-0.14304352;1.3232118;2.9586797
1521665455178;0.090501785;0.7194214;2.7922978
1521665455190;0.52041626;0.098752975;2.8632207
1521665455199;0.30085754;-0.09148407;2.504456
1521665455220;-0.52215576;0.934494;2.7615972
1521665455234;-0.98695374;1.2956849;2.8265386
1521665455241;-1.2523193;1.1993409;2.6073613
1521665455254;-0.94589233;0.5680542;2.4531865
1521665455259;-0.38750458;-0.26558685;2.0587163
1521665455272;0.3880844;-1.2831726;1.7317201
1521665455279;0.95661926;-1.8440552;1.8590089
1521665455292;0.5780182;-1.4536133;1.7674562
1521665455297;-0.34445953;-0.54519653;1.4230348
1521665455323;-1.804779;0.78611755;1.5820924
1521665455333;-1.8291626;0.5245514;1.715973
1521665455340;-1.0413513;-0.5231476;1.6485597
1521665455353;0.027266502;-1.8728333;1.6476747
1521665455360;0.5349121;-2.5421753;1.1090394
1521665455375;0.1406517;-2.2809448;0.7791443
1521665455381;-0.6720581;-1.4846802;1.1585389
1521665455393;-1.5628662;-0.4031906;1.946747
1521665455400;-2.359314;0.553772;2.4085088
1521665455424;-1.1632385;-0.5786133;2.367432
1521665455435;0.75616455;-3.5424805;0.6383362
1521665455440;-0.18172455;-2.8704224;-0.9055481
1521665455455;-1.1016846;-1.8890686;-0.67352295
1521665455460;-2.195984;-0.4456253;0.9695282
1521665455475;-3.088745;0.77519226;2.1969
1521665455480;-3.4707031;1.4189454;2.5092168
1521665455493;-3.5373535;1.4274598;2.5371099
1521665455500;-2.614624;-0.26605225;1.9387819
1521665455525;0.68530273;-5.51416;0.44989777
1521665455533;-0.5092926;-4.776367;-1.6349487
1521665455539;-1.6080933;-3.5031128;-2.4975586
1521665455555;-2.4362183;-1.6048279;-0.82284546
1521665455560;-3.5250854;0.3179779;1.1228334
1521665455575;-4.239502;1.6037294;1.6564943
1521665455581;-3.8953247;1.5554811;1.3315736
1521665455595;-2.6315918;-0.2366333;2.127564
1521665455599;-1.3043823;-2.6369019;2.0729375
1521665455619;-0.41414642;-5.1256104;-1.9645386
1521665455632;-0.95806885;-4.114624;-1.9667664
1521665455638;-1.7129517;-2.526062;-0.33448792
1521665455652;-3.6609497;1.0175172;1.3800355
1521665455659;-3.9611206;1.7587892;1.3474427
1521665455672;-3.541809;1.3840638;1.9161073
1521665455679;-2.866211;-0.19039536;2.6248784
1521665455692;-1.7817078;-2.8375854;2.222962
1521665455699;-0.43376923;-5.1223145;0.77949524
1521665455725;-0.5917816;-4.369507;-2.8235474
1521665455739;-2.3203735;-0.070287704;-0.09994316
1521665455751;-3.0758667;1.8424073;1.2599183
1521665455758;-3.4597168;2.91565;1.8299867
1521665455773;-3.4663696;2.8530278;2.054749
1521665455778;-3.1642456;1.5078126;2.6117558
1521665455791;-2.5939941;-0.5717621;1.4445497
1521665455802;-1.5429077;-3.1784668;0.027221203
1521665455823;-1.1201172;-3.836975;-1.6420898
1521665455832;-1.4885254;-2.4351196;-1.1667786
1521665455839;-1.9581604;-0.67897034;0.1356659
1521665455852;-2.6690674;0.9750824;0.8874817
1521665455858;-3.0959473;2.1360478;0.97595215
1521665455874;-3.36615;0.97042847;1.2297975
1521665455879;-2.8359985;-1.2523193;0.6383667
1521665455893;-2.0394897;-3.3187866;0.15997314
1521665455899;-1.8537903;-3.8495483;-0.7871094
1521665455914;-2.145752;-2.507019;-1.8135376
1521665455920;-2.5142212;-0.91101074;-0.8061676
1521665455934;-2.731018;0.33087158;0.555542
1521665455942;-3.1535034;1.4839479;1.0531312
1521665455954;-4.4490967;-3.80719;5.679568
1521665455960;-4.7995605;-3.8999023;5.394778
1521665455973;-4.8218994;-4.9405518;4.4433613
1521665455980;-4.229126;-6.852417;3.8229988
1521665455993;-3.593872;-8.581299;3.505677
1521665456000;-3.1726685;-9.151367;2.6923223
1521665456021;-2.9799194;-8.311523;2.511414
1521665456034;-3.949707;-5.65979;3.8593147
1521665456040;-4.498413;-4.537964;4.493044
1521665456061;-5.1658936;-4.037842;4.2281513
1521665456074;-4.8012695;-5.1019287;4.274172
1521665456081;-4.0427246;-6.382202;3.8005989
1521665456093;-3.3608398;-6.972168;2.4042363
1521665456100;-2.9752197;-6.777954;1.902649
1521665456125;-3.3762817;-5.746704;2.759583
1521665456135;-3.5350342;-5.41333;2.6775517
1521665456140;-3.5258179;-5.4074707;2.276917
1521665456161;-3.4901733;-5.354492;1.9435426
1521665456181;-3.1287842;-6.178589;1.5469056
1521665456193;-2.7808838;-6.798218;1.5575563
1521665456200;-2.6152954;-6.6956787;1.3887635
1521665456223;-2.635498;-5.763672;1.4560853
1521665456234;-2.9239502;-5.2957764;2.1683354
1521665456242;-3.218872;-4.9453125;2.5532842
1521665456254;-3.1464233;-5.033203;2.3856816
1521665456261;-2.7832031;-5.4588623;2.4562383
1521665456274;-2.5358887;-5.9279785;2.504334
1521665456281;-1.9756775;-6.4484863;2.280457
1521665456294;-1.3611145;-6.5498047;1.9548951
1521665456301;-1.2365417;-6.197754;1.5928041
1521665456324;-1.7272339;-5.630493;2.094544
1521665456335;-2.1414185;-5.03125;1.9703676
1521665456341;-1.9336243;-5.570923;3.00409
1521665456354;-1.4381104;-5.916626;3.3038337
1521665456362;-1.1601257;-5.9226074;3.247132
1521665456375;-0.5996399;-0.9525299;-0.8556824
1521665456379;-0.37825012;-1.1533508;-0.087610245
1521665456394;-0.3760605;-1.1392212;0.12717438
1521665456401;-0.44089508;-0.9282074;0.3128357
1521665456421;-0.6421814;-0.8383179;0.4883728
1521665456426;-0.541687;-0.6684265;0.6175842
1521665456441;0.1210556;-1.509491;1.2653505
1521665456461;0.1770668;-0.7596588;1.565735
1521665456482;0.2269249;-0.19517517;2.6477056
1521665456493;0.41944122;-0.3284607;2.9039311
1521665456501;0.42757416;-0.48456573;3.095826
1521665456521;0.35015106;-0.74920654;2.4323735
1521665456526;0.5583191;-0.6080322;1.6666566
1521665456541;0.73846436;-0.3736725;1.6313783
1521665456561;0.75167847;0.48609924;2.3772588
1521665456582;1.068268;0.37387085;2.8072515
1521665456594;0.8430786;0.7787018;2.8783574
1521665456601;0.72283936;1.2360536;2.6759038
1521665456624;0.81307983;1.5631105;3.0963142
1521665456634;0.6789856;1.422455;2.6578984
1521665456642;0.7564697;0.9165497;1.8527223
1521665456661;1.1382447;0.48928833;2.3370366
1521665456683;0.33011627;1.4295961;2.2166753
1521665456701;0.34243774;1.7990419;2.6562505
1521665456725;0.9503479;1.3641664;2.8748174
1521665456734;0.9827118;1.403351;2.3020635
1521665456741;1.2327272;1.366913;1.9115297
1521665456754;1.8238527;0.95617676;1.6969911
1521665456761;1.7207032;1.5489198;2.3505864
1521665456775;0.9198303;2.9918218;2.8230596
1521665456783;0.7578125;2.9030766;2.7547002
1521665456794;1.7953187;2.3438115;3.8517463
1521665456801;1.87558;2.704224;3.7103279
1521665456824;2.3052373;2.4861455;2.7294316
1521665456834;2.1176152;2.8661504;2.7661138
1521665456841;1.7243654;3.0693367;2.5206304
1521665456855;1.6341554;2.8871465;2.662171
1521665456862;1.8733217;2.909058;3.332032
1521665456875;1.9402467;3.0269172;3.328614
1521665456879;2.1480718;2.7807622;3.257508
1521665456894;1.6701967;3.337098;2.6569219
1521665456899;1.2138673;3.3470466;2.2401738
1521665456925;0.7670593;3.6172493;2.438294
1521665456942;1.2437745;3.6935432;3.1391609
1521665456962;1.2029725;3.3314216;3.3281868
1521665456982;0.3997574;3.0747077;2.5829473
1521665457002;0.6349945;2.3824468;2.587525
1521665457021;1.2314454;2.3127446;2.5447392
1521665457035;0.45487976;4.0563984;2.6649175
1521665457043;0.21149063;4.5062275;2.8583379
1521665457063;0.5266113;4.100832;2.8806157
1521665457082;1.1857911;2.5602422;2.3734136
1521665457102;0.85995483;2.8748784;2.934876
1521665457123;0.6865692;3.6073616;3.3937995
1521665457135;0.37351227;3.4765022;3.1229255
1521665457143;0.71333313;2.8681645;2.4221807
1521665457155;1.0240785;2.1436162;2.1387334
1521665457159;0.29804993;2.0609746;1.899048
1521665457182;0.27946472;1.4477235;1.623108
1521665457194;-0.07367897;1.5607911;1.4639894
1521665457202;-0.24682236;1.6264039;1.4601136
1521665457221;-0.06075287;1.5363771;1.5878907
1521665457226;-0.14852524;1.3390199;1.5667115
1521665457241;-0.082014084;0.7692261;1.5736696
1521665457254;-0.050909042;0.70939636;1.7435609
1521665457261;-0.03836727;0.7735443;2.1284795
1521665457274;-0.09539986;0.8161621;2.1896977
1521665457281;-0.10278511;0.8258362;2.2384648
1521665457294;7.8201294E-5;0.8481598;2.1459966
1521665457299;0.10231018;0.7567291;2.2272344
1521665457325;0.64151;0.60632324;3.3238533
1521665457335;0.6372528;0.7652588;3.6199348
1521665457343;0.53852844;0.9567566;3.9477546
1521665457360;0.107666016;0.7630615;4.146242
1521665457383;-0.123342514;0.18208313;3.0671394
1521665457395;0.022016525;0.0032920837;3.1071174
1521665457402;0.2918167;0.0049932003;3.2828987
1521665457422;0.43681335;0.20415115;3.4837654
1521665457435;0.10845566;0.5884552;4.387209
1521665457442;-0.061844826;0.3167343;4.1940937
1521665457455;0.47966766;-0.58358765;3.6387336
1521665457462;0.54174805;-1.3741455;3.1351326
1521665457475;0.3070755;-1.7514038;2.6323247
1521665457482;0.032458305;-1.4808655;2.7915044
1521665457495;-0.34951782;-0.5979309;3.4107063
1521665457503;-0.7178192;0.16329193;3.5380256
1521665457525;0.4321823;-1.4025269;2.9613652
1521665457535;1.0814515;-2.694519;2.4387822
1521665457542;1.2076722;-3.1588135;1.940857
1521665457562;-0.5213623;-2.1982422;1.5984803
1521665457581;-1.5702515;-0.5767517;2.9498906
1521665457595;-1.5554199;-0.91741943;3.2061164
1521665457602;-0.8623047;-1.895874;3.0741584
1521665457622;0.5887146;-4.8862305;1.784607
1521665457634;0.027646542;-4.5112305;0.90138245
1521665457641;-0.65060425;-4.032715;1.3639833
1521665457654;-1.5177002;-2.8878784;2.544129
1521665457661;-2.671875;-1.4977722;3.2724006
1521665457674;-3.1571655;-0.97428894;3.465943
1521665457680;-3.5125732;-0.8444061;3.4003913
1521665457694;-2.4973755;-3.7388916;1.8637697
1521665457700;-1.7187195;-5.567871;1.1723634
1521665457721;-1.1796265;-6.548706;0.34064484
1521665457735;-2.41156;-4.5429688;0.70581055
1521665457742;-3.8163452;-2.3460693;1.5285035
1521665457763;-4.925415;-0.04646206;3.2807014
1521665457782;-4.343628;-2.5652466;2.813477
1521665457803;-2.3348389;-6.5722656;0.4781723
1521665457821;-2.1827393;-6.0281982;-0.25817108
1521665457835;-3.6951294;-2.3655396;2.6231694
1521665457841;-4.41687;-0.54714966;3.8995368
1521665457855;-4.9870605;0.46904755;4.0063496
1521665457862;-5.3530273;0.55519104;3.5673225
1521665457875;-5.2886963;-0.3416748;2.4588017
1521665457882;-4.142578;-2.8183594;1.6712343
1521665457895;-2.4883423;-5.395996;1.4457704
1521665457903;-2.0449219;-5.8188477;0.65618896
1521665457920;-3.5582275;-0.41937256;2.1933599
1521665457934;-4.027466;0.78889465;2.9058232
1521665457940;-4.244629;1.168274;2.818543
1521665457954;-4.0126953;0.57510376;1.7865907
1521665457960;-2.7903442;-1.9125061;1.3808595
1521665457974;-1.059021;-4.800659;1.4552919
1521665457981;-0.773468;-5.227051;-0.45384216
1521665457994;-1.5751038;-3.1378784;-1.2949219
1521665458000;-2.2735596;-0.83843994;-0.12877274
1521665458022;-2.7141113;0.5172882;1.6281129
1521665458026;-3.3529663;1.1752931;2.8292851
1521665458043;-3.3879395;0.36636353;2.2130132
1521665458064;-1.7018127;-3.5061035;-0.358078
1521665458074;-2.7731323;-10.564453;2.476563
1521665458080;-3.4935303;-9.644775;2.6926885
1521665458094;-4.1103516;-8.649658;4.1763935
1521665458102;-4.813965;-7.598633;4.9439716
1521665458123;-5.211914;-6.670532;4.90613
1521665458128;-5.5612793;-6.3259277;4.604616
1521665458143;-5.0567627;-7.1452637;3.948304
1521665458163;-3.1834106;-10.258789;3.8687751
1521665458174;-2.6708984;-10.327148;3.0555427
1521665458180;-2.93927;-9.154785;2.9190068
1521665458193;-3.9281616;-7.1363525;3.864991
1521665458200;-4.648926;-5.324463;4.7596455
1521665458224;-5.552368;-3.830017;5.3941674
1521665458235;-5.2008057;-4.175659;4.607668
1521665458242;-4.012207;-5.3125;3.69513
1521665458255;-2.4868774;-7.154175;3.1421516
1521665458262;-1.6149292;-7.973877;2.8580937
1521665458275;-1.7520752;-7.090454;2.8335576
1521665458282;-2.5585938;-5.3118896;3.3593757
1521665458295;-3.2885132;-3.7589722;4.4210224
1521665458302;-3.8327637;-2.9748535;5.171267
1521665458322;-3.010498;-3.4492188;4.793215
1521665458334;-1.8642578;-4.649048;3.9156501
1521665458340;-0.9617462;-5.6845703;3.0670173
1521665458354;-0.5840149;-6.0273438;2.0525517
1521665458360;-0.9767456;-5.5264893;1.9748842
1521665458381;-2.5667114;-4.2543945;3.7965095
1521665458394;-2.6078491;-4.682251;3.721131
1521665458400;-2.1222534;-5.7581787;3.4615486
1521665458422;-1.3362427;-6.883789;2.559876
1521665458434;-1.5344238;-6.2999268;1.585663
1521665458442;-2.1889038;-5.739868;1.526642
1521665458455;-2.6640625;-5.7719727;2.1418462
1521665458462;-2.9033813;-5.8830566;2.8814702
1521665458475;-2.7999268;-6.4119873;3.5044563
1521665458482;-2.1686401;-6.675659;3.5710456
1521665458495;-1.917572;-6.3428955;4.079958
1521665458502;-1.9003296;-5.755615;4.340334
1521665458521;-1.8976135;-4.7337646;3.385926
1521665458535;-1.7870483;-4.623291;1.7283937
1521665458542;-1.6958008;-4.998291;0.8667908
1521665458555;-1.7114868;-5.4278564;1.305359
1521665458562;-1.6514587;-5.58374;2.0922246
1521665458583;-1.8671265;-5.3310547;4.2771015
1521665458603;-0.9743042;-2.1757812;3.0708625
1521665458625;0.40024567;-3.4556885;0.44019318
1521665458643;-0.42235565;-2.1837158;2.2346196
1521665458662;-0.9619446;-0.7049713;4.1256123
1521665458682;-0.490448;-1.6853333;5.4707055
1521665458694;0.41529846;-2.189331;4.8729267
1521665458701;0.95954895;-2.1825562;3.865235
1521665458722;1.2942506;-2.1708374;1.8260804
1521665458728;1.6196901;-2.0942993;0.21573257
1521665458743;0.5921936;-0.5009155;1.5980836
1521665458763;0.052609444;0.19961166;3.6435554
1521665458783;0.5058899;-0.41949463;4.55237
1521665458803;1.2561342;-0.06476021;3.3726814
1521665458822;1.7700502;-0.022584915;2.8698125
1521665458826;1.8896791;0.7742157;1.6542665
1521665458841;1.3359376;1.54068;3.132325
1521665458855;1.5327455;0.95248413;4.2757587
1521665458862;1.7066041;0.96180725;4.3120136
1521665458884;1.7997133;1.2864686;3.5863044
1521665458895;1.6526185;2.3107305;3.1804206
1521665458903;1.6023866;3.1518562;3.3126228
1521665458923;1.1374208;3.417115;3.7861946
1521665458928;1.4293519;3.405152;3.757447
1521665458942;3.1626594;0.84194946;2.5729375
1521665458963;2.8188481;1.4803468;2.315003
1521665458983;0.2461319;4.536379;2.9057622
1521665458995;0.02615738;5.3597436;3.519593
1521665459001;0.802124;5.292483;3.736512
1521665459023;2.8971562;3.3697517;4.0284443
1521665459035;3.1337898;2.7657475;3.8628547
1521665459042;2.6447148;2.4353642;3.399598
1521665459055;0.55667114;3.4113777;3.6544807
1521665459062;-0.20905685;3.9182746;3.712464
1521665459075;0.16640472;3.8502815;3.58368
1521665459082;1.2470399;3.2744758;3.9940803
1521665459095;2.1030278;2.825623;3.8001716
1521665459102;2.4719853;3.0049446;3.4075325
1521665459123;1.1137086;4.168459;2.8548589
1521665459134;0.47389984;4.430788;3.3005989
1521665459143;0.26679993;4.6955585;3.887452
1521665459163;1.8238221;3.8316658;3.9660041
1521665459183;2.200379;2.9255986;3.3766487
1521665459194;1.4332582;3.180848;3.181214
1521665459203;0.9490509;3.3576667;3.707093
1521665459224;1.0359803;2.8336186;3.8417366
1521665459243;1.7263185;1.7873536;2.9284673
1521665459263;0.99975586;1.92865;2.7520146
1521665459283;1.0139467;1.8993531;2.934815
1521665459304;1.0879823;1.3246766;2.2756963
1521665459323;0.5851288;1.2495729;2.0349126
1521665459326;0.4056778;1.2998353;2.1090703
1521665459343;0.81851196;1.204712;2.5400395
1521665459355;0.9815674;1.1425782;2.4676518
1521665459362;0.95344543;1.18808;2.3005986
1521665459375;0.85165405;0.85661316;2.1770024
1521665459381;0.6042328;0.9152069;1.9540712
1521665459394;0.33680725;1.1252748;1.8877565
1521665459401;0.376976;0.8697052;1.8421022
1521665459423;0.61351013;0.41049957;1.5196534
1521665459435;0.50942993;0.48025513;1.6905519
1521665459442;0.11281586;0.54133606;1.4652406
1521665459455;0.05645752;0.56874084;1.6646425
1521665459462;-0.15704346;0.525589;1.7109376
1521665459475;-0.21940613;0.17788696;1.6448365
1521665459483;0.015003204;-0.44837952;1.4352723
1521665459502;-0.36141205;-0.99458313;1.1297609
1521665459522;-0.61439514;-0.7917938;1.1317445
1521665459527;-1.152771;-0.3778305;1.2753297
1521665459542;-1.5264893;0.3396454;1.3020936
1521665459555;-1.0762329;-0.25897217;0.8099365
1521665459562;-0.15604782;-1.3304749;0.9459381
1521665459584;-0.09994888;-1.2974243;0.9881439
1521665459603;-1.0308838;-0.4694214;1.6202089
1521665459624;-1.8069763;0.4865799;1.581421
1521665459635;-1.5819397;0.25730133;1.4438173
1521665459642;-0.85939026;-0.30712128;0.79611206
1521665459662;1.1327821;-1.7064819;1.2667543
1521665459682;-0.4836502;-0.73361206;0.98101807
1521665459695;-1.6564636;0.21457672;1.3926088
1521665459702;-2.2467651;0.95129395;1.8639222
1521665459724;-1.8986816;1.2431642;1.5350038
1521665459743;0.83314514;-1.6245422;0.74479675
1521665459755;0.21556091;-1.4926758;0.4223938
1521665459762;-0.80093384;-0.84742737;0.50675964
1521665459775;-2.0508423;0.17115402;1.1298524
1521665459783;-3.0964355;1.1995546;1.5897523
1521665459803;-2.77948;2.7703252;1.8541566
1521665459825;0.99446106;-0.7695923;1.964142
1521665459843;1.6049501;-2.770813;-0.668396
1521665459864;-1.2115479;-0.8260498;-0.66452026
1521665459875;-2.5648804;0.97216797;0.21276474
1521665459882;-2.87146;2.5710454;1.0013124
1521665459897;-2.1993408;3.32013;2.2830815
1521665459907;-0.5326233;2.6566167;3.3748176
1521665459923;3.4348762;-2.168213;2.0678716
1521665459941;2.6851811;-3.1194458;-0.33861542
1521665459946;0.83384705;-2.7122803;-1.5127258
1521665459965;-2.2852783;1.3776857;2.6288457
1521665459984;0.72406006;0.8678589;4.691164
1521665460004;3.9973152;-3.2350464;1.2877504
1521665460025;0.7939148;-2.6384277;-0.73239136
1521665460042;-1.7638855;0.3536148;2.1965947
1521665460062;-1.6328735;2.4876714;3.4943244
1521665460082;0.8088684;-0.21060944;3.7267463
1521665460095;2.0868535;-2.7664795;2.4197392
1521665460102;2.124024;-4.272217;0.21260452
1521665460123;1.3002931;-4.130127;-0.60661316
1521665460129;0.26898956;-3.3189697;0.74053955
1521665460139;-0.7582245;-1.8462219;2.3179326
1521665460146;-0.9820099;-0.41896057;3.7774665
1521665460164;-0.87501526;2.1531987;4.09009
1521665460184;0.32318115;0.8984833;1.6124879
1521665460204;0.44576263;-1.2199707;0.7239685
1521665460223;0.8596802;-2.0964966;2.8402104
1521665460243;1.0036317;-1.0933838;2.9480596
1521665460263;1.0304567;0.026142597;1.943268
1521665460283;1.021576;-0.46715546;0.8013153
1521665460303;0.67878723;-0.20410538;2.6973882
1521665460323;0.059181213;0.12079811;3.0542
1521665460343;0.13497162;-0.8619995;2.1376958
1521665460363;4.0961933;2.3808599;3.496949
1521665460381;4.5274677;2.223023;5.1457543
1521665460387;4.046877;3.0020149;5.714968
1521665460445;3.8186042;2.8813481;4.9229755
1521665460454;4.095705;3.5467536;3.5921028
1521665460463;2.613709;3.7448738;4.765627
1521665460475;2.9085088;2.6532598;5.3941674
1521665460495;2.7401128;1.9381715;5.168093
1521665460502;2.17804;1.2807313;4.2976093
1521665460524;1.654358;1.6279298;4.1713886
1521665460535;0.9095001;4.0253925;5.1007104
1521665460543;0.69873047;5.162356;5.51697
1521665460555;0.8665619;5.3039575;6.0827665
1521665460562;1.6391298;4.246828;4.745241
1521665460582;2.0681157;3.1647956;4.4073505
1521665460595;2.0085454;2.8037114;4.745363
1521665460605;1.9308778;2.7251592;4.918459
1521665460629;1.1141053;2.841065;4.804323
1521665460645;-1.3928528;2.7667851;5.917727
1521665460650;-1.4352417;2.5556645;3.3602912
1521665460664;-1.48703;3.0181282;2.1395268
1521665460668;-1.6218872;3.5241096;1.8864442
1521665460684;-1.1850281;3.2806404;2.6565557
1521665460689;-1.0059814;2.9545903;3.4993904
1521665460703;-0.69869995;3.1386726;3.6379402
1521665460708;-0.44835663;3.2474983;3.4334724
1521665460748;0.78900146;2.5487065;3.774781
1521665460757;0.6422577;2.7601933;3.2212532
1521665460771;0.5190735;2.8731694;1.9783021
1521665460783;0.25846863;2.6809697;1.2971803
1521665460788;-0.30234528;2.351624;1.1919252
1521665460804;-1.2167358;2.0088506;1.7471315
1521665460809;-1.3685303;2.0162358;1.7693788
1521665460823;-1.0952148;2.0092168;2.5554814
1521665460843;-0.44550323;1.9319764;2.3766484
1521665460863;0.4776535;1.3655397;1.2004396
1521665460882;-0.4713211;1.8211976;1.7453309
1521665460895;-0.62908936;1.8536378;3.1806037
1521665460935;-0.45085144;2.0717168;3.1663215
