1521665717404;4.5;33.100002;-1.8000001;-2.4;21.6;-20.800001
1521665717424;4.5;33.2;-1.9;-2.4;21.6;-20.800001
1521665717444;4.5;33.3;-2.0;-2.4;21.6;-20.800001
1521665717465;4.5;33.3;-2.1000001;-2.4;21.6;-20.800001
1521665717474;4.5;33.4;-2.2;-2.4;21.6;-20.800001
1521665717494;4.4;33.5;-2.2;-2.4;21.6;-20.800001
1521665717504;4.4;33.5;-2.3;-2.4;21.6;-20.800001
1521665717514;4.4;33.5;-2.4;-2.4;21.6;-20.800001
1521665717526;4.4;33.4;-2.3;-2.4;21.6;-20.800001
1521665717535;4.3;33.5;-2.3;-2.4;21.6;-20.800001
1521665717545;4.3;33.5;-2.2;-2.4;21.6;-20.800001
1521665717555;4.2000003;33.5;-2.2;-2.4;21.6;-20.800001
1521665717564;4.2000003;33.5;-2.1000001;-2.4;21.6;-20.800001
1521665717575;4.1;33.5;-2.2;-2.4;21.6;-20.800001
1521665717674;4.2000003;33.5;-2.2;-2.4;21.6;-20.800001
1521665717686;4.1;33.5;-2.2;-2.4;21.6;-20.800001
1521665717696;4.2000003;33.4;-2.2;-2.4;21.6;-20.800001
1521665717716;4.1;33.4;-2.2;-2.4;21.6;-20.800001
1521665717724;4.1;33.5;-2.2;-2.4;21.6;-20.800001
1521665717735;4.1;33.5;-2.1000001;-2.4;21.6;-20.800001
1521665717745;4.0;33.5;-2.1000001;-2.4;21.6;-20.800001
1521665717765;4.0;33.5;-2.2;-2.4;21.6;-20.800001
1521665717785;4.1;33.5;-2.3;-2.4;21.6;-20.800001
1521665717795;4.1;33.4;-2.3;-2.4;21.6;-20.800001
1521665717809;4.2000003;33.4;-2.3;-2.4;21.6;-20.800001
1521665717824;4.1;33.5;-2.3;-2.4;21.6;-20.800001
1521665717834;4.1;33.5;-2.4;-2.4;21.6;-20.800001
1521665717844;4.0;33.600002;-2.4;-2.4;21.6;-20.800001
1521665717855;4.0;33.7;-2.4;-2.4;21.6;-20.800001
1521665717864;4.0;33.7;-2.3;-2.4;21.6;-20.800001
1521665717874;3.9;33.7;-2.2;-2.4;21.6;-20.800001
1521665717886;3.9;33.8;-2.2;-2.4;21.6;-20.800001
1521665717905;3.8;33.9;-2.1000001;-2.4;21.6;-20.800001
1521665717924;3.7;34.0;-2.0;-2.4;21.6;-20.800001
1521665717964;3.6000001;34.100002;-1.9;-2.4;21.6;-20.800001
1521665717974;3.5;34.100002;-1.9;-2.4;21.6;-20.800001
1521665717986;3.5;34.2;-1.8000001;-2.4;21.6;-20.800001
1521665718005;3.4;34.3;-1.7;-2.4;21.6;-20.800001
1521665718015;3.4;34.3;-1.6;-2.4;21.6;-20.800001
1521665718024;3.4;34.4;-1.5;-2.4;21.6;-20.800001
1521665718035;3.4;34.4;-1.6;-2.4;21.6;-20.800001
1521665718046;3.4;34.4;-1.5;-2.4;21.6;-20.800001
1521665718057;3.3;34.5;-1.4;-2.4;21.6;-20.800001
1521665718065;3.3;34.5;-1.3000001;-2.4;21.6;-20.800001
1521665718074;3.2;34.600002;-1.2;-2.4;21.6;-20.800001
1521665718084;3.2;34.600002;-1.1;-2.4;21.6;-20.800001
1521665718095;3.1000001;34.7;-1.1;-2.4;21.6;-20.800001
1521665718104;3.1000001;34.8;-1.1;-2.4;21.6;-20.800001
1521665718115;3.0;34.8;-1.1;-2.4;21.6;-20.800001
1521665718124;3.1000001;34.8;-1.1;-2.4;21.6;-20.800001
1521665718144;3.1000001;34.8;-1.0;-2.4;21.6;-20.800001
1521665718175;3.1000001;34.7;-1.1;-2.4;21.6;-20.800001
1521665718236;3.2;34.600002;-1.1;-2.4;21.6;-20.800001
1521665718249;3.2;34.600002;-1.0;-2.4;21.6;-20.800001
1521665718256;3.2;34.7;-1.0;-2.4;21.6;-20.800001
1521665718264;3.3;34.7;-1.0;-2.4;21.6;-20.800001
1521665718284;3.3;34.600002;-1.0;-2.4;21.6;-20.800001
1521665718305;3.3;34.7;-1.0;-2.4;21.6;-20.800001
1521665718314;3.3;34.600002;-1.0;-2.4;21.6;-20.800001
1521665718355;3.4;34.7;-0.90000004;-2.4;21.6;-20.800001
1521665718377;3.4;34.7;-0.8;-2.4;21.6;-20.800001
1521665718395;3.5;34.7;-0.8;-2.4;21.6;-20.800001
1521665718414;3.5;34.600002;-0.7;-2.4;21.6;-20.800001
1521665718515;3.6000001;34.3;-0.3;-2.4;21.6;-20.800001
1521665718535;3.5;34.2;-0.2;-2.4;21.6;-20.800001
1521665718545;3.5;34.2;-0.1;-2.4;21.6;-20.800001
1521665718554;3.5;34.100002;-0.1;-2.4;21.6;-20.800001
1521665718565;3.4;34.100002;-0.1;-2.4;21.6;-20.800001
1521665718588;3.4;34.0;0.1;-2.4;21.6;-20.800001
1521665718594;3.3;33.9;0.1;-2.4;21.6;-20.800001
1521665718606;3.2;33.9;0.2;-2.4;21.6;-20.800001
1521665718614;3.2;33.8;0.4;-2.4;21.6;-20.800001
1521665718624;3.1000001;33.7;0.4;-2.4;21.6;-20.800001
1521665718634;3.0;33.600002;0.4;-2.4;21.6;-20.800001
1521665718648;2.9;33.5;0.5;-2.4;21.6;-20.800001
1521665718656;2.8;33.5;0.7;-2.4;21.6;-20.800001
1521665718665;2.7;33.4;0.8;-2.4;21.6;-20.800001
1521665718674;2.5;33.3;0.8;-2.4;21.6;-20.800001
1521665718684;2.4;33.2;0.90000004;-2.4;21.6;-20.800001
1521665718694;2.3;33.100002;1.1;-2.4;21.6;-20.800001
1521665718704;2.1000001;33.100002;1.2;-2.4;21.6;-20.800001
1521665718714;2.0;33.0;1.3000001;-2.4;21.6;-20.800001
1521665718725;1.8000001;32.9;1.4;-2.4;21.6;-20.800001
1521665718734;1.7;32.9;1.6;-2.4;21.6;-20.800001
1521665718744;1.5;32.8;1.6;-2.4;21.6;-20.800001
1521665718754;1.3000001;32.7;1.7;-2.4;21.6;-20.800001
1521665718765;1.1;32.600002;1.9;-2.4;21.6;-20.800001
1521665718775;1.0;32.5;2.0;-2.4;21.6;-20.800001
1521665718786;0.8;32.4;2.1000001;-2.4;21.6;-20.800001
1521665718794;0.6;32.3;2.3;-2.4;21.6;-20.800001
1521665718804;0.5;32.3;2.4;-2.4;21.6;-20.800001
1521665718815;0.3;32.2;2.6000001;-2.4;21.6;-20.800001
1521665718825;0.1;32.100002;2.7;-2.4;21.6;-20.800001
1521665718835;0.0;32.0;2.7;-2.4;21.6;-20.800001
1521665718845;-0.2;31.9;2.9;-2.4;21.6;-20.800001
1521665718854;-0.3;31.800001;2.9;-2.4;21.6;-20.800001
1521665718864;-0.4;31.7;3.0;-2.4;21.6;-20.800001
1521665718874;-0.5;31.6;3.1000001;-2.4;21.6;-20.800001
1521665718884;-0.6;31.6;3.2;-2.4;21.6;-20.800001
1521665718894;-0.7;31.5;3.2;-2.4;21.6;-20.800001
1521665718905;-0.7;31.4;3.3;-2.4;21.6;-20.800001
1521665718914;-0.8;31.300001;3.3;-2.4;21.6;-20.800001
1521665718925;-0.90000004;31.300001;3.4;-2.4;21.6;-20.800001
1521665718934;-0.90000004;31.2;3.3;-2.4;21.6;-20.800001
1521665718944;-0.90000004;31.1;3.4;-2.4;21.6;-20.800001
1521665718954;-0.8;31.1;3.4;-2.4;21.6;-20.800001
1521665718966;-0.8;31.0;3.4;-2.4;21.6;-20.800001
1521665718975;-0.8;30.9;3.5;-2.4;21.6;-20.800001
1521665718985;-0.7;30.9;3.6000001;-2.4;21.6;-20.800001
1521665718994;-0.6;30.9;3.5;-2.4;21.6;-20.800001
1521665719004;-0.6;30.800001;3.5;-2.4;21.6;-20.800001
1521665719014;-0.5;30.7;3.5;-2.4;21.6;-20.800001
1521665719025;-0.3;30.7;3.4;-2.4;21.6;-20.800001
1521665719035;-0.2;30.7;3.4;-2.4;21.6;-20.800001
1521665719047;-0.1;30.6;3.5;-2.4;21.6;-20.800001
1521665719055;0.1;30.6;3.5;-2.4;21.6;-20.800001
1521665719065;0.2;30.6;3.5;-2.4;21.6;-20.800001
1521665719075;0.4;30.6;3.5;-2.4;21.6;-20.800001
1521665719086;0.6;30.5;3.4;-2.4;21.6;-20.800001
1521665719095;0.7;30.5;3.4;-2.4;21.6;-20.800001
1521665719110;0.90000004;30.5;3.4;-2.4;21.6;-20.800001
1521665719118;1.1;30.5;3.3;-2.4;21.6;-20.800001
1521665719125;1.3000001;30.5;3.2;-2.4;21.6;-20.800001
1521665719134;1.5;30.5;3.2;-2.4;21.6;-20.800001
1521665719146;1.8000001;30.5;3.0;-2.4;21.6;-20.800001
1521665719154;2.0;30.4;2.9;-2.4;21.6;-20.800001
1521665719165;2.2;30.5;2.8;-2.4;21.6;-20.800001
1521665719174;2.3;30.5;2.8;-2.4;21.6;-20.800001
1521665719184;2.5;30.5;2.7;-2.4;21.6;-20.800001
1521665719195;2.7;30.5;2.5;-2.4;21.6;-20.800001
1521665719205;2.9;30.5;2.4;-2.4;21.6;-20.800001
1521665719214;3.1000001;30.6;2.2;-2.4;21.6;-20.800001
1521665719225;3.4;30.6;2.1000001;-2.4;21.6;-20.800001
1521665719235;3.5;30.7;1.9;-2.4;21.6;-20.800001
1521665719246;3.7;30.7;1.7;-2.4;21.6;-20.800001
1521665719256;3.9;30.800001;1.6;-2.4;21.6;-20.800001
1521665719275;4.2000003;30.9;1.3000001;-2.4;21.6;-20.800001
1521665719285;4.3;31.0;1.1;-2.4;21.6;-20.800001
1521665719294;4.4;31.1;1.0;-2.4;21.6;-20.800001
1521665719304;4.5;31.2;0.8;-2.4;21.6;-20.800001
1521665719354;5.2000003;31.9;0.0;-2.4;21.6;-20.800001
1521665719365;5.4;32.100002;-0.3;-2.4;21.6;-20.800001
1521665719374;5.5;32.2;-0.5;-2.4;21.6;-20.800001
1521665719385;5.6;32.4;-0.7;-2.4;21.6;-20.800001
1521665719394;5.8;32.600002;-1.0;-2.4;21.6;-20.800001
1521665719404;5.9;32.8;-1.2;-2.4;21.6;-20.800001
1521665719414;6.1;33.0;-1.5;-2.4;21.6;-20.800001
1521665719424;6.2000003;33.2;-1.7;-2.4;21.6;-20.800001
1521665719434;6.3;33.4;-1.9;-2.4;21.6;-20.800001
1521665719446;6.5;33.8;-2.2;-2.4;21.6;-20.800001
1521665719456;6.7000003;34.2;-2.7;-2.4;21.6;-20.800001
1521665719464;6.9;34.600002;-3.4;-2.4;21.6;-20.800001
1521665719475;7.1;34.9;-3.8;-2.4;21.6;-20.800001
1521665719486;7.2000003;35.0;-4.0;-2.4;21.6;-20.800001
1521665719496;7.6;35.3;-4.3;-2.4;21.6;-20.800001
1521665719509;7.8;35.5;-4.9;-2.4;21.6;-20.800001
1521665719515;7.7000003;36.0;-5.2000003;-2.4;21.6;-20.800001
1521665719524;8.0;35.9;-5.5;-2.4;21.6;-20.800001
1521665719535;8.1;36.2;-6.0;-2.4;21.6;-20.800001
1521665719546;8.1;36.3;-6.5;-2.4;21.6;-20.800001
1521665719555;9.2;35.8;-7.5;-2.4;21.6;-20.800001
1521665719565;9.3;35.9;-7.3;-2.4;21.6;-20.800001
1521665719576;8.900001;36.2;-7.1;-2.4;21.6;-20.800001
1521665719586;8.900001;36.4;-7.3;-2.4;21.6;-20.800001
1521665719596;9.3;35.9;-8.0;-2.4;21.6;-20.800001
1521665719606;9.2;36.0;-8.1;-2.4;21.6;-20.800001
1521665719615;9.5;36.100002;-8.3;-2.4;21.6;-20.800001
1521665719626;9.6;36.100002;-7.9;-2.4;21.6;-20.800001
1521665719635;9.6;36.2;-8.0;-2.4;21.6;-20.800001
1521665719645;9.400001;36.3;-8.3;-2.4;21.6;-20.800001
1521665719654;9.400001;36.4;-8.3;-2.4;21.6;-20.800001
1521665719667;9.6;36.5;-8.5;-2.4;21.6;-20.800001
1521665719676;9.7;36.5;-8.7;-2.4;21.6;-20.800001
1521665719686;9.8;36.5;-8.900001;-2.4;21.6;-20.800001
1521665719696;9.8;36.600002;-9.1;-2.4;21.6;-20.800001
1521665719708;9.900001;36.600002;-9.400001;-2.4;21.6;-20.800001
1521665719716;10.0;36.5;-9.6;-2.4;21.6;-20.800001
1521665719726;10.1;36.5;-9.8;-2.4;21.6;-20.800001
1521665719735;10.2;36.4;-9.900001;-2.4;21.6;-20.800001
1521665719761;10.2;36.3;-10.3;-2.4;21.6;-20.800001
1521665719766;10.3;36.2;-10.400001;-2.4;21.6;-20.800001
1521665719775;10.400001;36.100002;-10.400001;-2.4;21.6;-20.800001
1521665719784;10.400001;36.100002;-10.3;-2.4;21.6;-20.800001
1521665719795;10.400001;36.0;-10.3;-2.4;21.6;-20.800001
1521665719805;10.5;35.9;-10.3;-2.4;21.6;-20.800001
1521665719814;10.6;35.8;-10.3;-2.4;21.6;-20.800001
1521665719826;10.6;35.7;-10.3;-2.4;21.6;-20.800001
1521665719836;10.6;35.600002;-10.2;-2.4;21.6;-20.800001
1521665719866;10.6;35.4;-9.900001;-2.4;21.6;-20.800001
1521665719874;10.6;35.3;-9.8;-2.4;21.6;-20.800001
1521665719885;10.6;35.2;-9.6;-2.4;21.6;-20.800001
1521665719895;10.5;35.2;-9.400001;-2.4;21.6;-20.800001
1521665719906;10.5;35.100002;-9.3;-2.4;21.6;-20.800001
1521665719915;10.400001;35.100002;-9.1;-2.4;21.6;-20.800001
1521665719926;10.400001;35.0;-9.0;-2.4;21.6;-20.800001
1521665719936;10.3;35.0;-8.900001;-2.4;21.6;-20.800001
1521665719945;10.3;34.9;-8.8;-2.4;21.6;-20.800001
1521665719955;10.3;34.8;-8.7;-2.4;21.6;-20.800001
1521665719964;10.3;34.8;-8.5;-2.4;21.6;-20.800001
1521665719976;10.3;34.7;-8.400001;-2.4;21.6;-20.800001
1521665719986;10.3;34.600002;-8.400001;-2.4;21.6;-20.800001
1521665719994;10.3;34.5;-8.3;-2.4;21.6;-20.800001
1521665720005;10.3;34.4;-8.1;-2.4;21.6;-20.800001
1521665720016;10.3;34.3;-8.0;-2.4;21.6;-20.800001
1521665720024;10.3;34.3;-7.8;-2.4;21.6;-20.800001
1521665720036;10.2;34.2;-7.7000003;-2.4;21.6;-20.800001
1521665720047;10.2;34.2;-7.6;-2.4;21.6;-20.800001
1521665720055;10.2;34.100002;-7.5;-2.4;21.6;-20.800001
1521665720076;10.2;34.0;-7.4;-2.4;21.6;-20.800001
1521665720083;10.2;34.0;-7.5;-2.4;21.6;-20.800001
1521665720095;10.2;33.9;-7.5;-2.4;21.6;-20.800001
1521665720105;10.2;33.8;-7.5;-2.4;21.6;-20.800001
1521665720124;10.2;33.7;-7.5;-2.4;21.6;-20.800001
1521665720144;10.2;33.7;-7.6;-2.4;21.6;-20.800001
1521665720157;10.2;33.600002;-7.6;-2.4;21.6;-20.800001
1521665720164;10.3;33.600002;-7.5;-2.4;21.6;-20.800001
1521665720176;10.3;33.5;-7.6;-2.4;21.6;-20.800001
1521665720184;10.400001;33.5;-7.6;-2.4;21.6;-20.800001
1521665720203;10.5;33.4;-7.7000003;-2.4;21.6;-20.800001
1521665720226;10.6;33.4;-7.7000003;-2.4;21.6;-20.800001
1521665720233;10.6;33.3;-7.7000003;-2.4;21.6;-20.800001
1521665720256;10.6;33.3;-7.8;-2.4;21.6;-20.800001
1521665720263;10.6;33.3;-7.7000003;-2.4;21.6;-20.800001
1521665720273;10.6;33.3;-7.8;-2.4;21.6;-20.800001
1521665720284;10.7;33.3;-7.8;-2.4;21.6;-20.800001
1521665720293;10.7;33.2;-7.8;-2.4;21.6;-20.800001
1521665720304;10.8;33.2;-7.9;-2.4;21.6;-20.800001
1521665720323;10.8;33.100002;-7.9;-2.4;21.6;-20.800001
1521665720334;10.8;33.100002;-8.0;-2.4;21.6;-20.800001
1521665720344;10.900001;33.100002;-8.0;-2.4;21.6;-20.800001
1521665720354;10.900001;33.0;-8.0;-2.4;21.6;-20.800001
1521665720384;11.0;33.0;-8.0;-2.4;21.6;-20.800001
1521665720394;11.0;33.0;-7.9;-2.4;21.6;-20.800001
1521665720414;10.900001;33.0;-7.9;-2.4;21.6;-20.800001
1521665720434;10.900001;32.9;-7.9;-2.4;21.6;-20.800001
1521665720494;10.900001;32.9;-8.0;-2.4;21.6;-20.800001
1521665720504;10.8;32.9;-7.9;-2.4;21.6;-20.800001
1521665720514;10.7;33.0;-7.8;-2.4;21.6;-20.800001
1521665720554;10.7;33.0;-7.7000003;-2.4;21.6;-20.800001
1521665720565;10.6;33.0;-7.8;-2.4;21.6;-20.800001
1521665720574;10.7;33.0;-7.7000003;-2.4;21.6;-20.800001
1521665720586;10.6;33.0;-7.7000003;-2.4;21.6;-20.800001
1521665720604;10.5;33.0;-7.7000003;-2.4;21.6;-20.800001
1521665720614;10.400001;33.100002;-7.6;-2.4;21.6;-20.800001
1521665720624;10.400001;33.100002;-7.5;-2.4;21.6;-20.800001
1521665720646;10.400001;33.100002;-7.4;-2.4;21.6;-20.800001
1521665720654;10.400001;33.2;-7.4;-2.4;21.6;-20.800001
1521665720674;10.3;33.2;-7.4;-2.4;21.6;-20.800001
1521665720694;10.3;33.2;-7.5;-2.4;21.6;-20.800001
1521665720705;10.3;33.2;-7.4;-2.4;21.6;-20.800001
1521665720714;10.3;33.3;-7.4;-2.4;21.6;-20.800001
1521665720724;10.2;33.3;-7.4;-2.4;21.6;-20.800001
1521665720734;10.2;33.3;-7.3;-2.4;21.6;-20.800001
1521665720743;10.2;33.3;-7.4;-2.4;21.6;-20.800001
1521665720754;10.2;33.4;-7.3;-2.4;21.6;-20.800001
1521665720765;10.2;33.4;-7.2000003;-2.4;21.6;-20.800001
1521665720774;10.1;33.4;-7.2000003;-2.4;21.6;-20.800001
1521665720784;10.1;33.4;-7.3;-2.4;21.6;-20.800001
1521665720794;10.1;33.4;-7.2000003;-2.4;21.6;-20.800001
1521665720825;10.1;33.4;-7.1;-2.4;21.6;-20.800001
1521665720844;10.1;33.5;-7.1;-2.4;21.6;-20.800001
1521665720854;10.0;33.4;-7.1;-2.4;21.6;-20.800001
1521665720864;10.1;33.5;-7.1;-2.4;21.6;-20.800001
1521665720874;10.0;33.5;-7.0;-2.4;21.6;-20.800001
1521665720895;10.0;33.5;-6.9;-2.4;21.6;-20.800001
1521665720924;10.0;33.5;-7.0;-2.4;21.6;-20.800001
1521665720934;9.900001;33.5;-7.0;-2.4;21.6;-20.800001
1521665720945;9.900001;33.5;-6.9;-2.4;21.6;-20.800001
1521665720954;9.900001;33.5;-7.0;-2.4;21.6;-20.800001
1521665720964;9.900001;33.5;-6.9;-2.4;21.6;-20.800001
1521665720984;9.900001;33.5;-6.8;-2.4;21.6;-20.800001
1521665721014;9.900001;33.5;-6.7000003;-2.4;21.6;-20.800001
1521665721024;9.900001;33.4;-6.8;-2.4;21.6;-20.800001
1521665721034;9.8;33.4;-6.7000003;-2.4;21.6;-20.800001
1521665721054;9.900001;33.4;-6.7000003;-2.4;21.6;-20.800001
1521665721074;9.8;33.4;-6.7000003;-2.4;21.6;-20.800001
1521665721084;9.8;33.3;-6.6;-2.4;21.6;-20.800001
1521665721094;9.8;33.3;-6.7000003;-2.4;21.6;-20.800001
1521665721114;9.8;33.2;-6.8;-2.4;21.6;-20.800001
1521665721134;9.8;33.2;-6.7000003;-2.4;21.6;-20.800001
1521665721144;9.8;33.2;-6.6;-2.4;21.6;-20.800001
1521665721164;9.7;33.100002;-6.6;-2.4;21.6;-20.800001
1521665721174;9.7;33.100002;-6.7000003;-2.4;21.6;-20.800001
1521665721185;9.7;33.100002;-6.6;-2.4;21.6;-20.800001
1521665721194;9.7;33.100002;-6.4;-2.4;21.6;-20.800001
1521665721204;9.7;33.0;-6.4;-2.4;21.6;-20.800001
1521665721214;9.8;32.9;-6.3;-2.4;21.6;-20.800001
1521665721224;9.7;33.0;-6.2000003;-2.4;21.6;-20.800001
1521665721245;9.6;32.9;-6.2000003;-2.4;21.6;-20.800001
1521665721254;9.6;32.9;-6.0;-2.4;21.6;-20.800001
1521665721264;9.5;32.8;-6.0;-2.4;21.6;-20.800001
1521665721274;9.5;32.8;-5.9;-2.4;21.6;-20.800001
1521665721294;9.5;32.7;-5.9;-2.4;21.6;-20.800001
1521665721306;9.5;32.7;-5.8;-2.4;21.6;-20.800001
1521665721314;9.5;32.600002;-5.9;-2.4;21.6;-20.800001
1521665721334;9.400001;32.600002;-5.7000003;-2.4;21.6;-20.800001
1521665721344;9.400001;32.5;-5.6;-2.4;21.6;-20.800001
1521665721354;9.3;32.5;-5.5;-2.4;21.6;-20.800001
1521665721365;9.3;32.4;-5.5;-2.4;21.6;-20.800001
1521665721374;9.3;32.4;-5.3;-2.4;21.6;-20.800001
1521665721384;9.3;32.4;-5.4;-2.4;21.6;-20.800001
1521665721394;9.3;32.3;-5.3;-2.4;21.6;-20.800001
1521665721404;9.3;32.3;-5.2000003;-2.4;21.6;-20.800001
1521665721414;9.3;32.2;-5.1;-2.4;21.6;-20.800001
1521665721424;9.2;32.2;-5.0;-2.4;21.6;-20.800001
1521665721444;9.2;32.100002;-4.9;-2.4;21.6;-20.800001
1521665721454;9.2;32.100002;-4.8;-2.4;21.6;-20.800001
1521665721464;9.1;32.0;-4.8;-2.4;21.6;-20.800001
1521665721473;9.1;32.0;-4.7000003;-2.4;21.6;-20.800001
1521665721494;9.1;31.9;-4.7000003;-2.4;21.6;-20.800001
1521665721504;9.1;31.9;-4.6;-2.4;21.6;-20.800001
1521665721514;9.1;31.800001;-4.6;-2.4;21.6;-20.800001
1521665721545;9.1;31.7;-4.5;-2.4;21.6;-20.800001
1521665721554;9.1;31.7;-4.6;-2.4;21.6;-20.800001
1521665721564;9.0;31.7;-4.5;-2.4;21.6;-20.800001
1521665721574;9.0;31.7;-4.6;-2.4;21.6;-20.800001
1521665721584;9.0;31.6;-4.5;-2.4;21.6;-20.800001
1521665721594;8.900001;31.6;-4.5;-2.4;21.6;-20.800001
1521665721614;8.900001;31.6;-4.4;-2.4;21.6;-20.800001
1521665721624;8.900001;31.5;-4.5;-2.4;21.6;-20.800001
1521665721634;8.900001;31.5;-4.4;-2.4;21.6;-20.800001
1521665721654;8.8;31.5;-4.4;-2.4;21.6;-20.800001
1521665721674;8.7;31.5;-4.6;-2.4;21.6;-20.800001
1521665721684;8.7;31.5;-4.5;-2.4;21.6;-20.800001
1521665721694;8.6;31.5;-4.4;-2.4;21.6;-20.800001
1521665721715;8.5;31.5;-4.4;-2.4;21.6;-20.800001
1521665721725;8.400001;31.4;-4.4;-2.4;21.6;-20.800001
1521665721733;8.400001;31.5;-4.4;-2.4;21.6;-20.800001
1521665721753;8.3;31.5;-4.5;-2.4;21.6;-20.800001
1521665721764;8.3;31.5;-4.4;-2.4;21.6;-20.800001
1521665721774;8.3;31.6;-4.4;-2.4;21.6;-20.800001
1521665721784;8.2;31.6;-4.5;-2.4;21.6;-20.800001
1521665721794;8.1;31.6;-4.4;-2.4;21.6;-20.800001
1521665721804;8.0;31.7;-4.4;-2.4;21.6;-20.800001
1521665721824;7.9;31.7;-4.5;-2.4;21.6;-20.800001
1521665721845;7.8;31.7;-4.5;-2.4;21.6;-20.800001
1521665721864;7.7000003;31.800001;-4.4;-2.4;21.6;-20.800001
1521665721874;7.7000003;31.800001;-4.3;-2.4;21.6;-20.800001
1521665721884;7.6;31.800001;-4.3;-2.4;21.6;-20.800001
1521665721894;7.6;31.9;-4.2000003;-2.4;21.6;-20.800001
1521665721914;7.5;31.9;-4.1;-2.4;21.6;-20.800001
1521665721924;7.4;31.9;-4.1;-2.4;21.6;-20.800001
1521665721954;7.3;31.9;-4.1;-2.4;21.6;-20.800001
1521665721964;7.3;32.0;-4.0;-2.4;21.6;-20.800001
1521665721974;7.2000003;32.0;-4.0;-2.4;21.6;-20.800001
1521665721984;7.2000003;32.0;-3.9;-2.4;21.6;-20.800001
1521665722026;7.1;32.0;-3.9;-2.4;21.6;-20.800001
1521665722044;7.0;32.0;-3.8;-2.4;21.6;-20.800001
1521665722054;6.9;32.0;-3.7;-2.4;21.6;-20.800001
1521665722074;6.9;32.0;-3.6000001;-2.4;21.6;-20.800001
1521665722094;6.8;31.9;-3.6000001;-2.4;21.6;-20.800001
1521665722104;6.8;31.9;-3.5;-2.4;21.6;-20.800001
1521665722124;6.8;31.800001;-3.4;-2.4;21.6;-20.800001
1521665722134;6.7000003;31.800001;-3.4;-2.4;21.6;-20.800001
1521665722145;6.7000003;31.800001;-3.3;-2.4;21.6;-20.800001
1521665722154;6.6;31.800001;-3.3;-2.4;21.6;-20.800001
1521665722164;6.7000003;31.7;-3.2;-2.4;21.6;-20.800001
1521665722174;6.6;31.7;-3.2;-2.4;21.6;-20.800001
1521665722194;6.6;31.6;-3.3;-2.4;21.6;-20.800001
1521665722206;6.6;31.5;-3.2;-2.4;21.6;-20.800001
1521665722214;6.5;31.5;-3.2;-2.4;21.6;-20.800001
1521665722234;6.5;31.4;-3.2;-2.4;21.6;-20.800001
1521665722244;6.4;31.4;-3.2;-2.4;21.6;-20.800001
1521665722254;6.4;31.4;-3.0;-2.4;21.6;-20.800001
1521665722274;6.4;31.300001;-3.0;-2.4;21.6;-20.800001
1521665722285;6.3;31.2;-3.0;-2.4;21.6;-20.800001
1521665722294;6.3;31.2;-2.9;-2.4;21.6;-20.800001
1521665722304;6.3;31.1;-2.9;-2.4;21.6;-20.800001
1521665722314;6.2000003;31.0;-2.8;-2.4;21.6;-20.800001
1521665722325;6.2000003;30.9;-2.8;-2.4;21.6;-20.800001
1521665722348;6.2000003;30.800001;-2.8;-2.4;21.6;-20.800001
1521665722355;6.2000003;30.7;-2.7;-2.4;21.6;-20.800001
1521665722364;6.2000003;30.6;-2.7;-2.4;21.6;-20.800001
1521665722385;6.1;30.5;-2.7;-2.4;21.6;-20.800001
1521665722394;6.1;30.4;-2.6000001;-2.4;21.6;-20.800001
1521665722404;6.1;30.300001;-2.6000001;-2.4;21.6;-20.800001
1521665722414;6.1;30.2;-2.6000001;-2.4;21.6;-20.800001
1521665722424;6.1;30.2;-2.5;-2.4;21.6;-20.800001
1521665722434;6.1;30.1;-2.4;-2.4;21.6;-20.800001
1521665722445;6.1;30.0;-2.4;-2.4;21.6;-20.800001
1521665722454;6.1;30.0;-2.3;-2.4;21.6;-20.800001
1521665722464;6.1;29.9;-2.3;-2.4;21.6;-20.800001
1521665722474;6.0;29.800001;-2.3;-2.4;21.6;-20.800001
1521665722484;6.0;29.800001;-2.2;-2.4;21.6;-20.800001
1521665722494;6.0;29.7;-2.1000001;-2.4;21.6;-20.800001
1521665722505;5.9;29.7;-2.1000001;-2.4;21.6;-20.800001
1521665722524;5.9;29.6;-2.1000001;-2.4;21.6;-20.800001
1521665722534;5.9;29.6;-2.0;-2.4;21.6;-20.800001
1521665722544;5.9;29.5;-1.9;-2.4;21.6;-20.800001
1521665722554;5.8;29.5;-1.9;-2.4;21.6;-20.800001
1521665722566;5.8;29.5;-2.0;-2.4;21.6;-20.800001
1521665722574;5.8;29.4;-1.9;-2.4;21.6;-20.800001
1521665722584;5.8;29.4;-1.8000001;-2.4;21.6;-20.800001
1521665722594;5.7000003;29.4;-1.8000001;-2.4;21.6;-20.800001
1521665722626;5.6;29.4;-1.8000001;-2.4;21.6;-20.800001
1521665722635;5.6;29.5;-1.9;-2.4;21.6;-20.800001
1521665722644;5.6;29.4;-1.9;-2.4;21.6;-20.800001
1521665722654;5.5;29.5;-2.0;-2.4;21.6;-20.800001
1521665722665;5.5;29.6;-1.9;-2.4;21.6;-20.800001
1521665722674;5.4;29.6;-1.9;-2.4;21.6;-20.800001
1521665722695;5.4;29.6;-1.8000001;-2.4;21.6;-20.800001
1521665722706;5.4;29.7;-1.9;-2.4;21.6;-20.800001
1521665722716;5.4;29.7;-2.0;-2.4;21.6;-20.800001
1521665722737;5.3;29.800001;-2.0;-2.4;21.6;-20.800001
1521665722767;5.3;29.9;-2.1000001;-2.4;21.6;-20.800001
1521665722774;5.3;30.0;-2.1000001;-2.4;21.6;-20.800001
1521665722806;5.3;30.1;-2.2;-2.4;21.6;-20.800001
1521665722815;5.3;30.1;-2.1000001;-2.4;21.6;-20.800001
1521665722834;5.3;30.2;-2.1000001;-2.4;21.6;-20.800001
1521665722845;5.3;30.2;-2.2;-2.4;21.6;-20.800001
1521665722875;5.3;30.2;-2.1000001;-2.4;21.6;-20.800001
1521665722886;5.3;30.2;-2.2;-2.4;21.6;-20.800001
1521665722895;5.3;30.300001;-2.2;-2.4;21.6;-20.800001
1521665722946;5.4;30.300001;-2.1000001;-2.4;21.6;-20.800001
1521665722956;5.5;30.300001;-2.1000001;-2.4;21.6;-20.800001
1521665722965;5.4;30.4;-2.1000001;-2.4;21.6;-20.800001
1521665722975;5.5;30.4;-2.1000001;-2.4;21.6;-20.800001
1521665722996;5.4;30.4;-2.1000001;-2.4;21.6;-20.800001
1521665723007;5.5;30.4;-2.1000001;-2.4;21.6;-20.800001
1521665723016;5.5;30.4;-2.0;-2.4;21.6;-20.800001
1521665723035;5.5;30.5;-2.0;-2.4;21.6;-20.800001
1521665723055;5.6;30.4;-2.0;-2.4;21.6;-20.800001
1521665723065;5.6;30.5;-2.0;-2.4;21.6;-20.800001
1521665723088;5.6;30.5;-2.1000001;-2.4;21.6;-20.800001
1521665723118;5.6;30.5;-2.2;-2.4;21.6;-20.800001
1521665723150;5.6;30.5;-2.3;-2.4;21.6;-20.800001
1521665723156;5.6;30.6;-2.4;-2.4;21.6;-20.800001
1521665723174;5.6;30.6;-2.5;-2.4;21.6;-20.800001
1521665723185;5.6;30.6;-2.4;-2.4;21.6;-20.800001
1521665723194;5.7000003;30.6;-2.4;-2.4;21.6;-20.800001
1521665723236;5.7000003;30.7;-2.4;-2.4;21.6;-20.800001
1521665723275;5.8;30.7;-2.4;-2.4;21.6;-20.800001
1521665723288;5.7000003;30.7;-2.4;-2.4;21.6;-20.800001
1521665723315;5.7000003;30.7;-2.5;-2.4;21.6;-20.800001
1521665723365;5.6;30.800001;-2.4;-2.4;21.6;-20.800001
1521665723374;5.6;30.800001;-2.3;-2.4;21.6;-20.800001
1521665723387;5.6;30.9;-2.3;-2.4;21.6;-20.800001
1521665723394;5.5;30.9;-2.3;-2.4;21.6;-20.800001
1521665723425;5.5;30.9;-2.2;-2.4;21.6;-20.800001
1521665723434;5.6;30.9;-2.2;-2.4;21.6;-20.800001
1521665723445;5.5;30.9;-2.2;-2.4;21.6;-20.800001
1521665723454;5.5;30.9;-2.1000001;-2.4;21.6;-20.800001
1521665723466;5.5;30.9;-2.0;-2.4;21.6;-20.800001
1521665723494;5.5;31.0;-2.0;-2.4;21.6;-20.800001
1521665723517;5.4;31.0;-2.0;-2.4;21.6;-20.800001
1521665723544;5.4;31.0;-2.1000001;-2.4;21.6;-20.800001
1521665723588;5.4;31.0;-2.2;-2.4;21.6;-20.800001
1521665723594;5.4;31.0;-2.1000001;-2.4;21.6;-20.800001
1521665723625;5.4;31.1;-2.0;-2.4;21.6;-20.800001
1521665723634;5.3;31.1;-2.0;-2.4;21.6;-20.800001
1521665723670;5.4;31.0;-2.1000001;-2.4;21.6;-20.800001
1521665723686;5.3;31.1;-2.1000001;-2.4;21.6;-20.800001
1521665723696;5.4;31.0;-2.1000001;-2.4;21.6;-20.800001
1521665723706;5.4;31.1;-2.1000001;-2.4;21.6;-20.800001
1521665723765;5.4;31.1;-2.2;-2.4;21.6;-20.800001
1521665723784;5.4;31.2;-2.1000001;-2.4;21.6;-20.800001
1521665723795;5.3;31.2;-2.1000001;-2.4;21.6;-20.800001
1521665723805;5.3;31.2;-2.2;-2.4;21.6;-20.800001
1521665723815;5.3;31.2;-2.1000001;-2.4;21.6;-20.800001
1521665723836;5.3;31.2;-2.0;-2.4;21.6;-20.800001
1521665723849;5.3;31.2;-1.9;-2.4;21.6;-20.800001
1521665723866;5.4;31.2;-1.9;-2.4;21.6;-20.800001
1521665723875;5.3;31.2;-1.8000001;-2.4;21.6;-20.800001
1521665723886;5.3;31.300001;-1.8000001;-2.4;21.6;-20.800001
1521665723896;5.4;31.2;-1.9;-2.4;21.6;-20.800001
1521665723904;5.3;31.300001;-1.9;-2.4;21.6;-20.800001
1521665723913;5.3;31.2;-1.9;-2.4;21.6;-20.800001
1521665723923;5.3;31.2;-1.8000001;-2.4;21.6;-20.800001
1521665723934;5.3;31.2;-1.9;-2.4;21.6;-20.800001
1521665723944;5.3;31.2;-1.8000001;-2.4;21.6;-20.800001
1521665723963;5.3;31.2;-1.9;-2.4;21.6;-20.800001
1521665723973;5.3;31.2;-1.8000001;-2.4;21.6;-20.800001
1521665723984;5.3;31.300001;-1.7;-2.4;21.6;-20.800001
1521665724005;5.3;31.300001;-1.6;-2.4;21.6;-20.800001
1521665724024;5.2000003;31.300001;-1.5;-2.4;21.6;-20.800001
1521665724084;5.2000003;31.300001;-1.6;-2.4;21.6;-20.800001
1521665724094;5.2000003;31.300001;-1.7;-2.4;21.6;-20.800001
1521665724124;5.2000003;31.300001;-1.8000001;-2.4;21.6;-20.800001
1521665724134;5.1;31.300001;-1.8000001;-2.4;21.6;-20.800001
1521665724154;5.1;31.300001;-1.7;-2.4;21.6;-20.800001
1521665724164;5.1;31.300001;-1.8000001;-2.4;21.6;-20.800001
1521665724174;5.1;31.300001;-1.7;-2.4;21.6;-20.800001
1521665724185;5.2000003;31.300001;-1.7;-2.4;21.6;-20.800001
1521665724194;5.2000003;31.300001;-1.6;-2.4;21.6;-20.800001
1521665724224;5.2000003;31.2;-1.7;-2.4;21.6;-20.800001
1521665724245;5.3;31.2;-1.7;-2.4;21.6;-20.800001
1521665724274;5.4;31.2;-1.8000001;-2.4;21.6;-20.800001
1521665724284;5.4;31.1;-1.9;-2.4;21.6;-20.800001
1521665724304;5.4;31.1;-2.0;-2.4;21.6;-20.800001
1521665724324;5.5;31.0;-2.0;-2.4;21.6;-20.800001
1521665724354;5.6;31.0;-2.1000001;-2.4;21.6;-20.800001
1521665724366;5.6;31.0;-2.0;-2.4;21.6;-20.800001
1521665724394;5.6;31.0;-1.9;-2.4;21.6;-20.800001
1521665724444;5.6;30.9;-1.9;-2.4;21.6;-20.800001
1521665724454;5.7000003;30.9;-2.0;-2.4;21.6;-20.800001
1521665724474;5.7000003;30.9;-2.1000001;-2.4;21.6;-20.800001
1521665724484;5.7000003;30.800001;-2.2;-2.4;21.6;-20.800001
1521665724494;5.7000003;30.9;-2.2;-2.4;21.6;-20.800001
1521665724504;5.6;30.9;-2.1000001;-2.4;21.6;-20.800001
1521665724514;5.6;30.9;-2.2;-2.4;21.6;-20.800001
1521665724534;5.6;30.9;-2.1000001;-2.4;21.6;-20.800001
1521665724554;5.6;31.0;-2.2;-2.4;21.6;-20.800001
1521665724565;5.6;30.9;-2.2;-2.4;21.6;-20.800001
1521665724574;5.6;30.9;-2.1000001;-2.4;21.6;-20.800001
1521665724584;5.6;30.9;-2.0;-2.4;21.6;-20.800001
1521665724594;5.6;31.0;-2.0;-2.4;21.6;-20.800001
1521665724605;5.6;30.9;-2.0;-2.4;21.6;-20.800001
1521665724624;5.5;30.9;-2.1000001;-2.4;21.6;-20.800001
1521665724634;5.5;30.9;-2.0;-2.4;21.6;-20.800001
1521665724654;5.5;31.0;-2.0;-2.4;21.6;-20.800001
1521665724675;5.5;31.0;-2.1000001;-2.4;21.6;-20.800001
1521665724684;5.5;30.9;-2.1000001;-2.4;21.6;-20.800001
1521665724714;5.6;30.9;-2.1000001;-2.4;21.6;-20.800001
1521665724734;5.6;31.0;-2.1000001;-2.4;21.6;-20.800001
1521665724764;5.6;31.0;-2.0;-2.4;21.6;-20.800001
1521665724774;5.6;31.0;-2.1000001;-2.4;21.6;-20.800001
1521665724785;5.6;31.0;-2.0;-2.4;21.6;-20.800001
1521665724794;5.6;30.9;-2.1000001;-2.4;21.6;-20.800001
1521665724834;5.6;30.9;-2.0;-2.4;21.6;-20.800001
1521665724845;5.6;30.9;-2.1000001;-2.4;21.6;-20.800001
1521665724854;5.6;30.9;-2.0;-2.4;21.6;-20.800001
1521665724864;5.6;30.9;-2.1000001;-2.4;21.6;-20.800001
1521665724874;5.5;30.9;-2.1000001;-2.4;21.6;-20.800001
1521665724893;5.5;30.9;-2.2;-2.4;21.6;-20.800001
1521665724934;5.5;30.9;-2.3;-2.4;21.6;-20.800001
1521665724954;5.5;30.9;-2.4;-2.4;21.6;-20.800001
1521665724965;5.5;30.9;-2.3;-2.4;21.6;-20.800001
1521665724994;5.5;30.9;-2.2;-2.4;21.6;-20.800001
1521665725025;5.4;30.9;-2.1000001;-2.4;21.6;-20.800001
1521665725034;5.5;30.9;-2.1000001;-2.4;21.6;-20.800001
1521665725044;5.5;30.9;-2.2;-2.4;21.6;-20.800001
1521665725074;5.4;30.9;-2.2;-2.4;21.6;-20.800001
1521665725086;5.4;30.9;-2.3;-2.4;21.6;-20.800001
1521665725104;5.4;30.9;-2.2;-2.4;21.6;-20.800001
1521665725114;5.5;30.9;-2.2;-2.4;21.6;-20.800001
1521665725154;5.5;30.9;-2.1000001;-2.4;21.6;-20.800001
1521665725205;5.6;30.9;-2.1000001;-2.4;21.6;-20.800001
1521665725213;5.5;30.9;-2.1000001;-2.4;21.6;-20.800001
1521665725234;5.5;30.9;-2.0;-2.4;21.6;-20.800001
1521665725244;5.6;30.9;-2.0;-2.4;21.6;-20.800001
1521665725284;5.6;30.9;-2.1000001;-2.4;21.6;-20.800001
1521665725294;5.6;30.9;-2.0;-2.4;21.6;-20.800001
1521665725304;5.7000003;30.800001;-2.1000001;-2.4;21.6;-20.800001
1521665725344;5.6;30.800001;-2.1000001;-2.4;21.6;-20.800001
1521665725364;5.7000003;30.800001;-2.1000001;-2.4;21.6;-20.800001
1521665725384;5.7000003;30.9;-2.0;-2.4;21.6;-20.800001
1521665725434;5.8;30.9;-2.0;-2.4;21.6;-20.800001
1521665725446;5.7000003;30.9;-2.0;-2.4;21.6;-20.800001
1521665725454;5.7000003;30.800001;-2.0;-2.4;21.6;-20.800001
1521665725464;5.7000003;30.9;-2.0;-2.4;21.6;-20.800001
1521665725484;5.7000003;30.800001;-1.9;-2.4;21.6;-20.800001
1521665725514;5.8;30.800001;-1.9;-2.4;21.6;-20.800001
1521665725554;5.8;30.7;-1.9;-2.4;21.6;-20.800001
1521665725565;5.8;30.800001;-1.9;-2.4;21.6;-20.800001
1521665725604;5.8;30.7;-2.0;-2.4;21.6;-20.800001
1521665725634;5.8;30.800001;-2.0;-2.4;21.6;-20.800001
1521665725654;5.8;30.7;-2.0;-2.4;21.6;-20.800001
1521665725664;5.8;30.7;-2.1000001;-2.4;21.6;-20.800001
1521665725685;5.8;30.800001;-2.0;-2.4;21.6;-20.800001
1521665725694;5.8;30.800001;-2.1000001;-2.4;21.6;-20.800001
1521665725704;5.7000003;30.800001;-2.1000001;-2.4;21.6;-20.800001
1521665725714;5.7000003;30.800001;-2.2;-2.4;21.6;-20.800001
1521665725749;5.6;30.800001;-2.2;-2.4;21.6;-20.800001
1521665725764;5.6;30.800001;-2.1000001;-2.4;21.6;-20.800001
1521665725773;5.5;30.800001;-2.2;-2.4;21.6;-20.800001
1521665725794;5.5;30.800001;-2.3;-2.4;21.6;-20.800001
1521665725824;5.4;30.9;-2.3;-2.4;21.6;-20.800001
1521665725834;5.3;30.9;-2.3;-2.4;21.6;-20.800001
1521665725844;5.4;30.9;-2.3;-2.4;21.6;-20.800001
1521665725854;5.3;30.9;-2.2;-2.4;21.6;-20.800001
1521665725865;5.3;30.9;-2.3;-2.4;21.6;-20.800001
1521665725914;5.3;30.9;-2.2;-2.4;21.6;-20.800001
1521665725924;5.2000003;30.9;-2.2;-2.4;21.6;-20.800001
1521665725934;5.2000003;31.0;-2.1000001;-2.4;21.6;-20.800001
1521665725944;5.2000003;31.0;-2.2;-2.4;21.6;-20.800001
1521665725974;5.1;31.0;-2.1000001;-2.4;21.6;-20.800001
1521665726014;5.1;30.9;-2.1000001;-2.4;21.6;-20.800001
1521665726035;5.1;31.0;-2.0;-2.4;21.6;-20.800001
1521665726054;5.1;31.0;-2.1000001;-2.4;21.6;-20.800001
1521665726065;5.2000003;31.0;-2.2;-2.4;21.6;-20.800001
1521665726084;5.2000003;31.0;-2.1000001;-2.4;21.6;-20.800001
1521665726094;5.1;31.0;-2.2;-2.4;21.6;-20.800001
1521665726105;5.1;31.0;-2.1000001;-2.4;21.6;-20.800001
1521665726124;5.2000003;31.0;-2.2;-2.4;21.6;-20.800001
1521665726134;5.2000003;31.0;-2.1000001;-2.4;21.6;-20.800001
1521665726145;5.1;31.0;-2.0;-2.4;21.6;-20.800001
1521665726174;5.1;31.0;-1.9;-2.4;21.6;-20.800001
1521665726194;5.1;31.0;-1.8000001;-2.4;21.6;-20.800001
1521665726204;5.1;31.0;-1.7;-2.4;21.6;-20.800001
1521665726214;5.1;31.0;-1.8000001;-2.4;21.6;-20.800001
1521665726234;5.1;30.9;-1.8000001;-2.4;21.6;-20.800001
1521665726254;5.1;30.9;-1.7;-2.4;21.6;-20.800001
1521665726264;5.1;30.9;-1.8000001;-2.4;21.6;-20.800001
1521665726274;5.1;31.0;-1.8000001;-2.4;21.6;-20.800001
1521665726284;5.1;31.0;-1.9;-2.4;21.6;-20.800001
1521665726294;5.0;31.0;-1.9;-2.4;21.6;-20.800001
1521665726324;5.0;31.0;-1.8000001;-2.4;21.6;-20.800001
1521665726354;5.1;30.9;-1.8000001;-2.4;21.6;-20.800001
1521665726364;5.0;31.0;-1.8000001;-2.4;21.6;-20.800001
1521665726373;5.1;31.0;-1.8000001;-2.4;21.6;-20.800001
1521665726385;5.1;30.9;-1.7;-2.4;21.6;-20.800001
1521665726394;5.1;31.0;-1.6;-2.4;21.6;-20.800001
1521665726424;5.1;30.9;-1.6;-2.4;21.6;-20.800001
1521665726434;5.2000003;30.9;-1.7;-2.4;21.6;-20.800001
1521665726444;5.2000003;30.9;-1.6;-2.4;21.6;-20.800001
1521665726454;5.2000003;30.9;-1.7;-2.4;21.6;-20.800001
1521665726494;5.3;30.800001;-1.8000001;-2.4;21.6;-20.800001
1521665726504;5.2000003;30.800001;-1.9;-2.4;21.6;-20.800001
1521665726525;5.2000003;30.800001;-2.0;-2.4;21.6;-20.800001
1521665726544;5.3;30.800001;-2.0;-2.4;21.6;-20.800001
1521665726554;5.2000003;30.800001;-2.0;-2.4;21.6;-20.800001
1521665726564;5.2000003;30.9;-1.9;-2.4;21.6;-20.800001
1521665726594;5.2000003;30.800001;-1.9;-2.4;21.6;-20.800001
1521665726604;5.2000003;30.9;-1.8000001;-2.4;21.6;-20.800001
1521665726614;5.2000003;30.800001;-1.8000001;-2.4;21.6;-20.800001
1521665726625;5.2000003;30.9;-1.9;-2.4;21.6;-20.800001
1521665726634;5.3;30.800001;-1.9;-2.4;21.6;-20.800001
1521665726645;5.2000003;30.800001;-2.0;-2.4;21.6;-20.800001
1521665726664;5.3;30.800001;-2.1000001;-2.4;21.6;-20.800001
1521665726694;5.3;30.800001;-2.2;-2.4;21.6;-20.800001
1521665726705;5.3;30.7;-2.2;-2.4;21.6;-20.800001
1521665726745;5.3;30.7;-2.3;-2.4;21.6;-20.800001
1521665726755;5.3;30.800001;-2.2;-2.4;21.6;-20.800001
1521665726765;5.3;30.800001;-2.3;-2.4;21.6;-20.800001
1521665726774;5.3;30.800001;-2.2;-2.4;21.6;-20.800001
1521665726804;5.3;30.800001;-2.1000001;-2.4;21.6;-20.800001
1521665726825;5.4;30.800001;-2.2;-2.4;21.6;-20.800001
1521665726854;5.4;30.800001;-2.3;-2.4;21.6;-20.800001
1521665726874;5.5;30.7;-2.3;-2.4;21.6;-20.800001
1521665726885;5.5;30.7;-2.2;-2.4;21.6;-20.800001
1521665726904;5.5;30.7;-2.3;-2.4;21.6;-20.800001
1521665726924;5.6;30.6;-2.3;-2.4;21.6;-20.800001
1521665726934;5.6;30.7;-2.4;-2.4;21.6;-20.800001
1521665726945;5.6;30.7;-2.3;-2.4;21.6;-20.800001
1521665726954;5.6;30.7;-2.2;-2.4;21.6;-20.800001
1521665726964;5.6;30.7;-2.1000001;-2.4;21.6;-20.800001
1521665726974;5.5;30.7;-2.1000001;-2.4;21.6;-20.800001
1521665726984;5.5;30.800001;-2.1000001;-2.4;21.6;-20.800001
1521665727005;5.5;30.800001;-2.2;-2.4;21.6;-20.800001
1521665727034;5.6;30.800001;-2.2;-2.4;21.6;-20.800001
1521665727044;5.5;30.800001;-2.2;-2.4;21.6;-20.800001
1521665727066;5.5;30.800001;-2.1000001;-2.4;21.6;-20.800001
1521665727094;5.4;30.800001;-2.1000001;-2.4;21.6;-20.800001
1521665727104;5.5;30.800001;-2.1000001;-2.4;21.6;-20.800001
1521665727125;5.5;30.800001;-2.0;-2.4;21.6;-20.800001
1521665727134;5.4;30.800001;-2.0;-2.4;21.6;-20.800001
1521665727154;5.4;30.800001;-1.9;-2.4;21.6;-20.800001
1521665727164;5.5;30.800001;-1.9;-2.4;21.6;-20.800001
1521665727194;5.4;30.800001;-1.9;-2.4;21.6;-20.800001
1521665727204;5.5;30.800001;-1.8000001;-2.4;21.6;-20.800001
1521665727234;5.4;30.800001;-1.7;-2.4;21.6;-20.800001
1521665727245;5.4;30.9;-1.8000001;-2.4;21.6;-20.800001
1521665727254;5.5;30.800001;-1.8000001;-2.4;21.6;-20.800001
1521665727264;5.5;30.800001;-1.9;-2.4;21.6;-20.800001
1521665727274;5.5;30.800001;-1.8000001;-2.4;21.6;-20.800001
1521665727294;5.5;30.800001;-1.7;-2.4;21.6;-20.800001
1521665727305;5.5;30.800001;-1.6;-2.4;21.6;-20.800001
1521665727314;5.5;30.9;-1.5;-2.4;21.6;-20.800001
1521665727324;5.4;30.9;-1.6;-2.4;21.6;-20.800001
1521665727344;5.3;31.0;-1.5;-2.4;21.6;-20.800001
1521665727354;5.3;31.0;-1.4;-2.4;21.6;-20.800001
1521665727374;5.3;31.1;-1.4;-2.4;21.6;-20.800001
1521665727385;5.3;31.2;-1.4;-2.4;21.6;-20.800001
1521665727404;5.2000003;31.300001;-1.3000001;-2.4;21.6;-20.800001
1521665727426;5.1;31.4;-1.3000001;-2.4;21.6;-20.800001
1521665727434;5.1;31.4;-1.2;-2.4;21.6;-20.800001
1521665727444;5.0;31.4;-1.1;-2.4;21.6;-20.800001
1521665727454;5.0;31.5;-1.1;-2.4;21.6;-20.800001
1521665727464;4.9;31.5;-1.0;-2.4;21.6;-20.800001
1521665727474;4.9;31.6;-1.0;-2.4;21.6;-20.800001
1521665727485;4.8;31.7;-0.90000004;-2.4;21.6;-20.800001
1521665727504;4.7000003;31.800001;-0.90000004;-2.4;21.6;-20.800001
1521665727524;4.6;31.9;-0.8;-2.4;21.6;-20.800001
1521665727535;4.5;31.9;-0.8;-2.4;21.6;-20.800001
1521665727545;4.5;32.0;-0.8;-2.4;21.6;-20.800001
1521665727554;4.5;32.0;-0.7;-2.4;21.6;-20.800001
1521665727565;4.4;32.100002;-0.7;-2.4;21.6;-20.800001
1521665727574;4.4;32.100002;-0.8;-2.4;21.6;-20.800001
1521665727594;4.3;32.2;-0.8;-2.4;21.6;-20.800001
1521665727654;4.3;32.100002;-0.90000004;-2.4;21.6;-20.800001
1521665727674;4.2000003;32.2;-0.90000004;-2.4;21.6;-20.800001
1521665727694;4.3;32.2;-0.90000004;-2.4;21.6;-20.800001
1521665727705;4.3;32.100002;-0.90000004;-2.4;21.6;-20.800001
1521665727714;4.3;32.2;-0.90000004;-2.4;21.6;-20.800001
1521665727726;4.3;32.2;-0.8;-2.4;21.6;-20.800001
1521665727734;4.3;32.2;-0.90000004;-2.4;21.6;-20.800001
1521665727764;4.3;32.2;-1.0;-2.4;21.6;-20.800001
1521665727786;4.3;32.100002;-1.0;-2.4;21.6;-20.800001
1521665727794;4.3;32.2;-1.0;-2.4;21.6;-20.800001
1521665727805;4.3;32.2;-0.90000004;-2.4;21.6;-20.800001
1521665727814;4.3;32.100002;-0.90000004;-2.4;21.6;-20.800001
1521665727854;4.4;32.100002;-0.8;-2.4;21.6;-20.800001
1521665727874;4.4;32.100002;-0.7;-2.4;21.6;-20.800001
1521665727894;4.4;32.100002;-0.6;-2.4;21.6;-20.800001
1521665727905;4.5;32.0;-0.6;-2.4;21.6;-20.800001
1521665727934;4.5;32.0;-0.5;-2.4;21.6;-20.800001
1521665727954;4.5;32.0;-0.6;-2.4;21.6;-20.800001
1521665727984;4.6;31.9;-0.6;-2.4;21.6;-20.800001
1521665727994;4.5;31.9;-0.7;-2.4;21.6;-20.800001
1521665728004;4.6;31.9;-0.7;-2.4;21.6;-20.800001
1521665728025;4.7000003;31.800001;-0.8;-2.4;21.6;-20.800001
1521665728035;4.7000003;31.7;-0.8;-2.4;21.6;-20.800001
1521665728045;4.8;31.7;-0.90000004;-2.4;21.6;-20.800001
1521665728054;4.8;31.6;-1.0;-2.4;21.6;-20.800001
1521665728064;4.9;31.5;-1.0;-2.4;21.6;-20.800001
1521665728074;5.0;31.4;-1.0;-2.4;21.6;-20.800001
1521665728085;5.1;31.4;-1.1;-2.4;21.6;-20.800001
1521665728094;5.1;31.300001;-1.1;-2.4;21.6;-20.800001
1521665728105;5.2000003;31.2;-1.3000001;-2.4;21.6;-20.800001
1521665728114;5.3;31.2;-1.3000001;-2.4;21.6;-20.800001
1521665728125;5.4;31.1;-1.3000001;-2.4;21.6;-20.800001
1521665728134;5.5;31.0;-1.4;-2.4;21.6;-20.800001
1521665728146;5.5;30.9;-1.5;-2.4;21.6;-20.800001
1521665728154;5.6;30.800001;-1.5;-2.4;21.6;-20.800001
1521665728174;5.7000003;30.7;-1.6;-2.4;21.6;-20.800001
1521665728193;5.9;30.6;-1.8000001;-2.4;21.6;-20.800001
1521665728205;5.9;30.5;-1.8000001;-2.4;21.6;-20.800001
1521665728214;6.0;30.5;-1.9;-2.4;21.6;-20.800001
1521665728224;6.0;30.4;-2.0;-2.4;21.6;-20.800001
1521665728234;6.1;30.300001;-2.1000001;-2.4;21.6;-20.800001
1521665728244;6.1;30.300001;-2.2;-2.4;21.6;-20.800001
1521665728254;6.2000003;30.2;-2.2;-2.4;21.6;-20.800001
1521665728274;6.3;30.1;-2.3;-2.4;21.6;-20.800001
1521665728284;6.3;30.1;-2.4;-2.4;21.6;-20.800001
1521665728294;6.4;30.0;-2.3;-2.4;21.6;-20.800001
1521665728314;6.5;29.9;-2.3;-2.4;21.6;-20.800001
1521665728344;6.5;29.9;-2.2;-2.4;21.6;-20.800001
1521665728354;6.6;29.9;-2.2;-2.4;21.6;-20.800001
1521665728374;6.6;29.9;-2.3;-2.4;21.6;-20.800001
1521665728386;6.6;29.9;-2.2;-2.4;21.6;-20.800001
1521665728414;6.6;29.9;-2.1000001;-2.4;21.6;-20.800001
1521665728424;6.6;29.9;-2.2;-2.4;21.6;-20.800001
1521665728444;6.6;29.9;-2.1000001;-2.4;21.6;-20.800001
1521665728463;6.6;29.9;-2.2;-2.4;21.6;-20.800001
1521665728484;6.5;30.0;-2.1000001;-2.4;21.6;-20.800001
1521665728514;6.5;30.0;-2.0;-2.4;21.6;-20.800001
1521665728544;6.6;30.0;-1.9;-2.4;21.6;-20.800001
1521665728565;6.6;30.1;-1.9;-2.4;21.6;-20.800001
1521665728584;6.5;30.1;-1.9;-2.4;21.6;-20.800001
1521665728594;6.5;30.1;-1.8000001;-2.4;21.6;-20.800001
1521665728604;6.4;30.2;-1.8000001;-2.4;21.6;-20.800001
1521665728634;6.4;30.2;-1.7;-2.4;21.6;-20.800001
1521665728644;6.4;30.2;-1.6;-2.4;21.6;-20.800001
1521665728654;6.3;30.2;-1.6;-2.4;21.6;-20.800001
1521665728664;6.3;30.300001;-1.6;-2.4;21.6;-20.800001
1521665728686;6.3;30.300001;-1.5;-2.4;21.6;-20.800001
1521665728694;6.2000003;30.300001;-1.6;-2.4;21.6;-20.800001
1521665728704;6.2000003;30.4;-1.6;-2.4;21.6;-20.800001
1521665728725;6.2000003;30.4;-1.7;-2.4;21.6;-20.800001
1521665728734;6.1;30.4;-1.7;-2.4;21.6;-20.800001
1521665728765;6.1;30.5;-1.6;-2.4;21.6;-20.800001
1521665728784;6.1;30.4;-1.7;-2.4;21.6;-20.800001
1521665728794;6.1;30.5;-1.6;-2.4;21.6;-20.800001
1521665728805;6.0;30.5;-1.6;-2.4;21.6;-20.800001
1521665728814;6.0;30.5;-1.7;-2.4;21.6;-20.800001
1521665728834;6.0;30.6;-1.7;-2.4;21.6;-20.800001
1521665728894;6.0;30.6;-1.6;-2.4;21.6;-20.800001
1521665728904;6.0;30.5;-1.7;-2.4;21.6;-20.800001
1521665728924;6.0;30.5;-1.8000001;-2.4;21.6;-20.800001
1521665728944;6.0;30.5;-1.9;-2.4;21.6;-20.800001
1521665728954;6.0;30.6;-2.0;-2.4;21.6;-20.800001
1521665728964;6.0;30.6;-1.9;-2.4;21.6;-20.800001
1521665728985;5.9;30.6;-1.9;-2.4;21.6;-20.800001
1521665728994;6.0;30.6;-1.8000001;-2.4;21.6;-20.800001
1521665729005;6.0;30.6;-1.7;-2.4;21.6;-20.800001
1521665729014;5.9;30.6;-1.7;-2.4;21.6;-20.800001
1521665729024;5.9;30.6;-1.6;-2.4;21.6;-20.800001
1521665729034;6.0;30.6;-1.6;-2.4;21.6;-20.800001
1521665729045;6.0;30.6;-1.7;-2.4;21.6;-20.800001
1521665729064;6.0;30.6;-1.8000001;-2.4;21.6;-20.800001
1521665729074;6.0;30.6;-1.7;-2.4;21.6;-20.800001
1521665729084;5.9;30.6;-1.8000001;-2.4;21.6;-20.800001
1521665729094;6.0;30.6;-1.8000001;-2.4;21.6;-20.800001
1521665729124;6.0;30.6;-1.9;-2.4;21.6;-20.800001
1521665729144;6.0;30.6;-1.8000001;-2.4;21.6;-20.800001
1521665729165;6.0;30.6;-1.7;-2.4;21.6;-20.800001
1521665729174;6.0;30.5;-1.8000001;-2.4;21.6;-20.800001
1521665729194;6.0;30.5;-1.9;-2.4;21.6;-20.800001
1521665729214;6.1;30.5;-1.9;-2.4;21.6;-20.800001
1521665729235;6.1;30.4;-1.9;-2.4;21.6;-20.800001
1521665729254;6.1;30.4;-1.8000001;-2.4;21.6;-20.800001
1521665729264;6.1;30.4;-1.9;-2.4;21.6;-20.800001
1521665729274;6.0;30.4;-1.9;-2.4;21.6;-20.800001
1521665729285;6.1;30.300001;-1.9;-2.4;21.6;-20.800001
1521665729294;6.1;30.300001;-2.1000001;-2.4;21.6;-20.800001
1521665729315;6.1;30.300001;-2.2;-2.4;21.6;-20.800001
1521665729345;6.1;30.300001;-2.1000001;-2.4;21.6;-20.800001
1521665729373;6.1;30.300001;-2.2;-2.4;21.6;-20.800001
1521665729406;6.1;30.2;-2.2;-2.4;21.6;-20.800001
1521665729444;6.1;30.2;-2.3;-2.4;21.6;-20.800001
1521665729454;6.1;30.2;-2.4;-2.4;21.6;-20.800001
1521665729474;6.1;30.2;-2.5;-2.4;21.6;-20.800001
1521665729484;6.2000003;30.2;-2.5;-2.4;21.6;-20.800001
1521665729514;6.1;30.2;-2.5;-2.4;21.6;-20.800001
1521665729534;6.1;30.2;-2.4;-2.4;21.6;-20.800001
1521665729554;6.2000003;30.2;-2.4;-2.4;21.6;-20.800001
1521665729564;6.2000003;30.2;-2.5;-2.4;21.6;-20.800001
1521665729574;6.2000003;30.2;-2.4;-2.4;21.6;-20.800001
1521665729585;6.3;30.1;-2.5;-2.4;21.6;-20.800001
1521665729594;6.3;30.1;-2.4;-2.4;21.6;-20.800001
1521665729604;6.3;30.1;-2.5;-2.4;21.6;-20.800001
1521665729614;6.3;30.1;-2.4;-2.4;21.6;-20.800001
1521665729624;6.4;30.1;-2.5;-2.4;21.6;-20.800001
1521665729645;6.4;30.0;-2.5;-2.4;21.6;-20.800001
1521665729654;6.4;30.0;-2.6000001;-2.4;21.6;-20.800001
1521665729664;6.5;29.9;-2.6000001;-2.4;21.6;-20.800001
1521665729674;6.5;29.9;-2.5;-2.4;21.6;-20.800001
1521665729684;6.5;29.9;-2.6000001;-2.4;21.6;-20.800001
1521665729705;6.5;29.9;-2.7;-2.4;21.6;-20.800001
1521665729714;6.5;30.0;-2.7;-2.4;21.6;-20.800001
1521665729725;6.5;29.9;-2.7;-2.4;21.6;-20.800001
1521665729734;6.6;30.0;-2.7;-2.4;21.6;-20.800001
1521665729745;6.6;30.0;-2.6000001;-2.4;21.6;-20.800001
1521665729765;6.7000003;30.0;-2.5;-2.4;21.6;-20.800001
1521665729774;6.7000003;30.0;-2.4;-2.4;21.6;-20.800001
1521665729784;6.7000003;30.0;-2.5;-2.4;21.6;-20.800001
1521665729794;6.7000003;30.0;-2.4;-2.4;21.6;-20.800001
1521665729815;6.7000003;30.1;-2.5;-2.4;21.6;-20.800001
1521665729825;6.8;30.1;-2.5;-2.4;21.6;-20.800001
1521665729834;6.8;30.1;-2.6000001;-2.4;21.6;-20.800001
1521665729844;6.8;30.1;-2.5;-2.4;21.6;-20.800001
1521665729874;6.8;30.2;-2.5;-2.4;21.6;-20.800001
1521665729904;6.8;30.300001;-2.4;-2.4;21.6;-20.800001
1521665729924;6.8;30.300001;-2.3;-2.4;21.6;-20.800001
1521665729945;6.8;30.4;-2.2;-2.4;21.6;-20.800001
1521665729954;6.7000003;30.4;-2.2;-2.4;21.6;-20.800001
1521665729964;6.7000003;30.5;-2.2;-2.4;21.6;-20.800001
1521665729974;6.6;30.5;-2.2;-2.4;21.6;-20.800001
1521665729984;6.6;30.6;-2.1000001;-2.4;21.6;-20.800001
1521665729994;6.6;30.6;-2.0;-2.4;21.6;-20.800001
1521665730005;6.5;30.7;-1.9;-2.4;21.6;-20.800001
1521665730024;6.5;30.800001;-1.8000001;-2.4;21.6;-20.800001
1521665730044;6.4;30.800001;-1.9;-2.4;21.6;-20.800001
1521665730054;6.4;30.800001;-1.8000001;-2.4;21.6;-20.800001
1521665730065;6.3;30.9;-1.9;-2.4;21.6;-20.800001
1521665730074;6.3;30.9;-1.8000001;-2.4;21.6;-20.800001
1521665730085;6.3;30.9;-1.9;-2.4;21.6;-20.800001
1521665730104;6.3;30.9;-1.8000001;-2.4;21.6;-20.800001
1521665730125;6.2000003;30.9;-1.8000001;-2.4;21.6;-20.800001
1521665730164;6.1;30.9;-1.8000001;-2.4;21.6;-20.800001
1521665730174;6.1;31.0;-1.8000001;-2.4;21.6;-20.800001
1521665730185;6.1;31.0;-1.7;-2.4;21.6;-20.800001
1521665730194;6.0;31.0;-1.7;-2.4;21.6;-20.800001
1521665730204;6.0;31.0;-1.8000001;-2.4;21.6;-20.800001
1521665730225;5.9;31.0;-1.9;-2.4;21.6;-20.800001
1521665730235;5.9;31.1;-1.9;-2.4;21.6;-20.800001
1521665730265;5.8;31.0;-2.0;-2.4;21.6;-20.800001
1521665730274;5.9;31.0;-2.0;-2.4;21.6;-20.800001
1521665730294;5.9;31.0;-2.1000001;-2.4;21.6;-20.800001
1521665730306;5.9;31.0;-2.0;-2.4;21.6;-20.800001
1521665730314;5.9;30.9;-2.1000001;-2.4;21.6;-20.800001
1521665730344;5.8;31.0;-2.0;-2.4;21.6;-20.800001
1521665730414;5.8;31.0;-2.1000001;-2.4;21.6;-20.800001
1521665730444;5.8;31.0;-2.2;-2.4;21.6;-20.800001
1521665730454;5.8;31.0;-2.3;-2.4;21.6;-20.800001
1521665730474;5.7000003;31.1;-2.3;-2.4;21.6;-20.800001
1521665730486;5.7000003;31.0;-2.2;-2.4;21.6;-20.800001
1521665730494;5.7000003;31.1;-2.2;-2.4;21.6;-20.800001
1521665730545;5.7000003;31.1;-2.1000001;-2.4;21.6;-20.800001
1521665730555;5.6;31.1;-2.0;-2.4;21.6;-20.800001
1521665730586;5.5;31.2;-2.0;-2.4;21.6;-20.800001
1521665730614;5.5;31.2;-2.1000001;-2.4;21.6;-20.800001
1521665730625;5.5;31.2;-2.0;-2.4;21.6;-20.800001
1521665730635;5.5;31.1;-2.1000001;-2.4;21.6;-20.800001
1521665730645;5.4;31.2;-2.1000001;-2.4;21.6;-20.800001
1521665730655;5.4;31.2;-2.0;-2.4;21.6;-20.800001
1521665730667;5.3;31.300001;-1.9;-2.4;21.6;-20.800001
1521665730675;5.2000003;31.300001;-1.8000001;-2.4;21.6;-20.800001
1521665730685;5.2000003;31.4;-1.8000001;-2.4;21.6;-20.800001
1521665730696;5.1;31.4;-1.7;-2.4;21.6;-20.800001
1521665730706;5.0;31.5;-1.7;-2.4;21.6;-20.800001
1521665730716;4.9;31.5;-1.6;-2.4;21.6;-20.800001
1521665730727;4.9;31.6;-1.5;-2.4;21.6;-20.800001
1521665730749;4.8;31.7;-1.3000001;-2.4;21.6;-20.800001
1521665730765;4.6;31.800001;-1.2;-2.4;21.6;-20.800001
1521665730774;4.6;31.800001;-1.1;-2.4;21.6;-20.800001
1521665730786;4.6;31.9;-1.1;-2.4;21.6;-20.800001
1521665730794;4.5;32.0;-1.1;-2.4;21.6;-20.800001
1521665730815;4.4;32.100002;-1.0;-2.4;21.6;-20.800001
1521665730826;4.4;32.100002;-0.90000004;-2.4;21.6;-20.800001
1521665730849;4.4;32.2;-0.8;-2.4;21.6;-20.800001
1521665730865;4.4;32.3;-0.7;-2.4;21.6;-20.800001
1521665730875;4.3;32.3;-0.7;-2.4;21.6;-20.800001
1521665730885;4.3;32.4;-0.6;-2.4;21.6;-20.800001
1521665730895;4.2000003;32.5;-0.5;-2.4;21.6;-20.800001
1521665730907;4.2000003;32.5;-0.4;-2.4;21.6;-20.800001
1521665730915;4.2000003;32.600002;-0.4;-2.4;21.6;-20.800001
1521665730925;4.1;32.600002;-0.3;-2.4;21.6;-20.800001
1521665730937;4.2000003;32.600002;-0.3;-2.4;21.6;-20.800001
1521665730954;4.3;32.600002;-0.3;-2.4;21.6;-20.800001
1521665730966;4.3;32.600002;-0.2;-2.4;21.6;-20.800001
1521665730974;4.3;32.600002;-0.3;-2.4;21.6;-20.800001
1521665730998;4.3;32.5;-0.3;-2.4;21.6;-20.800001
1521665731008;4.3;32.5;-0.2;-2.4;21.6;-20.800001
1521665731076;4.3;32.5;-0.3;-2.4;21.6;-20.800001
1521665731088;4.4;32.4;-0.2;-2.4;21.6;-20.800001
1521665731108;4.4;32.3;-0.2;-2.4;21.6;-20.800001
1521665731118;4.5;32.3;-0.1;-2.4;21.6;-20.800001
1521665731127;4.5;32.2;-0.1;-2.4;21.6;-20.800001
1521665731138;4.5;32.2;-0.2;-2.4;21.6;-20.800001
1521665731148;4.5;32.100002;-0.2;-2.4;21.6;-20.800001
1521665731159;4.6;32.100002;-0.2;-2.4;21.6;-20.800001
1521665731168;4.6;32.0;-0.2;-2.4;21.6;-20.800001
1521665731177;4.7000003;31.9;-0.3;-2.4;21.6;-20.800001
1521665731188;4.8;31.800001;-0.3;-2.4;21.6;-20.800001
1521665731196;4.8;31.7;-0.3;-2.4;21.6;-20.800001
1521665731209;4.9;31.6;-0.4;-2.4;21.6;-20.800001
1521665731217;5.0;31.5;-0.4;-2.4;21.6;-20.800001
1521665731227;5.1;31.4;-0.5;-2.4;21.6;-20.800001
1521665731235;5.1;31.4;-0.6;-2.4;21.6;-20.800001
1521665731248;5.2000003;31.300001;-0.7;-2.4;21.6;-20.800001
1521665731257;5.3;31.300001;-0.7;-2.4;21.6;-20.800001
1521665731266;5.3;31.2;-0.8;-2.4;21.6;-20.800001
1521665731277;5.5;31.1;-0.90000004;-2.4;21.6;-20.800001
1521665731284;5.5;31.1;-1.0;-2.4;21.6;-20.800001
1521665731294;5.7000003;31.0;-1.1;-2.4;21.6;-20.800001
1521665731304;5.8;30.9;-1.2;-2.4;21.6;-20.800001
1521665731314;5.9;30.9;-1.3000001;-2.4;21.6;-20.800001
1521665731326;6.0;30.800001;-1.4;-2.4;21.6;-20.800001
1521665731346;6.3;30.6;-1.6;-2.4;21.6;-20.800001
1521665731375;6.6;30.5;-1.9;-2.4;21.6;-20.800001
1521665731387;6.7000003;30.4;-2.0;-2.4;21.6;-20.800001
1521665731394;6.8;30.4;-2.0;-2.4;21.6;-20.800001
1521665731404;6.9;30.300001;-2.1000001;-2.4;21.6;-20.800001
1521665731414;7.0;30.300001;-2.2;-2.4;21.6;-20.800001
1521665731424;7.1;30.2;-2.3;-2.4;21.6;-20.800001
1521665731434;7.1;30.2;-2.4;-2.4;21.6;-20.800001
1521665731445;7.2000003;30.2;-2.5;-2.4;21.6;-20.800001
1521665731454;7.4;30.2;-2.5;-2.4;21.6;-20.800001
1521665731466;7.4;30.1;-2.7;-2.4;21.6;-20.800001
1521665731474;7.5;30.1;-2.7;-2.4;21.6;-20.800001
1521665731494;7.5;30.1;-2.8;-2.4;21.6;-20.800001
1521665731505;7.5;30.2;-2.7;-2.4;21.6;-20.800001
1521665731515;7.6;30.2;-2.8;-2.4;21.6;-20.800001
1521665731525;7.5;30.2;-2.7;-2.4;21.6;-20.800001
1521665731554;7.6;30.2;-2.7;-2.4;21.6;-20.800001
1521665731567;7.5;30.2;-2.6000001;-2.4;21.6;-20.800001
1521665731575;7.5;30.2;-2.5;-2.4;21.6;-20.800001
1521665731596;7.4;30.300001;-2.5;-2.4;21.6;-20.800001
1521665731627;7.3;30.300001;-2.4;-2.4;21.6;-20.800001
1521665731655;7.2000003;30.300001;-2.3;-2.4;21.6;-20.800001
1521665731665;7.1;30.4;-2.2;-2.4;21.6;-20.800001
1521665731687;7.0;30.5;-2.2;-2.4;21.6;-20.800001
1521665731706;6.9;30.5;-2.2;-2.4;21.6;-20.800001
1521665731725;6.8;30.6;-2.1000001;-2.4;21.6;-20.800001
1521665731749;6.7000003;30.6;-2.1000001;-2.4;21.6;-20.800001
1521665731766;6.6;30.7;-2.0;-2.4;21.6;-20.800001
1521665731777;6.5;30.7;-2.0;-2.4;21.6;-20.800001
1521665731794;6.4;30.7;-1.9;-2.4;21.6;-20.800001
1521665731806;6.4;30.7;-2.0;-2.4;21.6;-20.800001
1521665731814;6.3;30.7;-1.9;-2.4;21.6;-20.800001
1521665731824;6.3;30.7;-2.0;-2.4;21.6;-20.800001
1521665731835;6.2000003;30.7;-1.9;-2.4;21.6;-20.800001
1521665731846;6.1;30.7;-1.9;-2.4;21.6;-20.800001
1521665731855;6.0;30.7;-1.9;-2.4;21.6;-20.800001
1521665731895;5.9;30.7;-1.8000001;-2.4;21.6;-20.800001
1521665731905;5.9;30.6;-1.7;-2.4;21.6;-20.800001
1521665731914;5.9;30.6;-1.6;-2.4;21.6;-20.800001
1521665731926;5.8;30.6;-1.6;-2.4;21.6;-20.800001
1521665731934;5.7000003;30.6;-1.6;-2.4;21.6;-20.800001
1521665731946;5.7000003;30.6;-1.5;-2.4;21.6;-20.800001
1521665731956;5.7000003;30.5;-1.4;-2.4;21.6;-20.800001
1521665731966;5.6;30.5;-1.4;-2.4;21.6;-20.800001
1521665731986;5.5;30.4;-1.4;-2.4;21.6;-20.800001
1521665731997;5.5;30.4;-1.3000001;-2.4;21.6;-20.800001
1521665732007;5.4;30.4;-1.2;-2.4;21.6;-20.800001
1521665732028;5.4;30.4;-1.1;-2.4;21.6;-20.800001
1521665732048;5.3;30.4;-1.1;-2.4;21.6;-20.800001
1521665732056;5.3;30.300001;-1.1;-2.4;21.6;-20.800001
1521665732076;5.2000003;30.4;-1.0;-2.4;21.6;-20.800001
1521665732095;5.1;30.300001;-0.90000004;-2.4;21.6;-20.800001
1521665732116;5.1;30.300001;-0.8;-2.4;21.6;-20.800001
1521665732147;5.1;30.300001;-0.7;-2.4;21.6;-20.800001
1521665732157;5.1;30.2;-0.7;-2.4;21.6;-20.800001
1521665732167;5.0;30.2;-0.8;-2.4;21.6;-20.800001
1521665732196;4.9;30.2;-0.8;-2.4;21.6;-20.800001
1521665732207;5.0;30.2;-0.8;-2.4;21.6;-20.800001
1521665732216;5.0;30.2;-0.90000004;-2.4;21.6;-20.800001
1521665732228;5.0;30.2;-0.8;-2.4;21.6;-20.800001
1521665732237;5.0;30.2;-0.90000004;-2.4;21.6;-20.800001
1521665732247;4.9;30.2;-0.90000004;-2.4;21.6;-20.800001
1521665732258;5.0;30.2;-0.90000004;-2.4;21.6;-20.800001
1521665732269;5.0;30.2;-1.0;-2.4;21.6;-20.800001
1521665732276;5.0;30.2;-0.90000004;-2.4;21.6;-20.800001
1521665732295;5.1;30.1;-0.90000004;-2.4;21.6;-20.800001
1521665732341;5.0;30.1;-0.8;-2.4;21.6;-20.800001
1521665732375;5.1;30.0;-0.8;-2.4;21.6;-20.800001
1521665732388;5.1;30.0;-0.90000004;-2.4;21.6;-20.800001
1521665732394;5.1;30.0;-1.0;-2.4;21.6;-20.800001
1521665732404;5.1;30.0;-0.90000004;-2.4;21.6;-20.800001
1521665732425;5.0;30.0;-0.90000004;-2.4;21.6;-20.800001
1521665732434;5.1;30.1;-0.90000004;-2.4;21.6;-20.800001
1521665732445;5.0;30.1;-1.0;-2.4;21.6;-20.800001
1521665732475;5.0;30.1;-0.8;-2.4;21.6;-20.800001
1521665732485;4.9;30.2;-0.90000004;-2.4;21.6;-20.800001
1521665732495;4.9;30.2;-0.8;-2.4;21.6;-20.800001
1521665732527;4.9;30.2;-0.90000004;-2.4;21.6;-20.800001
1521665732548;4.9;30.1;-0.8;-2.4;21.6;-20.800001
1521665732557;4.9;30.2;-0.8;-2.4;21.6;-20.800001
1521665732566;4.8;30.2;-0.8;-2.4;21.6;-20.800001
1521665732577;4.8;30.2;-0.90000004;-2.4;21.6;-20.800001
1521665732587;4.8;30.300001;-0.90000004;-2.4;21.6;-20.800001
1521665732596;4.8;30.300001;-0.8;-2.4;21.6;-20.800001
1521665732607;4.7000003;30.300001;-0.90000004;-2.4;21.6;-20.800001
1521665732626;4.7000003;30.300001;-1.0;-2.4;21.6;-20.800001
1521665732635;4.7000003;30.300001;-1.1;-2.4;21.6;-20.800001
1521665732647;4.7000003;30.300001;-1.0;-2.4;21.6;-20.800001
1521665732666;4.6;30.300001;-0.90000004;-2.4;21.6;-20.800001
1521665732674;4.7000003;30.300001;-0.90000004;-2.4;21.6;-20.800001
1521665732689;4.7000003;30.300001;-0.8;-2.4;21.6;-20.800001
1521665732696;4.7000003;30.300001;-0.7;-2.4;21.6;-20.800001
1521665732725;4.8;30.300001;-0.7;-2.4;21.6;-20.800001
1521665732759;4.8;30.300001;-0.6;-2.4;21.6;-20.800001
1521665732775;4.8;30.2;-0.6;-2.4;21.6;-20.800001
1521665732785;4.9;30.2;-0.6;-2.4;21.6;-20.800001
1521665732835;4.9;30.2;-0.5;-2.4;21.6;-20.800001
1521665732856;4.9;30.300001;-0.5;-2.4;21.6;-20.800001
1521665732867;4.8;30.300001;-0.4;-2.4;21.6;-20.800001
1521665732876;4.8;30.300001;-0.3;-2.4;21.6;-20.800001
1521665732886;4.9;30.2;-0.3;-2.4;21.6;-20.800001
1521665732896;4.9;30.2;-0.4;-2.4;21.6;-20.800001
1521665732905;4.9;30.2;-0.3;-2.4;21.6;-20.800001
1521665732926;4.9;30.2;-0.2;-2.4;21.6;-20.800001
1521665732936;5.0;30.2;-0.3;-2.4;21.6;-20.800001
1521665732966;4.9;30.2;-0.4;-2.4;21.6;-20.800001
1521665732996;4.9;30.2;-0.5;-2.4;21.6;-20.800001
1521665733036;4.9;30.2;-0.4;-2.4;21.6;-20.800001
1521665733057;4.8;30.2;-0.4;-2.4;21.6;-20.800001
1521665733088;4.8;30.2;-0.5;-2.4;21.6;-20.800001
1521665733096;4.8;30.1;-0.5;-2.4;21.6;-20.800001
1521665733107;4.8;30.2;-0.5;-2.4;21.6;-20.800001
1521665733127;4.8;30.2;-0.4;-2.4;21.6;-20.800001
1521665733138;4.8;30.2;-0.5;-2.4;21.6;-20.800001
1521665733188;4.7000003;30.2;-0.5;-2.4;21.6;-20.800001
1521665733206;4.7000003;30.2;-0.4;-2.4;21.6;-20.800001
1521665733217;4.7000003;30.300001;-0.4;-2.4;21.6;-20.800001
1521665733236;4.7000003;30.300001;-0.3;-2.4;21.6;-20.800001
1521665733247;4.7000003;30.300001;-0.4;-2.4;21.6;-20.800001
1521665733277;4.7000003;30.300001;-0.3;-2.4;21.6;-20.800001
1521665733308;4.6;30.300001;-0.3;-2.4;21.6;-20.800001
1521665733316;4.6;30.300001;-0.2;-2.4;21.6;-20.800001
1521665733325;4.6;30.4;-0.2;-2.4;21.6;-20.800001
1521665733335;4.6;30.4;-0.3;-2.4;21.6;-20.800001
1521665733346;4.6;30.300001;-0.3;-2.4;21.6;-20.800001
1521665733407;4.5;30.4;-0.3;-2.4;21.6;-20.800001
1521665733425;4.5;30.5;-0.3;-2.4;21.6;-20.800001
1521665733434;4.5;30.5;-0.2;-2.4;21.6;-20.800001
1521665733454;4.5;30.5;-0.1;-2.4;21.6;-20.800001
1521665733494;4.5;30.4;-0.1;-2.4;21.6;-20.800001
1521665733504;4.4;30.5;-0.1;-2.4;21.6;-20.800001
1521665733547;4.4;30.6;0.0;-2.4;21.6;-20.800001
1521665733557;4.3;30.6;0.0;-2.4;21.6;-20.800001
1521665733585;4.3;30.6;0.1;-2.4;21.6;-20.800001
1521665733594;4.2000003;30.6;0.1;-2.4;21.6;-20.800001
1521665733605;4.3;30.6;0.1;-2.4;21.6;-20.800001
1521665733614;4.1;30.7;0.1;-2.4;21.6;-20.800001
1521665733637;4.1;30.800001;0.1;-2.4;21.6;-20.800001
1521665733648;4.1;30.800001;0.2;-2.4;21.6;-20.800001
1521665733654;4.0;30.800001;0.2;-2.4;21.6;-20.800001
1521665733675;4.0;30.800001;0.3;-2.4;21.6;-20.800001
1521665733685;4.0;30.9;0.3;-2.4;21.6;-20.800001
1521665733718;3.9;30.9;0.3;-2.4;21.6;-20.800001
1521665733736;3.9;31.0;0.3;-2.4;21.6;-20.800001
1521665733748;3.8;31.0;0.3;-2.4;21.6;-20.800001
1521665733760;3.8;31.0;0.2;-2.4;21.6;-20.800001
1521665733764;3.7;31.0;0.2;-2.4;21.6;-20.800001
1521665733779;3.7;31.1;0.2;-2.4;21.6;-20.800001
1521665733785;3.7;31.2;0.3;-2.4;21.6;-20.800001
1521665733795;3.6000001;31.300001;0.3;-2.4;21.6;-20.800001
1521665733835;3.5;31.300001;0.2;-2.4;21.6;-20.800001
1521665733845;3.5;31.4;0.2;-2.4;21.6;-20.800001
1521665733866;3.4;31.4;0.2;-2.4;21.6;-20.800001
1521665733875;3.4;31.5;0.2;-2.4;21.6;-20.800001
1521665733885;3.4;31.5;0.1;-2.4;21.6;-20.800001
1521665733896;3.3;31.5;0.2;-2.4;21.6;-20.800001
1521665733907;3.3;31.5;0.1;-2.4;21.6;-20.800001
1521665733955;3.3;31.6;0.0;-2.4;21.6;-20.800001
1521665733974;3.2;31.6;0.0;-2.4;21.6;-20.800001
1521665734004;3.1000001;31.6;0.0;-2.4;21.6;-20.800001
1521665734014;3.2;31.6;0.0;-2.4;21.6;-20.800001
1521665734026;3.1000001;31.7;0.0;-2.4;21.6;-20.800001
1521665734035;3.0;31.7;0.0;-2.4;21.6;-20.800001
1521665734056;3.0;31.7;0.1;-2.4;21.6;-20.800001
1521665734075;3.0;31.7;0.2;-2.4;21.6;-20.800001
1521665734087;3.0;31.6;0.1;-2.4;21.6;-20.800001
1521665734105;3.0;31.5;0.1;-2.4;21.6;-20.800001
1521665734115;3.0;31.5;0.0;-2.4;21.6;-20.800001
1521665734129;2.9;31.6;0.1;-2.4;21.6;-20.800001
1521665734176;2.9;31.5;0.0;-2.4;21.6;-20.800001
1521665734216;3.0;31.4;0.0;-2.4;21.6;-20.800001
1521665734226;2.9;31.4;-0.1;-2.4;21.6;-20.800001
1521665734246;3.0;31.4;-0.1;-2.4;21.6;-20.800001
1521665734285;3.0;31.300001;-0.2;-2.4;21.6;-20.800001
1521665734295;3.0;31.300001;-0.1;-2.4;21.6;-20.800001
1521665734315;3.1000001;31.300001;-0.1;-2.4;21.6;-20.800001
1521665734336;3.1000001;31.2;-0.2;-2.4;21.6;-20.800001
1521665734387;3.2;31.2;-0.2;-2.4;21.6;-20.800001
1521665734405;3.2;31.2;-0.1;-2.4;21.6;-20.800001
1521665734434;3.3;31.2;-0.1;-2.4;21.6;-20.800001
1521665734454;3.3;31.1;-0.1;-2.4;21.6;-20.800001
1521665734495;3.3;31.1;-0.2;-2.4;21.6;-20.800001
1521665734526;3.3;31.1;-0.1;-2.4;21.6;-20.800001
1521665734570;3.3;31.1;0.0;-2.4;21.6;-20.800001
1521665734589;3.3;31.2;0.0;-2.4;21.6;-20.800001
1521665734595;3.3;31.1;-0.1;-2.4;21.6;-20.800001
1521665734605;3.3;31.1;-0.2;-2.4;21.6;-20.800001
1521665734626;3.4;31.1;-0.2;-2.4;21.6;-20.800001
1521665734657;3.4;31.1;-0.3;-2.4;21.6;-20.800001
1521665734679;3.4;31.0;-0.4;-2.4;21.6;-20.800001
1521665734689;3.4;31.1;-0.3;-2.4;21.6;-20.800001
1521665734707;3.4;31.1;-0.4;-2.4;21.6;-20.800001
1521665734725;3.4;31.0;-0.5;-2.4;21.6;-20.800001
1521665734734;3.4;31.1;-0.4;-2.4;21.6;-20.800001
1521665734745;3.4;31.0;-0.5;-2.4;21.6;-20.800001
1521665734760;3.4;31.1;-0.5;-2.4;21.6;-20.800001
1521665734766;3.4;31.1;-0.3;-2.4;21.6;-20.800001
1521665734777;3.4;31.1;-0.4;-2.4;21.6;-20.800001
1521665734794;3.5;31.1;-0.3;-2.4;21.6;-20.800001
1521665734806;3.4;31.1;-0.3;-2.4;21.6;-20.800001
1521665734875;3.4;31.0;-0.3;-2.4;21.6;-20.800001
1521665734884;3.5;31.1;-0.3;-2.4;21.6;-20.800001
1521665734905;3.4;31.1;-0.2;-2.4;21.6;-20.800001
1521665734935;3.5;31.1;-0.2;-2.4;21.6;-20.800001
1521665734946;3.5;31.1;-0.1;-2.4;21.6;-20.800001
1521665734956;3.4;31.1;-0.1;-2.4;21.6;-20.800001
1521665734987;3.5;31.1;-0.1;-2.4;21.6;-20.800001
1521665734995;3.5;31.0;-0.1;-2.4;21.6;-20.800001
1521665735035;3.6000001;30.9;-0.1;-2.4;21.6;-20.800001
1521665735047;3.6000001;31.0;0.0;-2.4;21.6;-20.800001
1521665735055;3.5;31.0;0.0;-2.4;21.6;-20.800001
1521665735065;3.5;30.9;-0.1;-2.4;21.6;-20.800001
1521665735076;3.5;30.9;0.0;-2.4;21.6;-20.800001
1521665735086;3.5;30.9;-0.1;-2.4;21.6;-20.800001
1521665735116;3.5;30.9;-0.2;-2.4;21.6;-20.800001
1521665735124;3.5;30.9;-0.3;-2.4;21.6;-20.800001
1521665735137;3.6000001;30.9;-0.4;-2.4;21.6;-20.800001
1521665735146;3.5;30.9;-0.3;-2.4;21.6;-20.800001
1521665735157;3.5;30.9;-0.4;-2.4;21.6;-20.800001
1521665735169;3.5;30.9;-0.3;-2.4;21.6;-20.800001
1521665735177;3.5;30.9;-0.4;-2.4;21.6;-20.800001
1521665735208;3.5;30.9;-0.5;-2.4;21.6;-20.800001
1521665735217;3.5;30.800001;-0.5;-2.4;21.6;-20.800001
1521665735228;3.5;30.800001;-0.6;-2.4;21.6;-20.800001
1521665735246;3.4;30.9;-0.6;-2.4;21.6;-20.800001
1521665735257;3.5;30.9;-0.6;-2.4;21.6;-20.800001
1521665735268;3.5;30.800001;-0.7;-2.4;21.6;-20.800001
1521665735279;3.4;30.800001;-0.7;-2.4;21.6;-20.800001
1521665735298;3.4;30.9;-0.8;-2.4;21.6;-20.800001
1521665735375;3.3;30.9;-0.7;-2.4;21.6;-20.800001
1521665735395;3.3;30.9;-0.6;-2.4;21.6;-20.800001
1521665735414;3.3;30.9;-0.5;-2.4;21.6;-20.800001
1521665735424;3.4;30.9;-0.4;-2.4;21.6;-20.800001
1521665735434;3.3;30.9;-0.5;-2.4;21.6;-20.800001
1521665735445;3.4;30.800001;-0.4;-2.4;21.6;-20.800001
1521665735467;3.4;30.7;-0.4;-2.4;21.6;-20.800001
1521665735476;3.4;30.7;-0.3;-2.4;21.6;-20.800001
1521665735486;3.4;30.7;-0.4;-2.4;21.6;-20.800001
1521665735505;3.4;30.6;-0.3;-2.4;21.6;-20.800001
1521665735514;3.5;30.6;-0.3;-2.4;21.6;-20.800001
1521665735526;3.5;30.6;-0.4;-2.4;21.6;-20.800001
1521665735535;3.6000001;30.6;-0.4;-2.4;21.6;-20.800001
1521665735546;3.7;30.5;-0.5;-2.4;21.6;-20.800001
1521665735556;3.7;30.5;-0.4;-2.4;21.6;-20.800001
1521665735567;3.7;30.4;-0.4;-2.4;21.6;-20.800001
1521665735578;3.7;30.4;-0.3;-2.4;21.6;-20.800001
1521665735587;3.8;30.300001;-0.3;-2.4;21.6;-20.800001
1521665735597;3.8;30.300001;-0.2;-2.4;21.6;-20.800001
1521665735616;3.9;30.2;-0.3;-2.4;21.6;-20.800001
1521665735636;3.9;30.1;-0.3;-2.4;21.6;-20.800001
1521665735648;4.0;30.0;-0.4;-2.4;21.6;-20.800001
1521665735657;4.1;30.0;-0.5;-2.4;21.6;-20.800001
1521665735668;4.1;29.9;-0.4;-2.4;21.6;-20.800001
1521665735676;4.2000003;29.9;-0.5;-2.4;21.6;-20.800001
1521665735688;4.2000003;29.800001;-0.5;-2.4;21.6;-20.800001
1521665735696;4.3;29.800001;-0.5;-2.4;21.6;-20.800001
1521665735710;4.3;29.7;-0.4;-2.4;21.6;-20.800001
1521665735716;4.3;29.7;-0.3;-2.4;21.6;-20.800001
1521665735748;4.3;29.6;-0.3;-2.4;21.6;-20.800001
1521665735757;4.4;29.6;-0.4;-2.4;21.6;-20.800001
1521665735769;4.4;29.6;-0.3;-2.4;21.6;-20.800001
1521665735779;4.3;29.6;-0.4;-2.4;21.6;-20.800001
1521665735786;4.3;29.7;-0.3;-2.4;21.6;-20.800001
1521665735795;4.3;29.7;-0.2;-2.4;21.6;-20.800001
1521665735815;4.2000003;29.7;-0.1;-2.4;21.6;-20.800001
1521665735827;4.2000003;29.800001;0.0;-2.4;21.6;-20.800001
1521665735835;4.2000003;29.800001;0.1;-2.4;21.6;-20.800001
1521665735847;4.1;29.800001;0.2;-2.4;21.6;-20.800001
1521665735875;4.1;29.9;0.2;-2.4;21.6;-20.800001
1521665735895;4.0;29.9;0.3;-2.4;21.6;-20.800001
1521665735905;4.0;30.0;0.3;-2.4;21.6;-20.800001
1521665735916;3.9;30.0;0.4;-2.4;21.6;-20.800001
1521665735925;3.9;30.1;0.5;-2.4;21.6;-20.800001
1521665735935;3.8;30.1;0.5;-2.4;21.6;-20.800001
1521665735955;3.8;30.1;0.6;-2.4;21.6;-20.800001
1521665735996;3.8;30.1;0.5;-2.4;21.6;-20.800001
1521665736007;3.9;30.0;0.4;-2.4;21.6;-20.800001
1521665736029;4.0;29.9;0.4;-2.4;21.6;-20.800001
1521665736058;4.0;29.9;0.3;-2.4;21.6;-20.800001
1521665736068;4.0;29.800001;0.2;-2.4;21.6;-20.800001
1521665736078;4.1;29.7;0.2;-2.4;21.6;-20.800001
1521665736088;4.2000003;29.7;0.1;-2.4;21.6;-20.800001
1521665736096;4.2000003;29.6;0.1;-2.4;21.6;-20.800001
1521665736108;4.3;29.5;0.0;-2.4;21.6;-20.800001
1521665736117;4.4;29.4;0.1;-2.4;21.6;-20.800001
1521665736127;4.5;29.4;0.0;-2.4;21.6;-20.800001
1521665736136;4.5;29.300001;-0.1;-2.4;21.6;-20.800001
1521665736146;4.6;29.2;-0.2;-2.4;21.6;-20.800001
1521665736156;4.7000003;29.1;-0.2;-2.4;21.6;-20.800001
1521665736177;4.8;29.0;-0.2;-2.4;21.6;-20.800001
1521665736198;5.0;28.9;-0.3;-2.4;21.6;-20.800001
1521665736208;5.0;28.800001;-0.3;-2.4;21.6;-20.800001
1521665736215;5.1;28.800001;-0.4;-2.4;21.6;-20.800001
1521665736228;5.2000003;28.7;-0.4;-2.4;21.6;-20.800001
1521665736237;5.3;28.6;-0.5;-2.4;21.6;-20.800001
1521665736249;5.4;28.6;-0.4;-2.4;21.6;-20.800001
1521665736257;5.4;28.5;-0.5;-2.4;21.6;-20.800001
1521665736269;5.5;28.5;-0.6;-2.4;21.6;-20.800001
1521665736276;5.5;28.6;-0.5;-2.4;21.6;-20.800001
1521665736296;5.5;28.6;-0.4;-2.4;21.6;-20.800001
1521665736319;5.4;28.6;-0.5;-2.4;21.6;-20.800001
1521665736326;5.4;28.7;-0.4;-2.4;21.6;-20.800001
1521665736344;5.4;28.7;-0.3;-2.4;21.6;-20.800001
1521665736386;5.4;28.7;-0.2;-2.4;21.6;-20.800001
1521665736395;5.4;28.800001;-0.1;-2.4;21.6;-20.800001
1521665736404;5.4;28.800001;-0.2;-2.4;21.6;-20.800001
1521665736434;5.3;28.800001;-0.2;-2.4;21.6;-20.800001
1521665736445;5.3;28.9;-0.2;-2.4;21.6;-20.800001
1521665736464;5.3;28.9;-0.3;-2.4;21.6;-20.800001
1521665736479;5.2000003;29.0;-0.3;-2.4;21.6;-20.800001
1521665736494;5.1;29.1;-0.4;-2.4;21.6;-20.800001
1521665736524;5.0;29.1;-0.4;-2.4;21.6;-20.800001
1521665736535;4.9;29.2;-0.4;-2.4;21.6;-20.800001
1521665736545;4.9;29.2;-0.5;-2.4;21.6;-20.800001
1521665736559;4.8;29.2;-0.5;-2.4;21.6;-20.800001
1521665736569;4.8;29.300001;-0.5;-2.4;21.6;-20.800001
1521665736575;4.7000003;29.300001;-0.6;-2.4;21.6;-20.800001
1521665736595;4.7000003;29.300001;-0.5;-2.4;21.6;-20.800001
1521665736607;4.6;29.300001;-0.6;-2.4;21.6;-20.800001
1521665736635;4.6;29.4;-0.7;-2.4;21.6;-20.800001
1521665736646;4.5;29.4;-0.7;-2.4;21.6;-20.800001
1521665736655;4.5;29.5;-0.7;-2.4;21.6;-20.800001
1521665736667;4.5;29.5;-0.8;-2.4;21.6;-20.800001
1521665736678;4.4;29.5;-0.8;-2.4;21.6;-20.800001
1521665736706;4.3;29.5;-0.7;-2.4;21.6;-20.800001
1521665736717;4.3;29.5;-0.6;-2.4;21.6;-20.800001
1521665736735;4.2000003;29.6;-0.5;-2.4;21.6;-20.800001
1521665736769;4.2000003;29.6;-0.4;-2.4;21.6;-20.800001
1521665736795;4.2000003;29.6;-0.3;-2.4;21.6;-20.800001
1521665736825;4.1;29.5;-0.3;-2.4;21.6;-20.800001
1521665736834;4.1;29.6;-0.3;-2.4;21.6;-20.800001
1521665736846;4.1;29.6;-0.1;-2.4;21.6;-20.800001
1521665736855;4.1;29.5;-0.1;-2.4;21.6;-20.800001
1521665736866;4.1;29.5;0.0;-2.4;21.6;-20.800001
1521665736886;4.0;29.5;0.0;-2.4;21.6;-20.800001
1521665736909;4.0;29.5;0.1;-2.4;21.6;-20.800001
1521665736916;4.0;29.5;0.2;-2.4;21.6;-20.800001
1521665736927;4.0;29.5;0.1;-2.4;21.6;-20.800001
1521665736936;4.0;29.4;0.1;-2.4;21.6;-20.800001
1521665736947;4.0;29.4;0.2;-2.4;21.6;-20.800001
1521665736967;4.0;29.300001;0.2;-2.4;21.6;-20.800001
1521665736996;4.0;29.300001;0.1;-2.4;21.6;-20.800001
1521665737017;4.0;29.300001;0.0;-2.4;21.6;-20.800001
1521665737028;4.0;29.300001;-0.1;-2.4;21.6;-20.800001
1521665737037;4.0;29.300001;0.0;-2.4;21.6;-20.800001
1521665737047;3.9;29.300001;0.0;-2.4;21.6;-20.800001
1521665737057;4.0;29.2;0.0;-2.4;21.6;-20.800001
1521665737067;3.9;29.2;-0.1;-2.4;21.6;-20.800001
1521665737098;3.9;29.300001;-0.1;-2.4;21.6;-20.800001
1521665737115;3.8;29.300001;-0.1;-2.4;21.6;-20.800001
1521665737148;3.8;29.300001;-0.2;-2.4;21.6;-20.800001
1521665737176;3.9;29.300001;-0.2;-2.4;21.6;-20.800001
1521665737197;3.8;29.4;-0.1;-2.4;21.6;-20.800001
1521665737236;3.8;29.5;0.0;-2.4;21.6;-20.800001
1521665737257;3.8;29.5;-0.1;-2.4;21.6;-20.800001
1521665737267;3.8;29.5;0.0;-2.4;21.6;-20.800001
1521665737278;3.7;29.5;-0.1;-2.4;21.6;-20.800001
1521665737286;3.8;29.6;-0.1;-2.4;21.6;-20.800001
1521665737338;3.8;29.6;-0.2;-2.4;21.6;-20.800001
1521665737344;3.7;29.6;-0.2;-2.4;21.6;-20.800001
1521665737356;3.8;29.6;-0.2;-2.4;21.6;-20.800001
1521665737387;3.8;29.7;-0.2;-2.4;21.6;-20.800001
1521665737407;3.8;29.6;-0.2;-2.4;21.6;-20.800001
1521665737414;3.9;29.6;-0.2;-2.4;21.6;-20.800001
1521665737424;3.8;29.6;-0.3;-2.4;21.6;-20.800001
1521665737434;3.8;29.6;-0.4;-2.4;21.6;-20.800001
1521665737445;3.8;29.6;-0.3;-2.4;21.6;-20.800001
1521665737455;3.9;29.6;-0.3;-2.4;21.6;-20.800001
1521665737466;3.9;29.7;-0.3;-2.4;21.6;-20.800001
1521665737475;3.8;29.7;-0.2;-2.4;21.6;-20.800001
1521665737486;3.8;29.7;-0.3;-2.4;21.6;-20.800001
1521665737495;3.9;29.6;-0.4;-2.4;21.6;-20.800001
1521665737507;3.9;29.5;-0.5;-2.4;21.6;-20.800001
1521665737515;3.9;29.5;-0.4;-2.4;21.6;-20.800001
1521665737548;3.9;29.6;-0.4;-2.4;21.6;-20.800001
1521665737577;4.0;29.5;-0.3;-2.4;21.6;-20.800001
1521665737597;4.0;29.5;-0.4;-2.4;21.6;-20.800001
1521665737616;4.0;29.5;-0.5;-2.4;21.6;-20.800001
1521665737627;4.0;29.5;-0.4;-2.4;21.6;-20.800001
1521665737657;4.0;29.5;-0.3;-2.4;21.6;-20.800001
1521665737689;4.0;29.4;-0.3;-2.4;21.6;-20.800001
1521665737739;4.0;29.4;-0.2;-2.4;21.6;-20.800001
1521665737747;4.0;29.4;-0.3;-2.4;21.6;-20.800001
1521665737755;4.0;29.300001;-0.3;-2.4;21.6;-20.800001
1521665737768;4.0;29.300001;-0.4;-2.4;21.6;-20.800001
1521665737779;4.0;29.4;-0.4;-2.4;21.6;-20.800001
1521665737785;3.9;29.4;-0.4;-2.4;21.6;-20.800001
1521665737794;3.9;29.300001;-0.5;-2.4;21.6;-20.800001
1521665737836;3.9;29.300001;-0.6;-2.4;21.6;-20.800001
1521665737856;3.9;29.300001;-0.5;-2.4;21.6;-20.800001
1521665737868;3.9;29.300001;-0.6;-2.4;21.6;-20.800001
1521665737898;3.8;29.300001;-0.5;-2.4;21.6;-20.800001
1521665737915;3.8;29.300001;-0.4;-2.4;21.6;-20.800001
1521665737927;3.8;29.300001;-0.5;-2.4;21.6;-20.800001
1521665737945;3.8;29.300001;-0.6;-2.4;21.6;-20.800001
1521665737955;3.8;29.4;-0.6;-2.4;21.6;-20.800001
1521665737967;3.8;29.4;-0.7;-2.4;21.6;-20.800001
1521665738014;3.7;29.5;-0.6;-2.4;21.6;-20.800001
1521665738054;3.7;29.6;-0.5;-2.4;21.6;-20.800001
1521665738087;3.7;29.6;-0.6;-2.4;21.6;-20.800001
1521665738095;3.7;29.6;-0.5;-2.4;21.6;-20.800001
1521665738115;3.7;29.7;-0.4;-2.4;21.6;-20.800001
1521665738158;3.7;29.800001;-0.5;-2.4;21.6;-20.800001
1521665738177;3.8;29.800001;-0.5;-2.4;21.6;-20.800001
1521665738188;3.7;29.800001;-0.5;-2.4;21.6;-20.800001
1521665738207;3.7;29.800001;-0.6;-2.4;21.6;-20.800001
1521665738227;3.7;29.9;-0.6;-2.4;21.6;-20.800001
1521665738238;3.7;29.9;-0.5;-2.4;21.6;-20.800001
1521665738248;3.8;29.9;-0.5;-2.4;21.6;-20.800001
1521665738256;3.7;29.9;-0.5;-2.4;21.6;-20.800001
1521665738299;3.7;29.9;-0.6;-2.4;21.6;-20.800001
1521665738304;3.7;29.9;-0.5;-2.4;21.6;-20.800001
1521665738314;3.7;29.800001;-0.5;-2.4;21.6;-20.800001
