1521665543618;-0.21483994;-1.1121826;0.37287903
1521665543630;-0.6328888;-0.92671204;-0.08343887
1521665543638;-0.79374695;-0.69314575;0.023853302
1521665543650;-1.1407776;-0.5636139;0.68478394
1521665543658;-1.1928711;-0.21681976;0.74909973
1521665543670;-1.221344;0.28514862;0.47048187
1521665543678;-0.98698425;0.22610855;0.5955353
1521665543690;-0.8216858;-0.09075546;0.4933777
1521665543698;-0.83869934;-0.152668;-0.059269905
1521665543710;-0.69984436;-0.60861206;-0.76530457
1521665543718;-0.4990158;-1.4663391;-0.8916321
1521665543730;-0.30319977;-1.7427368;-0.45244598
1521665543738;-0.61416626;-1.8659058;-0.35653687
1521665543750;-0.72506714;-1.4461365;-0.16629028
1521665543758;-0.87713623;-0.7056427;-0.10654068
1521665543777;-1.0200806;-0.1535492;0.0023417473
1521665543783;-0.9945984;0.2930832;0.18777466
1521665543794;-0.934433;0.3609314;0.016608238
1521665543803;-0.75987244;-0.19686508;0.38623047
1521665543815;-0.67414856;-1.0239258;0.1922493
1521665543823;-0.72491455;-1.369873;0.46276855
1521665543842;-1.046051;-0.7909546;0.22264099
1521665543862;-1.1228943;0.0337162;0.6884308
1521665543889;-1.2604675;0.7491913;0.14726639
1521665543897;-1.1833801;0.77352905;-0.35961914
1521665543905;-1.0933228;0.39957428;-0.028121948
1521665543917;-1.0940552;-0.15891647;0.31648254
1521665543925;-1.2020874;-0.61325073;-0.34674072
1521665543937;-1.3181763;-0.49536896;-1.1891174
1521665543945;-1.2883911;0.01627922;-1.86026
1521665543957;-1.4118042;-5.7680664;2.1531377
1521665543965;-1.4460449;-5.008301;2.5764775
1521665543977;-1.5006409;-3.3771362;2.6513677
1521665543985;-1.5730591;-2.2992554;2.238709
1521665543996;-1.3130493;-2.1566772;2.0745244
1521665544004;-1.2306824;-2.5274048;1.4764711
1521665544016;-0.99432373;-3.050293;-0.055357933
1521665544024;-1.1556396;-2.7352295;-0.6121521
1521665544042;-1.3165588;-1.8795776;-0.16966629
1521665544062;-1.2979736;-2.657959;-0.19405746
1521665544087;-1.4085083;-2.920044;-0.9780731
1521665544098;-1.8488464;-2.8150635;-1.6834412
1521665544104;-1.741333;-2.83667;-1.6842651
1521665544117;-1.6067505;-3.1167603;-1.2088013
1521665544124;-1.5431824;-3.3897705;-0.5305786
1521665544149;-1.2424622;-3.2996216;-0.9474335
1521665544160;-1.2867737;-2.9537354;-1.5618591
1521665544164;-1.4216309;-2.6798096;-1.8441162
1521665544182;-1.4024353;-2.7247314;-2.5601807
1521665544184;-1.0896912;-3.1241455;-3.4978027
1521665544195;-0.5804138;-3.175476;-3.7511597
1521665544203;-0.58992004;-2.03302;-4.1519775
1521665544215;-0.8282318;-6.619507;0.07982826
1521665544224;-1.2352295;-5.1223145;0.88041687
1521665544237;-1.2852173;-3.7961426;1.8662721
1521665544244;-1.3865662;-3.1386108;0.5832825
1521665544255;-0.18032455;-4.059326;-0.6042175
1521665544263;0.3110962;-3.916809;-1.4319153
1521665544282;0.2923584;-2.4327393;-1.6900024
1521665544297;0.10139084;-1.6661987;-0.6736908
1521665544305;-0.17720795;-1.516449;0.29592896
1521665544317;-0.2594757;-1.7150269;1.1638185
1521665544324;-0.3372116;-1.7458801;1.2707521
1521665544335;-0.18830109;-1.7476807;0.60983276
1521665544344;-0.026606083;-1.3595886;0.59695435
1521665544357;-0.05377102;-0.50979614;0.50886536
1521665544365;-0.020105839;0.047353745;0.27735138
1521665544378;0.10392761;0.5514984;0.5242615
1521665544385;0.10690117;1.0322267;0.9580231
1521665544397;0.15465546;1.0046083;1.3013917
1521665544406;0.5481415;0.597229;1.5668947
1521665544418;0.7534485;0.22621155;1.8309327
1521665544423;0.8718872;0.21512604;1.845337
1521665544437;0.80430603;0.4045105;1.5756227
1521665544443;0.38093567;1.1814576;1.2196351
1521665544455;0.010612726;2.063416;0.94688416
1521665544464;-0.043575287;2.6177983;1.3835756
1521665544487;1.5869142;2.317078;3.262696
1521665544497;1.9585572;2.0430303;2.4433599
1521665544505;2.3076177;1.9012147;2.5437016
1521665544517;2.0438848;2.237122;3.0562751
1521665544525;1.3135072;2.8214116;3.2576911
1521665544538;0.7633972;3.7441413;3.3229988
1521665544544;0.546402;4.587038;3.4191902
1521665544556;0.8390198;4.663454;4.0448017
1521665544565;1.3264467;4.661867;4.4492207
1521665544581;1.5134584;4.7408466;4.286745
1521665544586;1.9377443;4.2889423;4.3452168
1521665544598;1.8796388;3.7055671;3.9392707
1521665544605;1.5090333;3.2066047;4.169924
1521665544618;1.126465;3.34961;4.267214
1521665544625;0.27629852;3.543763;3.2110603
1521665544639;0.09650612;3.2410896;3.5687873
1521665544646;0.07211304;3.0513313;3.8350227
1521665544657;0.28801727;3.1773689;3.8297126
1521665544665;0.3689041;3.5390632;4.1506367
1521665544688;0.17213058;4.2021503;4.071657
1521665544697;0.20050049;4.2670918;3.7039802
1521665544705;0.5066376;3.375367;3.7673957
1521665544718;0.92614746;2.9760137;4.2628193
1521665544725;0.9592438;3.220948;4.855715
1521665544738;0.5423889;3.976075;4.4937763
1521665544745;0.24560547;4.5231953;4.621462
1521665544757;0.37819672;4.7683125;4.1278095
1521665544765;0.76293945;4.7945576;3.7039802
1521665544778;0.88272095;4.781252;3.9390876
1521665544786;0.9916382;4.958132;4.170656
1521665544796;0.98568726;5.1357446;4.4816914
1521665544804;0.9713135;5.31531;4.965822
1521665544816;0.9774933;5.3770776;4.5880146
1521665544824;0.7884369;5.461062;3.9387214
1521665544838;0.7460785;5.5539575;3.644471
1521665544844;0.6941223;5.3181176;3.4562995
1521665544856;0.5616913;5.0588403;3.1700447
1521665544864;0.6464386;4.9173603;3.34076
1521665544878;0.6338501;4.52466;3.4105232
1521665544884;0.73394775;4.1430683;3.269715
1521665544897;0.6736145;3.8172615;3.0000007
1521665544905;0.4866867;3.5670784;2.7521367
1521665544917;0.26073456;3.4176033;2.2139287
1521665544925;0.32113647;3.2494514;2.0676885
1521665544937;0.4069214;3.0713508;2.10315
1521665544946;0.40273285;2.8227544;2.0661626
1521665544957;0.31713867;2.6159062;2.2697148
1521665544965;0.26465607;2.4786382;2.3020024
1521665544986;0.288208;2.341309;2.0657353
1521665544997;0.17350388;2.266541;1.7764283
1521665545004;0.006140709;2.1340337;1.640503
1521665545016;-0.18364716;1.9588014;1.6105348
1521665545024;-0.3816223;1.8466798;1.8402711
1521665545037;-0.24274445;1.7321168;2.0812383
1521665545045;-0.1506195;1.3815614;2.3333745
1521665545068;-0.44792175;1.0724794;1.5240175
1521665545089;-0.5002289;1.147339;1.0961305
1521665545097;-0.51493835;1.1511537;1.0780336
1521665545109;-0.654129;1.2335511;1.5912782
1521665545129;-0.965744;0.6804657;2.0168462
1521665545149;-0.32299042;-0.58940125;1.7536927
1521665545161;-1.0605164;0.11250687;1.020691
1521665545177;-1.5070801;0.7358856;1.7665101
1521665545183;-1.4997559;1.103119;2.0554814
1521665545199;-0.98779297;0.93325806;2.0657964
1521665545207;-0.72584534;0.18654633;1.9665223
1521665545218;-0.58833313;-0.7442627;1.3554078
1521665545226;-0.8603058;-1.1592102;0.5325165
1521665545239;-1.1494751;-1.4090576;0.36281586
1521665545244;-1.1845703;-1.3004761;0.3705597
1521665545255;-0.6460266;-1.2528687;0.8036194
1521665545266;-0.15450668;-1.116272;1.618683
1521665545282;0.075037;-0.9615326;1.759369
1521665545285;-0.1580162;-0.8664398;1.3855287
1521665545297;-0.7357025;-0.6469269;1.3432313
1521665545305;-1.3292542;-0.13247299;1.0625001
1521665545318;-1.3157349;-0.012479544;0.9568176
1521665545325;-0.6887512;-0.37352753;1.5748903
1521665545338;-0.040299416;-0.7898865;1.3030702
1521665545344;0.3990097;-1.463562;1.1102906
1521665545357;0.5103302;-1.7037048;1.1415406
1521665545365;-0.12504959;-1.334259;1.1249391
1521665545379;-0.855011;-0.69789124;1.1947633
1521665545384;-1.4899597;-0.32785034;0.8272095
1521665545396;-0.8152771;-0.8282471;1.09787
1521665545404;-0.5810394;-1.1485596;1.018097
1521665545416;-0.5016327;-1.4284363;0.73080444
1521665545424;-0.6347656;-1.2624512;0.69729614
1521665545436;-0.86209106;-0.90426636;1.198639
1521665545444;-1.1428223;-0.45269012;1.3240968
1521665545455;-1.2904358;-0.27368164;1.2030946
1521665545464;-1.0404358;-0.7397461;0.36838531
1521665545479;-0.45111847;-1.5898743;0.097293854
1521665545487;-0.2616501;-1.9068909;-0.33865356
1521665545499;-0.35256195;-2.0118408;-0.5196991
1521665545506;-0.770874;-1.6316528;0.18649673
1521665545518;-1.3189697;-0.82167053;1.1907045
1521665545526;-1.6904907;-0.30594635;1.4221193
1521665545538;-1.6942139;-0.48574066;1.0204774
1521665545544;-1.2679749;-1.1326599;1.1732789
1521665545558;-1.0541077;-1.5856934;0.6239319
1521665545566;-1.1221313;-1.8135376;-0.31439972
1521665545579;-1.1116943;-1.7370911;-0.34986877
1521665545584;-1.3016968;-1.3288574;-0.07426834
1521665545596;-1.6453247;-0.91542053;0.36707306
1521665545604;-1.8387146;-1.063446;1.0143434
1521665545616;-1.7499695;-1.2769165;0.772995
1521665545630;-1.6029053;-1.5887146;0.23755646
1521665545636;-1.2470703;-1.8399353;-0.06898308
1521665545647;-1.2028503;-1.6181641;-0.36296844
1521665545655;-1.388977;-1.0163269;-0.42240143
1521665545664;-1.6190796;-0.35588074;-0.06502724
1521665545686;-1.7229614;0.06100464;0.83969116
1521665545698;-1.7747498;-0.011006832;1.3118287
1521665545705;-1.8372498;-0.41085815;0.8097992
1521665545717;-1.5194397;-1.1528015;0.430542
1521665545725;-1.4310913;-1.2285767;0.42614746
1521665545738;-1.7301941;-0.64923096;-0.07453728
1521665545745;-1.9085083;-0.29538727;0.050110817
1521665545758;-1.8005371;0.0682888;0.68943787
1521665545767;-2.109558;0.31209564;0.46607208
1521665545788;-1.9546204;0.020729065;0.39909363
1521665545799;-1.7622986;-0.5926361;0.092473984
1521665545807;-1.4138489;-1.0057678;0.49051666
1521665545819;-1.6873169;-0.76356506;0.42947388
1521665545827;-2.0391846;-0.29758453;-0.010165691
1521665545840;-2.4334717;0.60517883;-0.49486542
1521665545847;-2.1757812;0.12550735;-0.03939438
1521665545858;-2.0270996;-0.52412415;0.44490814
1521665545867;-1.9225159;-1.0698853;-0.22150803
1521665545889;-1.8840637;-1.3105164;-0.4949112
1521665545898;-2.1156006;-0.5536041;-0.39712524
1521665545904;-2.4083252;0.3350525;-0.19944382
1521665545918;-2.7312012;0.81806946;-0.19946289
1521665545925;-2.885498;0.79263306;-0.5320587
1521665545937;-2.7476807;0.23978424;-0.7208252
1521665545947;-2.3928833;-0.7636719;-1.3060608
1521665545958;-2.0421753;-1.6001587;-1.6769714
1521665545965;-2.0518188;-1.8151855;-1.9114075
1521665545989;-2.6307373;-0.21587753;-1.895874
1521665545998;-2.8932495;0.59306335;-1.6721802
1521665546006;-3.6871338;-4.8328857;2.8770146
1521665546018;-3.4624023;-5.206787;2.809998
1521665546025;-3.0818481;-6.0183105;2.2487187
1521665546038;-2.6221924;-7.092041;1.9133302
1521665546045;-2.4310303;-7.7648926;1.8568727
1521665546057;-2.942566;-6.836914;2.2486577
1521665546066;-3.1935425;-6.3311768;2.6179814
1521665546080;-3.275879;-6.1411133;2.8824468
1521665546087;-3.114441;-6.377075;2.3956304
1521665546098;-2.7277222;-6.6938477;1.5482179
1521665546107;-2.484375;-7.108032;1.2162782
1521665546119;-2.4507446;-7.585327;1.2017213
1521665546126;-2.727356;-7.725586;1.3940736
1521665546138;-3.0003662;-7.8187256;2.0313725
1521665546144;-3.2736206;-7.6918945;2.1879888
1521665546158;-3.1781616;-8.0271;2.575379
1521665546165;-2.8463745;-7.6505127;2.1582036
1521665546187;-2.3415527;-7.1988525;1.2281495
1521665546197;-1.6676941;-7.885742;1.537201
1521665546204;-1.2533875;-8.206787;0.73527527
1521665546217;-1.3729553;-8.115234;0.9756012
1521665546224;-1.7533264;-7.4312744;1.6574098
1521665546237;-1.4899292;-1.8092346;-1.888031
1521665546244;-1.7533569;-1.5302734;-1.4008179
1521665546257;-1.6184082;-1.4758301;-1.7110596
1521665546264;-1.2020264;-1.4764099;-1.7677002
1521665546285;-0.070261;-2.373352;-1.1187134
1521665546297;-0.0788784;-2.2281494;-1.218811
1521665546307;-0.25502014;-1.8763733;-0.9885254
1521665546318;-0.5288849;-1.5480347;-0.6105957
1521665546327;-0.41687775;-1.6338806;0.15118027
1521665546338;-0.43621063;-1.4453125;0.41381073
1521665546346;-0.60202026;-0.958374;0.42230988
1521665546358;-0.71681213;-0.24119568;0.6145477
1521665546366;-0.6846924;0.14818192;0.77897644
1521665546379;-0.5391083;0.14182281;1.1462709
1521665546386;-0.30021667;-0.006984234;1.2112733
1521665546398;0.20401764;-0.5409546;1.2804261
1521665546405;0.4101944;-0.5337219;1.0885011
1521665546418;0.42191315;-0.22231674;0.70503235
1521665546425;0.4114914;-0.02470684;0.60653687
1521665546438;0.35231018;-0.0323534;0.7358246
1521665546445;0.19895172;0.3473053;0.9900665
1521665546457;0.23175812;0.3181076;1.6054994
1521665546466;-0.08180618;0.97106934;2.4594731
1521665546489;-0.58299255;2.4325566;2.270203
1521665546499;-0.44228363;3.0063484;2.6187139
1521665546507;-0.25764465;2.5018315;2.7000127
1521665546519;1.4031984;1.199463;1.5501405
1521665546527;1.8717958;0.5899658;1.8846132
1521665546540;1.3669435;1.2416993;2.256287
1521665546551;0.29029083;2.3994145;2.2846684
1521665546561;-0.52098083;3.4289558;3.0097663
1521665546572;-1.2940674;4.3742695;3.6632698
1521665546592;-0.4534912;4.1712666;4.0306416
1521665546599;0.71458435;3.1539314;3.6336677
1521665546608;1.7032472;2.4780278;2.936829
1521665546619;2.1289678;2.0194707;2.1176763
1521665546627;1.4888307;2.384583;1.8078004
1521665546641;0.20327377;3.1019294;1.930298
1521665546648;-0.8720398;3.72284;2.4716191
1521665546659;-1.2172546;4.3955097;3.175965
1521665546668;-0.80036926;4.3016376;3.4943855
1521665546688;0.962265;3.4405525;3.5400398
1521665546698;1.1625062;3.059632;2.962647
1521665546707;0.8986511;3.0417488;1.8928529
1521665546718;0.37122345;3.1093147;1.8691713
1521665546726;0.122226715;3.2485359;2.5187993
1521665546738;0.029783249;3.1591804;3.5643928
1521665546747;0.4252243;3.075318;3.7061164
1521665546758;0.86676025;2.9030766;3.290223
1521665546766;0.98672485;2.8657842;2.7999272
1521665546790;0.4081726;2.9884648;1.8797914
1521665546799;0.13158798;3.1778572;2.129273
1521665546808;0.204319;3.3794563;2.5865483
1521665546821;0.5689087;3.4908454;2.7451787
1521665546827;0.74542236;3.627137;2.7209477
1521665546839;0.83309937;3.7325447;2.5432134
1521665546848;0.7906494;3.6245735;2.400208
1521665546859;0.6304474;3.7752693;2.3571172
1521665546868;0.5501251;3.729737;2.393067
1521665546881;0.6532135;3.6092536;2.6112676
1521665546888;0.70751953;3.50409;2.7390141
1521665546900;0.6047363;3.443299;2.6323857
1521665546908;0.46198273;3.3637702;2.3615117
1521665546920;0.29593658;3.4476936;1.993744
1521665546928;0.19768524;3.302613;1.8816224
1521665546940;0.323143;3.1865242;1.8257142
1521665546948;0.27490997;2.990357;1.7809144
1521665546960;0.37589264;2.9061894;1.8559572
1521665546969;0.25104523;2.5607915;1.6228334
1521665546988;0.0048856735;2.0014043;1.0768129
1521665546999;-0.12536621;1.8878175;0.45780945
1521665547007;-0.1574707;1.9409181;0.049405098
1521665547020;-0.13091278;1.9700013;0.14441681
1521665547027;0.036533356;2.0495;0.6004181
1521665547039;0.104486465;2.1209722;0.7692566
1521665547047;0.007081032;1.8179933;0.32639313
1521665547059;0.10554314;1.4318544;0.036982536
1521665547068;0.02908516;1.1063844;-0.16034698
1521665547088;-0.2299881;1.06662;-0.7735138
1521665547099;-0.2891922;1.0852662;-0.5354004
1521665547120;-0.079395294;1.2352601;-0.3320923
1521665547130;-0.01536274;1.2648317;-0.60458374
1521665547149;1.3968202;1.2661439;4.8447285
1521665547158;-0.13631439;0.95217896;1.7746583
1521665547167;-0.44311523;0.66200256;1.1792909
1521665547188;-0.5155945;0.337883;0.75683594
1521665547199;-0.61505127;0.23518753;-0.41322327
1521665547208;-0.709198;0.56396484;-0.5039673
1521665547220;-1.1157227;0.69143677;-0.5349884
1521665547228;-1.1441345;0.5799713;-0.9215698
1521665547240;-1.1080017;0.18172836;-1.0960388
1521665547247;-1.2550964;-0.09945488;-1.79422
1521665547258;-1.4057922;-0.28935242;-2.5881958
1521665547267;-1.292633;-0.5257263;-2.5423584
1521665547289;-1.5690918;-0.28833008;-2.8727417
1521665547299;-1.717865;-0.2572403;-2.904602
1521665547307;-1.9049377;-0.29078674;-2.9041748
1521665547319;-2.0583496;-0.30577087;-3.3734741
1521665547327;-2.1099854;-0.5935211;-3.5549927
1521665547340;-2.1713257;-0.7669983;-3.5252075
1521665547347;-2.175171;-0.94685364;-3.6088867
1521665547359;-2.185913;-1.4176941;-3.2927856
1521665547367;-2.3831177;-1.6906433;-3.453186
1521665547381;-2.6047363;-1.5467224;-4.139038
1521665547387;-2.7494507;-1.195282;-4.3563232
1521665547398;-3.100525;-0.814682;-4.6605225
1521665547407;-3.22052;-0.80319214;-4.5612793
1521665547419;-3.104187;-1.6997375;-5.085449
1521665547427;-2.3747559;-2.9402466;-5.069702
1521665547439;-1.9150085;-3.7720947;-4.7469482
1521665547447;-2.2733154;-3.736084;-5.2004395
1521665547458;-3.052124;-2.7781372;-5.4312744
1521665547467;-0.8972168;-2.4266357;2.931458
1521665547489;-1.2191162;-1.2051392;3.3937385
1521665547499;-0.8366699;-1.8012695;3.2039192
1521665547507;-0.071308136;-3.2965698;2.4963994
1521665547520;0.47694397;-4.3710938;1.6825258
1521665547526;0.31941223;-4.791626;1.3992311
1521665547539;-0.32176208;-4.265381;1.3846132
1521665547547;-1.1663818;-2.909912;2.603272
1521665547558;-2.048523;-1.5522156;3.512574
1521665547566;-2.4750366;-0.7731781;3.6682746
1521665547591;-1.1576843;-2.9328003;3.6257942
1521665547601;-0.508255;-4.4438477;2.5102544
1521665547609;-0.19406128;-5.484497;1.0025636
1521665547619;-0.38036346;-5.7197266;0.50175476
1521665547628;-1.2663879;-4.5499268;1.0350648
1521665547640;-3.0838013;-1.4771118;2.0936284
1521665547648;-3.1098022;-1.2568054;2.9189458
1521665547660;-2.9175415;-1.6298218;3.0037239
1521665547668;-2.458252;-3.0681152;2.2763066
1521665547688;-1.3684387;-6.340088;0.9360199
1521665547699;-1.6517029;-6.331421;0.15454483
1521665547708;-2.6431274;-5.1724854;0.02220726
1521665547720;-3.743164;-3.753601;1.069275
1521665547729;-4.447876;-2.319275;1.8673402
1521665547741;-4.963745;-1.2861633;1.7672731
1521665547749;-4.894165;-1.805603;2.460877
1521665547760;-4.090088;-3.1869507;3.5505989
1521665547768;-3.2340698;-4.1365967;2.1046147
1521665547791;-2.1713867;-5.662964;-1.4269104
1521665547799;-2.3234863;-5.1291504;-1.3187866
1521665547809;-2.819397;-4.133545;-0.68063354
1521665547820;-3.3672485;-3.0343018;0.7558136
1521665547828;-3.9417114;-1.9615173;1.6657411
1521665547841;-4.2244873;-1.1513977;2.1699224
1521665547848;-4.130493;-1.0604248;2.4948125
1521665547861;-4.036743;-1.5117798;2.2696538
1521665547869;-3.4121094;-2.3642578;1.2032777
1521665547891;-2.7963257;-2.6375732;-0.445549
1521665547899;-2.8399658;-2.2476196;-0.09657669
1521665547909;-3.022644;-1.7102051;0.280159
1521665547920;-3.2196045;-0.99461365;1.0145265
1521665547928;-3.53833;-0.11697388;0.9347229
1521665547942;-3.684021;0.50061035;1.0887147
1521665547948;-4.2231445;-7.2246094;4.179201
1521665547960;-4.1707764;-7.6523438;3.9227912
1521665547968;-3.6171875;-8.574463;3.7827156
1521665547988;-3.0647583;-9.36377;3.1694953
1521665548002;-2.5187378;-9.937012;1.5687867
1521665548011;-2.7542725;-9.575195;2.6548467
1521665548032;-3.6019897;-7.3599854;3.860047
1521665548040;-3.8080444;-6.7662354;4.0336933
1521665548047;-3.529541;-6.9833984;3.4979866
1521665548084;-2.9035034;-7.503296;2.4431157
1521665548112;-3.2218628;-8.147217;1.2501527
1521665548116;-3.2418213;-8.136719;1.9034425
1521665548124;-3.1098633;-8.369141;2.0589604
1521665548136;-3.1901245;-8.171875;2.1157842
1521665548144;-3.2080078;-7.868164;1.6526796
1521665548156;-2.9815674;-7.8446045;1.3056031
1521665548164;-2.6087646;-8.428223;0.8614044
1521665548178;-2.2818604;-8.77832;0.7550354
1521665548184;-2.0454712;-8.758057;0.6457977
1521665548196;-1.978241;-8.503418;0.73135376
1521665548208;-2.2521362;-8.204102;1.0860597
1521665548221;-2.4348145;-8.113281;1.74115
1521665548228;-2.458252;-8.432129;1.9949647
1521665548241;-2.1870728;-8.824219;1.9354554
1521665548249;-1.7011719;-9.282959;1.5949403
1521665548260;-1.1963806;-9.68457;1.6248475
1521665548268;-0.69259644;-2.7375488;-1.9093628
1521665548289;-0.6920471;-2.4223633;-0.8666229
1521665548300;-0.7733154;-2.168457;-0.41780853
1521665548309;-0.96076965;-1.9901733;-0.18509674
1521665548321;-0.485466;-2.371399;0.34335327
1521665548328;-0.23989868;-2.625183;0.61906433
1521665548341;-0.100530624;-2.5922241;0.78193665
1521665548348;-0.10020447;-2.6382446;1.1127626
1521665548362;-0.064474106;-2.0845337;1.4335939
1521665548368;-0.2669983;-1.2946777;1.194153
1521665548388;-0.27051544;-0.4738083;1.0450441
1521665548400;-0.29127502;0.14757538;1.2898866
1521665548409;-0.1240654;-0.023153782;1.6616517
1521665548422;0.23896408;-0.2522583;2.469605
1521665548429;0.64234924;-0.7392273;2.9687505
1521665548442;0.77934265;-1.1446838;3.6059577
1521665548449;0.6491394;-0.8525696;3.1937873
1521665548461;0.66052246;-0.8045502;2.2119756
1521665548470;0.73709106;-0.60357666;1.828766
1521665548482;0.27690125;0.5332947;1.4973756
1521665548487;-0.22809601;1.4045717;1.6084291
1521665548500;-0.33171844;2.0422978;2.3820806
1521665548508;-0.218544;2.5057378;3.226197
1521665548520;-0.08894348;2.7293096;3.9652717
1521665548528;-0.081544876;2.8871465;4.007326
1521665548540;0.5274658;2.8609014;2.488648
1521665548547;0.91630554;2.7399297;2.94867
1521665548559;0.6549072;2.5438237;3.3019416
1521665548568;0.18651581;2.1961675;3.210694
1521665548590;-0.22322083;2.7146611;4.0583515
1521665548600;-0.2151947;2.6352544;4.330324
1521665548608;0.08075333;2.6458745;4.3309345
1521665548620;-0.012778282;3.1160896;3.56482
1521665548628;0.24202728;3.3394783;2.5362554
1521665548640;0.7747345;2.4838262;2.7135015
1521665548648;0.7513275;2.627625;3.669007
1521665548660;0.009123325;3.246888;3.868409
1521665548667;-0.35730743;3.4316413;3.8310554
1521665548688;-0.086811066;3.1399543;3.8848274
1521665548700;0.40164185;2.9683843;3.4454353
1521665548708;0.4662552;2.8396611;2.6283574
1521665548720;0.66322327;2.2139287;2.42981
1521665548728;0.7333374;1.5591432;3.9023445
1521665548740;0.29727173;2.0604863;4.654787
1521665548748;-0.30848694;2.6755376;3.8707283
1521665548760;-0.44181824;2.7739873;2.8261113
1521665548768;-0.19212723;2.6509404;2.7218022
1521665548782;0.21062088;2.9629521;2.3978887
1521665548788;0.17849731;2.9116216;2.7765508
1521665548799;0.13017273;2.9873052;3.4060066
1521665548807;0.12538528;3.0922859;3.8380744
1521665548822;0.070762634;3.2518318;3.7326057
1521665548829;0.11727333;3.4158332;3.0965583
1521665548840;-0.12451553;3.6365364;2.3475347
1521665548848;-0.3024292;3.9944465;1.8500367
1521665548860;-0.3768463;4.398073;1.953003
1521665548868;-0.19557953;4.375124;2.5690312
1521665548887;0.33322906;3.8413703;3.2588508
1521665548901;0.31339264;3.4910896;2.6228642
1521665548909;0.25070953;3.0795906;2.1560063
1521665548922;0.05705738;2.9860845;1.8335878
1521665548929;-0.19000244;3.1945198;1.4640809
1521665548939;-0.3877182;3.5672615;1.3103334
1521665548948;-0.27358246;3.922242;1.620392
1521665548960;-0.05622673;3.9512336;1.7989198
1521665548968;0.21757126;3.7379158;1.842682
1521665548990;-0.045737267;2.8761601;0.8430786
1521665549001;-0.68515015;2.6856694;-0.04545784
1521665549008;-0.6843262;2.7026372;0.103899
1521665549020;-0.4334488;2.8608403;0.5007324
1521665549029;-0.18583679;3.014222;0.64434814
1521665549041;-0.036626816;2.9268804;0.5094757
1521665549048;-0.057748795;2.6496587;0.083171844
1521665549060;-0.23816681;2.4602666;-0.47966003
1521665549068;-0.4246521;2.4427495;-1.0152283
1521665549089;-0.4415512;2.7814336;-1.5602417
1521665549102;-0.22677231;2.6452641;-1.5071716
1521665549108;0.06746483;2.5988164;-1.3493958
1521665549120;0.37644958;2.4946294;-1.4681091
1521665549129;0.33200073;2.162537;-1.8450928
1521665549148;-0.032203674;2.0158086;-2.9413452
1521665549160;-0.10811615;2.3511357;-3.4456177
1521665549168;1.4351503;2.86908;5.224978
1521665549188;1.4976503;2.8313603;5.516604
1521665549202;1.2596742;2.3419194;4.9107685
1521665549210;1.0461427;1.7760926;4.4694843
1521665549222;0.6076813;1.1148378;3.811158
1521665549230;0.34812164;1.1691896;3.5616462
1521665549250;0.3472824;1.5291444;3.3359993
1521665549262;0.30937195;1.5018007;3.073304
1521665549271;0.24419403;1.454712;2.7341924
1521665549289;-0.06861687;0.86650085;1.9644166
1521665549299;-0.36436462;0.76623535;1.5552675
1521665549307;-0.5148163;0.6624298;1.1919557
1521665549320;-0.53855896;0.6765137;1.0386354
1521665549328;-0.3576126;0.73825073;1.1449586
1521665549341;-0.38672638;0.4504776;1.2536317
1521665549347;-0.5296631;0.19324493;1.122162
1521665549359;-0.57237244;0.035541534;1.1108094
1521665549368;-0.85917664;-0.06229496;0.66822815
1521665549392;-1.3767395;0.29107666;-0.07673645
1521665549401;-1.6933594;0.40769196;-0.4753952
1521665549409;-1.6797485;0.38565826;-0.54159546
1521665549421;-1.4902649;0.2062149;-0.5211487
1521665549429;-1.5004578;-0.109825134;-0.6772156
1521665549442;-1.6211243;-1.2461548;-0.47575378
1521665549449;-1.6308899;-1.0966492;-0.622406
1521665549461;-2.234497;-1.4867859;-0.88946533
1521665549469;-2.5319824;-1.267334;-1.096344
1521665549488;-2.4049072;-0.93370056;-2.032959
1521665549502;-1.8960266;-1.1932373;-1.6996765
1521665549510;-1.5614014;-1.3644409;-1.6864624
1521665549530;-1.8873596;-1.5758057;-2.2624512
1521665549550;-3.4678955;-1.7468872;-2.710022
1521665549570;-4.0202637;-1.3116455;-3.6547241
1521665549588;-3.1279907;-2.4006348;-4.3165283
1521665549600;-2.5324707;-2.798645;-4.508667
1521665549608;-2.472229;-3.0618896;-4.883667
1521665549620;-2.8891602;-2.836731;-5.0490723
1521665549629;-3.5031738;-2.274109;-5.1202393
1521665549641;-4.152466;-1.9788513;-4.612671
1521665549648;-4.6749268;-1.5583191;-4.4039307
1521665549660;-4.8605957;-1.5386658;-4.6606445
1521665549668;-4.2941895;-2.0489502;-3.9716797
1521665549689;-3.553894;-3.40094;-5.1029053
1521665549701;-3.8659668;-3.1209717;-5.056885
1521665549709;-4.4001465;-2.437439;-5.428955
1521665549721;-4.7630615;-2.1018066;-5.1746826
1521665549729;-5.008545;-1.9633179;-5.265747
1521665549741;-4.9351807;-2.3951416;-5.51416
1521665549749;-4.684082;-2.7046509;-5.0739746
1521665549762;-4.447876;-2.9591675;-4.8259277
1521665549769;-1.0613708;-5.0998535;3.033387
1521665549790;-1.8750916;-4.3692627;3.0523689
1521665549801;-2.3154297;-4.373657;2.7937016
1521665549809;-2.6393433;-4.1151123;2.513062
1521665549821;-2.7668457;-4.199463;1.8126832
1521665549832;-2.670166;-4.636841;1.8333436
1521665549841;-2.6030884;-4.7176514;1.7576295
1521665549850;-2.6586914;-4.678589;1.3888551
1521665549861;-2.7955322;-4.727051;1.6903077
1521665549869;-3.0473022;-4.7182617;2.3103032
1521665549889;-3.4661865;-4.180542;2.6462407
1521665549909;-3.1724243;-3.6658936;1.3583986
1521665549920;-3.0374146;-3.6679688;1.2946473
1521665549928;-3.008728;-3.4676514;1.0348817
1521665549941;-2.9904175;-3.0064087;1.1194154
1521665549948;-3.0853882;-2.7092285;1.2984315
1521665549960;-3.21521;-2.8015747;1.6902467
1521665549971;-3.340149;-2.567505;1.548462
1521665549989;-2.9853516;-3.0008545;1.0639955
1521665550000;-2.888977;-2.9072266;1.1714174
1521665550009;-2.8846436;-2.3880005;0.6678009
1521665550021;-2.9570923;-1.4571533;0.65463257
1521665550028;-3.0200195;-0.65426636;0.77134705
1521665550041;-3.1517944;-0.4405136;0.59228516
1521665550048;-3.3746948;-0.42739105;0.59161377
1521665550061;-3.4472046;-0.6636963;0.09788895
1521665550068;-3.6818848;-9.872803;2.4572759
1521665550089;-3.3929443;-10.893555;2.9832158
1521665550101;-3.5357666;-10.248047;3.3870246
1521665550109;-3.7175903;-9.22583;3.2183235
1521665550122;-4.01001;-8.161865;1.974579
1521665550129;-3.8932495;-8.209961;1.4172975
1521665550142;-3.5117798;-8.965332;1.229767
1521665550149;-3.3114624;-9.649902;1.3714906
1521665550162;-3.3261719;-9.703369;1.3263551
1521665550169;-3.4277344;-9.569824;1.9254152
1521665550192;-3.755249;-8.6188965;2.672669
1521665550202;-3.5595703;-8.140625;2.2984014
1521665550210;-3.3101196;-7.7608643;1.525757
1521665550230;-2.5177612;-7.9732666;0.4111023
1521665550251;-2.3235474;-9.380127;0.60943604
1521665550270;-2.4663696;-10.484863;0.974823
1521665550289;-2.583252;-9.016846;1.2216188
1521665550301;-2.767456;-7.985962;0.71591187
1521665550309;-2.7684326;-7.2052;0.85928345
1521665550321;-2.69635;-7.5219727;1.2739564
1521665550329;-2.342163;-8.584717;1.6994325
1521665550341;-1.9229736;-9.37207;1.0802919
1521665550349;-1.6802368;-9.911621;0.64141846
1521665550361;-1.5697021;-9.95874;1.9696962
1521665550369;-1.6957703;-9.56543;2.247498
1521665550389;-1.2433472;-1.8848572;-1.6421814
1521665550400;-1.073883;-2.0565796;-1.851654
1521665550409;-0.902771;-2.189331;-1.60495
1521665550421;-0.8926697;-1.9832153;-0.8525543
1521665550472;-0.95840454;-1.5896912;0.41510773
1521665550474;-0.65037537;-1.865448;0.926651
1521665550492;-0.15217972;-2.1831055;1.0104371
1521665550500;-0.28486633;-1.3894653;1.1837159
1521665550508;-0.41703033;-0.66293335;1.0626832
1521665550520;-0.4765091;0.060004234;1.461548
1521665550530;-0.37173462;0.19898605;2.3977666
1521665550540;-0.0908947;0.007109165;2.7738042
1521665550548;0.3338852;-0.44470978;2.8529058
1521665550560;0.4324417;-0.41292572;3.1842048
1521665550568;0.321167;-0.14270782;2.6336675
1521665550589;0.7574158;0.49848175;2.176148
1521665550600;0.8206024;0.49754333;2.3869634
1521665550609;0.7142029;0.71321106;2.754273
1521665550631;0.6637573;0.98521423;3.2014167
1521665550640;0.15748215;1.6582338;3.5216072
1521665550648;0.10374451;2.0020757;4.066164
1521665550660;0.24555206;2.08783;4.2020283
1521665550669;0.73028564;1.6771852;4.0111103
1521665550715;1.6356202;1.4132386;2.8206792
1521665550732;1.4540101;1.9442445;2.820313
1521665550740;0.90278625;2.47815;2.7399297
1521665550751;1.1042787;1.4593812;3.3889167
1521665550771;2.0057988;0.8445587;4.607912
1521665550773;1.8428956;1.0509645;3.952027
1521665550790;1.5361024;1.6401674;3.3804939
1521665550793;1.3854066;2.332398;3.3283088
1521665550810;1.0885926;3.0884407;3.2196662
1521665550813;1.3339235;3.7898567;2.8126836
1521665550831;1.6602174;3.1104133;2.424439
1521665550834;1.954651;2.4056401;2.9300542
1521665550851;1.7189943;2.0366216;3.5452888
1521665550854;1.0591127;2.2680058;3.6261604
1521665550870;0.3850937;2.7323003;3.4426277
1521665550873;0.10725212;3.0477912;3.1382453
1521665550890;0.17909622;3.0649421;3.062989
1521665550893;0.15715027;3.0239875;3.4234016
1521665550909;0.20312119;2.8397222;3.7068489
1521665550929;0.042517662;2.3613286;2.9341435
1521665550940;0.10344124;2.2064824;2.7293706
1521665550949;-0.24373245;2.1662602;2.516724
1521665550960;-0.57522583;2.3836675;2.3118901
1521665550968;-0.68040466;2.6057134;1.8663026
1521665550989;0.66119385;2.7654424;3.0209358
1521665551000;0.92315674;2.9468389;3.0015266
1521665551009;0.83662415;2.8529058;2.6122441
1521665551021;0.66378784;3.2524421;2.4681401
1521665551033;0.31223297;3.4731452;2.6567998
1521665551051;0.17736053;4.050905;3.2567756
1521665551053;0.4234314;3.9685676;3.2412117
1521665551071;0.8583069;3.5327156;2.851685
1521665551073;0.6555023;3.163575;2.6091313
1521665551091;0.43019867;2.9550786;2.3484502
1521665551100;-0.20188904;3.2270515;2.0257573
1521665551109;-0.07912254;3.3593147;2.124329
1521665551132;0.19343567;3.247193;2.101624
1521665551135;0.35656738;2.969727;2.0015874
1521665551149;0.3237381;2.0242314;1.7251283
1521665551169;0.15198135;1.7456056;1.5064698
1521665551192;0.10258484;1.9541017;1.3460695
1521665551194;0.09205818;2.0292363;1.0516359
1521665551209;0.015384674;2.0214849;0.87361145
1521665551229;-0.04458332;1.5315553;0.654068
1521665551250;0.011998177;1.0888673;0.505188
1521665551269;-0.30742645;1.2003785;0.19342422
1521665551291;-0.24938965;1.2321473;0.3325348
1521665551294;-0.12900543;1.2365113;0.65441895
1521665551309;0.13040161;0.8999176;1.1962892
1521665551321;-0.020368576;1.0260926;1.1110231
1521665551329;-0.20043564;1.0499879;1.0297548
1521665551341;-0.4067917;1.2467347;0.96443176
1521665551349;-0.55326843;1.2941285;1.320984
1521665551360;-0.15922546;1.1699525;2.5344243
1521665551369;1.2438661;0.9987335;5.1965356
1521665551389;-0.51805115;0.45580292;-1.6290283
1521665551411;-0.42743683;0.22396469;-1.717865
1521665551413;-0.5707245;0.2145729;-2.0302734
1521665551431;-0.9357605;0.32722473;-2.6671143
1521665551434;-1.1803894;0.5127106;-3.0022583
1521665551460;-1.4354858;0.48970032;-3.4589844
1521665551469;-1.0678406;0.0800724;-3.3049927
1521665551490;-0.6071167;-0.48438263;-3.0926514
1521665551501;-0.5238037;-1.0915833;-4.032715
1521665551509;1.0006715;-0.9432373;3.9321296
1521665551521;0.67144775;-0.6197815;3.7336433
1521665551533;0.399086;-0.32598877;3.7443244
1521665551550;0.84809875;-0.778656;4.3864765
1521665551561;1.1061708;-1.2686768;4.892702
1521665551573;0.72525024;-1.6921082;4.4874287
1521665551590;-0.31506348;-1.6059875;3.5101326
1521665551601;-0.809906;-1.3000793;3.2856452
1521665551609;-0.98275757;-1.1070251;3.3402107
1521665551629;-0.8486023;-0.7935333;2.6844487
1521665551650;-0.06528473;-2.4347534;2.6839604
1521665551669;-0.46041107;-3.1019897;1.8286744
1521665551692;-0.58174133;-3.0771484;2.4173589
1521665551694;-1.0603027;-2.5576782;2.843079
1521665551709;-1.5573425;-1.5966492;2.9110112
1521665551730;-0.7960663;-3.5249634;2.0020757
1521665551750;-0.8923645;-3.8203735;0.92481995
1521665551769;-1.9506836;-2.2647095;1.7894899
1521665551792;-2.3475952;-1.2432251;2.2556767
1521665551794;-2.1586914;-1.2129822;3.1449592
1521665551809;-1.5080261;-2.7780151;3.2215583
1521665551829;-1.0609436;-3.987732;1.0781251
1521665551851;-2.2112427;-2.5518188;1.0761415
1521665551869;-3.2867432;-1.2963867;2.2241216
1521665551892;-3.3850098;-1.3482056;2.2956548
1521665551895;-3.0064087;-2.2885742;2.497437
1521665551909;-2.0545044;-3.9158936;1.6840822
1521665551921;-2.1385498;-3.5023804;0.7834778
1521665551930;-2.6254883;-2.4229736;0.4622116
1521665551942;-3.3510132;-1.1818237;1.4397889
1521665551949;-3.675293;-1.1643066;1.4032594
1521665551961;-3.5584106;-1.865509;1.2316896
1521665551969;-3.0614624;-2.7783203;1.3368837
1521665551990;-2.5592651;-2.9018555;0.97558594
1521665552002;-2.6619263;-1.7459412;1.0325929
1521665552009;-2.7445068;-1.0675354;1.0325929
1521665552022;-2.5842285;-1.1156311;1.577118
1521665552040;-2.736267;-0.8376007;1.519745
1521665552044;-2.6601562;-1.2006836;0.59143066
1521665552062;-2.0236206;-1.9839172;-0.26644897
1521665552088;-2.164856;-1.7279968;-0.023219109
1521665552101;-3.4052734;-0.32074738;0.6457977
1521665552109;-3.6080322;-0.53022766;0.38991547
1521665552130;-2.512024;-3.1416016;-0.9826355
1521665552151;-2.8416138;-10.110596;1.4238282
1521665552171;-4.522949;-7.2735596;2.217835
1521665552195;-5.35437;-8.95459;2.4848027
1521665552205;-4.6065674;-10.311523;1.9461366
1521665552214;-3.9451904;-10.82959;1.5033876
1521665552230;-4.0195312;-8.989746;1.8832399
1521665552251;-4.486084;-7.1726074;2.2042851
1521665552270;-4.1151123;-8.482666;1.2438966
1521665552302;-3.6968384;-8.73999;1.8983766
1521665552310;-3.881958;-7.6937256;2.0775151
1521665552322;-4.0646973;-6.9815674;1.8708497
1521665552330;-3.921814;-7.407959;1.5141908
1521665552350;-2.8754272;-9.682373;0.8072357
1521665552362;-2.557129;-10.014648;0.7814026
1521665552370;-2.80542;-9.066162;1.1877137
1521665552390;-3.6382446;-7.2701416;2.3920903
1521665552412;-3.0009155;-7.7233887;2.6159062
1521665552414;-2.2045898;-8.788086;1.6982728
1521665552432;-1.5532532;-9.52417;1.2986757
1521665552434;-1.234314;-9.500244;0.6843109
1521665552462;-1.6862183;-0.8071594;-1.1377869
1521665552470;-1.6367493;-1.1463623;-0.05622387
1521665552492;-1.3324585;-1.4926147;0.35495758
1521665552494;-1.1436157;-1.5777893;-0.012236595
1521665552510;-0.3819046;-1.8943176;-0.64256287
1521665552530;-0.17963028;-1.6827087;-0.6843262
1521665552551;-0.29945374;-1.070282;0.11898804
1521665552562;-0.3620987;-1.1281128;0.54545593
1521665552570;-0.67282104;-0.7685394;1.3023378
1521665552602;-0.8257446;-0.019637108;1.5339051
1521665552610;-0.5222931;-0.034564972;1.46167
1521665552630;0.28074646;0.14005661;1.3681642
1521665552651;-0.13456345;0.8106842;1.4901124
1521665552670;-0.32317352;0.4490509;2.520203
1521665552702;-0.15378189;-0.097501755;2.0115361
1521665552710;-0.021008968;1.0971681;2.5760503
1521665552730;-0.024153233;1.9947206;1.7731019
1521665552751;0.41325378;1.7076112;2.52887
1521665552766;0.50787354;1.8690797;3.25232
1521665552775;0.45780945;1.7309877;3.1979988
1521665552795;-0.0965538;2.8806767;3.2997444
1521665552810;0.33293915;3.1818855;3.575074
1521665552830;1.5136415;2.0214238;2.881287
1521665552852;1.1947328;1.8937684;2.158692
1521665552870;0.2995453;3.2047737;3.7183235
1521665552902;0.86187744;4.2157;2.3616338
1521665552910;1.1480104;3.97461;1.9424745
1521665552922;1.2817994;3.651673;2.249146
1521665552930;1.1315309;3.3139656;2.5524907
1521665552950;0.30738068;2.8573613;3.670777
1521665552962;0.0022363663;2.8270879;3.7448127
1521665552970;0.024144173;2.8941045;3.4542243
1521665552991;0.28676605;2.8686528;2.5227666
1521665553002;-0.056295395;2.8287358;2.2259526
1521665553010;-0.3966217;3.1043098;2.2293096
1521665553023;-0.6640167;3.5850227;2.6896367
1521665553041;-0.59465027;3.8162239;3.385743
1521665553045;-0.2862854;3.9593513;3.7481086
1521665553060;-0.057513237;4.085207;3.18805
1521665553063;-0.03302288;3.7604988;2.3579717
1521665553089;-0.043340683;3.012696;1.9075319
1521665553102;-0.11940956;3.9702766;3.0863044
1521665553110;0.17085648;3.9382942;2.6322026
1521665553131;0.16553497;3.4128425;1.3526002
1521665553152;-0.2019844;3.1936042;1.6006776
1521665553170;-0.001707077;3.790284;2.0084844
1521665553196;0.37815857;3.7838142;1.544983
1521665553210;0.047244072;2.9545293;0.68556213
1521665553231;-0.14005661;2.1355596;0.96136475
1521665553252;0.0017147064;2.5539556;0.5168762
1521665553271;-0.058846474;2.7987065;0.07023239
1521665553296;-0.1687088;2.7366338;-0.08476257
1521665553311;-0.027355194;1.6514283;-0.21043015
1521665553331;-0.086307526;1.4938966;-0.6423645
1521665553351;-0.30142212;1.5850526;-1.1398621
1521665553362;-0.30430603;1.7434999;-1.3743896
1521665553371;-0.15753937;1.8406678;-1.525238
1521665553392;0.04850483;1.8489076;-1.7966614
1521665553415;0.13343048;1.3331605;-2.0738525
1521665553435;0.68385315;0.956131;4.8155537
1521665553457;-0.3465042;0.93211365;1.784424
1521665553471;-0.8204956;1.3119508;1.2180177
1521665553495;-0.85697937;0.8601227;1.0556031
1521665553522;-0.80207825;0.08436394;0.6274109
1521665553531;-1.57547;-0.39427185;-1.6635437
1521665553557;-1.9663391;0.4134674;-1.2395935
1521665553571;-1.1331787;-0.27069092;-1.6227722
1521665553610;-1.2601013;-1.7409058;-3.7800903
1521665553613;-1.7033691;-1.8461914;-3.8413086
1521665553631;-2.3911743;-0.8528595;-4.0080566
1521665553652;-2.081726;-0.8484955;-4.3271484
1521665553671;-1.3121643;-2.6011353;-4.5906982
1521665553696;-2.1052246;-3.208496;-5.395752
1521665553711;-1.0455933;-2.5922241;3.1929939
1521665553731;-0.93930054;-2.406067;3.2273567
1521665553752;0.11890221;-4.4370117;2.4265141
1521665553771;-0.59381104;-3.7910156;2.379456
1521665553796;-2.0012817;-1.8917236;2.615601
1521665553811;-2.4159546;-0.937088;2.8020635
1521665553832;-1.2850037;-3.2194824;3.5259407
1521665553850;-1.1795349;-4.4935303;2.2565923
1521665553853;-0.9342499;-5.272339;1.3575135
1521665553871;-1.8918762;-4.014038;2.2311406
1521665553896;-3.1101685;-1.4903564;2.3662114
1521665553911;-2.6292725;-1.7364197;3.3271492
1521665553931;-1.2841492;-5.2006836;1.467682
1521665553952;-1.1590576;-5.4333496;0.2868271
1521665553971;-2.9575195;-3.2822876;1.3449403
1521665553992;-3.991455;-1.5282898;2.9221196
1521665554012;-2.6783447;-3.50177;2.6853642
1521665554024;-2.5237427;-3.564087;1.2686769
1521665554042;-2.642273;-3.2650757;0.4178543
1521665554044;-3.0058594;-2.6602173;0.9745636
1521665554066;-3.5438843;-1.9392395;1.7145692
1521665554090;-3.6170654;-1.9859619;1.7692567
1521665554095;-3.1448364;-2.722107;0.6915741
1521665554112;-2.7930908;-2.314087;0.12558365
1521665554124;-2.9903564;-1.7454224;0.26759338
1521665554135;-3.0211182;-1.3867188;0.41305542
1521665554150;-2.8669434;-1.9486694;0.7161865
1521665554153;-2.7340698;-2.526245;1.7217103
1521665554167;-2.5239868;-2.8997803;1.2993165
1521665554177;-2.0319824;-3.281433;1.050934
1521665554192;-2.005127;-2.8599854;1.3825685
1521665554194;-2.281128;-1.7956238;1.1913453
1521665554212;-3.3530273;-0.26879883;0.60079956
1521665554232;-4.0098877;-9.919678;4.2419453
1521665554244;-3.7227173;-10.927246;3.368348
1521665554255;-3.4988403;-11.026611;3.15149
1521665554265;-3.788086;-10.144287;3.0563362
1521665554273;-4.2318115;-9.595215;3.1451423
1521665554292;-4.173828;-9.15332;2.0993047
1521665554311;-3.3903198;-10.894043;0.8344116
1521665554330;-3.2973633;-10.561523;1.1339723
1521665554350;-4.1445312;-8.918457;3.1172493
1521665554372;-3.8221436;-8.618408;2.591065
1521665554392;-2.6525269;-9.958496;0.58865356
1521665554407;-2.4667969;-10.302246;0.65019226
1521665554413;-2.713623;-10.10376;0.99760437
1521665554437;-2.810669;-9.918457;2.966126
1521665554452;-2.1638184;-9.790283;2.2169194
1521665554472;-2.0010376;-9.163086;1.0486451
1521665554495;-1.0003662;-2.9939575;-2.5379028
1521665554518;-1.2636108;-2.451233;-0.46453857
1521665554536;-1.7820435;-0.69129944;1.1486818
1521665554557;-1.0950012;-1.1539001;1.1667787
1521665554572;-0.044490814;-2.2062378;-0.60736084
1521665554590;0.46582794;-2.9552612;-1.142273
1521665554593;0.30421448;-2.508606;-0.5636139
1521665554604;-0.2708969;-1.5965576;0.3113556
1521665554617;-1.0091858;-0.71881104;1.0764467
1521665554632;-1.9012756;0.4765625;2.799683
1521665554652;-1.2607117;-0.007507324;2.5690312
1521665554672;0.8344574;-1.8169861;0.8082886
1521665554696;-0.3202362;0.09817886;1.5109254
1521665554708;-0.8361664;0.86795044;2.4477544
1521665554713;-1.0155334;1.4950563;3.2508552
1521665554728;-0.6982269;1.336609;3.802735
1521665554733;-0.26594543;0.9401703;3.6164558
1521665554752;1.6978151;-1.0922546;1.016388
1521665554771;2.1950078;-0.8848114;1.2145997
1521665554773;1.0379945;0.8898926;1.3174134
1521665554796;-0.45318604;2.7965093;3.1995857
1521665554811;-0.60809326;3.1161506;4.2805195
1521665554813;-0.38464355;3.2132576;4.6712666
1521665554831;0.4738388;2.4844365;4.2740498
1521665554833;1.5592653;1.4913331;3.4202278
1521665554852;2.3408208;0.7224121;2.14502
1521665554868;1.2470094;1.626465;1.8345643
1521665554880;0.3507614;2.144959;2.5153203
1521665554897;0.39485168;3.3727424;3.9515388
1521665554912;1.543274;2.6290288;2.6542974
1521665554925;1.690674;2.10846;2.6990361
1521665554933;1.305298;2.2321172;2.4945683
1521665554952;0.30350494;2.5089726;2.7502446
1521665554972;-0.28247833;3.089112;2.7905889
1521665554998;-0.12990189;3.4287727;3.102906
1521665555007;0.123435974;3.4717414;3.6788948
1521665555016;0.06634903;3.7164924;3.5545661
1521665555024;0.3116455;3.469239;3.1146858
1521665555035;0.83576965;2.2467046;3.2014167
1521665555057;-0.14255524;2.5606694;2.8668218
1521665555077;-0.4344635;3.1232917;3.2162483
1521665555110;-0.051495552;3.6535652;3.1990974
1521665555115;-0.08242226;3.4301155;2.683045
1521665555125;-0.22839355;3.422364;2.9096684
1521665555133;-0.15657043;3.524964;3.1768196
1521665555158;-0.010838509;3.713868;2.9467778
1521665555168;0.047109604;3.6666877;2.4078374
1521665555177;-0.03134823;3.5166633;1.81839
1521665555198;-0.30207825;3.387513;2.3159184
1521665555211;-0.22731781;3.50586;2.3818974
1521665555213;-0.043709755;3.639527;2.3796391
1521665555231;0.08156967;3.5946662;2.386414
1521665555233;0.16996765;3.358033;1.9831849
1521665555245;0.19068527;3.1105354;1.8260499
1521665555258;0.101327896;2.9415898;1.6136476
1521665555264;-0.1248703;2.8995366;1.354828
1521665555273;-0.2964859;2.8128667;1.2435609
1521665555289;-0.26760864;2.8455815;1.2854005
1521665555293;-0.11028671;2.8593144;1.0975648
1521665555305;-0.023215294;2.6135259;0.84236145
1521665555313;-0.0140247345;2.3754888;0.55467224
1521665555325;-0.106868744;2.0869145;0.64341736
1521665555333;-0.10821915;1.9951173;0.5401764
1521665555345;0.03712082;1.8345948;0.68022156
1521665555353;0.041620255;1.7832948;0.61227417
1521665555365;0.04658985;1.7256166;0.29888916
1521665555373;-0.16114807;1.6388551;-0.198555
1521665555388;-0.3373947;1.6938478;-0.5329437
1521665555393;-0.35757446;1.7403566;-0.5198822
1521665555418;-0.07535744;1.8285524;-0.23120499
1521665555438;0.15048218;1.9118043;-0.4840622
1521665555459;-0.22670364;1.5540162;-0.98628235
1521665555465;-0.3422165;1.4565126;-1.1858215
1521665555473;-0.31782532;1.3810731;-1.2637329
1521665555497;0.044820786;1.5137025;-1.2949829
1521665555505;0.19079208;1.4288331;-1.5305176
1521665555526;0.17744446;1.1397401;-2.7407837
1521665555546;0.18481827;0.7925873;3.936219
1521665555567;-0.5577698;0.83969116;1.769745
1521665555573;-0.5520325;0.7354431;1.4154054
1521665555597;-0.8569031;0.3685608;0.8282013
1521665555605;-1.164093;0.09689522;0.4517746
1521665555618;-1.4264221;0.0096850395;-0.37023163
1521665555631;-1.3668823;-0.37014008;-0.95700073
1521665555633;-1.0091248;-0.7027283;-1.1592407
1521665555652;-0.6403656;-0.84524536;-1.7723083
1521665555654;-0.5442505;-0.9738159;-2.6203613
1521665555671;-0.46483612;-0.9497833;-2.6707153
1521665555673;-0.62068176;-0.5994568;-2.616394
1521665555698;-0.44168854;-1.0779419;-3.1634521
1521665555705;0.0765934;-1.7286987;-3.6309814
1521665555718;0.48553467;-2.105713;-4.03479
1521665555731;0.71580505;-2.2648315;-4.6157227
1521665555733;1.5832521;-2.0576172;3.3786018
1521665555752;0.69740295;-0.7511902;3.0759895
1521665555754;0.09298897;0.18502426;3.5261238
1521665555771;0.002641201;0.36374664;3.535401
1521665555773;0.5226898;-0.12733078;3.7519538
1521665555798;0.23345947;-3.157959;3.1674812
1521665555805;-0.68559265;-3.2243042;3.1069953
1521665555818;-1.5774536;-2.819641;3.3846443
1521665555831;-2.1550293;-2.2268066;3.4070442
1521665555833;-2.452942;-1.8166504;3.5477912
1521665555852;-2.52063;-1.822998;3.2147224
1521665555854;-2.5006104;-2.4395752;2.718018
1521665555871;-2.2202148;-3.0928345;2.4815679
1521665555874;-1.8534546;-4.154297;2.4186406
1521665555898;-1.7826233;-4.5716553;2.3320317
1521665555912;-2.324463;-3.364624;1.8172303
1521665555914;-2.6976318;-2.2937012;1.9462892
1521665555932;-3.2662964;-1.4120789;2.3999028
1521665555934;-3.276001;-1.3253174;2.33429
1521665555952;-2.4055786;-2.6812744;3.1344612
1521665555954;-2.1054077;-3.53656;3.5137947
1521665555969;-1.7193298;-4.282959;2.0396123
1521665555973;-1.2775269;-4.4453125;1.4485475
1521665555999;-2.2141113;-2.0041504;2.2140508
1521665556012;-2.581421;-1.2200012;2.3311162
1521665556014;-2.7809448;-2.1499634;2.153565
1521665556025;-1.6260681;-4.6307373;2.493958
1521665556033;-1.4074707;-5.612549;1.668213
1521665556046;-1.8045044;-5.492676;0.26898193
1521665556053;-2.0423584;-4.437866;-0.19600296
1521665556065;-2.6239624;-2.9904175;0.94429016
1521665556073;-3.0578003;-1.7778625;2.1735234
1521665556092;-3.1976318;-1.3313599;2.197022
1521665556094;-3.1846313;-1.5492249;2.0119023
1521665556105;-2.5646973;-2.6900635;1.1732179
1521665556114;-1.4913635;-4.6678467;1.3856813
1521665556126;-1.3878784;-4.7647705;1.4465944
1521665556134;-2.0759277;-3.3503418;0.70957947
1521665556146;-2.4355469;-1.839325;1.1512758
1521665556158;-2.9696045;-0.69151306;1.970215
1521665556169;-3.140564;-0.45165253;1.8313905
1521665556177;-2.5803833;-1.5423889;1.9326478
1521665556200;-2.218872;-2.7453613;2.4614263
1521665556208;-1.8266602;-4.109131;1.4079591
1521665556222;-1.8094177;-3.7385254;1.2796327
1521665556238;-2.8154297;-1.1220093;2.4428105
1521665556266;-3.500122;-0.89707947;2.3211675
1521665556279;-2.0570068;-4.2891846;0.02700615
1521665556299;-1.6320801;-5.0563965;-0.46414948
1521665556309;-3.2929688;-1.9184875;1.7552491
1521665556314;-3.769104;-0.700119;2.3210454
1521665556326;-4.432495;-0.33232117;2.6476445
1521665556334;-4.0618896;-0.933609;2.1683354
1521665556347;-2.9317627;-2.0682373;1.3265687
1521665556354;-2.1212158;-3.1126099;0.3389511
1521665556365;-1.9518738;-3.3775024;-0.6861572
1521665556374;-2.3433838;-2.4752808;-0.7958679
1521665556389;-2.8510132;-1.5641174;-0.27022552
1521665556394;-3.147583;-0.9394989;0.42673492
1521665556418;-3.5004272;0.13269806;1.2475587
1521665556439;-3.3982544;-7.64624;3.8977668
1521665556460;-2.4371948;-8.694336;3.0251472
1521665556465;-2.4672241;-8.763428;2.6600957
1521665556474;-3.1812134;-7.7521973;3.5583503
1521665556499;-3.402649;-6.678833;4.5307636
1521665556510;-3.368164;-6.4625244;5.210818
1521665556514;-2.9030762;-6.5424805;4.755129
1521665556532;-2.522766;-6.6384277;4.3898945
1521665556534;-2.4857178;-6.881714;3.8438728
1521665556555;-2.0748901;-7.7470703;2.1278691
1521665556565;-2.3504639;-7.6898193;2.1793828
1521665556574;-2.5847778;-7.847534;2.2435308
1521665556592;-2.887085;-7.6276855;2.8668218
1521665556595;-2.9990234;-7.4610596;3.5343025
1521665556606;-2.8092651;-7.742798;3.5792854
1521665556618;-2.5875244;-8.044678;2.905396
1521665556632;-2.324463;-8.635498;2.4196782
1521665556634;-2.1881104;-8.603027;1.6329347
1521665556655;-3.109436;-8.133301;1.504181
1521665556670;-3.2369385;-8.278809;1.9816896
1521665556674;-3.1848145;-8.372314;2.7237554
1521665556699;-2.010559;-8.3063965;2.832398
1521665556710;-2.05188;-7.81604;2.0676885
1521665556714;-2.1730347;-8.077148;1.6530763
1521665556732;-2.0027466;-8.649414;0.8512573
1521665556734;-2.0245361;-8.780762;0.81326294
1521665556755;-2.026184;-9.047363;2.2563481
1521665556772;-1.6817932;-2.0230713;-0.89160156
1521665556774;-1.6496887;-1.7727051;-0.0119485855
1521665556800;-1.087677;-1.4772949;-0.21731949
1521665556810;-0.8530426;-1.599762;-0.6563721
1521665556814;-0.4207077;-2.2526245;-1.1166077
1521665556830;-0.10567665;-2.756775;-2.0106812
1521665556834;-0.22220612;-2.4604492;-2.130371
1521665556855;-1.1850281;-1.382782;0.76148987
1521665556870;-1.4764099;-0.7261658;1.8648378
1521665556874;-1.4126282;-0.45658875;2.6127324
1521665556900;-0.09663963;-1.1891785;2.801392
1521665556910;0.20401764;-0.8323059;1.383484
1521665556919;0.2900467;-0.3039322;0.45342255
1521665556932;-0.16498184;0.40301514;0.67289734
1521665556935;-0.56163025;0.8981781;1.4889528
1521665556955;-0.110839844;0.18629074;2.8281865
1521665556970;0.32204437;0.025542736;3.774659
1521665556979;0.14555359;0.8878784;3.6606452
1521665556995;0.3928604;1.4307557;1.9749757
1521665557006;0.61024475;1.0871888;1.9844362
1521665557014;0.44982147;1.2799684;2.2694707
1521665557027;0.098955154;1.8520204;2.7783208
1521665557034;0.104925156;1.991028;3.3952644
1521665557049;0.21376419;2.066712;3.7821662
1521665557058;0.36733246;2.408875;4.1676044
1521665557070;0.4928589;2.71637;3.9634407
1521665557078;0.7872162;2.554932;3.1425178
1521665557101;1.2924196;2.1253057;2.9180913
1521665557109;1.7476808;2.1586308;3.123963
1521665557118;1.7579652;2.176087;3.1417243
1521665557126;1.3501893;2.634461;3.2224128
1521665557139;1.1292726;2.5467534;3.2033088
1521665557161;2.0571294;2.8695683;3.3174446
1521665557170;2.2359624;3.0713508;2.638184
1521665557178;2.3754888;2.8106694;2.624024
1521665557202;2.6090703;2.5316167;2.7913213
1521665557210;2.6367803;2.5375981;3.5487678
1521665557218;2.2687993;2.9328618;3.7219856
1521665557227;1.9660035;3.474549;3.665528
1521665557239;1.784546;3.9921882;2.7052007
1521665557260;2.6809087;2.8113408;4.325075
1521665557270;1.8685914;3.0085456;4.1536884
1521665557278;1.3708497;3.0343025;3.3412483
1521665557301;1.1183778;3.0898445;3.2639778
1521665557309;0.640152;3.1988533;3.2963874
1521665557318;0.26039886;3.3294685;3.0930183
1521665557323;-0.16311646;3.6293342;2.8890996
1521665557341;-0.39627838;3.509339;2.6185308
1521665557350;-0.25606537;2.8530889;2.4823003
1521665557357;0.5708771;0.8494873;3.7205207
1521665557367;0.010694504;0.41735077;3.4967659
1521665557375;-0.72676086;0.8519592;2.2656865
1521665557390;-1.1350098;1.2261049;1.6340944
1521665557395;-0.9283447;1.5068971;1.6829225
1521665557419;0.011091232;2.7176518;1.9734803
1521665557440;0.8210602;2.6480718;2.2427373
1521665557461;0.5159912;2.289002;1.8208009
1521665557479;0.30228424;2.5707402;1.997223
1521665557500;1.0056459;3.4539802;2.547791
1521665557507;1.0824586;3.7085578;2.6250005
1521665557515;1.1320802;3.516175;2.6551518
1521665557531;0.9263611;3.003968;2.6374516
1521665557535;0.5621948;2.400269;2.238587
1521665557556;0.24247742;1.7273866;1.9351197
1521665557567;0.20204163;1.6297303;1.9675294
1521665557575;0.19734192;1.8822633;1.869568
1521665557596;0.35692596;2.09137;1.8969728
1521665557607;0.021950722;1.8341981;1.4694825
1521665557628;-0.121118546;1.2956849;1.3992616
1521665557650;0.032814026;0.7282715;1.652527
1521665557655;0.021656036;0.5357361;1.7481996
1521665557667;0.13562012;0.52767944;2.2129521
1521665557675;0.14204788;0.65652466;2.3121953
1521665557699;-0.41872406;1.0479738;1.9772645
1521665557707;-0.39818573;1.0964357;1.5715028
1521665557715;-0.31333923;0.8439789;1.7563783
1521665557727;-0.09064102;0.45228577;2.481934
1521665557735;-0.261261;0.43260193;2.7461553
1521665557748;-0.34741974;0.4459839;2.7707524
1521665557755;-0.55622864;0.5803833;2.8755498
1521665557767;-0.7372589;0.42800903;2.3278813
1521665557775;-0.26087952;-0.104953766;2.2042851
1521665557790;-0.17469406;-0.41033936;2.190064
1521665557795;-0.06831932;-0.4321518;2.0370488
1521665557807;-0.19981003;-0.5424042;2.0414433
1521665557815;-0.42800903;-0.26314545;2.3940434
1521665557827;-0.93722534;0.41459656;2.1852422
1521665557835;-0.39383698;-0.08049774;1.9579774
1521665557850;0.039560318;-0.76486206;1.0898134
1521665557859;-0.01099968;-0.8310394;0.21107483
1521665557902;-0.24766922;-0.58218384;0.22397995
1521665557907;-0.78604126;-0.2974472;0.94421387
1521665557922;-0.9894409;0.008337021;1.6427308
1521665557930;-0.44096375;-0.822937;1.9769593
1521665557938;0.20202255;-1.5462952;1.4440919
1521665557943;0.64108276;-2.388794;0.6436157
1521665557959;-1.011383;-0.79599;0.76234436
1521665557980;-1.3805542;0.06380081;1.577881
1521665558011;0.63775635;-2.2460938;1.8575746
1521665558018;-0.53507996;-2.2456055;-0.13653183
1521665558028;-1.1439209;-1.7272339;0.2807846
1521665558035;-1.8929443;-0.789505;1.4754945
1521665558048;-2.234253;0.12527466;1.7903444
1521665558055;-1.8914795;-0.18873215;2.058106
1521665558067;-1.7574768;-1.0533142;1.1658021
1521665558092;-1.0688477;-2.7023315;0.6285248
1521665558101;-1.3510742;-2.9752197;0.9882965
1521665558121;-2.6168213;-0.7560425;1.2418214
1521665558140;-2.5962524;0.29962158;1.5038759
1521665558149;-2.4402466;0.22015;1.4797059
1521665558160;-1.9329224;-0.95306396;1.0569764
1521665558176;-0.8030853;-3.517334;0.61917114
1521665558201;-1.6836548;-2.39917;0.92251587
1521665558211;-2.4920654;-0.69000244;1.3815004
1521665558215;-3.0507202;0.77090454;1.6721803
1521665558232;-3.3613892;1.5419008;1.5580751
1521665558241;-2.8034058;0.88334656;1.1000978
1521665558257;-0.9380188;-2.4484863;1.1020204
1521665558271;-0.39987183;-3.873352;-0.19816208
1521665558275;-0.31519318;-3.8355713;-0.55944824
1521665558302;-3.201477;0.880249;1.2881166
1521665558316;-2.4943237;-0.12558746;1.8622133
1521665558328;-1.7507629;-1.6077881;1.7607118
1521665558335;-1.2013245;-2.8917236;0.33265686
1521665558349;-0.94503784;-3.1676636;-1.081665
1521665558356;-1.4257202;-2.149292;-1.0923462
1521665558367;-2.2179565;-0.80477905;-0.039722443
1521665558376;-2.8025513;0.2626114;1.0314332
1521665558397;-3.4499512;0.53182983;0.6239929
1521665558420;-1.9266663;-2.7079468;-0.302536
1521665558440;-1.477356;-3.1575928;-1.1757507
1521665558462;-3.031311;-0.16743469;0.16030502
1521665558468;-3.6035156;0.8006592;0.30262756
1521665558476;-3.9016113;0.8191986;-0.03321743
1521665558500;-2.9918823;-1.4512634;-0.46826935
1521665558530;-2.9672241;-1.5838928;-1.2007446
1521665558537;-3.5701294;-0.122047424;-0.40403748
1521665558562;-3.2263184;-0.92266846;-1.1810913
1521665558568;-2.6505127;-1.6851807;-1.632019
1521665558576;-2.295288;-1.9769287;-2.0020142
1521665558600;-2.918518;-0.3520813;-1.4720154
1521665558608;-3.1187744;0.14145279;-1.0061035
1521665558629;-3.7489624;-5.6411133;3.290284
1521665558649;-2.6396484;-6.8189697;2.693665
1521665558670;-2.5964355;-7.095581;2.3372197
1521665558700;-2.9055176;-6.501587;3.2512214
1521665558720;-2.875122;-6.1124268;3.5949714
1521665558737;-2.114563;-7.5179443;1.4089967
1521665558756;-2.1391602;-7.9398193;1.2198182
1521665558777;-3.0959473;-6.8964844;2.5119634
1521665558800;-2.6914062;-7.3200684;3.3335578
1521665558812;-1.960144;-7.616455;2.7062993
1521665558817;-1.505249;-8.114746;1.9300538
1521665558828;-1.0605164;-8.885742;1.5261842
1521665558836;-1.1175842;-8.067383;0.8779297
1521665558848;-1.5830078;-6.7424316;0.68325806
1521665558856;-1.8200073;-0.6862335;-2.9598389
1521665558872;-1.9389038;-1.1427612;-2.2109375
1521665558880;-1.6556396;-1.5425415;-1.5088501
1521665558909;-1.4252625;-1.8204651;-0.8256378
1521665558919;-1.1094055;-1.6955872;-0.84498596
1521665558932;-0.99420166;-1.0255432;-0.82547
1521665558940;-1.0777283;-1.1503601;-1.055542
1521665558949;-0.8797455;-1.6116028;-1.3871155
1521665558962;-0.95684814;-1.2711487;-1.160553
1521665559001;-1.178009;-0.8427887;-0.13637924
1521665559010;-1.4301147;-0.4068756;0.7887573
1521665559020;-1.2158203;-0.3107605;1.2263795
1521665559031;-0.59295654;-0.58906555;0.66589355
1521665559038;-0.3050232;-0.745697;-0.1417427
1521665559061;-0.6704254;0.019424915;0.49295044
1521665559082;-0.89349365;0.49625397;1.5308229
1521665559110;-0.3015442;-0.039051056;2.033692
1521665559117;0.10266876;-0.12261963;1.05011
1521665559141;-0.14375305;1.4322206;1.5519716
1521665559158;-0.16319656;2.5098882;3.3967292
1521665559172;-0.076229095;2.70044;3.4660652
1521665559176;0.25351715;2.311585;2.8929448
1521665559202;2.7780766;0.35147858;1.2561952
1521665559212;2.763245;0.49660492;1.7593995
1521665559217;1.7713319;1.6900331;2.374085
1521665559237;0.40127563;3.9063728;3.606324
1521665559258;0.8258972;4.6502705;4.297243
1521665559272;1.3573304;4.6553974;3.875367
1521665559276;1.977295;4.420412;3.054322
1521665559298;3.123902;2.7105718;2.9395146
1521665559309;2.5516973;2.995728;3.2912605
1521665559317;1.7698365;3.201905;3.5932624
1521665559329;1.1723939;3.5488288;3.6680305
1521665559337;0.5895691;4.0598164;3.4399421
1521665559349;0.40962982;4.550783;2.8262944
1521665559359;0.4714203;4.730837;1.9195863
1521665559381;1.0761415;4.0115986;2.18512
1521665559402;0.85894775;3.3674934;3.4889534
1521665559411;0.19475937;3.4961555;3.8396003
1521665559420;-0.2978897;3.734803;3.6129158
1521665559425;-0.013684273;3.595887;2.7780156
1521665559442;0.6801605;2.9267583;2.7728276
1521665559472;0.41147614;3.18097;3.1198127
1521665559482;0.2567978;3.4237068;3.2009284
1521665559512;0.19226456;3.1233528;2.4885259
1521665559521;0.16404724;3.9347541;2.834412
1521665559542;0.6958313;3.816651;2.9267583
1521665559561;0.88513184;3.3485115;2.8803716
1521665559569;0.67274475;2.5175786;2.375794
1521665559577;0.35699463;2.4426885;2.150147
1521665559600;-0.012083054;3.2023933;2.1835332
1521665559610;0.36647034;3.4946907;2.4223027
1521665559630;0.9976959;2.7320561;2.2884526
1521665559637;0.71351624;2.224976;1.9367067
1521665559661;0.20550156;2.0017705;1.6250917
1521665559663;-0.20475769;1.9963075;1.6051637
1521665559681;0.037192345;2.323731;1.9967042
1521665559712;0.57624817;2.1698003;2.183289
1521665559719;0.13263702;1.6371461;1.6250612
1521665559729;-0.018587112;1.3084718;1.4248048
1521665559741;-0.43717957;1.2545472;1.5296022
1521665559758;-0.06909561;1.2019655;2.0527349
1521665559782;0.09122658;0.90226746;2.4736333
1521665559801;-0.09626579;0.46227264;2.440125
1521665559818;-0.74998474;0.8143921;2.1334844
1521665559837;-1.0270996;1.1843568;2.38617
1521665559860;-0.89450073;1.1184999;2.7437139
1521665559878;-0.8391266;-0.22910309;2.3841558
1521665559901;-1.5108948;-0.28034973;2.4361577
1521665559920;-1.6502075;-0.15114594;2.316712
1521665559930;-1.0738525;-0.52905273;2.4343877
1521665559937;-0.55023193;-1.1180725;2.3127446
1521665559950;-0.12026024;-1.7549438;1.7755433
1521665559957;-0.03796196;-2.1760864;1.4771119
1521665559969;-0.7376251;-2.0968018;1.2973024
1521665559978;-1.1142883;-1.6068115;1.5746461
1521665560002;-1.5637512;-0.40570068;1.834015
1521665560009;-1.3449097;-0.19985199;1.1586915
1521665560017;-0.749527;-0.848526;0.997406
1521665560030;-0.45594025;-1.685791;0.7060852
1521665560037;-0.24588776;-2.7318726;0.42784882
1521665560050;-0.4187851;-2.8585815;0.7201843
1521665560059;-1.0209961;-2.4091187;0.80670166
1521665560081;-1.223938;-1.996582;1.2096864
1521665560083;-1.5412903;-1.1549683;1.8447877
1521665560111;-1.8154907;-0.3426361;2.6580205
1521665560117;-1.5914307;-1.1603699;1.6616822
1521665560142;-1.632843;-1.5788574;0.91941833
1521665560144;-1.1652832;-2.4191895;1.1979982
1521665560170;-1.4773254;-2.218567;1.3040162
1521665560178;-2.607727;-0.059357643;0.89694214
1521665560212;-1.6512756;-1.3415222;2.131043
1521665560221;-1.2475586;-2.725769;2.1305547
1521665560238;-1.6473389;-3.1346436;-0.47958374
1521665560259;-2.826538;-0.6181488;0.85266113
1521665560278;-2.8307495;-0.629776;1.8586122
1521665560299;-2.097229;-2.3147583;0.5727997
1521665560309;-1.8058777;-3.2437744;0.8332672
1521665560318;-3.4233398;-1.4042969;0.6300659
1521665560330;-4.057129;-0.41236877;0.5886383
1521665560342;-4.144287;-0.41220856;0.6885376
1521665560359;-2.8324585;-2.656311;-0.07729149
1521665560378;-2.1235352;-3.320984;-1.8335571
1521665560400;-2.3985596;-2.468872;-1.3237305
1521665560410;-3.4065552;0.1952591;0.6547394
1521665560421;-4.092407;0.9556427;1.4740297
1521665560438;-3.9918823;0.181427;0.52919006
1521665560459;-2.5567627;-2.4675293;-1.7117615
1521665560478;-2.0855103;-2.8048706;-1.8067627
1521665560499;-3.2383423;0.23236465;0.16938019
1521665560518;-4.2109375;2.160523;1.6524049
1521665560538;-3.3017578;1.1732179;-0.4213562
1521665560559;-2.809204;-8.902588;1.6612855
1521665560578;-3.9146729;-6.6296387;2.7467046
1521665560599;-5.172241;-4.887451;4.442507
1521665560610;-5.086914;-4.977783;4.512331
1521665560618;-4.2301025;-5.5618896;3.9958503
1521665560638;-3.2819824;-7.2542725;2.1475835
1521665560659;-4.0075684;-5.9832764;2.2949224
1521665560678;-4.4664307;-5.267212;2.8163457
1521665560699;-3.731079;-5.1671143;1.4188539
1521665560718;-3.2613525;-5.5300293;1.965851
1521665560738;-3.6728516;-4.4692383;1.7381593
1521665560759;-3.40094;-4.697632;1.4488527
1521665560778;-2.6784058;-5.6676025;0.5564728
1521665560800;-2.9399414;-5.136963;0.8651123
1521665560810;-3.3233032;-4.765747;0.60276794
1521665560822;-2.720398;-5.9039307;0.09616852
1521665560839;-1.9194641;-7.939331;0.26122284
1521665560859;-2.6555176;-5.677124;0.5766144
1521665560878;-3.277588;-4.3098145;2.129212
1521665560900;-2.6365967;-5.1713867;1.9808656
1521665560904;-1.6179504;-6.6829834;1.574402
1521665560919;-0.7991638;-7.6605225;-1.000061
1521665560938;-2.2130737;-6.6707764;1.6903383
1521665560959;-2.6972046;-6.5448;3.8365486
1521665560978;-1.4711304;-0.13899994;-1.14505
1521665561000;-0.8922882;-0.9733734;-0.9658356
1521665561004;-0.7298126;-1.1943054;-2.5090332
1521665561019;-1.8359375;-0.50164795;-1.2956238
1521665561039;-2.3621826;0.05316639;1.3585206
1521665561060;-1.9925537;-0.21358109;2.5931401
1521665561078;-1.3959045;-0.49097443;1.930359
1521665561100;-0.6684265;-1.3660278;1.227173
1521665561104;-0.30432892;-1.3037109;0.31645203
1521665561119;-1.0777283;0.21328354;0.67681885
1521665561139;-1.3340149;0.75431824;2.4705205
1521665561160;-1.187561;1.1122438;3.2078254
1521665561174;-0.85754395;1.0022279;2.2001348
1521665561183;0.29772186;0.17940521;1.300171
1521665561199;2.0874028;-0.6944275;2.026856
1521665561210;1.4226075;0.6478424;1.7497255
1521665561219;0.64341736;2.276795;3.87201
1521665561231;-0.15623474;4.1090107;4.7652607
1521665561239;-0.17047119;4.2614765;4.446535
1521665561253;0.8808441;3.4664924;3.109803
1521665561263;2.566895;1.7661744;1.8576051
1521665561282;3.587464;1.2456361;1.5833131
1521665561305;2.4380498;2.192017;2.1377568
1521665561322;-0.114349365;4.022951;4.015993
1521665561326;-0.30286407;4.4300556;3.9531868
1521665561334;0.3630371;4.119875;3.377076
1521665561343;1.3228151;3.1591194;2.2158208
1521665561359;2.157349;2.5178838;2.2391973
1521665561364;2.028687;2.559815;2.5310674
1521665561374;1.081299;2.9247441;3.0020149
1521665561383;0.3670349;3.5869758;3.4888923
1521665561405;0.11699486;3.9525154;3.929383
1521665561422;0.5024872;4.165407;3.9965217
1521665561427;0.8810425;4.3565693;3.9059455
1521665561435;1.046631;4.5881367;3.318238
1521665561443;1.4999391;4.5639668;3.0103767
1521665561472;2.1280522;3.8811042;3.821778
1521665561480;1.5615541;4.024416;3.7187507
1521665561485;1.1484987;4.476198;3.7248542
1521665561510;0.83992004;5.695315;3.811219
1521665561519;2.2410283;5.337649;4.288332
1521665561541;2.2175908;4.531008;4.369997
1521665561544;1.748871;3.9290779;4.2131367
1521665561571;0.7156677;4.599123;3.73993
1521665561579;1.0521241;4.7113056;3.5416877
1521665561600;1.3531495;4.5135517;3.4211433
1521665561611;1.5114442;3.8743904;3.4594123
1521665561619;1.1097413;3.3923347;3.1172493
1521665561642;0.79200745;3.3039558;2.9370732
1521665561644;0.5163727;3.378846;2.7932134
1521665561665;0.45261383;3.6738899;2.6350713
1521665561681;0.7037506;3.5015266;2.6873784
1521665561683;0.8517761;2.5896611;3.4351814
1521665561710;0.66256714;2.1673589;3.1632087
1521665561719;-0.06718254;1.4861146;2.0613408
1521665561739;-0.10248947;1.8365785;2.1582646
1521665561760;0.44966125;1.9620363;2.6359258
1521665561779;0.29729462;1.2979738;2.4251714
1521665561802;-0.016856194;1.1417543;2.410462
1521665561804;-0.3342514;0.91360474;2.5350347
1521665561819;-0.31941223;0.68367004;2.6949468
1521665561839;0.19516373;0.29756927;3.1459968
1521665561860;-0.035448074;0.42567444;3.198365
1521665561875;-0.44491577;0.6660919;3.0123909
1521665561884;-0.7971649;0.916687;3.0150764
1521665561902;-0.794281;0.7420654;2.8126225
1521665561911;0.30662537;-0.89723206;2.290833
1521665561919;0.0563097;-0.92575073;1.9092408
1521665561931;-0.25761414;-0.743454;2.1938481
1521665561939;-0.71795654;-0.30706787;2.8107305
1521665561952;-0.7756195;-0.040057182;3.2267463
1521665561959;-0.504776;-0.1725235;3.4237068
1521665561971;-0.3648224;-0.56863403;2.8817143
1521665561979;-0.3653717;-1.1247253;1.6091005
1521665561999;-0.73690796;-1.4821777;1.1883851
1521665562011;-1.1913452;-1.1847534;1.5061036
1521665562020;-1.5396729;-0.8095093;2.160523
1521665562032;-2.019165;-0.5491028;2.3587651
1521665562039;-1.947815;-0.9573059;1.7632447
1521665562054;-0.8191681;-2.3216553;2.0934453
1521665562063;-0.20938492;-3.2965088;2.5526128
1521665562075;-0.6572571;-3.0202026;1.2212831
1521665562083;-1.1082764;-2.4415283;0.23196793
1521665562106;-1.7388611;-1.532898;1.0442811
1521665562114;-2.4623413;-0.25954437;2.3212895
1521665562128;-2.815918;0.66648865;2.6487432
1521665562139;-1.8106384;-1.5959778;2.471497
1521665562144;-0.90589905;-3.3068237;1.8983155
1521665562160;-0.9066467;-3.2626953;1.108368
1521665562165;-1.8363953;-2.312439;0.101680756
1521665562175;-2.2752686;-1.1269226;0.51768494
1521665562183;-2.7115479;-0.1406517;1.6951295
1521665562206;-2.991211;0.41994476;2.1264653
1521665562214;-2.5683594;-0.07851219;2.2662358
1521665562228;-0.59651184;-3.3810425;2.570374
1521665562239;-0.88227844;-3.499817;0.9877014
1521665562244;-1.4403076;-2.8516846;0.023732662
1521665562260;-2.057312;-1.4497375;0.4291458
1521665562265;-2.770813;0.03356552;0.9788971
1521665562275;-3.1999512;0.8769684;1.0878297
1521665562283;-2.9938354;0.5802307;1.2510072
1521665562307;-2.4404907;-0.92840576;1.506836
1521665562315;-1.8530579;-2.3010864;1.1918641
1521665562332;-1.7245789;-3.511963;0.05927944
1521665562340;-2.4320679;-2.4776611;-0.31586456
1521665562344;-2.9169312;-1.166626;-0.208107
1521665562360;-2.9111328;-1.1219482;0.47896576
1521665562365;-2.40448;-1.9117737;0.23802185
1521665562379;-1.9353638;-2.7705688;-0.122047424
1521665562384;-1.9076233;-3.0324707;-0.093400955
1521665562406;-2.3464355;-2.5533447;0.07727623
1521665562415;-2.8668213;-1.0396118;-0.0027666092
1521665562428;-3.4022217;0.42279816;0.3037033
1521665562436;-3.1264648;-0.31480408;-0.08824158
1521665562444;-2.6480713;-1.3708191;-0.3493576
1521665562481;-2.3363037;-2.5507812;-0.7234802
1521665562485;-2.5818481;-1.8312073;-0.85206604
1521665562512;-3.711914;0.17886353;0.1170845
1521665562520;-3.0828857;-1.3482056;-2.0592651
1521665562532;-2.522705;-2.0046997;-2.5756226
1521665562550;-2.5535278;-2.0300903;-2.3103027
1521665562554;-3.243164;-0.7568054;-1.8135071
1521665562572;-5.10083;-5.978882;3.439637
1521665562580;-5.686035;-5.9919434;4.402956
1521665562612;-3.354065;-7.8305664;1.766388
1521665562620;-3.5458984;-7.392456;1.5593263
1521665562642;-4.1116943;-6.35376;1.6107484
1521665562645;-4.6601562;-5.6728516;2.1499639
1521665562667;-5.3044434;-5.473633;3.2795417
1521665562682;-4.506714;-5.80542;3.0583503
1521665562685;-3.548523;-6.3601074;3.2282722
1521665562711;-2.8479614;-6.682495;2.8693852
1521665562716;-2.8883667;-5.4189453;2.1075444
1521665562725;-3.2624512;-4.6798096;2.1874394
1521665562740;-3.5809326;-3.5324097;2.789124
1521665562761;-2.920105;-3.7443237;2.563233
1521665562780;-1.9022522;-4.86792;2.85492
1521665562806;-2.1437378;-3.9544067;2.7425542
1521665562820;-2.8190308;-3.0597534;2.3182988
1521665562840;-1.7081604;-5.649048;1.0915223
1521665562861;-2.1099243;-5.6103516;-0.17009354
1521665562880;-3.4205322;-3.2786255;1.2778932
1521665562905;-3.88385;-3.2445068;2.004578
1521665562920;-2.9203491;-4.7906494;1.1992799
1521665562933;-2.727539;-4.9782715;1.027649
1521665562944;-2.5939941;-4.756592;0.81007385
1521665562960;-2.3918457;-3.899109;0.06128311
1521665562972;-2.275879;-3.7468872;-0.49704742
1521665562980;-2.1582031;-3.9526978;-0.50886536
1521665563002;-1.8992004;-4.654297;0.010066986
1521665563012;-1.9494934;-4.628296;0.455307
1521665563020;-2.190918;-4.4071045;0.58395386
1521665563040;-1.5083313;-3.5650024;0.8586731
1521665563056;-1.0569153;-3.9335938;1.1705629
1521665563064;-0.5169983;-4.2713623;1.1745912
1521665563080;-0.06373787;-5.5266113;1.2092897
1521665563085;0.031867027;-6.8795166;1.7769166
1521665563107;0.14384842;-1.3379822;-1.9099731
1521665563115;-0.015685558;-1.646637;-0.5262909
1521665563128;-0.5362396;-0.90911865;1.6628724
1521665563140;-0.48675537;-0.9648285;2.0341802
1521665563145;-0.11733818;-1.1362915;1.8368226
1521665563162;0.14653397;-1.0369263;1.6778566
1521665563167;0.18662262;-0.92352295;1.4244386
1521665563176;0.4408722;-1.0092773;0.79367065
1521665563184;0.31632233;-0.48729706;0.31023407
1521665563207;0.11403656;0.19836426;0.7001953
1521665563215;-0.1758194;0.6415405;1.2372438
1521665563229;-0.2687378;1.005005;2.6440434
1521665563240;-0.18207169;0.8666382;2.7826543
1521665563245;0.073949814;0.52890015;2.5970464
1521665563261;0.753006;-0.058135033;1.4990236
1521665563266;0.8643646;0.23767471;1.3406984
1521665563276;0.53811646;1.157013;1.669922
1521665563284;0.006583214;1.9630433;2.2946172
1521665563307;-0.16268158;2.6043096;3.5027473
1521665563316;-0.2363739;3.0737922;4.39966
1521665563329;0.5868683;2.346253;3.7860115
1521665563340;1.322754;1.5829469;2.658875
1521665563345;2.3906255;0.17896271;1.1391603
1521665563362;2.962525;-0.3637619;1.1442567
1521665563366;1.9797059;1.4462892;1.8673707
1521665563376;0.6575012;3.010987;2.3521123
1521665563385;0.02052784;3.811402;3.6407478
1521665563407;-0.31650543;4.812746;4.682131
1521665563416;0.22101212;4.713625;4.175417
1521665563429;3.5015876;2.019837;3.3380134
1521665563440;3.9721076;1.6077577;3.0167243
1521665563445;3.043702;1.990326;1.7684633
1521665563482;1.0361329;3.521424;3.6773689
1521665563487;0.3686905;4.0946064;4.241701
1521665563508;0.42681885;4.616457;4.0410175
1521665563522;1.2134095;2.4916997;4.000124
1521665563546;-0.019505978;2.4102178;3.3104866
1521665563567;-0.47576904;3.085572;2.993897
1521665563585;0.71650696;3.83545;3.2395637
1521665563605;2.0464482;3.452088;3.4185188
1521665563621;0.92248535;3.3914802;2.8436284
1521665563642;0.038725853;4.306032;3.4473274
1521665563662;1.2765809;5.0294213;4.2387714
1521665563681;1.8296815;4.8103046;3.5269172
1521665563705;0.9893036;4.2982197;3.4542854
1521665563721;0.9200134;3.9324348;3.5922859
1521665563733;1.2155458;3.74878;3.6840827
1521665563745;1.1383668;3.6936042;3.2371223
1521665563762;0.590271;3.7676399;2.763001
1521665563781;0.33783722;3.5885017;2.58606
1521665563802;0.5350647;2.8002934;2.5510259
1521665563821;0.60391235;2.064942;2.4390264
1521665563842;0.3114624;2.0137944;2.36023
1521665563862;0.21060562;2.1455693;1.9536439
1521665563881;-0.07805443;1.7442628;1.7698365
1521665563902;-0.018784523;1.2939454;2.1336064
1521665563921;0.02607727;0.8320465;2.2285771
1521665563941;-0.6381378;1.0894166;1.6139528
1521665563962;-0.757843;1.0790712;2.1973271
1521665563982;-0.39278412;0.48386383;2.6280522
1521665564002;-0.056625366;-0.21492767;3.2110603
1521665564004;-0.021460533;-0.3757248;2.993958
1521665564022;-0.5514374;0.075502396;1.8084108
1521665564041;-1.0729675;0.93122864;1.4492494
1521665564062;-0.35920715;0.8740387;2.3078618
1521665564082;0.1789856;0.56803894;2.648682
1521665564101;-0.42282867;0.5716095;2.0916753
1521665564114;-0.39230347;0.4546585;2.3233037
1521665564129;-0.5205078;0.29370117;2.4684453
1521665564144;-0.122888565;-0.17512512;2.148316
1521665564165;-0.30687714;-0.6613617;2.3781743
1521665564176;-0.24694061;-0.9293518;2.8057256
1521665564184;-0.60417175;-0.78245544;2.6097417
1521665564200;-1.0871277;-0.66452026;1.0703737
1521665564222;-0.62054443;-1.9508667;1.3519593
1521665564242;-0.5167389;-2.4343262;0.9454651
1521665564258;-0.6480255;-2.225891;1.3377382
1521665564263;-1.1491699;-1.4642029;1.7142335
1521665564281;-2.0;-0.4056778;2.3396
1521665564307;-1.6277466;-2.409729;1.2444764
1521665564322;-0.923584;-4.0927734;-0.04164791
1521665564342;-2.2365112;-2.9586182;0.8386688
1521665564362;-3.668579;-0.0998745;2.5839849
1521665564382;-3.517273;-0.8388672;3.1109626
1521665564402;-2.0177002;-4.7857666;-0.98347473
1521665564420;-2.131897;-4.4814453;-1.1184387
1521665564423;-3.048584;-3.1098633;-0.41117096
1521665564447;-4.1608887;-0.24156952;1.6479799
1521665564468;-3.498108;-1.2973022;2.422791
1521665564482;-2.4768066;-3.1847534;1.005951
1521665564522;-2.711914;-1.7190247;0.52249146
1521665564524;-3.0029907;-0.8409271;0.85661316
1521665564541;-3.3948975;0.11150551;1.0251466
1521665564544;-3.6711426;0.6596527;0.8931885
1521665564562;-2.6063843;-1.1767273;2.1497197
1521665564582;-1.7845764;-2.4047241;0.54467773
1521665564600;-1.6966858;-2.456665;-0.21716309
1521665564603;-2.102356;-1.6274109;-0.45761108
1521665564614;-2.621399;-0.6802521;0.1353836
1521665564623;-3.539917;0.86338806;0.9087372
1521665564647;-3.2949219;0.14070892;1.1545717
1521665564667;-2.0839844;-1.8180542;0.4109726
1521665564682;-2.2971191;-0.994751;-1.0361938
1521665564720;-4.3223877;-5.4384766;4.090212
1521665564724;-4.4034424;-5.874756;4.532839
1521665564742;-3.5355225;-7.6153564;3.20691
1521665564760;-3.2958374;-8.17041;3.335633
1521665564763;-3.7044678;-7.880127;3.3465583
1521665564780;-3.9542236;-7.2126465;3.271241
1521665564783;-4.228882;-6.800171;2.891419
1521665564806;-4.0617676;-7.3065186;2.124085
1521665564818;-3.90625;-7.7946777;2.4273686
1521665564828;-4.055298;-7.4991455;2.6735845
1521665564838;-4.946045;-5.95105;3.2927253
1521665564847;-5.184326;-5.8658447;3.7667854
1521665564862;-4.51416;-7.034912;2.806397
1521665564881;-3.5131226;-7.99292;1.0180665
1521665564883;-3.1002197;-8.207031;0.22396469
1521665564902;-3.4395142;-7.5458984;0.31285858
1521665564904;-3.8273926;-7.0855713;1.2223207
1521665564922;-3.8555908;-6.781616;2.0952764
1521665564942;-2.7770386;-8.781738;2.2659917
1521665564955;-3.0388184;-8.041748;1.7802125
1521665564965;-3.5396118;-6.877075;1.5010682
1521665564974;-3.7444458;-6.215088;1.671631
1521665564983;-3.6253662;-6.307495;1.4706117
1521665564998;-3.0513916;-7.2058105;1.0012208
1521665565003;-2.3144531;-8.897461;0.4272232
1521665565022;-1.8566284;-9.505859;1.4676515
1521665565042;-3.1799927;-6.3275146;2.8773198
1521665565055;-3.220642;-5.73291;3.260987
1521665565075;-1.3245239;-7.32312;2.6227422
1521665565109;-0.5419769;-1.9230347;-1.3265686
1521665565128;-1.4927063;-0.81996155;0.16586304
1521665565135;-1.6383362;-0.39603424;0.349823
1521665565144;-1.7199707;0.23414612;0.19928741
1521665565161;-1.773468;0.8652344;0.31409454
1521665565164;-1.48349;0.73947144;0.25717926
1521665565180;-0.8369751;-0.08351135;1.0698243
1521665565183;-0.30821228;-0.61605835;1.6596681
1521665565208;-0.11094475;-0.34777832;1.3287355
1521665565218;-0.24378586;0.055802345;1.9270936
1521665565227;-0.44761658;0.70288086;2.5227666
1521665565239;-0.8192291;1.18042;2.6908574
1521665565243;-0.9479828;1.2057496;2.6157231
1521665565262;-0.66189575;0.7861786;2.0206914
1521665565264;-0.072380066;-0.069805145;1.5844728
1521665565278;0.572876;-0.7546997;1.6320192
1521665565283;0.74842834;-0.45778656;1.656891
1521665565308;-0.26206207;2.6342778;2.070313
1521665565315;-0.064229965;2.988953;2.427918
1521665565323;0.21193695;2.4968877;3.2426155
1521665565335;0.6846161;1.9877626;3.2532356
1521665565343;1.400818;0.8113861;2.7027593
1521665565355;2.1094975;-0.0675354;2.7724004
1521665565363;1.7601014;0.2351036;2.8189092
1521665565375;1.2121583;1.2518617;2.9829717
1521665565383;0.84835815;2.1864018;3.3618171
1521665565398;0.6557617;2.855103;3.1415412
1521665565403;0.8527374;2.926087;3.2671516
1521665565428;1.3693849;3.3725593;3.476319
1521665565447;2.7443242;1.929413;2.3764043
1521665565469;2.2278447;2.2087407;2.9482427
1521665565475;1.5882264;2.6667485;2.8406987
1521665565483;0.9257202;3.1752326;2.9127812
1521665565518;0.5020447;3.936097;3.2056282
1521665565525;2.6754766;1.9334413;2.641724
1521665565541;2.5036016;1.7678529;2.4736943
1521665565543;1.5616151;2.139832;1.9313661
1521665565561;0.87332153;2.4550786;2.000794
1521665565563;0.24422836;3.1814582;2.9942021
1521665565575;0.03318119;3.9058235;3.160157
1521665565583;0.80067444;3.8450325;3.6877449
1521665565602;1.550171;3.5866706;4.04883
1521665565604;1.7410585;3.1436775;2.9821172
1521665565615;1.6125795;3.00409;1.9132081
1521665565624;0.6820221;3.3848274;1.376465
1521665565648;-0.6042328;3.7739265;1.9906923
1521665565668;0.49333954;3.7309577;3.6312873
1521665565689;1.6121217;3.016114;3.5731208
1521665565721;0.002746582;3.042115;3.040467
1521665565724;-0.39122772;3.2606819;2.7992558
1521665565748;-0.05227852;4.2128925;2.7293096
1521665565761;0.94792175;4.045168;3.2249763
1521665565763;0.96772766;3.6269538;3.0583503
1521665565779;0.7913971;3.3428352;2.7482305
1521665565783;0.41604614;2.9014897;2.5334477
1521665565809;0.1685524;3.0390632;2.3317876
1521665565815;0.45102692;3.1529548;2.3037724
1521665565827;0.6478424;3.1625373;2.3562627
1521665565841;0.8954468;3.1483161;2.2888799
1521665565843;0.67407227;2.9342046;2.242188
1521665565862;0.4831848;2.6580205;2.2236333
1521665565864;0.22183228;2.528504;2.054566
1521665565879;0.11124039;2.3194585;1.515442
1521665565883;0.17129517;2.0332036;1.3414003
1521665565908;0.209095;1.8739015;1.301941
1521665565922;0.14879227;1.9874574;1.3639833
1521665565924;0.1846199;1.8123475;1.6058656
1521665565939;0.06926346;1.545868;1.6518861
1521665565944;-0.0401783;1.3404542;1.3646852
1521665565962;-0.07831001;1.1198732;1.261078
1521665565964;-0.23164368;1.0689698;1.0827943
1521665565979;-0.3596115;1.1984254;0.99606323
1521665565983;-0.2840805;1.2345582;1.2308351
1521665566008;-0.08888245;0.8882904;1.5743104
1521665566022;0.02136898;0.68133545;1.7120973
1521665566024;-0.079566956;0.35743713;1.8676759
1521665566035;-0.28985596;0.36468506;1.763733
1521665566043;-0.45623016;0.49651337;1.7369996
1521665566055;-0.5084381;0.64056396;1.7839662
1521665566064;-0.5687866;0.6782379;2.3553472
1521665566075;-0.5249939;0.73114014;2.7919927
1521665566084;-0.65193176;0.64115906;2.9460454
1521665566102;-0.6960144;0.53453064;2.8320317
1521665566104;-0.5558624;0.3738861;3.1066902
1521665566115;-0.5861969;0.37905884;3.0645149
1521665566124;-0.6267853;0.5828705;2.4548345
1521665566135;-0.6218872;0.4543686;2.3693852
1521665566144;-0.6044922;0.2691269;2.6749272
1521665566156;-0.44467163;-0.015222073;3.161805
1521665566164;-0.44652557;-0.32505798;3.353089
1521665566175;-0.27293396;-0.78341675;3.4920661
1521665566187;0.0020360947;-0.98080444;3.641175
1521665566229;0.19425583;-1.2295227;3.1334236
1521665566239;0.28580475;-1.3728943;2.5552373
1521665566248;-0.07722473;-0.81933594;1.9669496
1521665566256;-0.5325928;-0.4559784;1.7104799
1521665566269;-0.6252899;-0.045226097;2.6181035
1521665566278;-0.46194458;-0.64663696;2.5638433
1521665566291;-0.13714981;-3.4089966;1.5859376
1521665566302;-0.68392944;-3.7056885;1.697632
1521665566304;-1.2871399;-2.9473267;1.4906312
1521665566316;-1.5550232;-1.9698486;1.5652162
1521665566338;-0.818573;-1.5522156;2.394837
1521665566344;-0.06850052;-2.175171;2.6818242
1521665566356;-0.18445969;-2.439392;2.9128423
1521665566364;-0.83880615;-2.4605713;3.0128791
1521665566375;-1.5001831;-2.430603;2.6974492
1521665566384;-2.1074219;-2.2919312;2.1721196
1521665566407;-2.0495605;-2.5101929;2.5298467
1521665566428;-1.8676758;-2.4031372;1.1545717
1521665566450;-2.3588257;-1.5936584;1.6575624
1521665566468;-2.675171;-1.8718567;1.8483888
1521665566475;-2.7103271;-2.8087769;1.6362001
1521665566484;-2.2542114;-3.9569702;1.3965455
1521665566511;-1.9346008;-4.2945557;0.9506073
1521665566517;-2.4069824;-2.9295044;1.4313356
1521665566528;-2.7785034;-1.6092529;2.111878
1521665566542;-3.0882568;-0.47705078;2.2017827
1521665566544;-3.2688599;0.08849907;2.054627
1521665566565;-3.1206665;-1.5640564;1.5516053
1521665566576;-2.1594849;-3.5341797;2.2094731
1521665566584;-2.161621;-4.2230225;1.8434755
1521665566602;-2.7354736;-3.9199219;0.64360046
1521665566605;-3.1628418;-2.7943726;0.37319183
1521665566616;-3.5789185;-1.4517212;1.0803529
1521665566624;-3.8128052;-0.5349884;1.9426271
1521665566640;-3.932495;-0.1679306;2.615479
1521665566644;-3.94635;-0.2787094;2.1479497
1521665566667;-2.5979004;-2.8927612;0.31082153
1521665566688;-3.413269;-1.2250366;0.6734314
1521665566720;-3.9776;0.41690063;1.2919008
1521665566726;-3.536377;-0.9464874;1.2048951
1521665566749;-2.4677124;-2.0047607;-0.0075206757
1521665566767;-4.2976074;-7.951416;3.9003303
1521665566780;-4.5532227;-7.319214;3.4766243
1521665566784;-4.6383057;-7.550171;4.1069355
1521665566809;-4.6710205;-8.18457;4.213869
1521665566820;-4.716675;-8.741211;5.268069
1521665566824;-5.130371;-8.556885;5.161013
1521665566842;-5.312622;-8.215332;4.395754
1521665566844;-5.1677246;-7.4786377;3.5363777
1521665566866;-4.5108643;-7.9959717;2.7639775
1521665566880;-4.01001;-8.814941;1.2501527
1521665566884;-4.300659;-9.751709;1.3399659
1521665566909;-4.8308105;-8.595947;3.9871833
1521665566920;-4.977417;-7.522705;3.8534553
1521665566929;-4.9375;-6.797241;3.7616584
1521665566942;-4.56604;-6.974121;3.5078132
1521665566944;-3.9223022;-7.741455;2.1550298
1521665566965;-2.7160645;-9.658936;0.13476181
1521665566980;-3.0967407;-9.264893;-0.13147354
1521665566984;-3.6484375;-8.361572;1.2281495
1521665567010;-3.9100952;-7.2490234;4.126955
1521665567020;-3.5167847;-7.3652344;4.1053486
1521665567024;-2.7420044;-7.4803467;3.518006
1521665567036;-2.1775513;-8.052002;2.6881108
1521665567044;-1.9236755;-8.411377;2.375733
1521665567058;-1.7756348;-8.366943;1.2603761
1521665567065;-1.6126709;-8.583496;0.76319885
1521665567076;-1.6418762;-9.041992;1.7173768
1521665567084;-1.9493103;-8.940918;2.6749883
1521665567105;-1.9765625;-6.947876;3.660218
1521665567116;-1.2468872;-1.2199097;-0.7592621
1521665567124;-1.0235596;-1.5257874;-0.9924469
1521665567137;-0.93814087;-1.6585999;-1.2151489
1521665567145;-1.0571594;-1.4803772;-0.86834717
1521665567169;-1.3115234;-1.2529907;0.6680603
1521665567180;-1.3482666;-1.2878723;1.433899
1521665567188;-1.1211853;-1.4575195;1.9340211
1521665567212;-0.84599304;-1.4630432;1.5928956
1521665567220;-0.7995148;-1.112854;0.88998413
1521665567228;-0.84552;-0.7621002;0.5410156
1521665567236;-0.8622589;-0.6669159;0.7382965
1521665567249;-0.8996277;-0.6030121;1.0307924
1521665567270;-1.0086365;-0.4025421;1.8664857
1521665567280;-1.3141785;-0.25995636;1.9263307
1521665567289;-1.4326782;-0.2006073;2.0584722
1521665567311;-1.521759;0.11135483;2.1376348
1521665567319;-1.276947;-0.26759338;2.2100224
1521665567332;-0.34433746;-0.6973877;2.5923467
1521665567340;-0.16901016;1.2125245;1.9556276
1521665567349;0.06098175;1.4324647;2.3518682
1521665567370;0.012532711;2.4439702;3.5169075
1521665567380;0.26029968;2.2401128;3.2640998
1521665567388;0.9437866;1.4273378;2.928162
1521665567411;1.2875367;1.1699525;2.5263677
1521665567419;1.6945802;1.2942811;2.3319097
1521665567432;1.6354982;1.9402162;3.6312873
1521665567449;0.23905182;3.488221;3.8436286
1521665567478;0.33811188;3.7151496;3.8869026
1521665567491;2.3427129;2.5086064;3.8699348
1521665567521;2.7617803;2.5012822;1.7959291
1521665567527;0.9038086;4.2316914;4.0683613
1521665567551;0.28137207;5.0258813;4.0198994
1521665567571;2.3894658;3.201844;3.0725715
1521665567577;2.3678594;2.389893;2.898499
1521665567585;1.8260499;2.1637578;3.0227058
1521665567610;0.2824402;2.7378545;3.2896736
1521665567617;0.06710434;3.3743904;3.34961
1521665567625;0.27514648;3.8435676;3.2842414
1521665567650;1.338379;3.8780525;3.2770393
1521665567671;1.3134156;3.243592;3.2927864
1521665567689;0.7462311;3.2355964;3.9497077
1521665567719;0.4645691;3.3488777;3.4694831
1521665567725;1.0103151;3.0570686;3.1002204
1521665567745;0.8171234;2.8563848;3.4442756
1521665567766;0.50471497;2.5377812;3.34076
1521665567781;0.48532104;2.4797978;3.1685798
1521665567785;0.14975357;2.2814946;2.6542974
1521665567810;0.24100494;1.7491456;2.176331
1521665567821;0.4408493;1.4114076;2.0793462
1521665567825;0.556015;1.1215211;2.1339726
1521665567838;0.27298737;0.9877167;1.8957216
1521665567845;0.16923523;0.9141846;1.863434
1521665567858;0.13841248;0.95970154;1.9540406
1521665567865;0.20251465;0.88165283;1.8908387
1521665567877;0.1946373;0.60536194;1.6437074
1521665567885;0.101631165;0.5220337;1.4858705
1521665567906;0.017868042;0.8351135;1.1153871
1521665567917;0.15217972;0.79356384;1.3432618
1521665567925;0.24177933;0.6891327;1.4605714
1521665567937;0.32070923;0.5384674;1.6104432
1521665567945;0.21654129;0.38021088;1.6460878
1521665567960;0.03531933;0.21261978;1.6086122
1521665567969;-0.046344757;0.08107948;1.5801393
1521665567990;-0.27024078;0.21663284;1.42334
1521665568012;-0.40246582;0.54525757;1.4656984
1521665568020;-0.28475952;0.5532532;1.4623414
1521665568028;-0.45653534;0.1008625;0.6574249
1521665568041;-0.4859848;-0.49897766;0.8905792
1521665568049;-0.3766632;-0.4804077;0.88002014
1521665568071;-0.34482574;-0.32671356;1.0651551
1521665568093;-0.30469513;-0.2617569;1.2765504
1521665568118;-0.46982574;-0.04782009;1.3200685
1521665568128;-0.6137848;-0.10837746;1.1269227
1521665568133;-0.6192322;-0.25094604;0.85928345
1521665568150;-0.0994091;-0.64852905;1.4064637
1521665568159;-0.32492065;-0.66529846;1.0707093
1521665568168;-1.0438232;-0.33457184;0.6816559
1521665568190;-0.85317993;-0.32228088;0.67137146
1521665568221;-0.6661682;-0.5338898;0.6274414
1521665568228;-0.762146;-0.5251007;1.3996583
1521665568238;-1.6513977;-0.27352905;1.7067872
1521665568245;-2.2044067;0.034383774;1.3226014
1521665568259;-2.4762573;0.13256073;0.780838
1521665568265;-2.1778564;0.0672493;1.0341798
1521665568277;-1.7305603;-0.06896591;1.2015687
1521665568285;-1.0871887;-0.43288422;1.5276185
1521665568307;-0.7532501;-1.1125793;2.957703
1521665568318;-1.3286438;-1.0994568;2.6524053
1521665568326;-2.0740356;-0.6862335;1.9990236
1521665568338;-2.7059937;-0.12844849;1.383484
1521665568345;-2.6091309;0.37612915;0.7764435
1521665568361;-1.5784302;0.47827148;0.8601074
1521665568369;-0.39665985;0.17067337;1.4284974
1521665568382;0.26247406;-0.020092964;1.6911317
1521665568390;0.30966187;-0.17999649;1.9067994
1521665568412;-0.30319977;-0.2598114;2.0170903
1521665568421;-1.4048462;-0.13528061;1.8135377
1521665568429;-2.3787842;0.19606018;1.7338258
1521665568434;-2.8268433;0.46633148;1.6796876
1521665568450;-1.3798828;0.99468994;1.1958619
1521665568481;0.03489685;0.7567749;2.4183965
1521665568491;-1.0639954;1.2918702;1.775757
1521665568520;-0.14704132;-0.5961304;0.8327942
1521665568527;3.088868;-3.7038574;1.1210328
1521665568549;1.3403932;-2.9533691;1.2898561
1521665568572;-1.3121948;0.28469086;1.9302675
1521665568591;-1.34552;2.1007695;2.6712651
1521665568622;1.0749818;0.13579941;3.7391365
1521665568628;1.2519227;-1.1863403;3.340882
1521665568646;-1.4163513;-0.9560852;2.7468877
1521665568667;-2.4692383;0.99775696;1.9674073
1521665568686;0.8932495;-2.1550903;5.1373315
1521665568710;2.334168;-3.7962646;2.164124
1521665568722;1.3572999;-2.8809204;2.2060552
1521665568726;0.63237;-1.5528564;2.5559697
1521665568742;-0.1464386;0.24300385;2.0256352
1521665568746;-0.51319885;1.610077;2.0740972
1521665568767;1.3057863;0.019324303;4.102663
1521665568782;2.2359014;-1.7324219;4.380495
1521665568786;3.1539314;-3.6714478;3.9665534
1521665568810;2.1203008;-5.469116;3.582154
1521665568826;0.35264587;-3.1149292;2.065064
1521665568838;0.60873413;-1.4578552;1.513611
1521665568846;1.1171266;-0.57702637;1.7195436
1521665568858;3.9928596;3.6000984;3.623658
1521665568867;4.612917;3.179139;4.4853535
1521665568878;5.358889;1.9680177;5.4356713
1521665568886;5.5421166;0.6750641;5.428347
1521665568907;5.105349;0.15263367;4.797365
1521665568930;4.08716;4.1812763;2.6044316
1521665568951;3.923951;6.468631;2.0404668
1521665568970;3.3086555;6.2823515;2.3068852
1521665568978;2.0677495;4.5932636;3.191407
1521665568986;1.609131;3.5848396;3.9888923
1521665569011;0.77633667;3.1699836;4.7130146
1521665569031;0.99542236;3.1754768;3.4377449
1521665569039;1.5646974;3.1627204;3.1434333
1521665569046;1.9019777;2.585938;3.6434333
