1521666400634;2.7298589;-0.2718811;-0.40650177
1521666400640;2.7634892;-0.3808365;0.0045306683
1521666400654;2.9198003;-0.74046326;0.35035706
1521666400661;2.980164;-1.0653076;0.7778778
1521666400674;2.7366948;-1.3504944;0.19420242
1521666400681;2.8126836;-1.7610474;-0.47949982
1521666400694;2.8754277;-1.8716736;-0.8986206
1521666400701;2.8660283;-1.6968079;-1.2354126
1521666400715;2.9345708;-0.993454;-1.0505066
1521666400725;2.7159429;-0.073179245;-0.61076355
1521666400745;2.3709111;0.68989563;-0.20148087
1521666400766;2.421082;0.45274353;0.13936234
1521666400770;2.2033086;0.17996216;0.036474228
1521666400784;1.7960511;-1.0055847;0.1958313
1521666400805;1.5790101;-0.86450195;-0.6141968
1521666400823;1.2460634;0.10038757;-1.0638123
1521666400828;1.1039125;0.7731323;-1.000946
1521666400843;0.9208069;0.80752563;-0.6975403
1521666400848;0.7403412;0.7802124;-0.5890503
1521666400866;0.8037262;0.16913223;-0.16412735
1521666400877;0.95506287;-0.85983276;0.4243698
1521666400885;0.4726715;-0.5679016;0.6190338
1521666400907;0.34403992;-0.6001587;0.53382874
1521666400917;0.35450745;-0.316391;1.0488588
1521666400925;0.24740982;-0.027256489;1.5947572
1521666400937;0.24741364;0.31103516;1.6663514
1521666400947;0.069646835;1.1388246;1.9647523
1521666400967;-0.2778473;1.0335084;0.22436905
1521666400977;-0.19128036;0.083553314;-0.5858154
1521666400984;0.08904457;-1.5632324;-2.196106
1521666401005;1.0340577;-3.765442;-0.5370331
1521666401025;-3.3441772;1.5515748;1.0394899
1521666401045;-1.0497437;1.4609987;0.032722473
1521666401066;0.2769699;-0.8909302;-0.25535583
1521666401086;-3.9261475;2.2064824;5.5001245
1521666401107;-5.9886475;3.830201;2.2603765
1521666401126;-3.059021;1.458191;1.590973
1521666401131;-1.8230286;-0.021440506;-1.5917358
1521666401145;-1.5415955;-1.6464539;-2.2688599
1521666401150;-1.8949585;-1.9467773;-0.9304199
1521666401170;-3.7991333;-1.1298523;1.283722
1521666401186;-7.1081543;1.815674;2.2985234
1521666401189;-4.8099365;0.95233154;1.2867738
1521666401206;-1.9169617;-0.8263092;-0.44073486
1521666401227;-3.5300293;-0.14425659;0.39868927
1521666401246;-4.918091;1.4487306;1.4376832
1521666401264;-2.4246216;0.66233826;0.96958923
1521666401268;-1.9963379;0.10721779;0.5077667
1521666401286;-2.3305054;-0.10976219;-0.31643677
1521666401306;-2.9657593;0.7337036;0.44618988
1521666401326;-2.6746216;1.4493409;1.0436708
1521666401346;-1.2785339;1.1669923;1.525818
1521666401367;-2.3096313;1.8139955;3.0048835
1521666401386;-2.4846191;2.1004033;2.6491704
1521666401406;-1.556488;2.0880742;1.074402
1521666401426;-0.5889435;0.98187256;0.9529877
1521666401446;-2.0325928;2.2972417;2.2190557
1521666401466;-3.4242554;0.2892151;1.4017946
1521666401471;-3.098877;-0.02902937;-0.33298492
1521666401487;0.044903755;-1.0344238;-0.60276794
1521666401507;-1.263794;0.053193092;1.9160768
1521666401524;-2.4921875;0.6266632;1.2681581
1521666401529;-2.723938;1.1354676;0.867218
1521666401541;-2.4162598;1.139618;0.36467743
1521666401548;-1.1789551;0.103738785;-1.4676819
1521666401564;0.104457855;-2.191101;-1.3046875
1521666401569;0.697876;-3.0716553;-0.9433594
1521666401580;0.18096542;-1.6570129;-0.59706116
1521666401589;-0.9290161;-0.089035034;0.5824585
1521666401601;-2.1582642;1.4155275;1.922516
1521666401608;-2.517212;2.426392;1.7608339
1521666401626;0.31974792;-0.35206604;-0.75294495
1521666401645;1.3019105;-4.5498047;-0.8292999
1521666401676;-1.43219;-1.9433289;-0.39873505
1521666401687;-1.0454712;0.693161;1.0388795
1521666401700;-0.8785553;2.7293706;1.3151857
1521666401708;0.4880829;0.97080994;-0.73217773
1521666401727;0.8937988;-1.6127319;0.119436264
1521666401746;-0.8148041;-0.42813873;0.04899788
1521666401766;-0.8987274;0.107824326;0.19937897
1521666401771;-0.6355133;1.1343385;0.78082275
1521666401783;-0.5825043;3.5173957;0.103839874
1521666401788;-0.22677612;3.7570808;-0.55371094
1521666401805;0.7509613;1.9328004;0.6749115
1521666401809;1.4853212;0.57159424;1.9249574
1521666401823;1.415558;-0.7461395;1.6313783
1521666401828;0.8078766;-1.5951538;1.0663453
1521666401847;-0.50242615;-1.9105835;0.041724205
1521666401867;-0.46163177;-1.809845;-2.110962
1521666401872;-0.5190582;-1.3432312;-4.0371094
1521666401887;1.0867921;-0.26726532;-2.1234741
1521666401903;1.7864381;0.46878052;-1.5776062
1521666401908;2.5927129;0.53466797;-0.0918293
1521666401923;2.611817;0.0058546066;1.456299
1521666401928;1.9570314;-0.4765625;1.7561342
1521666401943;1.5575258;-2.4923096;0.18972015
1521666401949;1.1912538;-1.9637756;-0.9883423
1521666401966;0.49012756;-0.7415619;-1.8250427
1521666401970;0.4350891;0.06002617;-2.1696167
1521666401987;1.8712159;1.841797;-0.9776459
1521666402000;2.0362554;1.7914735;-1.282074
1521666402008;1.6906434;1.2863771;-1.4606018
1521666402027;0.97398376;-1.7896118;-1.3196106
1521666402047;0.31543732;-3.7528076;-1.9064636
1521666402066;-0.07788086;-3.6148682;-2.741272
1521666402071;-0.20470047;-2.9472656;-3.7175293
1521666402087;0.59472656;-2.130005;-3.3667603
1521666402092;1.8228456;-1.0412903;-2.826355
1521666402114;4.376589;-0.20008469;-0.61872864
1521666402127;4.623537;-0.8744507;0.38563538
1521666402130;3.8018806;-2.3289185;0.11865425
1521666402145;1.9212953;-5.0290527;-1.4569397
1521666402165;1.8927308;-1.638092;-5.5270996
1521666402177;3.4476936;-0.6701813;-3.8309326
1521666402185;4.390993;0.032987595;-2.3883667
1521666402197;4.308962;0.783432;-1.4630127
1521666402204;3.5361946;0.5915375;-0.30631256
1521666402225;2.726563;-1.045227;1.5256654
1521666402238;2.3825078;-1.4016724;1.261017
1521666402249;2.084412;-1.552124;-0.09306717
1521666402264;2.14148;-2.192627;-0.6648102
1521666402269;2.3616338;-2.465393;-0.8801575
1521666402287;1.5603639;-0.5766907;-2.9174805
1521666402306;1.5056764;0.36032104;-1.0935059
1521666402327;1.4366761;-0.17876816;0.7350006
1521666402347;0.7839508;-1.0382385;0.21909332
1521666402373;0.8039551;-1.4584961;0.25846863
1521666402381;0.68341064;0.051965714;-0.8098297
1521666402389;1.1898805;1.7711183;0.027383804
1521666402402;1.1269838;2.91742;0.5391388
1521666402409;1.0226747;2.9024663;1.6774904
1521666402421;0.73413086;1.7244874;2.4213872
1521666402429;0.53504944;-0.04486847;2.533814
1521666402447;0.20703125;-1.9874268;1.3700258
1521666402472;-0.019861221;-1.3802185;0.6613617
1521666402481;-0.17593384;-0.24788666;0.9046631
1521666402489;-0.3022461;1.8792421;0.59754944
1521666402507;-0.2592163;2.3403935;1.0407106
1521666402527;-1.2772522;0.07105255;2.0610356
1521666402547;-1.931366;-2.5305786;2.3836064
1521666402572;-1.3784485;-0.64515686;3.0079353
1521666402587;-1.8461914;3.703614;-0.8553009
1521666402606;0.19621658;4.0948505;1.0621644
1521666402620;-3.4910889;4.000368;3.8931892
1521666402630;-5.5126953;2.7373662;2.3570561
1521666402646;-3.9591064;-0.099264145;0.5565338
1521666402667;-3.4961548;-0.5297394;-0.17586136
1521666402672;-3.2161865;0.46326447;-0.25003815
1521666402687;-3.9419556;2.7599492;0.09560585
1521666402701;-4.479004;4.4179707;1.3821107
1521666402708;-5.4959717;4.871706;1.8143312
1521666402721;-4.087036;3.2356575;2.584107
1521666402728;-3.0795898;2.150269;1.3231508
1521666402741;-3.449463;1.4780275;-0.47335815
1521666402748;-3.487854;0.61831665;-0.95570374
1521666402764;-2.6779175;-0.51823425;-0.79811096
1521666402770;-2.6875;-0.9226227;-1.7169495
1521666402784;-2.5957031;-0.7929535;-1.3609314
1521666402789;-2.5095825;-0.34039307;0.0887928
1521666402801;-3.117859;0.47470093;1.5418977E-5
1521666402809;-2.78125;0.9935608;-0.16791153
1521666402826;-1.609375;1.499817;0.85827637
1521666402839;-1.969635;1.5517274;-0.050890923
1521666402848;-1.9319458;1.0807191;-0.67663574
1521666402873;-0.41282654;0.37208557;-0.24285889
1521666402881;-0.72164917;0.87216187;-0.18392563
1521666402889;-1.3359985;1.0679628;0.15948105
1521666402901;-1.886261;1.6526185;1.2182008
1521666402910;-2.4795532;1.9245301;1.631836
1521666402924;-2.5196533;1.5467836;-0.29853058
1521666402928;-1.0598755;0.3791275;-1.221344
1521666402947;-0.81492615;-0.052251816;-2.3894653
1521666402967;-2.1767578;0.37646484;-0.61605835
1521666402987;-3.687439;1.1409303;-1.6256104
1521666403000;-2.1053467;0.38316345;-2.2823486
1521666403008;-0.11995697;-0.6020813;-0.9799652
1521666403027;-0.63835144;0.4136963;-1.5289001
1521666403047;-2.8809204;1.5633241;2.2045293
1521666403067;-4.7530518;3.2132576;1.5998536
1521666403068;-2.3674927;0.46392822;-2.0396118
1521666403087;1.3847047;-1.7363281;-0.77890015
1521666403100;0.36629486;-0.76408386;-0.34284973
1521666403108;-0.8674164;-0.3544922;0.21586227
1521666403121;-1.8338318;0.43881226;0.5435028
1521666403128;-2.736206;1.8162233;0.45106506
1521666403141;-2.803833;1.8119203;-1.4713745
1521666403148;-2.1740723;0.3533249;-2.6419678
1521666403167;0.4098587;-3.0003052;-1.209259
1521666403187;-0.46200562;-2.8763428;-0.6828308
1521666403207;-1.5284119;-0.16754913;-1.1317749
1521666403227;-0.7518921;1.2860109;-0.8724518
1521666403247;0.117938995;1.0199586;1.1601869
1521666403267;0.31453705;-0.11644745;0.8832245
1521666403272;0.6471405;-1.757904;0.80903625
1521666403282;0.43199158;-2.074707;0.9402008
1521666403289;-0.5871277;-1.2120056;1.0220033
1521666403302;-0.62683105;1.0529176;0.8163605
1521666403310;-0.3089447;2.2835698;0.8140259
1521666403322;0.15776062;2.3820195;0.9753418
1521666403329;0.93299866;1.8550111;2.349793
1521666403344;1.50589;1.6075746;2.564942
1521666403349;1.2626344;0.36108398;1.1109926
1521666403374;-0.18601608;-1.5611877;-1.1949463
1521666403382;-1.206665;-1.4635925;-2.664795
1521666403389;-2.3676147;-0.6158142;-3.1907349
1521666403402;-4.0843506;1.2506715;-2.513977
1521666403410;-1.7786255;0.15058136;-1.9369812
1521666403422;0.16749573;-0.9145508;-0.28549194
1521666403429;1.8286439;-0.7341919;0.24481583
1521666403443;3.0604866;-0.51582336;-0.04063511
1521666403449;3.5911872;-0.9573059;-0.14424515
1521666403465;2.8599248;-1.0534668;0.5871582
1521666403470;0.9864044;-0.7687378;0.08706093
1521666403482;-0.63520813;-0.7310333;-0.40514374
1521666403489;-1.4718323;-0.85816956;-0.6080322
1521666403502;-1.8068542;-1.3526611;-0.72969055
1521666403509;-1.3586426;-2.1453857;-0.6283264
1521666403522;-0.2042656;-1.57724;-2.3755493
1521666403530;0.6115265;-0.081674576;-2.8459473
1521666403547;1.692505;0.4434204;-2.9528809
1521666403555;2.6818242;0.91622925;-2.2192993
1521666403582;0.39193726;-0.93115234;-0.26996613
1521666403589;-0.12232399;-2.250061;0.07027435
1521666403602;-0.066682816;-3.3450928;-0.9209442
1521666403609;0.089544296;-3.4454956;-2.9277954
1521666403622;0.47396088;-2.725586;-3.8587646
1521666403630;1.4915162;-2.0859985;-3.5895386
1521666403647;2.999085;-0.2742386;-3.1382446
1521666403671;3.3386238;-0.90133667;-1.4565125
1521666403687;2.9445806;-2.5562134;-1.3908386
1521666403707;2.084168;-3.515625;-3.21521
1521666403727;1.9970094;-2.5462646;-2.8549805
1521666403747;3.2684333;1.2409364;-2.5836792
1521666403775;4.041994;-0.67463684;-0.7680969
1521666403784;3.08545;-2.1172485;-1.1250305
1521666403790;2.0370488;-3.4779663;-1.9601135
1521666403802;1.4085084;-4.7495117;-2.2213135
1521666403809;1.2126466;-5.244873;-2.1334229
1521666403823;1.1230775;-4.6619873;-2.7228394
1521666403831;1.3261415;-2.524109;-3.937561
1521666403844;1.762787;-0.4405899;-2.8753662
1521666403849;2.4223638;1.0866395;-1.6313782
1521666403866;3.179444;1.8005067;-0.47916412
1521666403871;3.7321784;1.4870301;1.4470521
1521666403885;3.4837654;0.35627747;2.4951787
1521666403890;2.369141;-0.81422424;1.3822023
1521666403903;1.3276674;-1.7683411;0.42948914
1521666403910;0.51486206;-1.8697205;0.28272247
1521666403923;-0.10339737;-1.4081726;-0.30419922
1521666403930;-0.26605988;-0.5825043;-0.9873657
1521666403947;0.52963257;1.8691713;0.49774933
1521666403970;1.0752565;2.0817876;1.6140748
1521666403987;-0.34453583;-0.6549072;0.75938416
1521666404001;-0.42671967;-2.2824097;0.846405
1521666404008;-0.17894745;-3.3187866;1.3868715
1521666404027;-0.6829529;-0.88731384;-1.3173828
1521666404046;-0.63505554;0.5019684;-1.8394165
1521666404051;0.20972061;1.1302797;-0.006063223
1521666404074;0.62657166;2.2095952;2.259583
1521666404082;0.05208969;1.3785707;2.3188481
1521666404091;-0.27625275;0.19218826;2.7113042
1521666404103;-0.7761383;-0.50982666;2.1306767
1521666404119;-1.6697693;1.3189698;0.85058594
1521666404132;-2.1555176;3.0537727;-0.39605713
1521666404142;-1.8639221;3.7596443;-1.2424011
1521666404153;-1.0904846;3.9718025;2.226746
1521666404175;-2.7208862;1.3680421;1.1311036
1521666404184;-3.2202148;-1.0399475;-0.041394234
1521666404188;-2.2508545;-3.920044;0.0095665455
1521666404207;-4.526245;-1.7124023;-0.9388428
1521666404227;-7.999756;4.071657;-0.6148224
1521666404242;-8.1875;5.6962914;-0.6292877
1521666404248;-6.405884;6.2531767;1.3211976
1521666404274;-1.9430847;2.38794;0.8088989
1521666404281;-1.4449463;0.43243408;-0.76660156
1521666404291;-2.6792603;-1.5541687;-1.4406433
1521666404305;-2.3370972;-3.6904907;-1.0404968
1521666404310;-2.6486206;-3.1688232;-0.27581024
1521666404326;-3.7399902;-1.308258;0.45495605
1521666404331;-3.9555664;-0.26796722;0.08094597
1521666404345;-3.4607544;0.16726685;-1.0011292
1521666404350;-1.6552124;-0.71173096;-1.3660889
1521666404374;-0.12483978;-2.9093628;-0.3359146
1521666404381;-1.9793396;-2.2990112;-0.38254547
1521666404389;-3.4075317;-1.4081726;-0.2919159
1521666404401;-3.708191;-0.12527466;0.095285416
1521666404408;-2.9263306;1.0415345;0.5343628
1521666404422;-0.19560623;0.97117615;0.17788315
1521666404428;0.9020996;0.505661;0.5339203
1521666404441;-0.005651474;0.3249359;-0.08273888
1521666404449;-1.4454956;0.5595398;-0.43112183
1521666404470;-3.1463623;1.5172426;0.27096558
1521666404485;-2.6386719;1.5743104;0.061047554
1521666404490;-1.0825806;0.92803955;0.89328
1521666404505;0.067619324;0.21035385;0.29514313
1521666404510;0.047535896;-0.34166718;-1.3204651
1521666404526;-0.8157959;-0.49402618;-2.03479
1521666404532;-2.102539;-0.46348572;-1.7154846
1521666404543;-3.2249146;0.4283676;-1.9233093
1521666404550;-3.0697021;1.1434938;-1.386383
1521666404567;-2.1174927;1.0634767;-0.008526802
1521666404569;-0.93066406;0.12310028;0.07761383
1521666404584;-0.15762329;-0.90808105;0.14169693
1521666404591;-0.38923645;-1.6933594;0.0110964775
1521666404606;-1.7914429;-1.9857483;-0.744339
1521666404612;-3.1333618;-1.2348022;-1.120575
1521666404626;-3.8041992;-0.18371582;-1.8635559
1521666404631;-2.9101562;0.1870079;-2.7544556
1521666404646;1.64386;1.3171083;0.56651306
1521666404651;1.5539247;1.9275819;0.11492729
1521666404666;0.36470795;1.7215577;0.08847237
1521666404671;-0.93218994;0.982193;1.4619447
1521666404682;-2.5546875;1.2171937;2.0177617
1521666404690;-3.8832397;1.8192445;1.2583619
1521666404702;-3.6507568;0.8149719;-0.94854736
1521666404709;-1.4243164;-1.5013123;-0.40886688
1521666404722;1.0948182;-2.7266235;1.45459
1521666404730;1.6567384;-2.1533203;1.0409547
1521666404743;0.28903198;-1.2808533;-1.1111145
1521666404749;-0.77215576;-0.9672699;-1.4089355
1521666404770;-2.56958;0.5026703;-0.51452637
1521666404782;-3.2423706;1.1401063;-1.59729
1521666404790;-2.4943848;0.45681763;-0.40568542
1521666404802;-0.9395752;-0.6425934;1.5417787
1521666404810;0.18235779;-0.74964905;2.1195073
1521666404823;0.7267151;-0.830246;1.7451478
1521666404830;0.42404938;-0.82844543;0.5389252
1521666404843;-0.06931496;-0.09084129;0.41352844
1521666404849;-1.0193787;1.1067811;-0.14861298
1521666404869;-1.3217163;2.0805058;-0.4178238
1521666404882;0.03411293;0.9467163;2.3616948
1521666404888;0.4444809;0.59465027;2.4994512
1521666404902;0.33898163;0.07359123;1.7937013
1521666404910;-0.06414604;-0.4069519;0.8851929
1521666404924;-0.5796051;-0.33848572;0.18370438
1521666404930;-0.84947205;-0.2913437;-0.17014313
1521666404943;-0.81225586;-0.6756134;-0.8006897
1521666404950;-0.14556122;-1.7941589;-0.43441772
1521666404976;1.0597535;-1.9473267;0.30783844
1521666404982;0.89486694;-0.32276154;-0.5341644
1521666404988;0.8768158;1.2920228;-1.3016052
1521666405001;0.8907013;1.9574281;-2.0430298
1521666405008;0.9293213;1.6139222;-0.67774963
1521666405022;0.64442444;1.0086366;0.49333954
1521666405029;0.105716705;-0.6817627;0.11561775
1521666405047;-0.14666367;-2.541565;0.1572609
1521666405050;-0.086164474;-3.6304932;0.4629364
1521666405075;-0.24598312;-1.5013123;-1.3555298
1521666405084;0.011346817;0.4915161;-1.951416
1521666405091;0.54837036;1.9579164;-2.1212769
1521666405102;1.3219911;2.7935796;1.2293092
1521666405108;0.9365845;2.1752324;2.400025
1521666405122;0.40005493;0.8579407;3.0706794
1521666405129;0.06943512;-0.28983307;3.1992195
1521666405143;-0.013372421;-1.3885193;2.0092168
1521666405148;0.10604668;-1.8052979;0.16827774
1521666405175;0.27763367;-0.6451874;-2.1636353
1521666405184;0.5968628;-0.09810448;-2.5947876
1521666405191;1.020569;-0.16789627;-1.5246582
1521666405202;1.3545228;-0.7733917;-0.23271942
1521666405210;1.4796754;-1.5835571;0.54299927
1521666405223;1.4429017;-2.3444824;-0.49708557
1521666405229;1.2686769;-2.673462;-1.5336914
1521666405247;1.4131471;-2.3839111;-1.839325
1521666405250;1.6614686;-1.8562012;-2.1261597
1521666405275;2.3875127;-1.183258;-1.6555786
1521666405284;2.6566777;-1.0026855;-1.3946838
1521666405291;3.248719;-1.0985413;-0.6401825
1521666405307;3.814881;-1.2960815;-0.5968323
1521666405309;4.1886005;-1.29245;-0.77349854
1521666405322;4.270754;-1.372467;-1.1366577
1521666405330;3.8609626;-1.3816223;-1.5686035
1521666405342;3.236634;-2.0512695;-1.6877747
1521666405349;2.7811284;-2.8746948;-1.7987671
1521666405376;1.6769716;-2.5561523;-3.0702515
1521666405384;1.4621583;-1.5402222;-4.1362305
1521666405391;1.9397279;-0.5776062;-3.2335815
1521666405402;2.664246;-0.2807312;-1.7026367
1521666405409;2.8571172;-0.5779724;-0.58099365
1521666405422;2.5537724;-1.3939514;-0.016806602
1521666405430;1.9508668;-2.6625366;-0.30827332
1521666405444;1.5751039;-4.0214844;-0.881546
1521666405451;1.5545961;-5.1519775;-0.6639404
1521666405470;1.1989747;-3.3077393;-1.6367798
1521666405482;1.2711488;-1.5944519;-2.0578003
1521666405489;1.8298341;0.34262085;-1.2254944
1521666405503;2.3645635;1.8993837;-0.24481964
1521666405510;2.6452641;2.5845952;0.628952
1521666405523;2.5925908;2.078858;1.9422609
1521666405529;1.8462831;0.7039032;2.138245
1521666405543;0.28370667;-2.929016;0.768692
1521666405550;0.2547531;-2.9625244;0.73101807
1521666405574;0.4250412;-3.1281128;-1.1910095
1521666405585;0.768631;-1.5213928;-1.6870422
1521666405591;1.1755677;0.24402237;-1.1185913
1521666405605;1.6973878;1.4898378;-0.17058563
1521666405611;1.8532716;2.7449956;0.26233673
1521666405626;1.9456178;2.8401494;1.9510804
1521666405631;1.8045961;1.8749391;2.914002
1521666405644;1.244507;0.16781616;2.2155766
1521666405652;1.0060426;-1.4754639;1.7561952
1521666405667;0.7448273;-2.7842407;0.48993683
1521666405672;0.4816208;-3.4135132;-0.945755
1521666405685;0.36878967;-2.848877;-0.70428467
1521666405691;0.26753235;-1.8190308;0.55130005
1521666405705;-0.24601364;-0.05091667;0.50787354
1521666405711;-0.769989;2.6618657;-0.09108734
1521666405726;-0.8828125;4.0375996;-0.15884781
1521666405731;-0.6107788;3.6660774;0.858963
1521666405745;-0.57598877;2.8419805;2.096436
1521666405751;-1.0046997;1.4791566;2.7744756
1521666405770;-2.1505737;-1.4305115;0.67411804
1521666405783;-1.9277649;-2.7926636;1.1727601
1521666405790;-2.628662;-2.4221191;-1.6514893
1521666405802;-2.869934;-0.8305969;-3.482483
1521666405809;-1.7799988;0.60765076;-0.6894226
1521666405823;-1.5856934;1.7749025;0.0016205311
1521666405830;-1.9278564;2.5693364;-0.032759666
1521666405843;-2.7983398;2.0427861;1.3739015
1521666405850;-3.3496094;0.22061539;1.1102906
1521666405872;-3.106079;-2.9516602;0.04836178
1521666405887;-3.3360596;-2.3526611;-0.14211655
1521666405892;-4.6257324;0.6085968;-0.116521835
1521666405905;-5.480957;3.0876472;1.39209
1521666405912;-6.6833496;5.7465844;5.1735864
1521666405947;-5.357544;6.545657;2.1753545
1521666405957;-0.66574097;-1.4094849;-0.42313385
1521666405974;-3.0576782;-5.026123;-0.29698944
1521666405985;-4.343506;-4.2061768;0.68429565
1521666405992;-4.578491;-2.973755;0.7319031
1521666406005;-2.933899;-2.428772;0.43655396
1521666406012;-0.6915283;-1.1966248;-0.97673035
1521666406027;-1.3508606;-1.525238;-1.714325
1521666406033;-2.2636108;-1.911438;-1.9215088
1521666406045;-2.7088623;-1.7194824;-1.3452454
1521666406052;-2.6798096;-1.0473022;-1.0628662
1521666406074;-1.2077637;0.6667633;0.34864807
1521666406085;-1.1721802;1.925232;0.34592438
1521666406092;-1.502533;2.4586186;0.9911804
1521666406105;-2.073059;2.122437;1.1459352
1521666406112;-2.1782837;1.3581239;0.5347748
1521666406125;-1.5339966;0.34774017;0.35993958
1521666406132;-0.93125916;-0.6074524;-0.22876358
1521666406146;-0.2885971;-1.4396667;-0.5875397
1521666406152;-0.23044968;-1.5007935;0.014625549
1521666406177;-1.8814392;0.9299164;0.17655945
1521666406185;-2.7984009;1.6842958;-0.09010506
1521666406192;-2.8897705;2.5055547;0.34375
1521666406205;-2.657837;2.544434;-0.008346081
1521666406213;-1.7519531;1.7231141;-0.6430054
1521666406225;0.57177734;0.050875664;0.14432526
1521666406232;0.5852356;-0.99916077;-1.0914307
1521666406245;-0.9490967;-1.9262085;-1.1928406
1521666406252;-1.7442322;-2.2087402;-0.4347
1521666406271;-2.363037;0.41927338;-0.79615784
1521666406284;-1.1011658;1.2128602;-0.48651123
1521666406291;0.17232513;1.1824037;0.55651855
1521666406304;0.40950775;0.8670044;0.58340454
1521666406309;-0.33332825;0.49713135;0.25458527
1521666406323;-1.6941223;-0.02776146;-0.061972618
1521666406329;-2.836731;-0.3846054;-1.4682312
1521666406343;-2.5266113;-0.3129959;-2.643921
1521666406350;0.014783859;-0.88746643;-1.7366333
1521666406375;2.7017827;0.21699524;-1.0326843
1521666406385;1.330536;0.3929901;-0.9877014
1521666406392;-0.4358902;-0.0551548;-0.18253708
1521666406405;-2.1436768;0.20097351;1.0293275
1521666406412;-3.1106567;1.4121095;0.8671417
1521666406426;-2.6447754;1.9396974;1.0435182
1521666406433;-1.3685303;1.9342347;1.3393861
1521666406446;-0.13838959;2.0366216;1.166382
1521666406452;0.4660492;2.0227666;1.0224305
1521666406471;-1.4555359;0.04263687;-0.06896019
1521666406484;-2.347229;-0.06689453;-0.7532501
1521666406491;-1.9407043;-0.3936081;-0.5230713
1521666406503;-0.7588196;-0.85406494;-0.41876984
1521666406511;0.2783203;-1.0054626;-1.0542297
1521666406526;1.2119752;-1.3439331;-1.1106262
1521666406532;1.5842286;-1.5201721;-0.3728485
1521666406546;0.7922821;-0.9170685;-0.38185883
1521666406552;-0.36376953;0.039813995;-0.28788757
1521666406572;-0.66729736;1.2201844;0.0066797733
1521666406584;0.66386414;0.9144745;1.0684205
1521666406591;2.0568852;0.8746948;2.006287
1521666406604;2.351563;1.0298768;1.2888185
1521666406611;1.8975221;1.136017;0.4521942
1521666406624;0.9100189;0.7057648;0.60879517
1521666406631;-0.065452576;1.0083314;0.82377625
1521666406644;-1.0548706;1.9969789;0.020883083
1521666406650;-1.2727051;2.209351;-0.6958008
1521666406671;0.22787476;1.1494447;0.4827881
1521666406684;0.8490753;0.5328827;0.29585266
1521666406690;0.99017334;-0.8796234;0.15124893
1521666406705;0.3479538;-1.5213318;-0.18236923
1521666406710;-0.7570343;-1.171936;-1.3151855
1521666406724;-1.5751953;-0.43743134;-2.8792725
1521666406730;-1.5620117;-0.13967133;-3.5194702
1521666406744;-0.7930908;-0.17414474;-2.6324463
1521666406750;0.32920837;0.021233082;-0.38894653
1521666406775;1.0378724;0.57263184;0.5473633
1521666406785;1.0529481;0.4449005;0.7270813
1521666406792;0.9966736;0.07561493;1.1235658
1521666406806;0.6343994;-0.27996826;0.31295776
1521666406812;0.10839653;-1.0062866;-1.1096191
1521666406826;-0.19268417;-1.4239807;-0.78260803
1521666406832;-0.25180054;-1.3851929;-0.68214417
1521666406846;0.21638107;-1.545105;-0.90608215
1521666406852;1.1504213;-0.8863373;-0.41114807
1521666406872;1.8811036;0.83117676;-0.4070053
1521666406884;1.9314271;1.767151;-0.65182495
1521666406891;1.6569215;2.252564;-0.41004944
1521666406904;1.0681459;2.4880376;0.01023078
1521666406911;-0.0010166168;1.8385316;1.2502748
1521666406924;-0.14408493;0.8534546;1.7462465
1521666406932;-0.12514877;-0.16368103;1.6816713
1521666406951;-0.14990997;-1.5594482;-0.45920563
1521666406976;-0.1188755;-1.3269958;-1.7084656
1521666406986;-0.044836998;-1.1605225;-1.9701233
1521666406993;0.1809845;-0.89604187;-1.6213074
1521666407006;0.48534393;-0.6218262;-1.2759705
1521666407013;0.88931274;-0.17268753;-1.4477539
1521666407026;1.5786439;-0.35539246;-0.57281494
1521666407032;2.39325;-0.5419464;0.40348816
1521666407046;2.8269048;-0.919281;0.33721924
1521666407053;2.7015996;-1.335907;-0.106674194
1521666407077;1.9559938;-2.4387207;-1.0454102
1521666407086;1.7871705;-2.4362183;-1.0861816
1521666407093;1.870392;-1.7610168;-1.2454834
1521666407106;2.096436;-0.9368744;-1.721283
1521666407113;2.4218144;0.12067032;-2.7086182
1521666407127;2.6093755;1.0506593;-3.34375
1521666407134;2.8015141;1.3641053;-3.5577393
1521666407146;2.7431645;-0.4692688;-1.1586304
1521666407153;2.0086064;-1.4299927;-1.0515137
1521666407172;1.0403138;-2.8065796;-1.9028625
1521666407184;1.0892335;-2.401001;-2.8972168
1521666407191;1.4082032;-1.6127319;-4.1019287
1521666407204;2.1024175;-1.3584595;-3.9343872
1521666407211;2.9445806;-1.3224792;-2.5292358
1521666407224;3.2872932;-1.744873;-1.717102
1521666407231;2.920899;-2.1185913;-1.8072815
1521666407245;2.2069097;-1.5756531;-1.8947144
1521666407251;1.943451;-1.0843506;-1.20401
1521666407277;2.3919072;0.18127441;-0.43243408
1521666407286;2.6192632;0.25300598;-0.25154877
1521666407293;2.9061894;0.07801247;0.4894333
1521666407306;2.6216435;-0.15019226;-0.11131477
1521666407314;2.0626225;-0.23344421;-1.0094604
1521666407327;1.6501771;-0.36276245;-1.6521912
1521666407333;1.6683351;-0.87446594;-1.9048462
1521666407346;1.7200013;-1.4516296;-2.2980347
1521666407354;1.4803468;-1.8224792;-2.2176514
1521666407373;0.6538086;-1.0354004;-0.82388306
1521666407385;0.8488159;-0.6772766;-0.037999153
1521666407392;0.8454132;-0.40543365;0.4614792
1521666407405;0.55596924;0.35491943;-0.15504837
1521666407412;0.31559753;1.0430909;-0.71281433
1521666407426;0.018620491;1.679535;-0.86231995
1521666407432;-0.19417953;2.0880132;-0.051024437
1521666407446;-0.35705566;2.3161016;0.47517395
1521666407452;-0.6639252;1.7779847;0.6808319
1521666407473;-0.6765442;1.0687257;2.4770513
1521666407485;-1.5107422;1.2112123;1.2796327
1521666407491;-2.0222168;1.1828004;-0.3091812
1521666407504;-2.1634521;0.33779144;-0.43391418
1521666407511;-1.6344299;-0.5929413;0.012446165
1521666407525;-1.0935669;-1.1375732;0.62265015
1521666407534;-1.0717163;-0.8766022;0.5372009
1521666407545;-1.3649902;0.10469246;-0.16862106
1521666407551;-1.2719727;0.6024475;0.08925247
1521666407572;-0.9817352;0.51234436;1.2709962
1521666407585;-1.2684021;-0.59069824;0.09894371
1521666407591;-1.7887878;-1.1842651;1.1268617
1521666407605;-2.8825684;-0.5539398;0.5057678
1521666407612;-4.1013184;0.1865387;0.10569382
1521666407625;-4.6657715;0.67271423;1.3917238
1521666407634;-4.586548;1.1990968;1.7771913
1521666407647;-4.187622;1.6104127;1.4666444
1521666407654;-3.8041992;2.5504766;1.0494081
1521666407675;-3.9267578;2.1482549;0.5075531
1521666407686;-4.1827393;1.0027467;1.5471193
1521666407692;-3.9662476;0.33566284;1.8650514
1521666407705;-3.6454468;-0.48147583;0.7388611
1521666407712;-3.1676025;-1.2071533;0.38623047
1521666407726;-3.218567;-1.6645203;-0.010358334
1521666407733;-2.8601685;-1.4906006;-0.97787476
1521666407746;-2.3651733;-1.4587402;-0.5385742
1521666407753;-2.4979248;-1.5030518;-0.701828
1521666407774;-1.9511719;-0.5611725;0.15442657
1521666407786;-2.4503174;0.041212082;-0.41039276
1521666407792;-2.4162598;0.34881592;-0.16430664
1521666407805;-2.6223145;0.37825775;-0.046759605
1521666407812;-2.0703735;-0.14833832;-0.4800644
1521666407826;0.013246536;-1.8873291;-0.31220245
1521666407834;-0.30521393;-1.4350586;-0.33327484
1521666407845;-1.4319763;-0.5659027;0.0063841343
1521666407854;-2.5463257;0.46640778;0.97102356
1521666407873;-3.3150635;1.9310304;0.91052246
1521666407885;-2.683899;1.2514955;0.15555191
1521666407894;-0.7546692;0.39725494;0.7424927
1521666407906;0.3780365;-0.24537659;0.8909607
1521666407913;0.083366394;-1.5035095;0.53897095
1521666407926;-1.0008545;-1.5192261;0.73620605
1521666407933;-2.4144287;-0.7247467;1.1110536
1521666407947;-3.6108398;0.2227974;1.034485
1521666407953;-4.184326;1.062195;0.60736084
1521666407974;-2.7703857;0.7070923;-2.3383179
1521666407992;1.2442323;-1.2496948;-0.11408043
1521666408014;-1.7164917;-0.4235382;-0.47024536
1521666408032;-4.446167;0.64172363;0.33670807
1521666408054;1.3347169;-2.2885132;-0.72468567
1521666408074;1.9776307;-1.6416016;-1.1508789
1521666408092;-1.6473389;0.6459961;0.73091125
1521666408115;-3.585144;3.9111335;1.5523683
1521666408132;-0.3392105;1.9998475;0.99876404
1521666408152;0.8042755;-0.54597473;0.13331604
1521666408174;-1.1992493;-1.7397156;0.048186302
1521666408185;-2.0342407;-1.4275513;0.3624115
1521666408192;-2.6011963;-0.08383942;-0.33145142
1521666408205;-2.1859741;0.5871277;-1.4085693
1521666408212;-1.2707214;0.4311447;-2.1205444
1521666408227;-0.08010483;0.099121094;-1.3664856
1521666408233;0.6495209;0.0203228;0.021904469
1521666408247;0.6741791;0.035499573;0.84921265
1521666408253;0.062191963;0.2132988;0.9542389
1521666408272;-1.433258;1.5408326;0.07624245
1521666408286;-1.1686096;0.6665039;-2.074524
1521666408294;0.29003906;-1.7702637;-1.2803345
1521666408306;1.7811586;-3.2473145;0.64305115
1521666408314;1.4301149;-2.9332886;0.1343193
1521666408326;0.33343506;-1.7547913;-1.8260803
1521666408335;0.09971428;-0.5650177;-1.1803589
1521666408347;0.2804184;1.5098268;0.9995117
1521666408353;0.049175262;3.752076;0.61439514
1521666408375;1.3896791;3.8950202;1.1560365
1521666408396;1.0539857;1.1693422;0.91630554
1521666408414;-0.2917328;-1.6964417;-0.28816223
1521666408432;-1.3362427;-0.5703888;-1.3252563
1521666408447;-1.0919495;0.3734665;-1.7801514
1521666408454;-0.5666809;0.48363495;-2.3580933
1521666408474;0.27194214;0.82455444;0.13532639
1521666408492;-0.7111206;0.10802841;-1.0825806
1521666408512;-0.6531372;-0.037085533;-0.4820099
1521666408537;0.3866577;-0.38549042;-1.0039368
1521666408554;1.418976;-1.3744202;-0.33011627
1521666408573;1.2882081;-1.2949219;-0.5860748
1521666408585;0.046937943;-0.2514267;-1.3283081
1521666408592;0.07852745;0.57115173;-0.957428
1521666408607;0.6979675;0.9688873;-0.2603302
1521666408614;1.4247133;1.2069093;0.46200562
1521666408626;2.0028691;1.3902894;0.736496
1521666408635;2.4606938;1.2700197;0.868454
1521666408654;2.2037969;0.53201294;0.47981262
1521666408675;1.1360475;-0.06197071;-1.4196167
1521666408686;0.87020874;-0.6998749;-1.5368347
1521666408692;0.4927292;-0.8340759;-1.7606812
1521666408707;0.24081421;-0.71925354;-2.3613892
1521666408714;0.3296051;-0.74464417;-2.0195923
1521666408726;1.2915345;-1.3746643;-0.43073273
1521666408735;1.4949342;-1.2427979;0.034029007
1521666408752;1.4795228;-0.67427063;-0.68955994
1521666408776;1.312195;-0.009305;-1.4656677
1521666408786;1.2060853;-0.11484718;-1.5438843
1521666408792;1.1387635;-0.459198;-1.0544434
1521666408806;0.86598206;-0.98620605;-1.1958923
1521666408812;0.52752686;-1.2335815;-1.8685608
1521666408826;0.2661209;-1.1921387;-2.3363037
1521666408832;0.30788422;-1.2297363;-2.874878
1521666408846;0.6125946;-1.2527771;-3.8497925
1521666408852;1.0981447;-1.1749268;-3.3724976
1521666408875;1.3162538;-2.0627441;-2.0460815
1521666408887;1.300934;-2.7316284;-1.4191589
1521666408894;1.3503419;-3.5792847;-0.7445679
1521666408907;1.2831422;-3.8753052;-0.85035706
1521666408914;1.3113099;-3.4560547;-1.2272949
1521666408934;2.287293;-3.199646;-1.3606262
1521666408947;2.5197759;-0.46897888;-2.2373657
1521666408954;2.6834722;0.57107544;-2.2249146
1521666408976;3.356507;-0.48374176;-0.13706589
1521666408986;3.12732;-1.8059387;-0.5288696
1521666408992;2.4769292;-3.2885132;-1.5260315
1521666409006;1.7709352;-4.8780518;-2.187317
1521666409013;1.5428773;-5.928955;-1.612793
1521666409032;0.9229126;-4.9890137;-2.3013306
1521666409054;1.2737733;0.25430298;-2.3373413
1521666409075;2.8364873;4.2563496;-0.64424133
1521666409086;3.5134895;4.576784;2.2585454
1521666409093;3.2307136;3.4908454;4.369875
1521666409106;1.7332155;1.4923402;3.967469
1521666409112;0.32826233;-0.21663666;2.7929692
1521666409132;-1.2858276;-2.58667;0.27822876
1521666409146;-1.3017273;-2.9036865;-0.7110443
1521666409153;-1.0110168;-2.331787;-1.0314331
1521666409174;-0.66470337;0.07023239;-2.5099487
1521666409186;-0.04923725;2.6635137;-0.7271881
1521666409193;0.3753662;2.9890141;1.2252504
1521666409207;0.1494484;2.3350224;1.7322999
1521666409214;-0.28446198;0.4081955;1.3167115
1521666409234;-0.053590775;-2.61792;2.2956548
1521666409247;-0.36997223;-3.1392212;1.2753602
1521666409254;-0.6303406;-3.1361084;0.7450104
1521666409273;-1.9276123;1.4252931;-0.34746552
1521666409287;-2.0856934;4.4663105;0.07011604
1521666409294;-1.7919006;6.6853056;1.1453248
1521666409306;-1.572937;7.0573764;2.9893804
1521666409314;-2.0232544;5.0815454;5.4172387
1521666409334;-2.2983398;-0.9735718;0.7035675
1521666409355;2.1141362;-7.9680176;-0.18574905
1521666409374;0.7449646;-7.653076;-2.3184814
1521666409379;-2.2819214;-4.494507;-2.770691
1521666409395;-4.13501;1.0886842;2.4104009
1521666409413;-4.9890137;6.131961;2.1647954
1521666409426;-3.6591187;3.676026;1.7861024
1521666409433;-2.0922852;1.9713441;2.1358647
1521666409447;-2.2607422;0.27285767;0.30788422
1521666409455;-3.1121826;-0.1593895;-0.3966751
1521666409473;-4.1375732;0.41905975;0.21746826
1521666409478;-4.2285156;1.4240419;0.80848694
1521666409495;-2.2182007;1.482361;-0.0073895454
1521666409507;-1.5015259;-0.07370567;-0.47509003
1521666409514;-2.2478027;-1.6582947;-1.2361755
1521666409527;-3.567505;-3.079834;-1.7967224
1521666409534;-3.7471924;-3.3082886;-2.107483
1521666409547;-3.1048584;-2.7285156;-1.5919495
1521666409555;-1.9467468;-1.5295105;-0.78141785
1521666409575;-1.2892761;0.44699097;0.0039616823
1521666409595;-2.6784058;-0.19595718;-0.08864021
1521666409615;-1.5202942;-0.8346405;-0.20413208
1521666409635;-1.1881104;0.62405396;1.1300355
1521666409656;-2.6507568;2.7062993;1.5729982
1521666409679;-2.3759155;2.5037847;-0.20662689
1521666409695;0.35456848;-0.25496674;0.11783409
1521666409715;-0.7257843;-3.2097168;-0.7702942
1521666409735;-3.4429932;-1.2000732;0.32808685
1521666409754;-3.3392334;1.3681031;1.070099
1521666409774;-2.480835;2.067017;0.20927048
1521666409780;-0.8082428;1.5047303;-0.02283287
1521666409795;-0.016716003;-0.47026825;0.13633728
1521666409816;-3.6167603;-1.0142822;-0.023241043
1521666409835;-3.1313477;-0.14324951;-0.5771179
1521666409856;0.5311432;1.1755677;-0.17788696
1521666409874;0.20883942;0.905426;0.43979645
1521666409879;-1.3129883;0.630249;0.60728455
1521666409895;-3.3937378;-0.55947876;0.41606903
1521666409916;-1.8214111;-1.1560364;-0.7276306
1521666409934;0.71621704;-1.2588501;-0.11781311
1521666409947;0.3385849;0.21113205;-0.16478729
1521666409954;-0.37953186;1.4172975;0.01068306
1521666409975;-0.61743164;2.0362554;1.2520143
1521666409987;-1.0481873;0.27929688;-0.86647034
1521666409994;0.35088348;-1.7732544;0.11464882
1521666410007;1.3561403;-2.7156372;0.8799896
1521666410014;0.7055664;-2.2438965;-0.34098816
1521666410027;-0.09043121;-1.1618347;-0.92274475
1521666410034;-0.38809204;0.16633606;0.5498047
1521666410047;-0.50205994;2.3071294;0.75805664
1521666410054;-0.102256775;3.8434455;0.3532486
1521666410074;1.2008058;3.604493;1.8286744
1521666410078;1.8803712;3.3555915;2.443604
1521666410095;0.0818882;-1.0125732;0.91212463
1521666410116;-1.177185;-1.3934326;-0.72468567
1521666410136;-0.05992222;-0.3870697;-0.82014465
1521666410155;0.49458313;1.7616273;-1.5219727
1521666410174;0.7300415;2.0156255;-0.5947113
1521666410179;0.5888672;1.9773866;0.17577362
1521666410195;-0.35863495;0.0064384937;-0.8450012
1521666410217;0.0032196045;-1.6852112;-0.6408386
1521666410236;0.42012024;0.33142853;-0.08559799
1521666410256;1.4584352;2.6323857;1.3051759
1521666410275;0.89675903;2.1401372;0.44802856
1521666410297;0.28412628;-0.93714905;-1.690155
1521666410315;1.305298;0.49468994;-1.0131836
1521666410334;1.7627565;2.3623052;0.3891449
1521666410354;0.62506104;1.2452394;0.32243347
1521666410377;0.2132492;0.006931782;-0.1706276
1521666410382;-0.054730415;-1.1171875;-0.6472626
1521666410396;0.36987305;-0.9375305;-1.1109619
1521666410416;1.2329408;1.4236757;-0.34165955
1521666410437;1.192505;1.2921144;0.5003967
1521666410456;-0.62358093;-0.023638725;-0.5455475
1521666410476;-0.8685913;-0.3670578;-0.61657715
1521666410480;-0.5814514;-0.8360443;-0.24809647
1521666410495;0.42556763;0.16952515;-0.48381805
1521666410508;1.2578431;0.7215271;-0.40018463
1521666410520;1.9162904;0.6461029;-0.20495224
1521666410537;1.1949159;0.2256012;1.5368959
1521666410541;0.5541229;-0.26109314;1.7015687
1521666410557;0.15988922;-1.5380249;0.81637573
1521666410576;0.31291962;-1.6882019;-0.7051697
1521666410581;1.0259706;-1.676239;-1.6192322
1521666410594;2.531983;-1.1277161;-2.5847778
1521666410615;2.8312383;-0.5376282;-1.2657776
1521666410637;2.6733403;-1.246521;-0.8826752
1521666410657;3.2857063;-2.8206177;-1.8566895
1521666410675;3.0643318;-3.0351562;-3.2022705
1521666410695;3.0637825;-1.0319214;-4.14563
1521666410707;3.2083747;0.27332306;-3.5609741
1521666410715;3.727784;1.1565553;-2.2297363
1521666410735;3.0949714;0.827713;-1.197876
1521666410755;1.7722169;-0.7367096;-0.82185364
1521666410775;1.8636781;-0.8844147;-1.3760071
1521666410795;2.3246465;-0.44417572;-1.9799194
1521666410815;1.784485;-1.1942749;-2.4733276
1521666410835;1.4560853;-2.4177856;-1.3872681
1521666410855;1.0532533;-1.5710144;-0.26821136
1521666410876;1.0249025;0.14315033;-0.6867981
1521666410896;1.577881;0.8513489;0.3030014
1521666410915;1.2430421;1.0497438;0.18492126
1521666410920;0.83839417;0.94218445;0.07741356
1521666410937;0.34593964;0.17974854;0.061764717
1521666410957;0.3438034;0.35212708;0.032761574
1521666410975;-0.06777954;0.3115387;-0.7729645
1521666410980;-0.43387604;0.44792938;-0.89260864
1521666410995;-0.2786255;-0.8235626;1.202057
1521666411017;-0.8708496;-1.0086365;-0.54507446
1521666411037;-0.92593384;-0.31341553;0.41106415
1521666411054;-1.0989685;0.9064636;0.4526291
1521666411059;-1.260437;1.6840516;0.51808167
1521666411075;-1.364624;1.6520997;0.70495605
1521666411079;-1.4507751;1.8052675;1.1667482
1521666411095;-1.7963867;0.33094025;0.4081421
1521666411108;-1.4200134;-1.2762756;0.19055939
1521666411119;-0.7467346;-2.5196533;1.1136171
1521666411136;-1.4476624;-2.1970215;0.57766724
1521666411157;-1.7892761;0.21384048;-0.31424713
1521666411179;-1.0821533;1.5319215;0.84732056
1521666411194;-1.4895935;1.1087343;-0.7475586
1521666411199;-0.82232666;-0.94747925;1.7604066
1521666411214;-1.0892334;-1.1319885;3.1851814
1521666411227;-4.6885986;-0.7601166;1.4956971
1521666411233;-4.7441406;0.3416214;1.1607972
1521666411246;-4.0461426;1.9202272;0.13894272
1521666411254;-3.036438;2.327454;0.013605595
1521666411276;-2.227295;1.695923;0.457901
1521666411295;-2.74292;-0.6652527;1.00412
1521666411315;-3.5062256;-1.0173645;0.37155914
1521666411335;-3.1190186;0.93377686;0.53759766
1521666411355;-2.246399;0.80789185;0.5548096
1521666411376;-1.549408;-0.50608826;-0.041223526
1521666411381;-1.1139221;-2.1044922;-0.5580597
1521666411397;-2.2261963;-2.6402588;-1.504425
1521666411417;-3.0094604;-0.40213013;-0.9473419
1521666411433;-1.9587402;0.7134857;-0.34532928
1521666411438;-0.25820923;1.8143312;0.67567444
1521666411456;-2.8762207;-0.0041726828;0.15781403
1521666411475;-3.656067;-0.71398926;-0.7911682
1521666411479;-3.194275;-1.572998;-1.4300232
1521666411496;0.416687;-1.6528015;-0.8322754
1521666411516;-0.049941063;0.10439491;0.715683
1521666411530;-1.5978088;0.825531;2.007752
1521666411538;-3.0275269;1.7319032;2.7777715
1521666411557;-3.5776367;2.0472417;-0.0010384321
1521666411577;0.23474884;-0.40651703;0.010885477
1521666411596;-0.3258133;-1.7327881;-1.0653076
1521666411615;-4.1032715;-0.77841187;-0.90356445
1521666411635;-2.7579956;0.6786804;-0.37342834
1521666411656;0.9621582;0.5396576;-0.0929203
1521666411675;-0.38064575;-0.34706116;0.34487152
1521666411680;-2.3092651;-0.40449524;0.5123596
1521666411697;-4.121582;1.3306886;1.1113893
1521666411717;-1.0901489;0.20253372;0.6267395
1521666411737;0.77241516;-0.49746704;1.1288759
1521666411753;-0.6026306;-0.6430359;0.32754517
1521666411758;-2.2281494;-0.49275208;0.42585754
1521666411776;-3.3848267;0.60040283;0.31185913
1521666411781;-3.4924927;1.9212343;-0.28873444
1521666411797;0.27396393;0.5025177;0.7095642
1521666411811;1.4310304;-0.051683426;0.09350014
1521666411819;1.8908387;-0.7150574;0.4530182
1521666411837;-1.0395508;-1.469635;-0.6554413
1521666411853;-2.2304077;-0.5589447;-0.03357601
1521666411858;-2.7143555;0.8383484;0.089199066
1521666411877;-2.1236572;1.5329286;-0.6670685
1521666411882;-0.2572937;0.71698;-0.035367012
1521666411896;0.86305237;0.9468384;0.0032336712
1521666411916;-0.5378113;0.60479736;0.29416656
1521666411933;-1.0789185;1.1495973;0.3450775
1521666411938;-0.99365234;1.6230775;-0.45489502
1521666411951;-0.32969666;1.4218141;-1.5557861
1521666411958;0.88383484;0.50909424;-1.2513123
1521666411977;2.1129155;-0.18748474;0.21426773
1521666411982;2.0386968;-0.38848114;0.551651
1521666411991;1.0735475;-0.34896088;-0.019143105
1521666411998;0.34521484;-0.027348995;0.51805115
1521666412011;-0.19747162;0.5207977;1.0124208
1521666412018;-0.33545685;1.0319215;0.48737335
1521666412033;-0.0034360886;1.2001039;-0.82522583
1521666412038;1.0398256;0.64720154;0.09261894
1521666412051;1.7552797;0.3774414;0.90766907
1521666412058;1.8959962;0.25203705;0.6379242
1521666412077;1.0530702;0.51919556;0.12564087
1521666412096;0.27145386;1.8275453;1.1184694
1521666412115;0.12614822;1.2706605;-0.29226685
1521666412135;0.63671875;-2.8640137;-1.3705444
1521666412157;0.87879944;-2.048523;-1.5970459
1521666412177;1.0600282;-0.57736206;-1.2845764
1521666412183;1.3112794;0.7960968;-0.4351349
1521666412197;1.7006532;2.216187;-0.59376526
1521666412217;1.8741151;0.5063324;1.4563905
1521666412231;1.3937684;-1.032074;0.17748642
1521666412238;0.9144592;-2.2736206;-1.5360413
1521666412251;0.69403076;-2.6939087;-2.3449707
1521666412258;0.7299652;-2.1854248;-2.6044312
1521666412277;1.1391298;-1.4206543;-2.6566772
1521666412280;1.2324525;-0.53770447;-2.5992432
1521666412289;1.1658632;0.30501556;-2.2625732
1521666412299;1.181305;0.7149048;-1.6652832
1521666412313;1.3086549;0.54125977;-1.3468628
1521666412318;1.3050843;-0.48480225;-1.7984314
1521666412331;1.4243165;-1.7415771;-1.9509583
1521666412338;1.6842958;-2.9282837;-2.2035522
1521666412353;2.4010015;-4.510742;-4.0758057
1521666412358;2.7000737;-3.8517456;-4.7700195
1521666412377;2.9832768;-1.9433899;-4.8204346
1521666412381;3.5120857;-0.5077057;-3.2771606
1521666412391;4.1325703;0.4765854;-1.8206177
1521666412399;4.514284;0.51860046;-0.4915924
1521666412411;4.140749;-0.6498718;-0.1698227
1521666412419;3.2884529;-2.3494263;-1.0604553
1521666412436;2.3403325;-5.297119;-1.9167175
1521666412450;1.9518434;-5.3183594;-2.743164
1521666412459;1.8234864;-4.359497;-3.5449219
1521666412476;2.8999639;0.20005035;-3.3009033
1521666412497;4.415041;3.082276;-1.2435913
1521666412510;4.685671;2.634766;1.4371644
1521666412519;3.6404426;0.8970947;2.1914067
1521666412536;2.249085;-0.8895874;1.5680238
1521666412541;1.3000184;-2.588623;0.120435715
1521666412554;1.0679322;-4.024292;-0.6787567
1521666412559;1.2687074;-4.7095947;-0.7913513
1521666412577;0.92214966;-0.95047;-2.5394287
1521666412594;0.89256287;1.8259889;-2.5567627
1521666412600;1.0706788;3.6519783;-1.4212952
1521666412616;1.4339296;3.5919197;2.5299687
1521666412636;0.548584;2.4170537;2.6376348
1521666412641;-0.6408844;0.63565063;1.8099977
1521666412657;-1.0826111;-2.4884033;0.24777603
1521666412677;-0.5787964;-3.0291138;0.3226776
1521666412682;-0.51898193;-2.2681885;0.069042206
1521666412696;-0.9230957;-0.6217041;-0.5589447
1521666412716;-1.3259277;2.184815;0.41983032
1521666412730;-1.5889282;2.8669438;1.3310548
1521666412740;-1.7755432;3.1317756;1.9613954
1521666412756;-2.3720093;1.7452394;2.978394
1521666412776;-2.649109;0.43307495;1.9783937
1521666412779;-1.7781067;-0.7848511;2.2966313
1521666412791;-0.86102295;-2.284607;2.375733
1521666412799;-0.69207764;-2.826416;1.5844423
1521666412811;-2.1530762;-1.2593384;-0.38211823
1521666412818;-2.6854248;-0.42449188;-0.15901184
1521666412837;-3.796814;1.3760377;-1.2481384
1521666412855;-3.5339355;2.1060185;-1.9859314
1521666412860;-2.3511963;2.4629521;-0.22613144
1521666412877;-1.4515991;1.9668885;-0.5026703
1521666412882;-0.98739624;1.5935975;0.67459106
1521666412893;-1.5036011;1.2397157;0.48615265
1521666412900;-2.4867554;-0.19584656;0.3811493
1521666412912;-3.5686035;-0.47177887;0.5300598
1521666412919;-4.5319824;-0.079359055;0.04575157
1521666412937;-3.585266;1.399872;0.03816414
1521666412949;-2.5107422;1.5792238;-0.030805111
1521666412958;-1.5557556;1.5308229;0.6371765
1521666412983;-2.6948242;0.38952637;-0.2054863
1521666412997;-1.9683838;-2.184143;-0.6461334
1521666413011;-1.7254639;-2.558838;-0.8827057
1521666413018;-1.5624084;-2.329834;-0.9195862
1521666413037;-1.8374939;-2.2662354;-0.39538574
1521666413056;-2.5825195;-2.324768;-1.3192444
1521666413077;-1.7989807;-2.59552;-1.8538513
1521666413096;-0.56422424;-2.1937256;-1.0633545
1521666413110;-1.2338562;-1.2078857;-0.3693695
1521666413118;-2.6186523;-0.66308594;-0.16519165
1521666413130;-3.6497803;0.0075136423;-0.05436325
1521666413138;-3.6035767;0.7031708;-0.11564827
1521666413151;-3.132141;1.0762635;0.12199211
1521666413158;-2.364685;1.0622255;0.25349426
1521666413184;-0.9664459;-0.16742706;-0.55418396
1521666413192;-0.6812744;-1.121521;-0.75209045
1521666413199;-0.97802734;-1.648468;-0.7499695
1521666413212;-1.914154;-1.677185;-1.0184326
1521666413219;-2.8032227;-1.1171875;-0.97979736
1521666413232;-2.9787598;-0.21547318;-0.56404114
1521666413239;-2.3052368;0.8730011;-0.20203781
1521666413252;-0.42919922;1.7871705;-0.7185364
1521666413259;0.40426636;1.071045;-0.22130966
1521666413284;-1.4572449;-0.48590088;0.004893422
1521666413292;-2.8292847;-0.8050232;0.024217606
1521666413299;-3.7407837;-0.6800232;-0.7143402
1521666413312;-3.0266113;-0.27399445;-0.9556885
1521666413319;-0.83335876;0.13702393;0.47084045
1521666413332;0.7713165;0.6539154;0.44654083
1521666413338;1.5969545;0.81799316;0.20624161
1521666413352;1.1415406;0.7305145;1.1906129
1521666413360;-0.46807098;0.13959503;1.5156251
1521666413377;-2.364441;0.21745682;1.4921266
1521666413380;-3.623108;0.66729736;1.1451722
1521666413397;-2.3598633;1.2985841;-0.29149628
1521666413417;1.8856202;0.30671692;0.701355
1521666413432;1.7635194;0.37780762;1.075348
1521666413438;-0.053308487;0.20782852;0.55659485
1521666413451;-1.8268433;-0.35869598;0.83488464
1521666413458;-2.7537842;-0.2726059;0.96958923
1521666413484;-0.9845886;1.6767884;-0.34348297
1521666413492;0.3079834;1.2138063;-0.89790344
1521666413500;1.2177736;0.1348648;-0.8798981
1521666413512;1.0976869;-0.6556244;-0.45329285
1521666413519;0.11138916;-1.3478088;0.015882969
1521666413533;-1.101654;-1.7160645;-0.038589478
1521666413540;-1.7590027;-1.4713135;0.18810272
1521666413552;-1.7484741;-0.8466797;0.56799316
1521666413560;-1.0596924;0.09661102;0.08083534
1521666413577;0.12761688;0.9466553;-0.52516174
1521666413578;1.5202333;0.7624054;-0.44141388
1521666413597;1.4678651;0.5475769;-0.021072388
1521666413617;-1.0888672;-0.16591263;0.4338684
1521666413630;-1.3651123;-0.1618576;0.78663635
1521666413638;-1.4241943;-0.03692627;0.20296478
1521666413657;0.61828613;0.5573273;1.5003053
1521666413679;0.92453;1.9981691;-0.69999695
1521666413691;0.90496826;1.6918336;-0.50442505
1521666413699;0.5743866;1.2842714;0.10717583
1521666413717;0.21031189;-0.12182045;0.532959
1521666413730;0.5958252;-0.67152405;0.3959198
1521666413738;0.9477539;-1.0302429;0.38320923
1521666413750;1.1218263;-1.089508;0.49643707
1521666413758;0.8899231;-0.7414856;-0.06834221
1521666413776;0.5437317;-0.14200974;-0.6004791
1521666413781;0.20396042;0.42029572;-0.7823334
1521666413792;0.19005585;0.8173523;-0.7134094
1521666413800;0.21608353;0.997879;-0.8441162
1521666413812;0.5356293;1.0255738;-0.3843689
1521666413820;0.8246918;0.8517761;0.15126038
1521666413833;0.8556824;0.61950684;-0.38321686
1521666413840;0.63671875;0.042048454;-1.20047
1521666413857;0.7714844;-0.9255829;-0.69921875
1521666413876;0.6289978;-1.0036011;-1.6834717
1521666413879;0.3418579;-0.80023193;-2.6884155
1521666413892;0.35536957;-0.7476196;-2.295105
1521666413899;0.78541565;-0.54122925;-1.6631165
1521666413913;1.0629884;-0.78800964;-1.7260132
1521666413920;1.4189149;-1.4037781;-1.9337769
1521666413934;1.6133119;-1.5480652;-2.6379395
1521666413940;2.0366826;-0.9860077;-2.4851685
1521666413955;2.6400151;-0.63005066;-1.8406982
1521666413959;3.3695686;-0.44495392;-0.989624
1521666413977;4.05945;-0.559021;-0.5671692
1521666413979;4.4207783;-1.3007812;-0.4427414
1521666413995;4.4111347;-2.0024414;-0.9140625
1521666413999;4.0476093;-2.0217285;-1.5796814
1521666414012;3.7583015;-1.9490662;-1.7461243
1521666414019;3.6732185;-1.7398987;-1.6444092
1521666414032;3.5374153;-1.1047668;-1.8517456
1521666414039;3.4912117;-0.8979492;-1.7925415
1521666414053;3.3774421;-0.5475769;-1.2217712
1521666414059;3.120484;-0.28679657;-1.0155334
1521666414079;2.6547856;-0.56152344;-0.4773941
1521666414097;2.3363652;-2.394165;-0.28138733
1521666414117;1.4401551;-2.3187256;-1.2752686
1521666414137;1.485138;-0.7555542;-1.7771606
1521666414157;3.0574958;-0.8959656;0.4960022
1521666414184;2.099976;-1.672699;-1.1346741
1521666414194;1.9212953;-2.1188965;-0.3957138
1521666414200;1.635193;-2.1970215;-0.041339874
1521666414214;1.2648622;-1.9863281;-0.44341278
1521666414219;1.1791688;-2.2665405;-0.8734131
1521666414233;1.478882;-2.419983;-0.70910645
1521666414241;1.439087;-1.6573486;-0.12886429
1521666414256;1.1900636;-0.38040924;0.14871979
1521666414260;1.1921998;1.4466249;-0.22554779
1521666414282;1.5502015;2.0751958;-0.77394104
1521666414292;1.6355592;1.1575319;0.6498108
1521666414300;1.14209;-0.3518448;1.2318727
1521666414312;0.19247055;-1.6682434;0.35836792
1521666414319;-0.7602997;-2.5906982;-0.09621811
1521666414332;-1.2289124;-3.1138916;-0.17805481
1521666414339;-1.1732788;-3.762024;-0.62750244
1521666414352;-0.7128296;-4.117676;-0.48921204
1521666414358;-0.5532532;-3.9041748;-0.81677246
1521666414382;-1.2401123;-0.69174194;-3.2745972
1521666414393;-0.6685791;1.6227723;0.5876465
1521666414401;-0.53445435;3.3281868;1.8285829
1521666414413;-0.9241333;4.1256123;2.2410893
1521666414419;-1.4455566;3.7745368;2.3397222
1521666414433;-1.8416443;2.250733;3.47107
1521666414440;-1.9085693;1.054474;4.1611347
1521666414453;-2.3638306;-0.092933655;2.7882085
1521666414459;-2.4752197;-1.6201782;1.9484864
1521666414480;-3.3921509;0.074775696;-0.182827
1521666414491;-3.9169922;1.558838;-2.2227783
1521666414498;-3.3641357;2.3853765;-1.1418457
1521666414512;-2.5967407;2.997254;-0.79855347
1521666414518;-2.033142;1.9365846;0.085474014
1521666414531;-1.5466614;1.0998842;2.6774907
1521666414539;-2.2267456;0.5066223;3.5963752
1521666414551;-3.1725464;-0.7129364;1.79068
1521666414560;-3.7022705;-1.8641357;2.0040288
1521666414578;-4.3931885;-2.4267578;0.25297546
1521666414592;-4.1777344;-1.48703;-2.4380493
1521666414599;-2.706421;-1.4043884;-2.5769043
1521666414613;-0.3124237;-0.5345764;-1.2554932
1521666414618;-0.15312958;0.03354454;-1.3486938
1521666414631;-0.25580597;-0.32492828;0.10466957
1521666414638;-0.6797638;-0.47440338;-0.020154953
1521666414652;-0.40398407;-1.9902649;0.44480896
1521666414660;-0.10212326;-2.6541138;1.3131105
1521666414683;-2.6551514;0.62846375;1.8473207
1521666414693;-3.7296753;2.9013677;1.7077028
1521666414699;-4.5096436;5.258303;1.0628663
1521666414713;-4.1054688;7.338016;-0.9509125
1521666414719;-2.0654297;7.300174;-0.039405823
1521666414734;-0.47651672;4.81946;0.07265854
1521666414739;-0.17996216;1.6614381;0.047171593
1521666414753;-1.4411316;-0.89782715;0.75914
1521666414760;-2.940796;-3.074646;-0.6129761
1521666414777;-3.6117554;-4.803955;-2.5237427
1521666414781;-1.8865356;-5.6365967;-2.0308228
1521666414793;-0.32774353;-4.65271;-1.7005615
1521666414800;0.13546753;-2.9789429;-1.4056702
1521666414812;-0.40515137;-1.3070374;-0.96746826
1521666414819;-1.7026672;-0.4128723;-0.32009888
1521666414836;-3.5245972;-0.07236481;-2.3012695
1521666414839;-1.6759338;-1.1199036;-1.6650696
1521666414852;-0.015721321;-0.8238983;-0.07571411
1521666414859;0.18114853;0.33680725;0.2816925
1521666414881;-2.2827759;1.6926881;1.2148134
1521666414892;-2.9506836;2.1246953;1.814972
1521666414904;-3.1680908;2.3768315;1.3125306
1521666414917;-2.4506226;1.9286805;0.3766632
1521666414920;-1.4885559;0.6107178;-1.6093445
1521666414933;-0.22732162;-1.3291626;-3.2686157
1521666414940;1.8294679;-3.1904297;-1.5667725
1521666414953;1.0140382;-2.734314;-1.1679077
1521666414959;-1.214447;-1.8337402;-1.8214111
1521666414981;-3.3308716;0.18798065;0.760025
1521666414991;-3.3239136;1.6695253;0.83421326
1521666415000;-2.5231934;2.9379888;0.5003967
1521666415012;-1.0302429;2.9622808;1.068329
1521666415020;-0.12776184;1.7192384;1.0910951
1521666415034;-0.41587067;0.31543732;0.58303833
1521666415039;-1.2106018;-0.9802704;0.51200867
1521666415052;-2.4488525;-1.9677124;-0.66371155
1521666415060;-3.9503174;-1.6961365;-0.6056366
1521666415086;-0.8007355;0.46447754;1.0855409
1521666415091;0.5888519;1.3633424;1.8814698
1521666415098;0.661499;1.8022767;1.7852784
1521666415112;-0.54870605;1.0595094;1.1946718
1521666415120;-2.0402832;0.23807144;0.885025
1521666415134;-3.4770508;0.039147377;0.13916397
1521666415140;-3.982727;0.31092072;-0.8390808
1521666415153;-2.3691406;-0.38574982;-0.37380219
1521666415160;-0.27840424;-0.6963196;-0.2445221
1521666415185;2.221375;-0.8567352;1.0901796
1521666415192;1.1683961;-0.99212646;1.4096986
1521666415200;-0.4310074;-0.81022644;0.7928772
1521666415213;-1.7028198;0.01624012;0.70932007
1521666415220;-2.2624512;0.8572693;0.71707153
1521666415234;-1.7866821;1.0328981;-0.04508686
1521666415240;-0.72428894;0.9071655;-0.18444061
1521666415252;0.6248932;0.6809387;0.7081299
1521666415260;1.3092347;0.4235077;1.1434633
1521666415280;-0.12459183;0.82740784;0.5627136
1521666415292;-1.7757263;2.341187;0.6042938
1521666415299;-2.0007935;2.0544438;-0.34602356
1521666415313;-1.0149536;0.6645813;-0.38791656
1521666415320;0.20751953;-0.71839905;0.519516
1521666415333;0.7708893;-1.6451111;0.60040283
1521666415340;0.48205566;-2.0048218;-0.3376236
1521666415352;-0.022170067;-2.216919;-0.8171692
1521666415359;-0.67788696;-1.5384216;-0.84239197
1521666415383;-0.9139862;0.81399536;-1.1551208
1521666415396;-0.05232525;0.7267456;-0.92840576
1521666415401;0.87841797;0.5704346;0.06381798
1521666415414;1.5572816;0.46447754;0.98262024
1521666415421;1.6865541;0.13241959;1.2392884
1521666415434;1.5688478;-0.51348877;1.3929139
1521666415442;1.0319825;-0.9320984;0.8761444
1521666415457;0.06837273;-0.31098938;-0.2311325
1521666415459;-0.1042614;0.3929367;-0.17934036
1521666415483;1.3118287;0.30794525;-0.7541199
1521666415493;2.0517583;0.39622498;1.0281373
1521666415501;2.0501714;0.5484009;1.6465455
1521666415513;1.5236207;0.9004669;0.6053009
1521666415520;0.63237;1.300049;0.3766632
1521666415534;0.30680084;1.4443971;0.054678917
1521666415541;0.14062119;1.2419435;-0.40866852
1521666415556;0.09778786;9.536743E-5;-1.4171143
1521666415559;0.3469925;-1.6286011;-0.84562683
1521666415577;0.46510315;-2.3925781;-0.5100403
1521666415579;0.04397106;-2.6174927;-1.6083374
1521666415593;-0.22506332;-1.9065552;-2.5957031
1521666415600;-0.19396591;-1.0189209;-2.1872559
1521666415613;0.31163788;0.25824738;-1.2249451
1521666415619;0.8084717;1.1331788;-0.70584106
1521666415633;1.0693971;1.5534669;-0.2878418
1521666415640;1.32782;1.3730165;0.74824524
1521666415652;1.2605592;0.45645142;1.2317811
1521666415659;1.0637819;-0.68348694;0.6819916
1521666415685;1.1317445;-1.8542786;-1.5610657
1521666415694;1.8215638;-1.9082947;-2.6191406
1521666415700;3.1691902;-2.0361938;-3.256775
1521666415714;3.8786018;-2.6625977;-4.1173096
1521666415720;4.036745;-2.847046;-3.638855
1521666415734;3.637452;-2.8649902;-3.0803833
1521666415741;3.229859;-3.3337402;-2.9041138
1521666415754;3.4060066;-3.4417725;-2.447937
1521666415761;3.96753;-2.1306763;-2.548584
1521666415786;5.721926;-0.6226349;-1.3576965
1521666415795;5.5732446;-0.17498016;-0.19683838
1521666415801;4.526491;-0.31599426;0.6320648
1521666415815;3.2688606;-1.0909729;1.0390626
1521666415822;2.1647344;-1.8215027;0.37252045
1521666415835;1.5669557;-2.3999023;-0.6395874
1521666415841;1.7867738;-2.7544556;-1.0202026
1521666415855;2.1371465;-2.3823853;-2.4804077
1521666415861;2.5693974;-2.3728027;-3.8486938
1521666415886;3.0500495;-1.7454529;-2.1741943
1521666415895;2.5683599;-1.5479431;-2.1287231
1521666415901;1.8909913;-1.0240173;-1.875946
1521666415915;1.5479432;-0.8113556;-1.2180481
1521666415921;1.5690004;-1.0976257;-0.5205536
1521666415944;1.9523317;-0.83525085;0.7605896
1521666415965;1.6792604;-0.14468002;0.4861374
1521666415986;1.1567689;0.99246216;-1.0088806
1521666415993;1.1145936;1.3238527;-1.3509521
1521666416000;0.9781952;1.0870057;-1.3311462
1521666416013;0.8991699;0.5171051;-0.8092041
1521666416024;0.4570999;-0.6060028;-0.48163605
1521666416033;0.041924477;-1.1308594;-0.1212101
1521666416040;-0.4240799;-1.0574036;-0.28070068
1521666416053;-0.78723145;-0.73817444;-0.4328003
1521666416060;-0.8834839;-0.5861511;-0.5133362
1521666416081;-0.53404236;-0.23912048;-0.2437973
1521666416094;-0.64030457;0.059931755;-1.4870911
1521666416099;-0.8844452;0.28952026;-1.824646
1521666416113;-0.9938812;0.66290283;-0.2475853
1521666416120;-1.2213745;1.5497743;0.52394104
1521666416132;-1.6097107;2.1236577;0.8408203
1521666416140;-1.9985352;2.2131963;1.556122
1521666416153;-2.3811646;1.6773683;2.2238774
1521666416161;-2.7460938;0.6365204;1.8050233
1521666416185;-2.566162;-1.5399475;-0.27397156
1521666416197;-2.0993652;-1.1788635;-0.26094818
1521666416203;-2.4956055;1.0635377;-0.47945404
1521666416212;-2.930725;2.374207;-0.20658493
1521666416220;-3.1148071;3.2359626;1.0209962
1521666416234;-3.310669;2.8484502;1.6043397
1521666416240;-3.3782349;1.5843812;1.3783876
1521666416253;-2.7766113;0.02191782;2.0327764
1521666416260;-1.9755249;-1.818634;2.4629521
1521666416277;-2.02417;-3.177002;1.3090211
1521666416280;-2.9692993;-3.069336;1.5676022E-4
1521666416294;-4.1862793;-1.9744873;-0.3074646
1521666416301;-4.397949;-0.9038696;0.35110474
1521666416313;-3.9649048;0.41934967;1.2364503
1521666416320;-3.4525146;1.6576234;0.7041931
1521666416333;-2.5860596;1.6319581;1.6440736
1521666416340;-1.7135925;0.86753845;2.207703
1521666416354;-1.6624146;-0.65689087;1.3989869
1521666416360;-1.8225403;-1.6924744;0.41819763
1521666416383;-3.1471558;-1.199646;0.39840698
1521666416403;-3.477417;0.583725;0.24674606
1521666416421;0.054875374;0.102134705;0.4429245
1521666416440;-2.092041;-0.7990265;-0.58732605
1521666416464;-3.5340576;-0.40355682;-0.40485382
1521666416483;-1.2574463;-0.7667694;-0.15298462
1521666416494;0.13349533;-0.82206726;-0.25839996
1521666416500;0.19670486;-1.0379639;-1.0422974
1521666416515;-0.6561279;-1.3972778;-1.373352
1521666416520;-1.9823303;-1.5350342;-1.1717224
1521666416534;-2.9750977;-1.3359375;-1.071167
1521666416541;-3.2579346;-0.6099396;-1.1529846
1521666416553;-2.5819702;-0.3016281;-0.666275
1521666416560;-1.3605042;0.13934708;0.548996
1521666416582;-1.5692749;0.6933441;0.19885254
1521666416594;-2.451538;0.67866516;0.177742
1521666416600;-3.138855;0.48028564;0.0517416
1521666416613;-3.2739868;0.37046814;-0.59114075
1521666416620;-2.534729;0.24073792;-0.96131897
1521666416633;-0.7931824;-0.24830246;-0.19997787
1521666416640;0.49362946;-0.79086304;0.6371918
1521666416654;-0.9082031;-0.5971527;-0.14793777
1521666416661;-2.0134277;-0.4275589;0.10903168
1521666416682;-3.2320557;0.6391907;-0.63179016
1521666416694;-1.8358154;0.8798065;-0.49661255
1521666416700;0.3775711;0.5000458;0.87350464
1521666416714;1.07016;0.7212372;0.5989685
1521666416721;0.42085266;1.1100465;-0.13695908
1521666416733;-0.8054199;1.0200502;0.5994568
1521666416741;-2.0438232;1.169159;1.5045167
1521666416754;-2.9684448;1.605774;1.642975
1521666416760;-3.1905518;1.6559144;1.1718751
1521666416781;-0.5299072;-0.37506104;0.29535675
1521666416794;1.1819459;-1.7897644;0.54071045
1521666416801;1.3964235;-1.6848145;-0.31852722
1521666416814;0.4883194;-1.2301025;-0.52111816
1521666416821;-0.85324097;-0.70944214;0.4378357
1521666416835;-1.8022156;0.37016296;0.9972992
1521666416841;-2.1582031;1.6589357;1.5093385
1521666416854;-1.5220947;2.4290166;1.5338136
1521666416862;-0.48646545;1.983246;0.41386414
1521666416887;2.0087285;-2.28656;0.7158203
1521666416896;0.13733292;-2.3251343;-0.5415039
1521666416902;-1.4934692;-1.69104;0.1142025
1521666416916;-2.2572021;-0.2710266;0.30934906
1521666416923;-1.7147827;0.956131;0.45574188
1521666416943;1.5591737;2.2402349;1.4232789
1521666416955;2.3769536;1.8370057;1.0233766
1521666416962;2.6375127;0.30516052;1.3292848
1521666416984;-0.47457886;-1.3115845;0.68548584
1521666416996;-1.9419556;-0.9883728;0.45690918
1521666417003;-2.4179688;0.08485794;0.039700508
1521666417015;-1.47052;0.7189636;0.33652496
1521666417023;0.14753723;1.2279359;1.0277406
1521666417042;1.8798829;1.7936403;1.8440248
1521666417055;1.1411439;1.0789491;0.5918274
1521666417062;0.061397552;-0.0018210411;-0.0028853416
1521666417087;-1.907898;-0.057870865;0.0766983
1521666417096;-2.2093506;0.39122772;-0.31990814
1521666417103;-0.6263428;0.56355286;0.08634186
1521666417116;0.08251953;0.3062973;0.022910595
1521666417123;0.49385834;0.4122696;0.2963333
1521666417136;0.47136688;0.44903564;0.47288513
1521666417144;-0.3487091;0.1498375;-0.18472672
1521666417157;-1.0508118;-0.064596176;-1.045166
1521666417162;-1.3379517;-0.7160492;-1.8370361
1521666417187;0.17009735;-1.6111755;-0.6081543
1521666417203;1.0279542;-0.8510742;-0.9079132
1521666417223;1.1679384;0.36019897;0.28765106
1521666417244;0.7308197;1.3843385;-0.84098816
1521666417263;2.14325;-0.34049225;-0.57366943
1521666417287;2.1087651;-1.673523;-1.0410461
1521666417296;1.6372987;-1.8990479;-1.5429382
1521666417304;1.2686769;-1.5798645;-1.2354126
1521666417316;1.0689698;-0.49188232;-0.76649475
1521666417323;1.0687257;1.0476075;-0.5241699
1521666417336;1.9237367;2.601807;0.35936737
1521666417343;2.4206548;1.9685365;0.54489136
1521666417356;2.4667974;0.57159424;0.30929565
1521666417362;2.2349858;-0.7519684;-0.12959671
1521666417387;1.876526;-2.4450073;-1.6445618
1521666417404;3.047425;-2.7130737;-2.9451904
1521666417416;3.7440803;-2.444336;-3.6322632
1521666417423;3.8330085;-1.6766357;-3.8999634
1521666417443;3.4948738;-0.667923;-2.013977
1521666417464;2.8350835;-0.6333313;-1.2484131
1521666417487;3.0119026;-0.2915573;-1.4857178
1521666417495;3.4408576;-0.19263458;-0.59428406
1521666417501;3.3403327;-0.10888481;-0.15880203
1521666417515;2.792664;-0.03603363;-0.7596588
1521666417521;2.4718633;-0.35726166;-0.47254944
1521666417535;2.327454;-0.49934387;-0.35694122
1521666417542;2.2218022;-0.4704361;-0.89212036
1521666417555;2.5552373;-0.107933044;-0.7069702
1521666417561;2.4629521;-0.13218689;-0.8713989
1521666417583;2.2484746;-0.44550323;-0.52459717
1521666417596;1.7815248;-1.6253357;0.23248672
1521666417603;1.5750734;-1.8337708;-0.0549345
1521666417624;1.6748658;-1.9307861;-0.8787079
1521666417644;1.6516725;-0.5808258;-0.8618622
1521666417664;1.4117433;0.42639923;0.50354004
1521666417684;0.9891968;0.69303894;1.4834596
1521666417696;1.0966493;0.4562912;1.8911744
1521666417704;1.2550355;0.25717926;1.5797426
1521666417717;1.3058168;-0.43701935;0.4999466
1521666417722;1.0662538;-0.752182;0.06063652
1521666417735;0.35079193;-0.56959534;-0.26940155
1521666417744;-0.33242035;-0.062698364;-0.7542877
1521666417757;-0.721405;1.1348268;-0.5897217
1521666417764;-0.6625061;1.8529359;-0.191185
1521666417783;-0.71943665;1.1670228;0.7059479
1521666417796;-1.0080261;-0.51338196;0.33577728
1521666417801;-1.243042;-2.091919;-0.64411926
1521666417815;-1.1373901;-3.4713135;-0.7284546
1521666417821;-0.7077484;-3.7560425;0.11643982
1521666417835;-0.7983856;-2.8343506;-0.13079071
1521666417842;-0.78411865;-2.0496216;-0.19722366
1521666417855;-0.5113678;-0.59155273;1.272278
1521666417864;-1.1748962;0.7380676;1.735138
1521666417887;-2.7285767;2.0839849;1.3934633
1521666417896;-2.7904663;1.7586976;2.0144658
1521666417904;-2.513733;1.0308229;1.9415284
1521666417917;-1.8137817;0.60954285;1.9402467
1521666417924;-1.226593;0.046135902;1.2351686
1521666417937;-0.58277893;-0.8841553;0.25637054
1521666417944;-0.44067383;-1.6166382;-0.49234772
1521666417964;-0.9241333;-2.597412;1.1002504
1521666417984;-3.3016357;-1.0315857;0.1808815
1521666417996;-3.6901245;0.29336548;0.18579865
1521666418003;-3.3131714;0.8064575;-0.34976196
1521666418021;-1.0458984;0.8207092;-0.29349518
1521666418035;-1.9108887;1.996338;0.30552673
1521666418043;-3.5724487;2.3762212;1.3364259
1521666418056;-4.6885986;2.3507085;2.5175786
1521666418062;-4.6833496;2.9638066;2.8016362
1521666418084;-4.277588;3.2581794;2.1076055
1521666418097;-2.2280884;0.7509155;-0.46772003
1521666418104;-1.5115356;-1.0897522;-1.7431946
1521666418117;-1.1943054;-2.7393188;-1.7902527
1521666418124;-1.689148;-3.3271484;-0.9773102
1521666418144;-3.8345337;-0.9026642;0.87228394
1521666418164;-3.305664;0.30444336;-0.45513916
1521666418186;0.20367432;-0.7823181;-1.6686707
1521666418195;0.20845795;-0.76078796;-1.3456421
1521666418202;-1.3809814;-0.18193436;-0.044733047
1521666418215;-3.434082;0.1815033;0.66070557
1521666418222;-3.7443237;0.993454;0.75541687
1521666418236;-1.1491699;1.2987672;0.094451904
1521666418242;0.30121613;1.1681215;0.10842323
1521666418255;0.2044487;0.8396301;0.120119095
1521666418262;-0.39601135;0.26132202;0.39199066
1521666418284;-1.2652283;0.22769928;0.59077454
1521666418295;-1.7173767;0.7081604;0.8295288
1521666418305;-1.6001282;1.2130433;0.47060394
1521666418317;-1.3468628;1.4427186;0.2597046
1521666418323;-1.1064758;0.46378326;-0.50549316
1521666418345;-0.10825729;-0.32674408;-0.27760315
1521666418364;-1.7340698;0.31108856;-0.17787552
1521666418384;-2.61615;0.6717987;0.496521
1521666418395;-3.1429443;1.1330568;0.48313904
1521666418405;-2.1054077;0.74227905;0.030972958
1521666418417;-0.894104;-0.18595886;-0.3266983
1521666418424;0.0744648;-0.8030548;-0.21427155
1521666418444;-1.0471191;-0.85443115;-0.17143631
1521666418462;-3.3184814;0.9799042;-0.698349
1521666418482;-1.7520142;1.0820924;-0.041651726
1521666418497;0.6183014;0.41801453;0.842926
1521666418504;0.075904846;0.21406174;0.5475006
1521666418517;-1.1092834;-0.1463852;0.5718384
1521666418524;-2.1854248;-0.079574585;0.43807983
1521666418545;-2.7785645;0.7050171;-1.9579773
1521666418565;1.1910707;0.12616348;0.40647888
1521666418585;1.7685853;0.41931915;-0.0930233
1521666418597;0.047855377;0.27103424;0.22445297
1521666418604;-1.2190247;0.8317108;0.5870056
1521666418623;-2.781189;2.8141484;-0.5722809
1521666418644;0.28549957;1.5364991;-0.05338478
1521666418664;3.1334236;0.3050766;0.7719269
1521666418685;2.4474492;-0.5758362;0.7457886
1521666418697;-1.6427002;0.05413723;2.2622075
1521666418705;-2.4350586;1.0529786;2.2518926
1521666418717;-2.317871;1.2926027;1.1159059
1521666418725;-1.177948;0.6334381;1.2067567
1521666418744;0.32347107;0.33476257;0.7352295
1521666418762;0.40986633;1.5087281;0.18781662
1521666418787;-0.4621277;2.3406987;0.6846466
1521666418796;-0.541275;1.4833986;1.4290773
1521666418804;-0.616745;0.2939682;1.2440187
1521666418816;-0.36051178;-0.5987549;0.5359192
1521666418824;0.15314484;-1.4075928;-0.081991196
1521666418837;0.80052185;-2.20813;-0.17764282
1521666418844;1.0716249;-1.9397278;-0.06847954
1521666418857;0.65919495;-0.015604258;-0.66996765
1521666418864;0.40209198;1.5600587;-1.3269653
1521666418886;1.0993043;0.87390137;-1.2088013
1521666418906;1.2118531;-2.6438599;-0.42845917
1521666418917;0.7481842;-4.7735596;0.066516876
1521666418925;0.35664368;-4.397461;-0.24256897
1521666418945;0.20732498;-0.12096596;-0.9454651
1521666418956;0.825943;1.806183;-0.9917755
1521666418962;1.4576417;3.3160408;-0.7548828
1521666418983;1.8717347;3.7359626;-0.28838348
1521666418988;1.778412;2.797974;0.61369324
1521666419005;0.9981537;-1.8191223;2.4850469
1521666419025;-1.1732788;-2.9595947;-1.7195435
1521666419045;-1.0393372;-1.052887;-2.8355103
1521666419065;0.88212585;0.047930717;-0.8483887
1521666419084;1.0350953;-0.11698532;0.31489563
1521666419089;0.7623291;-0.203125;1.0207826
1521666419106;0.090997696;-1.7688904;1.1951905
1521666419125;-0.05482292;-2.1348877;-1.5168457
1521666419145;1.8458863;-2.2660522;-3.3463135
1521666419165;2.025269;-1.2362366;-1.8972778
1521666419184;1.5098573;-1.9403687;-1.1560669
1521666419196;1.5106202;-2.055664;-2.0344238
1521666419204;2.141663;-2.302002;-2.9849243
1521666419216;3.1644294;-2.7420044;-2.935669
1521666419223;3.8747566;-2.9599;-2.2893677
1521666419236;3.812806;-3.3502808;-1.6357117
1521666419243;3.259339;-3.27948;-1.1315918
1521666419265;2.1125493;-1.0798035;-1.8321838
1521666419282;2.3991094;-0.56874084;-1.8104248
1521666419288;3.1934822;-0.5519867;-1.2552795
1521666419305;3.3890998;-1.9259949;0.30472565
1521666419325;1.9203798;-4.7994385;-0.27078247
1521666419346;1.0844117;-5.3621826;-1.8535767
1521666419365;1.1002809;-2.7583618;-4.3771973
1521666419383;1.7016298;2.325623;-2.3774414
1521666419388;2.266358;3.2444465;0.2355156
1521666419405;2.3745122;1.1503907;3.7108772
1521666419416;1.6909181;-0.7852783;2.388184
1521666419423;1.5712892;-3.1732788;1.6416322
1521666419437;1.5972596;-5.133545;0.71398926
1521666419444;1.187195;-5.7856445;-1.5508423
1521666419466;0.85928345;-3.8459473;-3.675415
1521666419484;0.980484;0.08874321;-3.3829346
1521666419489;1.5739137;3.7233894;-1.3131409
1521666419505;3.0406501;7.668216;3.1628425
1521666419516;2.3332524;5.292605;5.67322
1521666419523;0.6159363;2.5681157;5.622561
1521666419536;-1.0158386;0.16397095;4.2056904
1521666419543;-1.8523254;-1.930542;2.893128
1521666419556;-2.1950684;-2.9313354;1.684601
1521666419563;-2.1606445;-2.4700928;0.6010437
1521666419584;-1.5558472;-1.2485352;0.055026054
1521666419589;-0.83799744;-0.21962357;-0.26560974
1521666419605;-0.5480499;1.6207582;0.13029099
1521666419626;-2.1453857;0.6879425;1.2997743
1521666419645;-3.3109741;-0.7118988;1.5725404
1521666419667;-2.32135;-3.0115356;-1.1572571
1521666419687;-0.07814789;-2.972351;-0.6193085
1521666419705;-4.315796;1.3995057;1.1466676
1521666419725;-8.310303;4.8255634;2.4239507
1521666419746;-4.599243;5.889895;1.7980043
1521666419765;0.28353882;0.9511719;-0.8741455
1521666419785;0.6712799;-1.2045898;-0.73587036
1521666419790;-1.594696;-1.9152527;-0.01563692
1521666419806;-4.9750977;0.23558807;-0.06719971
1521666419825;-0.18088913;1.1340638;-0.44961548
1521666419845;-1.3163757;-0.21230698;-0.7690277
1521666419866;-2.5940552;0.32848358;-0.48941803
1521666419886;-1.703125;0.021135807;-0.83631897
1521666419891;-0.9900818;0.028314114;-0.48217773
1521666419905;-0.44768524;-0.3783493;0.063344955
1521666419926;-1.2536316;-0.2852249;-0.3615799
1521666419946;-1.1494141;-0.5182495;-0.21842194
1521666419966;-0.8051758;-0.9997711;-1.498352
1521666419985;0.17351532;-1.8697815;-1.5991516
1521666419988;-0.14712143;-2.4847412;-2.6304321
1521666420005;-1.4463196;-1.7550049;-1.056488
1521666420025;-2.039856;-0.19778061;-0.4733429
1521666420044;-0.17079544;-0.7178192;-0.8569641
1521666420057;-0.42843628;-0.65812683;-0.35715485
1521666420063;-1.3924866;-0.44963837;0.16575623
1521666420087;-2.039917;0.7101898;0.8000641
1521666420103;-0.48744965;0.37081146;-0.45315552
1521666420116;0.3603363;-0.16301727;-0.31682587
1521666420125;0.4206543;-0.8849182;-0.37978363
1521666420145;-0.68759155;-0.8435211;-0.2964325
1521666420165;-1.2043762;0.87194824;0.048034668
1521666420185;-0.9876251;1.5489198;0.09187889
1521666420191;-0.9086609;1.6350709;-0.099544525
1521666420205;0.11861992;0.062384605;-0.07888794
1521666420226;0.15345383;-1.29953;-0.07645798
1521666420246;-1.7460327;0.016372204;0.54252625
1521666420266;-1.9624329;1.4864808;0.43156433
1521666420286;-1.4050293;1.6571962;0.1736908
1521666420291;-1.063446;0.8517151;-0.10700226
1521666420307;-1.1488953;-0.23902893;-0.6988373
1521666420325;-2.451294;-0.06270218;-0.6255951
1521666420345;-2.975891;0.95381165;-0.9660797
1521666420365;-0.41360474;0.46591187;0.15011978
1521666420385;0.043963432;0.22655869;0.5451813
1521666420388;-0.95384216;0.042313576;0.7892456
1521666420405;-3.4205322;-0.110881805;0.96606445
1521666420425;-3.3388062;0.34880066;-0.21862411
1521666420444;-0.12353134;1.2301637;-0.9654083
1521666420457;0.7110748;1.8689882;-0.8205719
1521666420465;0.37805176;1.9090883;-0.75180054
1521666420486;-0.9521637;1.1822511;2.5115361
1521666420491;-2.2562256;0.28255463;3.313172
1521666420506;-2.232666;-0.67718506;0.057676315
1521666420526;1.424286;0.032453537;-0.7314606
1521666420544;0.6849518;1.499878;1.2117006
1521666420557;-1.1569214;1.6268312;2.0579228
1521666420565;-2.331421;1.4206849;2.7739263
1521666420585;-2.5258179;1.3170472;2.6613164
1521666420590;-2.0855713;0.9198456;1.5199586
1521666420606;0.20846939;-0.17124557;-0.79382324
1521666420626;0.862381;0.32848358;-0.6779938
1521666420645;-0.79322815;1.4326478;0.5532379
1521666420664;-0.78671265;1.4256288;1.7813417
1521666420686;-0.76239014;1.0484315;0.72065735
1521666420691;9.059906E-4;-0.24367142;-0.023503304
1521666420706;-0.20320511;-1.1134033;-0.008654594
1521666420727;-1.1472778;1.0975343;-0.054786682
1521666420746;0.8374634;1.7959596;0.6496277
1521666420766;1.8125001;0.026227951;-1.9662476
1521666420785;2.2433476;-3.1750488;-1.3309021
1521666420804;-0.3857956;-1.814209;0.06242466
1521666420818;-1.0622559;-0.99450684;1.6724855
1521666420832;-1.335083;0.21983337;1.1408998
1521666420856;2.0169683;1.4599916;0.21647263
1521666420870;3.0678718;1.6924134;-0.26245117
1521666420887;2.813233;1.7875062;-0.489151
