1521666400489;0.3890578;3.252523;9.248801
1521666400501;0.25019407;3.4799721;9.720459
1521666400525;0.0023942017;3.5529952;10.059238
1521666400535;0.20111294;3.4560301;10.104729
1521666400546;0.4213795;3.430891;9.968259
1521666400561;-0.037110128;3.4201171;9.639056
1521666400570;-0.25139117;3.4320881;9.428367
1521666400581;-0.34955344;3.4596214;9.301474
1521666400591;-0.39384618;3.5350387;9.131485
1521666400594;-0.37948096;3.5577838;9.058462
1521666400611;-0.31603462;3.5901055;8.531737
1521666400621;-0.33159694;3.66672;8.190564
1521666400631;-0.23343466;3.5434184;7.872135
1521666400641;0.08259996;3.2872388;7.2221093
1521666400646;0.31603462;3.4680011;7.1550717
1521666400655;0.7086837;3.7960067;7.627927
1521666400671;0.8535329;3.4129345;8.911219
1521666400675;0.91578215;3.3602622;9.271546
1521666400691;0.92176765;3.6260185;9.965864
1521666400696;0.82719666;3.763685;10.187328
1521666400707;0.59974754;3.8953662;10.261548
1521666400716;0.36391866;3.9492357;10.33936
1521666400726;0.2825158;3.9588125;10.116699
1521666400755;0.10654198;3.8175547;8.599973
1521666400766;0.033518825;3.6894648;8.574833
1521666400777;0.3196259;3.5877113;8.476671
1521666400791;0.50038815;3.6020765;8.608353
1521666400801;0.5327099;3.6595373;8.596381
1521666400811;0.5422867;3.7361517;8.561666
1521666400821;0.5590461;3.7696705;8.605958
1521666400826;0.5315128;3.7840357;8.585608
1521666400841;0.36750996;3.83192;8.692149
1521666400846;0.35075054;3.8235402;8.714894
1521666400855;0.39863458;3.8534677;8.651448
1521666400866;0.34955344;3.7600937;8.505402
1521666400875;0.29927522;3.6990416;8.358158
1521666400886;0.32321724;3.716998;8.207323
1521666400893;0.2705448;3.66672;8.23366
1521666400908;0.5518635;3.6774938;8.453926
1521666400913;0.61890113;3.7588966;8.487445
1521666400926;0.6895301;4.0378213;8.559271
1521666400935;0.5805939;4.1359835;8.497022
1521666400946;0.4345476;4.280833;8.60117
1521666400961;0.7565677;4.596867;8.025364
1521666400967;0.985214;4.1838675;8.726865
1521666400976;1.7633295;4.0761285;10.359711
1521666400986;2.4744074;4.5681367;9.081207
1521666400991;2.6515784;4.8219223;9.440337
1521666401007;1.34195;4.8614264;9.944317
1521666401021;0.5674258;4.4580035;10.016143
1521666401031;0.45130703;4.187459;9.661801
1521666401042;0.34955344;3.9612067;9.476251
1521666401047;0.29448682;3.903746;9.43914
1521666401055;0.29328972;3.86903;9.336189
1521666401066;0.2789245;3.8546648;9.193734
1521666401081;0.24899697;3.8115692;8.847773
1521666401087;0.23822308;3.7948096;8.731653
1521666401097;0.1352724;3.7493198;8.494628
1521666401117;-0.039504327;3.727772;8.479065
1521666401127;-0.034715924;3.728969;8.67539
1521666401136;-0.027533319;3.7852328;8.808268
1521666401147;-0.050278235;3.9193082;8.99741
1521666401158;-0.10175357;3.989937;9.106346
1521666401168;-0.1328782;4.060566;9.0476885
1521666401173;-0.1364695;4.0880995;8.995016
1521666401186;-0.023942016;4.1982327;8.724471
1521666401195;0.059855044;4.284424;8.706514
1521666401206;0.17118542;4.3263226;8.862138
1521666401220;0.2657564;4.3263226;8.933964
1521666401231;0.320823;4.295198;8.846576
1521666401235;0.31603462;4.2700586;8.841787
1521666401246;0.2873042;4.295198;8.725668
1521666401256;0.31004912;4.3742065;8.631097
1521666401268;0.33877954;4.453215;8.59279
1521666401274;0.33159694;4.5046906;8.617929
1521666401288;0.25498247;4.5118732;8.696938
1521666401299;0.1592144;4.571728;8.710106
1521666401305;0.06823475;4.584896;8.668207
1521666401316;-0.016759412;4.6136265;8.66701
1521666401326;-0.088585466;4.559757;8.723274
1521666401341;-0.30166942;4.331111;8.813056
1521666401351;-0.51834464;4.1371803;8.916007
1521666401366;-0.7314286;4.015076;9.0237465
1521666401382;-1.0510546;3.9576154;9.082404
1521666401386;-1.0821792;3.977966;9.115923
1521666401396;-1.0845734;4.0761285;9.088389
1521666401406;-1.0893618;4.1240125;9.095572
1521666401419;-1.0690111;4.1383777;9.17099
1521666401427;-1.0534488;4.096479;9.187749
1521666401441;-1.0283096;4.0785227;9.102755
1521666401446;-1.0187328;4.0737343;9.155427
1521666401456;-0.93373865;4.104859;9.120711
1521666401466;-0.8810662;4.0641575;9.251195
1521666401476;-0.866701;4.0054994;9.266758
1521666401486;-0.8702923;3.9480386;9.204509
1521666401492;-0.8798691;3.9755719;9.064447
1521666401537;-0.8439561;4.0174704;8.531737
1521666401546;-0.78410107;4.110844;8.461109
1521666401555;-0.641646;4.2078094;8.476671
1521666401566;-0.50876784;4.3143516;8.465898
1521666401575;-0.40222588;4.380192;8.378509
1521666401585;-0.28491;4.4723687;8.248025
1521666401601;-0.23463176;4.571728;8.1797905
1521666401606;-0.22505496;4.6124296;8.1797905
1521666401621;-0.1352724;4.733337;8.346188
1521666401631;-0.074220255;4.781221;8.578424
1521666401641;0.009576807;4.831499;8.680179
1521666401648;0.04189853;4.853047;8.706514
1521666401655;0.15801731;4.900931;8.797494
1521666401736;0.2645593;4.6279917;8.652645
1521666401747;0.35194764;4.7620673;8.409634
1521666401755;0.4405331;4.8542438;8.213309
1521666401766;0.50757074;4.924873;8.147469
1521666401775;0.49081135;4.981137;8.178593
1521666401786;0.47165772;5.0397944;8.173804
1521666401795;0.37469256;5.0541596;8.244433
1521666401806;0.31004912;5.079299;8.431181
1521666401821;0.18195933;5.0038815;8.610746
1521666401826;0.12090719;4.9583917;8.640674
1521666401835;0.033518825;4.9188876;8.698134
1521666401847;-0.046686932;4.915296;8.839393
1521666401856;-0.06584055;4.8973393;9.076419
1521666401867;-0.10534488;4.8626237;9.188946
1521666401876;-0.16879122;4.8159366;9.137471
1521666401887;-0.23822308;4.739322;8.971074
1521666401896;-0.34715924;4.661511;8.832211
1521666401907;-0.4357447;4.596867;8.694544
1521666401915;-0.48362875;4.5645456;8.529344
1521666401927;-0.5374983;4.5058875;8.511387
1521666401937;-0.5686229;4.4807487;8.511387
1521666401946;-0.58657944;4.4448357;8.580819
1521666401956;-0.5793968;4.406528;8.456321
1521666401967;-0.641646;4.3406878;8.42759
1521666401975;-0.6500258;4.334702;8.429984
1521666401987;-0.6332663;4.368221;8.451532
1521666401997;-0.5614403;4.414908;8.550891
1521666402007;-0.48482585;4.5394063;8.610746
1521666402017;-0.4189853;4.618415;8.680179
1521666402028;-0.40222588;4.733337;8.768764
1521666402035;-0.3842694;4.7620673;8.742428
1521666402056;-0.30047232;4.8386817;8.72088
1521666402067;-0.24540567;4.868609;8.773552
1521666402076;-0.21547815;4.8853683;8.884883
1521666402087;-0.22984336;4.868609;8.937555
1521666402096;-0.19752164;4.879383;8.896853
1521666402109;-0.20949265;4.9284644;8.925584
1521666402119;-0.19632454;4.9320555;8.7951
1521666402128;-0.24420857;4.960786;8.704121
1521666402139;-0.34715924;4.9919105;8.692149
1521666402148;-0.48841715;5.0385976;8.7125
1521666402160;-0.5758055;5.0182467;8.717288
1521666402168;-0.6679823;4.9943047;8.791509
1521666402178;-0.7182605;4.9464207;8.900445
1521666402190;-0.7793127;4.8865657;8.913613
1521666402200;-0.90141696;4.8255134;8.866926
1521666402207;-1.0582372;4.7680526;8.828619
1521666402216;-1.1935096;4.677073;8.730456
1521666402226;-1.2593501;4.584896;8.637083
1521666402235;-1.2749124;4.485537;8.567651
1521666402248;-1.2593501;4.426879;8.441956
1521666402258;-1.2425907;4.3155484;8.355764
1521666402267;-1.210269;4.3179426;8.209718
1521666402276;-1.1839328;4.3047748;8.075643
1521666402288;-1.2018893;4.268862;7.8625584
1521666402295;-1.1887212;4.286818;7.7464395
1521666402307;-1.151611;4.3766007;7.643489
1521666402317;-1.0905589;4.4328647;7.6949644
1521666402323;-1.0378864;4.489128;7.728483
1521666402336;-0.9696517;4.596867;7.765593
1521666402348;-0.997185;4.6603136;7.8876977
1521666402359;-1.0953473;4.653131;8.119935
1521666402370;-1.1935096;4.6662993;8.220491
1521666402379;-1.2354081;4.7417164;8.360553
1521666402387;-1.234211;4.829105;8.401254
1521666402396;-1.2126632;4.936844;8.622718
1521666402408;-1.1815386;5.0038815;8.803479
1521666402417;-1.1767502;5.032612;8.878897
1521666402429;-1.163582;5.007473;8.911219
1521666402437;-1.1540052;5.069722;8.974665
1521666402450;-1.0821792;5.112818;9.068039
1521666402458;-0.9900024;5.09127;9.091981
1521666402465;-0.9648633;5.019444;9.060856
1521666402486;-0.9528923;4.8494554;8.734048
1521666402502;-1.0307038;4.6950297;8.415619
1521666402526;-1.0031705;4.554969;8.310274
1521666402541;-0.9983821;4.4963107;8.264784
1521666402546;-0.9744401;4.4879313;8.224083
1521666402555;-1.0055647;4.450821;8.141483
1521666402566;-1.0881647;4.4196963;7.98586
1521666402575;-1.1563994;4.3981485;7.856573
1521666402582;-1.1803415;4.3873744;7.833828
1521666402593;-1.2054806;4.4077253;7.904457
1521666402606;-1.1671734;4.4603977;8.137892
1521666402615;-1.1049241;4.509479;8.207323
1521666402626;-1.0726024;4.559757;8.279149
1521666402635;-1.0989386;4.6722846;8.291121
1521666402646;-1.1552023;4.7441106;8.342596
1521666402656;-1.1779473;4.8494554;8.459911
1521666402666;-1.1791444;4.912902;8.585608
1521666402676;-1.1851299;4.9164934;8.647857
1521666402688;-1.1731589;4.950012;8.704121
1521666402698;-1.0929531;4.9787426;8.850166
1521666402707;-0.9911995;4.993108;9.004593
1521666402715;-0.94092125;4.987122;9.096769
1521666402731;-1.0606314;4.8853683;9.074024
1521666402747;-1.3718776;4.817134;8.810662
1521666402755;-1.447295;4.8159366;8.66701
1521666402766;-1.4999673;4.805163;8.548497
1521666402776;-1.4927847;4.7896004;8.467094
1521666402786;-1.4209588;4.818331;8.322245
1521666402796;-1.3503298;4.8877625;8.200141
1521666402807;-1.2988545;4.9655743;8.176199
1521666402816;-1.282095;5.005079;8.167819
1521666402826;-1.3000516;5.0158525;8.1163435
1521666402835;-1.3563153;5.0158525;8.178593
1521666402847;-1.3970166;4.9883194;8.310274
1521666402856;-1.4341269;4.9416323;8.402451
1521666402870;-1.4030021;4.927267;8.379706
1521666402874;-1.353921;4.9224787;8.396465
1521666402887;-1.3084313;4.924873;8.346188
1521666402896;-1.3000516;4.947618;8.27077
1521666402907;-1.2952632;4.981137;8.1319065
1521666402916;-1.3431472;4.936844;8.043321
1521666402923;-1.3443443;4.8817773;8.020576
1521666402934;-1.3192052;4.771644;8.076839
1521666402951;-1.2880806;4.6698904;8.333019
1521666402961;-1.2437878;4.6232033;8.441956
1521666402966;-1.2150574;4.605247;8.465898
1521666402975;-1.1528081;4.590882;8.474277
1521666402986;-1.103727;4.569334;8.479065
1521666402996;-1.0714053;4.509479;8.333019
1521666403006;-1.0857705;4.4927197;8.177396
1521666403015;-1.091756;4.485537;8.112753
1521666403026;-1.1360487;4.5394063;8.161834
1521666403041;-1.1887212;4.547786;8.312668
1521666403057;-1.0977415;4.545392;8.561666
1521666403067;-1.0163386;4.522647;8.682572
1521666403076;-0.92895025;4.459201;8.74961
1521666403087;-0.90500826;4.425682;8.672996
1521666403096;-0.9959879;4.358644;8.536526
1521666403107;-1.0845734;4.367024;8.400057
1521666403119;-1.1959038;4.3861775;8.267179
1521666403129;-1.2485762;4.4568067;8.099585
1521666403135;-1.1540052;4.5633483;8.013393
1521666403146;-0.9624691;4.7058034;8.1319065
1521666403155;-0.78529817;4.8757915;8.354567
1521666403166;-0.60812724;5.011064;8.710106
1521666403176;-0.44532153;5.069722;8.899248
1521666403186;-0.41180268;5.0637364;8.954314
1521666403199;-0.40940848;5.1116204;9.054871
1521666403206;-0.40701428;5.1259856;9.045294
1521666403215;-0.4189853;5.1607018;9.040505
1521666403226;-0.34596214;5.189432;9.068039
1521666403233;-0.320823;5.153519;9.072827
1521666403246;-0.3878607;5.0517654;9.01776
1521666403255;-0.4201824;5.0158525;8.866926
1521666403266;-0.47165772;4.987122;8.718486
1521666403281;-0.50397944;4.969166;8.62152
1521666403286;-0.5434838;4.8997335;8.494628
1521666403295;-0.557849;4.871003;8.437167
1521666403306;-0.5781997;4.83509;8.420407
1521666403315;-0.6847417;4.751293;8.418014
1521666403327;-0.7721301;4.644751;8.342596
1521666403335;-0.8535329;4.6710877;8.214506
1521666403346;-0.8702923;4.745308;8.078036
1521666403357;-0.90500826;4.7680526;8.018182
1521666403367;-0.92296475;4.7979803;8.177396
1521666403376;-0.92057055;4.799177;8.459911
1521666403387;-0.8846575;4.787206;8.693346
1521666403395;-0.8798691;4.807557;8.791509
1521666403408;-0.93732995;4.8362875;9.022549
1521666403417;-1.0307038;4.781221;9.056067
1521666403428;-1.1887212;4.665102;9.099164
1521666403436;-1.3072342;4.582502;9.054871
1521666403447;-1.3694834;4.531027;8.918402
1521666403457;-1.3922282;4.4843397;8.7771435
1521666403468;-1.3515269;4.4208937;8.639477
1521666403475;-1.377863;4.3718123;8.579621
1521666403488;-1.3204023;4.3742065;8.548497
1521666403494;-1.2725182;4.3957543;8.582016
1521666403504;-1.1875241;4.4220905;8.610746
1521666403513;-1.1336545;4.4005427;8.62152
1521666403546;-1.2018893;4.3047748;8.336611
1521666403555;-1.2497733;4.27365;8.394072
1521666403571;-1.2677298;4.1575313;8.416816
1521666403581;-1.2389994;4.122815;8.349778
1521666403593;-1.2641385;4.1252093;8.141483
1521666403606;-1.2294226;4.1958385;7.9571295
1521666403615;-1.186327;4.224569;7.98586
1521666403626;-1.0546459;4.3035774;8.200141
1521666403635;-0.90500826;4.4005427;8.564059
1521666403647;-0.78529817;4.4436383;8.893262
1521666403656;-0.7386112;4.4783545;9.119514
1521666403667;-0.7290344;4.4675803;9.096769
1521666403675;-0.7026982;4.4699745;9.096769
1521666403687;-0.80445176;4.5262384;9.044097
1521666403695;-0.80086046;4.533421;9.107543
1521666403707;-0.770933;4.5418005;9.021352
1521666403716;-0.7553706;4.5082817;8.98903
1521666403727;-0.7517793;4.495114;8.929175
1521666403737;-0.78050977;4.4675803;8.833407
1521666403744;-0.79726917;4.4843397;8.791509
1521666403757;-0.80684596;4.4795513;8.690952
1521666403767;-0.7745243;4.5202527;8.725668
1521666403778;-0.7745243;4.4927197;8.684967
1521666403787;-0.7589619;4.501099;8.64666
1521666403797;-0.7649474;4.4939165;8.664616
1521666403807;-0.79487497;4.4699745;8.708909
1521666403816;-0.81163436;4.465186;8.821436
1521666403827;-0.80564886;4.471172;8.920795
1521666403834;-0.79008657;4.4675803;8.987833
1521666403847;-0.78649527;4.4304705;8.969876
1521666403858;-0.82360536;4.390966;8.887277
1521666403868;-0.8631097;4.3837833;8.784326
1521666403875;-0.89662856;4.373009;8.711303
1521666403886;-0.93493575;4.3766007;8.608353
1521666403895;-0.94810385;4.35625;8.602366
1521666403906;-0.9708488;4.3514614;8.641871
1521666403916;-0.9911995;4.3358994;8.682572
1521666403926;-0.985214;4.325125;8.713697
1521666403936;-0.94451255;4.331111;8.724471
1521666403947;-0.90620536;4.357447;8.683769
1521666403954;-0.89662856;4.3299136;8.652645
1521666403966;-0.91458505;4.3155484;8.656237
1521666403975;-0.93373865;4.31914;8.6334915
1521666403986;-0.89902276;4.3263226;8.615535
1521666403993;-0.92895025;4.3263226;8.584411
1521666404006;-0.93373865;4.3538556;8.676587
1521666404015;-0.89303726;4.3861775;8.759187
1521666404026;-0.82719666;4.3861775;8.896853
1521666404035;-0.7733272;4.346673;8.925584
1521666404046;-0.760159;4.3478703;8.90643
1521666404061;-0.7505822;4.343082;8.825027
1521666404075;-0.79367787;4.31076;8.831013
1521666404087;-0.79008657;4.3287168;8.841787
1521666404097;-0.79487497;4.357447;8.832211
1521666404107;-0.78529817;4.4113164;8.8777
1521666404116;-0.78290397;4.437653;8.910022
1521666404129;-0.7793127;4.4316673;8.876503
1521666404136;-0.7637503;4.450821;8.866926
1521666404148;-0.7565677;4.43885;8.88608
1521666404159;-0.79128367;4.4208937;8.838196
1521666404169;-0.81522566;4.3897686;8.935161
1521666404179;-0.8283938;4.382586;9.022549
1521666404184;-0.81642276;4.392163;9.039309
1521666404197;-0.7613561;4.38498;8.974665
1521666404205;-0.7541735;4.3646297;8.931569
1521666404219;-0.7613561;4.3538556;8.7771435
1521666404227;-0.78290397;4.3646297;8.66701
1521666404241;-0.78529817;4.355053;8.620323
1521666404246;-0.7781156;4.346673;8.626308
1521666404261;-0.79607207;4.349067;8.583213
1521666404271;-0.80924016;4.3418846;8.561666
1521666404275;-0.8283938;4.333505;8.574833
1521666404287;-0.8619126;4.31914;8.540117
1521666404296;-0.8523358;4.3023806;8.586804
1521666404307;-0.81163436;4.3418846;8.573636
1521666404315;-0.81163436;4.35625;8.559271
1521666404326;-0.80325466;4.361038;8.528147
1521666404335;-0.8595184;4.355053;8.574833
1521666404346;-0.8643068;4.3299136;8.580819
1521666404356;-0.8451532;4.373009;8.64666
1521666404366;-0.8355764;4.3837833;8.784326
1521666404376;-0.8607155;4.3658266;8.899248
1521666404389;-0.8798691;4.3742065;8.956709
1521666404396;-0.878672;4.346673;8.9842415
1521666404407;-0.8738836;4.343082;9.038112
1521666404416;-0.90141696;4.307169;9.085996
1521666404427;-0.93254155;4.292804;9.121908
1521666404436;-0.92176765;4.260482;9.006987
1521666404448;-0.88944596;4.2461166;8.88608
1521666404457;-0.8511387;4.262876;8.803479
1521666404466;-0.8295909;4.271256;8.731653
1521666404479;-0.760159;4.3514614;8.734048
1521666404488;-0.7398083;4.3538556;8.695741
1521666404496;-0.7577648;4.301183;8.649054
1521666404507;-0.80205756;4.272453;8.707711
1521666404561;-0.63087213;4.2880154;8.819042
1521666404566;-0.61411273;4.309563;8.857349
1521666404575;-0.61052144;4.3658266;8.857349
1521666404586;-0.63206923;4.3622355;8.814254
1521666404595;-0.712275;4.3658266;8.784326
1521666404606;-0.8319851;4.3418846;8.784326
1521666404615;-0.89902276;4.2916064;8.798691
1521666404626;-0.9540894;4.2640734;8.7771435
1521666404635;-0.93014735;4.225766;8.72088
1521666404646;-0.92416185;4.2305546;8.672996
1521666404655;-0.91697925;4.2461166;8.665813
1521666404667;-0.90620536;4.26527;8.610746
1521666404675;-0.91219085;4.2425256;8.597578
1521666404689;-1.0307038;4.167108;8.611943
1521666404695;-1.091756;4.176685;8.605958
1521666404706;-1.1779473;4.155137;8.6813755
1521666404716;-1.210269;4.1659107;8.913613
1521666404726;-1.2186487;4.2066126;9.044097
1521666404735;-1.2006922;4.223372;9.097966
1521666404747;-1.2521675;4.223372;9.091981
1521666404756;-1.2653356;4.2425256;8.992621
1521666404768;-1.2042835;4.259285;8.935161
1521666404776;-1.1264719;4.24492;8.902839
1521666404786;-1.0630256;4.2556934;8.772355
1521666404793;-1.0378864;4.2556934;8.735245
1521666404806;-0.92655605;4.321534;8.706514
1521666404815;-0.8331822;4.3263226;8.75799
1521666404826;-0.7529764;4.367024;8.853758
1521666404836;-0.7254431;4.4125137;8.875306
1521666404847;-0.7493851;4.414908;8.789114
1521666404854;-0.7733272;4.4208937;8.736442
1521666404867;-0.81881696;4.429273;8.686164
1521666404874;-0.830788;4.423288;8.692149
1521666404888;-0.81043726;4.4340615;8.816648
1521666404898;-0.7505822;4.450821;8.9279785
1521666404904;-0.7517793;4.4544125;9.003395
1521666404916;-0.7469909;4.459201;9.03452
1521666404930;-0.7661445;4.417302;8.9842415
1521666404939;-0.78888947;4.39336;8.899248
1521666404944;-0.7757214;4.394557;8.8777
1521666404958;-0.80086046;4.3766007;8.86932
1521666404968;-0.79008657;4.331111;8.841787
1521666404976;-0.79966336;4.2796354;8.65863
1521666404987;-0.81163436;4.248511;8.574833
1521666404997;-0.82599956;4.26527;8.546103
1521666405009;-0.8643068;4.253299;8.471883
1521666405014;-0.90141696;4.274847;8.479065
1521666405029;-0.90381116;4.280833;8.516175
1521666405038;-0.90740246;4.31914;8.566454
1521666405049;-0.92655605;4.333505;8.665813
1521666405057;-0.9648633;4.3179426;8.706514
1521666405069;-1.0067618;4.332308;8.754398
1521666405075;-1.0845734;4.280833;8.774749
1521666405087;-1.1791444;4.250905;8.793902
1521666405097;-1.22224;4.225766;8.774749
1521666405107;-1.2054806;4.223372;8.771158
1521666405117;-1.1288661;4.2197804;8.676587
1521666405123;-1.0965444;4.2461166;8.602366
1521666405139;-1.0714053;4.283227;8.543709
1521666405149;-1.0749966;4.268862;8.607155
1521666405157;-1.067814;4.2940006;8.603564
1521666405170;-1.0402806;4.3023806;8.663419
1521666405178;-1.0414777;4.2904096;8.688558
1521666405189;-1.0726024;4.259285;8.7771435
1521666405205;-1.0486604;4.307169;8.747216
1521666405211;-1.0546459;4.3526587;8.7292595
1521666405226;-1.0809821;4.4208937;8.713697
1521666405235;-1.0462662;4.408922;8.744822
1521666405246;-0.9888053;4.3897686;8.783129
1521666405255;-0.9648633;4.3873744;8.853758
1521666405266;-0.961272;4.3742065;8.819042
1521666405274;-1.0019734;4.3718123;8.803479
1521666405289;-1.033098;4.344279;8.728063
1521666405295;-1.0666169;4.3634324;8.743625
1521666405308;-1.0785879;4.370615;8.7951
1521666405317;-1.067814;4.361038;8.784326
1521666405327;-1.0606314;4.3406878;8.768764
1521666405336;-1.0546459;4.332308;8.811859
1521666405347;-1.0869676;4.345476;8.829816
1521666405357;-1.1133038;4.345476;8.829816
1521666405369;-1.0737995;4.358644;8.704121
1521666405376;-1.0390835;4.378995;8.707711
1521666405387;-1.0366893;4.3766007;8.704121
1521666405394;-1.0354922;4.4017396;8.707711
1521666405408;-1.0115502;4.406528;8.737639
1521666405416;-1.0283096;4.392163;8.773552
1521666405427;-1.0115502;4.373009;8.823831
1521666405440;-0.9959879;4.3718123;8.803479
1521666405450;-1.0295067;4.343082;8.726865
1521666405459;-1.0319009;4.333505;8.664616
1521666405469;-1.0606314;4.307169;8.625112
1521666405479;-1.0869676;4.268862;8.693346
1521666405488;-1.0582372;4.289212;8.7053175
1521666405499;-1.0259154;4.268862;8.772355
1521666405510;-1.0522517;4.2904096;8.724471
1521666405519;-1.0307038;4.253299;8.724471
1521666405566;-0.9935937;4.19943;8.396465
1521666405573;-0.9900024;4.2102036;8.400057
1521666405586;-0.90021986;4.2437224;8.4587145
1521666405601;-0.79248077;4.301183;8.517372
1521666405606;-0.81881696;4.2999864;8.554482
1521666405615;-0.81881696;4.3119574;8.62152
1521666405626;-0.8595184;4.349067;8.738836
1521666405633;-0.8595184;4.373009;8.793902
1521666405646;-0.79846627;4.396951;8.752005
1521666405655;-0.7769185;4.378995;8.862138
1521666405667;-0.80804306;4.390966;8.835801
1521666405678;-0.81283146;4.3873744;8.767567
1521666405687;-0.8319851;4.4161053;8.754398
1521666405697;-0.8463503;4.3754034;8.831013
1521666405708;-0.866701;4.321534;8.768764
1521666405714;-0.89902276;4.2796354;8.708909
1521666405729;-0.90261406;4.298789;8.662222
1521666405733;-0.8882488;4.3382936;8.651448
1521666405747;-0.8607155;4.381389;8.644265
1521666405757;-0.89782566;4.367024;8.760384
1521666405767;-0.93373865;4.3742065;8.834604
1521666405776;-0.9840169;4.3622355;8.871715
1521666405788;-1.0785879;4.3478703;8.905233
1521666405796;-1.115698;4.31914;8.950723
1521666405805;-1.1875241;4.333505;8.947132
1521666405817;-1.127669;4.3658266;8.954314
1521666405828;-1.1348516;4.3634324;9.035717
1521666405836;-1.2006922;4.2700586;9.103952
1521666405847;-1.2162545;4.2317514;9.187749
1521666405856;-1.1528081;4.1814733;9.212888
1521666405866;-1.1504139;4.197036;9.136273
1521666405879;-1.0929531;4.235343;8.9998045
1521666405886;-1.1013328;4.223372;8.8884735
1521666405896;-1.1001357;4.213795;8.608353
1521666405907;-1.0702082;4.1838675;8.385692
1521666405917;-1.0785879;4.1695023;8.285135
1521666405927;-1.0187328;4.1695023;8.255207
1521666405934;-1.0259154;4.1695023;8.269572
1521666405948;-0.92057055;4.2066126;8.372523
1521666405957;-0.89662856;4.2425256;8.416816
1521666405966;-0.90740246;4.272453;8.389283
1521666405981;-0.8798691;4.334702;8.37013
1521666405986;-0.8834604;4.3263226;8.394072
1521666405995;-0.8511387;4.332308;8.528147
1521666406007;-0.82480246;4.2999864;8.700529
1521666406015;-0.79128367;4.308366;8.801085
1521666406027;-0.80684596;4.292804;8.870518
1521666406037;-0.8870517;4.2784386;8.974665
1521666406047;-0.90021986;4.2401314;9.106346
1521666406056;-0.90381116;4.2042184;9.102755
1521666406067;-0.85473;4.189853;9.132683
1521666406087;-0.81761986;4.177882;9.064447
1521666406097;-0.78170687;4.1539397;9.0237465
1521666406107;-0.7541735;4.179079;8.99741
1521666406114;-0.7086837;4.1623197;8.965088
1521666406127;-0.7757214;4.156334;8.930372
1521666406137;-0.78769237;4.1659107;8.881291
1521666406147;-0.7721301;4.19105;8.832211
1521666406156;-0.78170687;4.2102036;8.785523
1521666406166;-0.82480246;4.2341456;8.832211
1521666406179;-0.81761986;4.2940006;8.8884735
1521666406183;-0.82121116;4.297592;8.853758
1521666406206;-0.79846627;4.322731;8.86932
1521666406215;-0.8655039;4.283227;8.822633
1521666406226;-0.90141696;4.2580876;8.828619
1521666406233;-0.8882488;4.274847;8.858546
1521666406247;-0.8750807;4.2461166;8.779537
1521666406256;-0.8619126;4.2054152;8.7532015
1521666406266;-0.8511387;4.203021;8.672996
1521666406277;-0.79846627;4.209007;8.65025
1521666406287;-0.79367787;4.1934443;8.747216
1521666406298;-0.80086046;4.187459;8.804677
1521666406307;-0.770933;4.188656;8.823831
1521666406319;-0.7302315;4.2401314;8.856153
1521666406325;-0.736217;4.2281604;8.845378
1521666406337;-0.7206547;4.2317514;8.820239
1521666406347;-0.7625532;4.2305546;8.863335
1521666406357;-0.78649527;4.223372;8.890868
1521666406369;-0.7673417;4.26527;8.979453
1521666406378;-0.7757214;4.2784386;8.965088
1521666406388;-0.7745243;4.272453;8.995016
1521666406394;-0.7529764;4.292804;9.0716305
1521666406407;-0.7290344;4.3035774;9.085996
1521666406417;-0.7302315;4.289212;9.099164
1521666406426;-0.7529764;4.2784386;9.060856
1521666406435;-0.78529817;4.2413282;9.046491
1521666406446;-0.81881696;4.2173862;8.968679
1521666406456;-0.82599956;4.152743;8.937555
1521666406466;-0.81522566;4.146757;8.931569
1521666406474;-0.82719666;4.1216183;8.938752
1521666406487;-0.8583213;4.0402155;8.969876
1521666406498;-0.8451532;4.0186677;8.929175
1521666406504;-0.8499416;4.0066967;8.944737
1521666406513;-0.8499416;3.9923313;8.917204
1521666406555;-1.0103531;3.9923313;8.628703
1521666406566;-1.0199299;4.0162735;8.674192
1521666406575;-1.0127473;4.06296;8.773552
1521666406586;-1.0115502;4.104859;8.835801
1521666406595;-1.0031705;4.1515455;8.75799
1521666406607;-0.9564836;4.1826706;8.676587
1521666406616;-0.94690675;4.19943;8.623915
1521666406626;-0.94331545;4.2305546;8.613141
1521666406635;-0.94570965;4.2437224;8.6813755
1521666406646;-0.92535895;4.24492;8.726865
1521666406653;-0.93014735;4.2173862;8.7532015
1521666406666;-0.8631097;4.2281604;8.870518
1521666406676;-0.842759;4.259285;8.948329
1521666406688;-0.8870517;4.2066126;9.059659
1521666406696;-0.8643068;4.1623197;9.078813
1521666406707;-0.8391677;4.1299977;9.033323
1521666406716;-0.81522566;4.152743;8.943541
1521666406727;-0.8810662;4.132392;8.872911
1521666406736;-0.8846575;4.120421;8.853758
1521666406747;-0.8822633;4.083311;8.882488
1521666406758;-0.8870517;4.0761285;8.866926
1521666406768;-0.878672;4.0976763;8.8884735
1521666406777;-0.8379706;4.083311;8.872911
1521666406788;-0.79966336;4.084508;8.899248
1521666406799;-0.79607207;4.0797195;8.926781
1521666406810;-0.78888947;4.092888;8.809465
1521666406819;-0.82480246;4.1742907;8.72088
1521666406830;-0.7769185;4.187459;8.701726
1521666406837;-0.7565677;4.2173862;8.74961
1521666406847;-0.78888947;4.211401;8.876503
1521666406857;-0.81522566;4.197036;8.983045
1521666406868;-0.82001406;4.19105;8.9842415
1521666406879;-0.830788;4.19943;8.90643
1521666406883;-0.8463503;4.197036;8.86932
1521666406900;-0.89064306;4.146757;8.804677
1521666406909;-0.8738836;4.1659107;8.765172
1521666406919;-0.8643068;4.1742907;8.755595
1521666406930;-0.82001406;4.1575313;8.756793
1521666406934;-0.81522566;4.1718965;8.792706
1521666406947;-0.80684596;4.1371803;8.887277
1521666406956;-0.82001406;4.1419687;8.834604
1521666406967;-0.7793127;4.1683054;8.811859
1521666406975;-0.79248077;4.2102036;8.763975
1521666406989;-0.7685388;4.2197804;8.813056
1521666406997;-0.7026982;4.2293572;8.884883
1521666407007;-0.6823475;4.2401314;8.925584
1521666407016;-0.6619968;4.271256;8.971074
1521666407028;-0.6943185;4.2820296;9.19134
1521666407034;-0.7182605;4.271256;9.241618
1521666407047;-0.7505822;4.212598;9.221268
1521666407056;-0.7625532;4.237737;9.136273
1521666407067;-0.7457938;4.235343;8.998607
1521666407073;-0.70509243;4.26527;8.973468
1521666407087;-0.58897364;4.286818;8.918402
1521666407097;-0.51954174;4.3047748;8.893262
1521666407108;-0.47764325;4.3502645;8.790312
1521666407116;-0.4297592;4.4208937;8.744822
1521666407129;-0.36990416;4.483143;8.694544
1521666407134;-0.32561144;4.5382094;8.6334915
1521666407151;-0.24061728;4.6351743;8.767567
1521666407157;-0.23104046;4.6818614;8.763975
1521666407167;-0.2681506;4.6830587;8.744822
1521666407176;-0.30047232;4.687847;8.698134
1521666407183;-0.37229836;4.6698904;8.735245
1521666407197;-0.521936;4.617218;8.826224
1521666407203;-0.60333884;4.583699;8.901642
1521666407219;-0.6715736;4.5394063;8.968679
1521666407226;-0.91817635;4.5202527;9.157822
1521666407235;-0.8535329;4.5777135;9.185355
1521666407246;-0.7637503;4.578911;9.329007
1521666407253;-0.6560113;4.582502;9.339781
1521666407266;-0.5255273;4.569334;9.27394
1521666407275;-0.40462008;4.5513773;9.194932
1521666407287;-0.33997664;4.4795513;9.194932
1521666407297;-0.320823;4.378995;9.181764
1521666407308;-0.3878607;4.2904096;9.032125
1521666407320;-0.5398925;4.203021;8.832211
1521666407323;-0.7398083;4.1144357;8.671799
1521666407339;-0.92655605;4.035427;8.568848
1521666407348;-1.0893618;3.9228995;8.360553
1521666407356;-1.2940661;3.8163576;8.206126
1521666407365;-1.4437037;3.7600937;8.062474
1521666407375;-1.6005238;3.7732618;7.878121
1521666407387;-1.7549498;3.8367083;7.952341
1521666407394;-1.7741034;3.8295257;8.06008
1521666407407;-1.8076223;3.8510735;8.318654
1521666407417;-1.8136078;3.9085343;8.462306
1521666407424;-1.8136078;3.954024;8.520964
1521666407437;-1.8423382;4.0318356;8.730456
1521666407443;-1.8183962;4.033033;8.807071
1521666407458;-1.7932571;4.039018;9.127894
1521666407464;-1.8088194;4.036624;9.255983
1521666407477;-1.9081788;4.021062;9.436746
1521666407487;-1.958457;3.9600096;9.495404
1521666407496;-2.0470424;3.927688;9.556456
1521666407507;-2.055422;3.90614;9.510966
1521666407517;-2.086547;3.8762126;9.435549
1521666407522;-2.1188686;3.8714242;9.345766
1521666407566;-2.397793;3.8247373;8.704121
1521666407581;-2.2230163;3.8726213;8.688558
1521666407586;-2.2421699;3.8510735;8.722076
1521666407601;-2.360683;3.9001546;8.678981
1521666407606;-2.3810337;3.9264908;8.598776
1521666407621;-2.2780828;4.039018;8.356961
1521666407626;-2.195483;4.107253;8.236053
1521666407641;-2.0566192;4.2461166;8.08881
1521666407646;-2.0266917;4.289212;8.02297
1521666407656;-2.0039468;4.3777976;7.941567
1521666407668;-1.9967642;4.437653;7.869741
1521666407679;-1.9812019;4.4795513;7.9032598
1521666407688;-1.9871874;4.4639893;8.0445175
1521666407700;-1.9967642;4.4568067;8.178593
1521666407708;-1.9800048;4.4568067;8.283937
1521666407719;-1.9476831;4.4759603;8.342596
1521666407728;-1.8854338;4.459201;8.367735
1521666407740;-1.7669208;4.437653;8.376115
1521666407749;-1.6891093;4.413711;8.377312
1521666407759;-1.6364368;4.4304705;8.312668
1521666407770;-1.590947;4.4484267;8.323442
1521666407774;-1.5382746;4.471172;8.288726
1521666407787;-1.4030021;4.4556093;8.286332
1521666407796;-1.3108255;4.473566;8.383297
1521666407807;-1.2521675;4.4436383;8.51019
1521666407816;-1.2677298;4.423288;8.564059
1521666407827;-1.2509704;4.3993454;8.577228
1521666407838;-1.2725182;4.423288;8.595184
1521666407850;-1.2725182;4.4125137;8.698134
1521666407860;-1.2449849;4.4017396;8.717288
1521666407868;-1.2413936;4.4125137;8.746018
1521666407879;-1.2425907;4.394557;8.740033
1521666407889;-1.2737153;4.4077253;8.66701
1521666407899;-1.3431472;4.4208937;8.582016
1521666407909;-1.4041992;4.370615;8.582016
1521666407917;-1.4377182;4.3742065;8.669404
1521666407925;-1.4903905;4.3873744;8.75799
1521666407939;-1.6519991;4.368221;8.790312
1521666407944;-1.6938977;4.3394904;8.773552
1521666407958;-1.7980455;4.271256;8.731653
1521666407969;-1.8567034;4.2461166;8.662222
1521666407982;-1.8495208;4.212598;8.429984
1521666407988;-1.8303672;4.2066126;8.392874
1521666407996;-1.8076223;4.2185836;8.317456
1521666408008;-1.7872716;4.2161894;8.34499
1521666408017;-1.7238252;4.224569;8.35337
1521666408030;-1.6795325;4.261679;8.35337
1521666408038;-1.6783354;4.3143516;8.348581
1521666408049;-1.7298107;4.325125;8.289924
1521666408059;-1.7860745;4.3406878;8.295909
1521666408069;-1.8219875;4.346673;8.359355
1521666408078;-1.8674773;4.3299136;8.475474
1521666408093;-1.851915;4.345476;8.615535
1521666408107;-1.8734628;4.3167458;8.676587
1521666408117;-1.9069817;4.320337;8.668207
1521666408127;-1.8938135;4.313154;8.718486
1521666408137;-1.9201498;4.3035774;8.737639
1521666408149;-1.8950106;4.332308;8.701726
1521666408157;-1.9524715;4.31914;8.631097
1521666408163;-1.9991584;4.307169;8.631097
1521666408179;-2.1643584;4.3239284;8.647857
1521666408183;-2.220622;4.3299136;8.67539
1521666408199;-2.2864625;4.3275194;8.761581
1521666408206;-2.3068132;4.380192;8.845378
1521666408213;-2.291251;4.414908;8.863335
1521666408224;-2.1068976;4.4663835;8.872911
1521666408235;-1.8507179;4.4316673;8.8884735
1521666408246;-1.7226281;4.333505;8.956709
1521666408256;-1.7226281;4.2102036;9.035717
1521666408268;-1.8267759;4.143166;8.979453
1521666408277;-1.8782512;4.1000705;8.942344
1521666408286;-1.934515;4.0426097;8.882488
1521666408295;-1.9057846;4.033033;8.804677
1521666408306;-1.8471266;4.015076;8.7771435
1521666408316;-1.7860745;3.9636009;8.75799
1521666408324;-1.7681179;3.9384618;8.731653
1521666408335;-1.6496049;3.8857894;8.67539
1521666408348;-1.4796166;3.916914;8.608353
1521666408358;-1.3946224;3.9803603;8.540117
1521666408366;-1.2234371;4.0617633;8.446744
1521666408375;-1.1097125;4.1982327;8.313866
1521666408386;-1.0139444;4.284424;8.280347
1521666408393;-0.8631097;4.417302;8.160637
1521666408406;-0.7769185;4.711789;7.799112
1521666408416;-0.7218518;4.782418;8.06008
1521666408428;-0.6703765;4.794389;8.171411
1521666408440;-0.5710171;4.793192;8.383297
1521666408448;-0.60094464;4.793192;8.573636
1521666408458;-0.6955156;4.9559975;8.863335
1521666408464;-0.7398083;4.9703627;8.947132
1521666408474;-0.8750807;4.9284644;9.068039
1521666408487;-1.0570401;4.784812;9.165004
1521666408500;-1.328782;4.5561657;9.093178
1521666408506;-1.541866;4.449624;9.094376
1521666408513;-1.6089035;4.4077253;9.087193
1521666408546;-1.7848774;4.015076;9.077616
1521666408555;-1.7621324;3.9600096;9.001001
1521666408566;-1.7621324;3.9025488;8.847773
1521666408575;-1.7010803;3.8379054;8.699332
1521666408587;-1.6077064;3.8845923;8.540117
1521666408597;-1.5263035;3.903746;8.416816
1521666408607;-1.4580688;3.9707835;8.297106
1521666408615;-1.3670892;4.048595;8.304289
1521666408626;-1.2665327;4.1611223;8.287529
1521666408633;-1.2174516;4.2185836;8.322245
1521666408646;-1.0690111;4.3622355;8.394072
1521666408656;-0.94690675;4.4077253;8.471883
1521666408668;-0.8619126;4.4999022;8.558074
1521666408678;-0.8319851;4.5418005;8.682572
1521666408690;-0.830788;4.617218;8.742428
1521666408696;-0.8463503;4.629189;8.790312
1521666408707;-0.8631097;4.6160207;8.809465
1521666408716;-0.92176765;4.5765166;8.852561
1521666408727;-0.985214;4.545392;8.852561
1521666408736;-1.0486604;4.4963107;8.88608
1521666408747;-1.1360487;4.4484267;8.913613
1521666408757;-1.2054806;4.396951;8.902839
1521666408764;-1.2234371;4.380192;8.883685
1521666408775;-1.2078748;4.3406878;8.870518
1521666408789;-1.2330139;4.2760444;8.860941
1521666408796;-1.2126632;4.2544966;8.768764
1521666408807;-1.2186487;4.2341456;8.821436
1521666408814;-1.2521675;4.237737;8.756793
1521666408827;-1.2617443;4.2221746;8.740033
1521666408837;-1.292869;4.2425256;8.656237
1521666408847;-1.2545617;4.261679;8.611943
1521666408857;-1.2078748;4.2700586;8.628703
1521666408868;-1.1815386;4.320337;8.6574335
1521666408880;-1.1384429;4.334702;8.696938
1521666408888;-1.0402806;4.369418;8.7292595
1521666408894;-1.043872;4.3646297;8.738836
1521666408909;-1.0773908;4.337096;8.7053175
1521666408918;-1.0761937;4.35625;8.625112
1521666408929;-1.1480197;4.3514614;8.60117
1521666408935;-1.1528081;4.3538556;8.617929
1521666408948;-1.1408371;4.3514614;8.711303
1521666408973;-1.1133038;4.3502645;8.943541
1521666408986;-1.1611878;4.332308;8.963891
1521666408993;-1.2198458;4.280833;8.996213
1521666409011;-1.2593501;4.2341456;8.99741
1521666409015;-1.292869;4.2185836;9.065644
1521666409046;-1.2198458;4.1503487;8.895657
1521666409055;-1.1971009;4.1515455;8.75799
1521666409066;-1.2294226;4.155137;8.755595
1521666409081;-1.1372458;4.1515455;8.781932
1521666409086;-1.1013328;4.164714;8.802282
1521666409095;-1.0151415;4.1515455;8.772355
1521666409107;-0.94570965;4.213795;8.5700445
1521666409116;-0.91937345;4.27365;8.378509
1521666409128;-0.91697925;4.320337;8.316259
1521666409134;-0.90021986;4.334702;8.348581
1521666409145;-0.8367735;4.3538556;8.485051
1521666409156;-0.6955156;4.413711;8.608353
1521666409166;-0.61770403;4.4663835;8.676587
1521666409174;-0.58538234;4.473566;8.6813755
1521666409184;-0.5267244;4.5394063;8.665813
1521666409198;-0.46088383;4.6495395;8.714894
1521666409215;-0.47764325;4.7022123;9.03452
1521666409226;-0.5398925;4.662708;9.089587
1521666409236;-0.6464345;4.667496;9.185355
1521666409246;-0.7410054;4.629189;9.27394
1521666409255;-0.89543146;4.5753193;9.423578
1521666409266;-1.0127473;4.519056;9.526528
1521666409276;-1.1180922;4.423288;9.600749
1521666409287;-1.22224;4.3777976;9.5385
1521666409296;-1.3204023;4.3263226;9.345766
1521666409307;-1.4197617;4.272453;9.184157
1521666409316;-1.4927847;4.2293572;8.889671
1521666409327;-1.5598224;4.177882;8.67539
1521666409336;-1.6304513;4.176685;8.53054
1521666409347;-1.6184803;4.1515455;8.504205
1521666409358;-1.578976;4.1479545;8.437167
1521666409367;-1.5622166;4.1635165;8.406042
1521666409378;-1.5933412;4.188656;8.439561
1521666409387;-1.5239093;4.19943;8.486248
1521666409396;-1.4640543;4.1934443;8.383297
1521666409407;-1.4221559;4.24492;8.336611
1521666409416;-1.4401124;4.274847;8.316259
1521666409429;-1.4401124;4.3239284;8.365341
1521666409436;-1.4568717;4.357447;8.422802
1521666409449;-1.448492;4.3718123;8.548497
1521666409458;-1.4784195;4.3718123;8.6574335
1521666409470;-1.4736311;4.4161053;8.798691
1521666409479;-1.4760253;4.394557;8.895657
1521666409490;-1.4867992;4.3777976;9.002198
1521666409495;-1.5047557;4.3514614;8.992621
1521666409509;-1.5394717;4.3478703;8.921992
1521666409519;-1.5490485;4.3275194;8.89805
1521666409524;-1.5334862;4.333505;8.851364
1521666409566;-1.2042835;4.285621;8.469488
1521666409576;-1.1563994;4.289212;8.440758
1521666409586;-1.1360487;4.2940006;8.487445
1521666409597;-1.0726024;4.2784386;8.450335
1521666409607;-1.0187328;4.357447;8.355764
1521666409615;-0.9959879;4.4113164;8.23366
1521666409626;-0.90381116;4.4783545;8.0445175
1521666409635;-0.79008657;4.5992613;7.9116397
1521666409646;-0.7206547;4.6962266;7.955932
1521666409657;-0.7254431;4.772841;8.000225
1521666409667;-0.79008657;4.811148;8.145074
1521666409676;-0.90381116;4.8039656;8.265982
1521666409688;-0.9804256;4.8494554;8.439561
1521666409698;-1.0414777;4.8159366;8.649054
1521666409708;-1.1168951;4.782418;8.740033
1521666409716;-1.2186487;4.733337;8.883685
1521666409726;-1.3515269;4.656722;9.004593
1521666409735;-1.4137762;4.582502;9.01417
1521666409746;-1.4520833;4.4903255;8.990228
1521666409755;-1.4951789;4.4316673;9.044097
1521666409763;-1.5179238;4.394557;9.058462
1521666409779;-1.5646108;4.2760444;8.947132
1521666409786;-1.6328455;4.2521024;8.832211
1521666409796;-1.6759412;4.27365;8.768764
1521666409806;-1.6998832;4.2413282;8.737639
1521666409816;-1.6915035;4.24492;8.656237
1521666409826;-1.7010803;4.26527;8.677784
1521666409836;-1.6843209;4.235343;8.67539
1521666409850;-1.7082629;4.256891;8.616732
1521666409857;-1.7274165;4.2784386;8.494628
1521666409866;-1.7286136;4.2999864;8.495825
1521666409875;-1.7106571;4.3059716;8.507795
1521666409886;-1.7405846;4.3287168;8.526949
1521666409893;-1.7501614;4.3179426;8.559271
1521666409906;-1.7381904;4.337096;8.566454
1521666409915;-1.7058687;4.3023806;8.540117
1521666409930;-1.6591818;4.3143516;8.532935
1521666409939;-1.6244658;4.3047748;8.461109
1521666409948;-1.5370775;4.2940006;8.450335
1521666409957;-1.4413095;4.3287168;8.440758
1521666409964;-1.4065934;4.3885717;8.432379
1521666409987;-1.2904748;4.408922;8.337808
1521666409996;-1.210269;4.4603977;8.392874
1521666410007;-1.1133038;4.5202527;8.42759
1521666410016;-1.009156;4.583699;8.574833
1521666410030;-0.93373865;4.571728;8.707711
1521666410035;-0.878672;4.571728;8.731653
1521666410045;-0.7422025;4.679467;8.802282
1521666410054;-0.7015011;4.772841;8.787917
1521666410080;-0.6344634;4.787206;8.850166
1521666410096;-0.641646;4.83509;8.874108
1521666410107;-0.6907272;4.8267107;8.99741
1521666410117;-0.7781156;4.7919946;9.143456
1521666410127;-0.8834604;4.808754;9.210494
1521666410137;-0.9624691;4.7656584;9.084799
1521666410147;-1.055843;4.7285485;8.933964
1521666410158;-1.186327;4.6950297;8.668207
1521666410168;-1.2557588;4.7081976;8.459911
1521666410179;-1.2952632;4.697424;8.453926
1521666410185;-1.3072342;4.6962266;8.51019
1521666410197;-1.3180081;4.679467;8.613141
1521666410202;-1.3084313;4.6579194;8.641871
1521666410215;-1.3946224;4.6339774;8.708909
1521666410226;-1.4951789;4.581305;8.683769
1521666410235;-1.5562311;4.5418005;8.607155
1521666410246;-1.6196774;4.495114;8.605958
1521666410254;-1.6579847;4.465186;8.596381
1521666410267;-1.7764976;4.4220905;8.519767
1521666410276;-1.8662802;4.3634324;8.517372
1521666410287;-1.9237411;4.3287168;8.5473
1521666410295;-1.9632454;4.2640734;8.503007
1521666410306;-2.0147207;4.2676644;8.443152
1521666410316;-2.0410569;4.249708;8.531737
1521666410326;-2.0446482;4.2293572;8.498219
1521666410335;-2.0458453;4.253299;8.420407
1521666410346;-2.0578163;4.2437224;8.385692
1521666410356;-2.0817583;4.249708;8.3868885
1521666410366;-2.1033063;4.238934;8.358158
1521666410373;-2.1080947;4.232949;8.385692
1521666410387;-2.0470424;4.26527;8.367735
1521666410394;-2.03148;4.277241;8.3821
1521666410407;-1.9309237;4.3059716;8.397662
1521666410417;-1.8435353;4.3358994;8.39886
1521666410427;-1.8255788;4.337096;8.372523
1521666410438;-1.7788919;4.297592;8.350976
1521666410448;-1.7633295;4.3047748;8.286332
1521666410453;-1.7501614;4.292804;8.334216
1521666410467;-1.6112977;4.3143516;8.513782
1521666410477;-1.5777789;4.3167458;8.549694
1521666410487;-1.4568717;4.3179426;8.474277
1521666410493;-1.4413095;4.325125;8.461109
1521666410508;-1.3623008;4.3658266;8.456321
1521666410515;-1.283292;4.380192;8.486248
1521666410546;-0.9540894;4.5525746;8.655039
1521666410556;-0.89303726;4.5777135;8.585608
1521666410566;-0.90381116;4.5920787;8.526949
1521666410575;-0.90620536;4.6136265;8.445546
1521666410586;-0.8463503;4.68665;8.349778
1521666410597;-0.82001406;4.710592;8.291121
1521666410607;-0.8403648;4.7261543;8.178593
1521666410615;-0.8655039;4.71538;8.23366
1521666410626;-0.8643068;4.7405195;8.325836
1521666410636;-0.80924016;4.781221;8.429984
1521666410646;-0.8295909;4.8338933;8.476671
1521666410655;-0.81761986;4.8386817;8.549694
1521666410667;-0.7469909;4.807557;8.590396
1521666410673;-0.7386112;4.8733974;8.567651
1521666410687;-0.7541735;4.9176903;8.588001
1521666410696;-0.7781156;4.892551;8.593987
1521666410706;-0.7314286;4.8626237;8.665813
1521666410716;-0.6679823;4.8458643;8.775947
1521666410727;-0.6356605;4.88058;8.677784
1521666410737;-0.6619968;4.876989;8.627506
1521666410747;-0.6703765;4.8865657;8.608353
1521666410756;-0.7206547;4.894945;8.672996
1521666410769;-0.7505822;4.867412;8.74123
1521666410778;-0.830788;4.8494554;8.941146
1521666410788;-0.9888053;4.795586;9.004593
1521666410797;-1.1168951;4.7285485;9.132683
1521666410807;-1.2354081;4.644751;9.255983
1521666410816;-1.3491327;4.594473;9.312247
1521666410827;-1.423353;4.5166616;9.28232
1521666410836;-1.5406688;4.4939165;9.096769
1521666410847;-1.6232687;4.4460325;8.942344
1521666410857;-1.638831;4.4328647;8.760384
1521666410867;-1.6017209;4.441244;8.597578
1521666410872;-1.5945383;4.4436383;8.523358
1521666410889;-1.5777789;4.4544125;8.4347725
1521666410894;-1.5370775;4.477157;8.429984
1521666410907;-1.4197617;4.548983;8.317456
1521666410916;-1.3024458;4.5801077;8.274361
1521666410927;-1.2150574;4.6040497;8.301894
1521666410936;-1.1540052;4.6603136;8.275558
1521666410947;-1.1001357;4.665102;8.257602
1521666410956;-1.0570401;4.7201686;8.246828
1521666410967;-1.0414777;4.759673;8.35337
1521666410979;-1.0546459;4.799177;8.514978
1521666410988;-1.021127;4.775235;8.676587
1521666410994;-1.0319009;4.758476;8.829816
1521666411006;-1.1408371;4.7141833;8.921992
1521666411015;-1.2677298;4.665102;8.929175
1521666411026;-1.4089876;4.6483426;8.8645315
1521666411035;-1.4556746;4.5765166;8.821436
1521666411046;-1.5215151;4.51307;8.884883
1521666411056;-1.5394717;4.4699745;8.825027
1521666411076;-1.520318;4.426879;8.577228
1521666411087;-1.484405;4.3981485;8.475474
1521666411096;-1.4209588;4.3658266;8.435969
1521666411107;-1.3120226;4.368221;8.412027
1521666411116;-1.2054806;4.3837833;8.402451
1521666411123;-1.1599907;4.392163;8.36175
1521666411138;-1.067814;4.4077253;8.286332
1521666411150;-1.0175357;4.437653;8.282741
1521666411156;-0.9792285;4.486734;8.274361
1521666411166;-0.94570965;4.5286326;8.2995
1521666411179;-0.89423436;4.5298295;8.337808
1521666411187;-0.8678981;4.5561657;8.371326
1521666411197;-0.80564886;4.650737;8.389283
1521666411207;-0.7170634;4.734534;8.452729
1521666411217;-0.6560113;4.8159366;8.462306
1521666411227;-0.61770403;4.891354;8.470686
1521666411237;-0.59615624;4.996699;8.574833
1521666411243;-0.59855044;4.995502;8.599973
1521666411257;-0.62249243;5.0661306;8.632295
1521666411266;-0.6464345;5.0601454;8.625112
1521666411274;-0.6775591;5.058948;8.676587
1521666411287;-0.760159;5.00867;8.684967
1521666411296;-0.82480246;5.0026846;8.628703
1521666411306;-0.8834604;4.9583917;8.65025
1521666411316;-0.92895025;4.9081135;8.65863
1521666411327;-0.93254155;4.88058;8.637083
1521666411336;-0.90979666;4.8614264;8.591593
1521666411348;-0.94690675;4.783615;8.541314
1521666411356;-1.0714053;4.6603136;8.477868
1521666411367;-1.2378023;4.5537715;8.426393
1521666411377;-1.4161704;4.474763;8.385692
1521666411386;-1.4544775;4.4568067;8.389283
1521666411395;-1.5298948;4.3957543;8.3868885
1521666411407;-1.6412252;4.280833;8.336611
1521666411417;-1.7345991;4.2580876;8.37372
1521666411427;-1.7058687;4.320337;8.459911
1521666411437;-1.614889;4.3622355;8.564059
1521666411447;-1.5286977;4.4005427;8.659827
1521666411456;-1.4532804;4.392163;8.710106
1521666411469;-1.4221559;4.405331;8.717288
1521666411477;-1.4341269;4.4484267;8.682572
1521666411487;-1.435324;4.4639893;8.655039
1521666411496;-1.4221559;4.4556093;8.6095495
1521666411507;-1.365892;4.4556093;8.590396
1521666411516;-1.3180081;4.4939165;8.584411
1521666411527;-1.2737153;4.533421;8.622718
1521666411575;-1.0570401;4.6938324;8.558074
1521666411587;-1.0127473;4.734534;8.543709
1521666411601;-1.0546459;4.7776294;8.535329
1521666411606;-1.0726024;4.787206;8.550891
1521666411616;-1.0594343;4.784812;8.586804
1521666411626;-0.985214;4.763264;8.640674
1521666411635;-0.9528923;4.787206;8.604761
1521666411646;-0.89303726;4.8039656;8.562862
1521666411656;-0.94211835;4.819528;8.582016
1521666411666;-0.9911995;4.808754;8.639477
1521666411681;-1.0486604;4.7668557;8.573636
1521666411686;-1.0857705;4.7309427;8.584411
1521666411694;-1.1875241;4.665102;8.670602
1521666411706;-1.246182;4.596867;8.726865
1521666411715;-1.3132197;4.5501804;8.752005
1521666411728;-1.3754689;4.486734;8.66701
1521666411739;-1.4377182;4.4304705;8.541314
1521666411746;-1.484405;4.4304705;8.487445
1521666411755;-1.4879963;4.3885717;8.438364
1521666411766;-1.4939818;4.355053;8.499416
1521666411775;-1.4413095;4.3538556;8.597578
1521666411786;-1.411382;4.3275194;8.628703
1521666411796;-1.3754689;4.349067;8.513782
1521666411807;-1.3515269;4.4017396;8.479065
1521666411816;-1.2665327;4.4184995;8.41921
1521666411827;-1.1528081;4.4568067;8.429984
1521666411837;-1.0223241;4.5238442;8.488642
1521666411847;-0.9576807;4.548983;8.616732
1521666411856;-0.90261406;4.626795;8.664616
1521666411867;-0.8331822;4.675876;8.7125
1521666411877;-0.8343793;4.7046065;8.661025
1521666411887;-0.82240826;4.7321396;8.689755
1521666411897;-0.8367735;4.7309427;8.632295
1521666411910;-0.830788;4.7656584;8.585608
1521666411914;-0.81283146;4.783615;8.583213
1521666411928;-0.81761986;4.8147397;8.694544
1521666411934;-0.78170687;4.8506527;8.634688
1521666411950;-0.7757214;4.9081135;8.532935
1521666411958;-0.80804306;4.8937483;8.459911
1521666411969;-0.81761986;4.9224787;8.4826565
1521666411977;-0.8702923;4.912902;8.506598
1521666412000;-0.94570965;4.8362875;8.548497
1521666412008;-0.9816227;4.795586;8.528147
1521666412015;-1.1073183;4.7189717;8.49343
1521666412026;-1.1755531;4.644751;8.499416
1521666412036;-1.1683705;4.6040497;8.456321
1521666412046;-1.1492168;4.590882;8.497022
1521666412054;-1.2018893;4.554969;8.564059
1521666412068;-1.3144168;4.471172;8.7053175
1521666412075;-1.3347675;4.4448357;8.728063
1521666412085;-1.3802572;4.414908;8.754398
1521666412099;-1.4293385;4.380192;8.759187
1521666412116;-1.5059528;4.3263226;8.64666
1521666412127;-1.4915876;4.333505;8.578424
1521666412136;-1.484405;4.357447;8.576031
1521666412147;-1.4149733;4.3957543;8.651448
1521666412158;-1.3718776;4.4101195;8.655039
1521666412167;-1.3311762;4.417302;8.580819
1521666412176;-1.3072342;4.4364557;8.549694
1521666412189;-1.2653356;4.4723687;8.476671
1521666412207;-1.1827357;4.5382094;8.42759
1521666412220;-1.1312603;4.5561657;8.441956
1521666412238;-0.9900024;4.626795;8.544906
1521666412246;-0.9756372;4.64116;8.603564
1521666412256;-0.93972415;4.6902413;8.631097
1521666412267;-0.92895025;4.6662993;8.6095495
1521666412275;-0.94092125;4.6902413;8.540117
1521666412287;-0.93613285;4.72376;8.577228
1521666412295;-0.973243;4.677073;8.674192
1521666412306;-0.93373865;4.6782703;8.631097
1521666412317;-0.91219085;4.733337;8.588001
1521666412328;-0.9552865;4.699818;8.580819
1521666412341;-0.92895025;4.734534;8.604761
1521666412346;-0.91338795;4.748899;8.607155
1521666412355;-0.91338795;4.697424;8.676587
1521666412366;-0.94451255;4.6375685;8.72088
1521666412375;-1.0342951;4.608838;8.663419
1521666412386;-1.0833763;4.594473;8.677784
1521666412396;-1.1145009;4.596867;8.641871
1521666412409;-1.1384429;4.55856;8.516175
1521666412416;-1.1468226;4.55856;8.461109
1521666412426;-1.1360487;4.5561657;8.403648
1521666412436;-1.1408371;4.5537715;8.428787
1521666412447;-1.1168951;4.5298295;8.549694
1521666412456;-1.1671734;4.5142674;8.64666
1521666412467;-1.2366052;4.4927197;8.647857
1521666412476;-1.2737153;4.4687777;8.611943
1521666412499;-1.2773066;4.4436383;8.60117
1521666412508;-1.2473791;4.4603977;8.562862
1521666412517;-1.2605472;4.462792;8.610746
1521666412526;-1.2354081;4.459201;8.731653
1521666412535;-1.2126632;4.471172;8.860941
1521666412581;-1.3192052;4.43885;8.568848
1521666412586;-1.2665327;4.449624;8.550891
1521666412597;-1.2593501;4.4603977;8.566454
1521666412611;-1.2054806;4.5394063;8.662222
1521666412621;-1.1947067;4.5178585;8.722076
1521666412626;-1.2174516;4.5298295;8.759187
1521666412641;-1.2126632;4.5322237;8.682572
1521666412646;-1.1839328;4.522647;8.65863
1521666412655;-1.1851299;4.5274353;8.577228
1521666412667;-1.1815386;4.559757;8.584411
1521666412677;-1.0941502;4.569334;8.645462
1521666412687;-1.0474633;4.5777135;8.659827
1521666412695;-0.9923966;4.5753193;8.682572
1521666412706;-0.9804256;4.584896;8.608353
1521666412716;-1.0043676;4.559757;8.565256
1521666412728;-1.0570401;4.5513773;8.560468
1521666412736;-1.0702082;4.522647;8.580819
1521666412747;-1.0606314;4.545392;8.664616
1521666412756;-1.067814;4.5298295;8.686164
1521666412767;-1.0749966;4.5621514;8.707711
1521666412776;-1.0821792;4.5322237;8.792706
1521666412787;-1.0785879;4.55856;8.718486
1521666412796;-1.0833763;4.5513773;8.699332
1521666412807;-1.0666169;4.55856;8.730456
1521666412816;-1.0809821;4.5154643;8.781932
1521666412827;-1.0714053;4.51307;8.735245
1521666412837;-1.0606314;4.5178585;8.647857
1521666412849;-1.0989386;4.5525746;8.585608
1521666412858;-1.1013328;4.5406036;8.552089
1521666412870;-1.0498575;4.5262384;8.622718
1521666412880;-0.9744401;4.582502;8.735245
1521666412888;-0.9816227;4.5561657;8.742428
1521666412895;-0.9816227;4.571728;8.746018
1521666412908;-1.0414777;4.5741224;8.672996
1521666412919;-1.0690111;4.5872903;8.663419
1521666412930;-1.0702082;4.572925;8.653842
1521666412939;-1.0630256;4.557363;8.649054
1521666412944;-1.0618285;4.5777135;8.653842
1521666412960;-1.0546459;4.56694;8.674192
1521666412969;-1.0702082;4.578911;8.66701
1521666412975;-1.0714053;4.593276;8.596381
1521666412987;-1.0642227;4.5992613;8.566454
1521666412997;-1.0498575;4.6100354;8.615535
1521666413007;-1.0821792;4.571728;8.64666
1521666413014;-1.1145009;4.5681367;8.677784
1521666413030;-1.1731589;4.570531;8.619126
1521666413035;-1.1935096;4.547786;8.567651
1521666413050;-1.2042835;4.5920787;8.605958
1521666413059;-1.1683705;4.5884876;8.628703
1521666413068;-1.1121067;4.6124296;8.664616
1521666413079;-1.1300632;4.617218;8.620323
1521666413088;-1.1599907;4.619612;8.710106
1521666413095;-1.1695676;4.6255975;8.699332
1521666413108;-1.1803415;4.6016555;8.772355
1521666413118;-1.2006922;4.605247;8.735245
1521666413124;-1.2234371;4.606444;8.728063
1521666413138;-1.2509704;4.5777135;8.649054
1521666413143;-1.283292;4.5561657;8.619126
1521666413158;-1.2318168;4.519056;8.661025
1521666413167;-1.198298;4.483143;8.597578
1521666413178;-1.151611;4.4687777;8.507795
1521666413186;-1.0977415;4.453215;8.452729
1521666413197;-1.0534488;4.4436383;8.483853
1521666413207;-1.0019734;4.423288;8.470686
1521666413216;-0.9564836;4.402937;8.421604
1521666413231;-0.9923966;4.4161053;8.341399
1521666413235;-1.0067618;4.4400473;8.222886
1521666413246;-1.021127;4.546589;8.111555
1521666413255;-1.0307038;4.5872903;8.137892
1521666413266;-1.0055647;4.629189;8.257602
1521666413275;-0.93134445;4.71538;8.380903
1521666413286;-0.9540894;4.7979803;8.488642
1521666413295;-1.0127473;4.859032;8.514978
1521666413307;-1.0737995;4.8733974;8.404845
1521666413314;-1.1959038;4.867412;8.423999
1521666413326;-1.2988545;4.8458643;8.610746
1521666413335;-1.3611037;4.7860093;8.713697
1521666413341;-1.377863;4.770447;8.728063
1521666413352;-1.5023615;4.6830587;8.820239
1521666413373;-1.6831238;4.5322237;8.871715
1521666413386;-1.7082629;4.474763;8.779537
1521666413396;-1.6843209;4.425682;8.790312
1521666413407;-1.6759412;4.3478703;8.807071
1521666413416;-1.7010803;4.284424;8.756793
1521666413427;-1.6519991;4.253299;8.723274
1521666413437;-1.5801731;4.214992;8.555679
1521666413447;-1.5263035;4.164714;8.474277
1521666413457;-1.4808137;4.1706996;8.364143
1521666413467;-1.3994108;4.1934443;8.378509
1521666413477;-1.3359646;4.237737;8.331821
1521666413488;-1.1899183;4.301183;8.39048
1521666413494;-1.1408371;4.3502645;8.364143
1521666413507;-0.997185;4.5322237;8.425196
1521666413516;-0.90021986;4.675876;8.439561
1521666413529;-0.8451532;4.7381253;8.48984
1521666413533;-0.82599956;4.795586;8.579621
1521666413576;-0.8643068;4.823119;8.718486
1521666413587;-0.92535895;4.7405195;8.631097
1521666413593;-0.9648633;4.724957;8.639477
1521666413608;-1.0235212;4.6124296;8.548497
1521666413615;-1.0582372;4.5382094;8.528147
1521666413626;-1.1121067;4.5262384;8.532935
1521666413635;-1.1779473;4.4699745;8.664616
1521666413646;-1.22224;4.39336;8.816648
1521666413656;-1.2318168;4.334702;8.847773
1521666413667;-1.246182;4.31076;8.892065
1521666413677;-1.2677298;4.307169;8.852561
1521666413685;-1.2844892;4.3143516;8.848969
1521666413697;-1.2988545;4.297592;8.834604
1521666413705;-1.3263878;4.3059716;8.835801
1521666413718;-1.34195;4.3263226;8.775947
1521666413727;-1.364695;4.3478703;8.719683
1521666413738;-1.3120226;4.406528;8.716091
1521666413748;-1.2066777;4.465186;8.665813
1521666413757;-1.1097125;4.534618;8.535329
1521666413767;-1.0534488;4.569334;8.540117
1521666413777;-1.0043676;4.629189;8.5473
1521666413787;-1.0151415;4.64116;8.560468
1521666413795;-1.0582372;4.6040497;8.565256
1521666413800;-1.0534488;4.644751;8.554482
1521666413819;-0.91458505;4.7907977;8.553286
1521666413828;-0.878672;4.8362875;8.506598
1521666413837;-0.89423436;4.8374844;8.487445
1521666413847;-0.94092125;4.8027687;8.491036
1521666413858;-0.9804256;4.771644;8.446744
1521666413868;-0.9923966;4.7189717;8.444349
1521666413876;-1.0007763;4.6950297;8.461109
1521666413888;-1.0690111;4.6579194;8.459911
1521666413900;-1.0905589;4.6040497;8.546103
1521666413906;-1.1097125;4.5896845;8.566454
1521666413920;-1.1791444;4.522647;8.640674
1521666413929;-1.2425907;4.441244;8.690952
1521666413939;-1.2988545;4.396951;8.653842
1521666413945;-1.3623008;4.344279;8.605958
1521666413958;-1.4281414;4.313154;8.616732
1521666413970;-1.42455;4.249708;8.585608
1521666413980;-1.401805;4.2425256;8.637083
1521666413988;-1.3575124;4.268862;8.67539
1521666413997;-1.316811;4.3047748;8.655039
1521666414007;-1.283292;4.370615;8.595184
1521666414016;-1.2318168;4.426879;8.5700445
1521666414028;-1.1767502;4.459201;8.589199
1521666414037;-1.1504139;4.489128;8.692149
1521666414049;-1.13964;4.5046906;8.710106
1521666414054;-1.1372458;4.510676;8.700529
1521666414069;-1.1528081;4.5142674;8.784326
1521666414079;-1.1587936;4.534618;8.706514
1521666414085;-1.1025299;4.5298295;8.639477
1521666414099;-1.0809821;4.5561657;8.627506
1521666414107;-1.0486604;4.554969;8.643068
1521666414117;-1.0259154;4.56694;8.576031
1521666414128;-1.0307038;4.56694;8.626308
1521666414136;-1.055843;4.547786;8.671799
1521666414147;-1.0414777;4.5513773;8.682572
1521666414155;-1.067814;4.545392;8.695741
1521666414169;-1.0989386;4.4939165;8.687361
1521666414179;-1.13964;4.4963107;8.711303
1521666414189;-1.1851299;4.5166616;8.732851
1521666414210;-1.2545617;4.4400473;8.7125
1521666414218;-1.2521675;4.4484267;8.710106
1521666414226;-1.234211;4.462792;8.694544
1521666414235;-1.2270284;4.4520183;8.656237
1521666414246;-1.2749124;4.4448357;8.645462
1521666414255;-1.2964603;4.4484267;8.635885
1521666414261;-1.2964603;4.4448357;8.604761
1521666414274;-1.2629414;4.4364557;8.584411
1521666414286;-1.3000516;4.4244847;8.60117
1521666414296;-1.3024458;4.4005427;8.631097
1521666414306;-1.3204023;4.396951;8.614338
1521666414315;-1.3311762;4.3981485;8.562862
1521666414324;-1.328782;4.390966;8.590396
1521666414338;-1.2964603;4.4077253;8.577228
1521666414348;-1.2545617;4.413711;8.559271
1521666414357;-1.186327;4.450821;8.590396
1521666414367;-1.1540052;4.4807487;8.622718
1521666414377;-1.1109096;4.462792;8.781932
1521666414387;-1.0977415;4.4304705;8.767567
1521666414396;-1.1192893;4.4436383;8.765172
1521666414407;-1.1444284;4.4280763;8.740033
1521666414416;-1.1360487;4.4687777;8.747216
1521666414428;-1.1228806;4.462792;8.791509
1521666414437;-1.1216835;4.465186;8.774749
1521666414450;-1.1348516;4.471172;8.734048
1521666414455;-1.1073183;4.4639893;8.694544
1521666414468;-1.1623849;4.4795513;8.684967
1521666414480;-1.2042835;4.4484267;8.614338
1521666414489;-1.1971009;4.453215;8.588001
1521666414500;-1.2138603;4.4460325;8.567651
1521666414510;-1.1791444;4.4280763;8.598776
1521666414516;-1.1719618;4.4484267;8.649054
1521666414525;-1.1492168;4.477157;8.617929
1521666414536;-1.1228806;4.4843397;8.637083
1521666414542;-1.1216835;4.5178585;8.627506
1521666414586;-1.1947067;4.4723687;8.644265
1521666414599;-1.2030864;4.489128;8.626308
1521666414610;-1.1971009;4.498705;8.674192
1521666414621;-1.1755531;4.4963107;8.698134
1521666414626;-1.1647792;4.471172;8.659827
1521666414635;-1.1671734;4.474763;8.59279
1521666414646;-1.1959038;4.4903255;8.561666
1521666414655;-1.2090719;4.507085;8.561666
1521666414672;-1.1994951;4.5034933;8.468291
1521666414675;-1.2150574;4.495114;8.500613
1521666414686;-1.2473791;4.5118732;8.513782
1521666414701;-1.2856863;4.4783545;8.51019
1521666414711;-1.2617443;4.4520183;8.503007
1521666414715;-1.2773066;4.4340615;8.534132
1521666414726;-1.270124;4.4196963;8.507795
1521666414736;-1.2593501;4.4125137;8.511387
1521666414746;-1.2808979;4.425682;8.540117
1521666414753;-1.2641385;4.4244847;8.548497
1521666414767;-1.2198458;4.39336;8.726865
1521666414776;-1.2246342;4.39336;8.756793
1521666414786;-1.2665327;4.3837833;8.791509
1521666414796;-1.2785037;4.3742065;8.696938
1521666414807;-1.2773066;4.4101195;8.614338
1521666414816;-1.2785037;4.4077253;8.593987
1521666414826;-1.246182;4.4125137;8.632295
1521666414836;-1.1935096;4.4460325;8.6299
1521666414846;-1.1264719;4.4807487;8.7053175
1521666414855;-1.0737995;4.5142674;8.744822
1521666414866;-1.0426749;4.5501804;8.810662
1521666414876;-1.033098;4.546589;8.746018
1521666414887;-1.0043676;4.569334;8.659827
1521666414895;-1.0462662;4.5872903;8.548497
1521666414906;-1.0522517;4.5633483;8.476671
1521666414916;-1.0546459;4.5645456;8.475474
1521666414927;-1.0139444;4.554969;8.536526
1521666414935;-0.9983821;4.5358152;8.64666
1521666414947;-1.0187328;4.4903255;8.706514
1521666414955;-1.0785879;4.4448357;8.722076
1521666414966;-1.1372458;4.3837833;8.722076
1521666414975;-1.1695676;4.3777976;8.65025
1521666414987;-1.198298;4.320337;8.60117
1521666415001;-1.2078748;4.247314;8.526949
1521666415011;-1.2425907;4.214992;8.597578
1521666415026;-1.2006922;4.3047748;8.534132
1521666415041;-1.103727;4.226963;8.550891
1521666415055;-1.2114661;4.1611223;8.529344
1521666415071;-1.2066777;4.1491513;8.881291
1521666415086;-1.0773908;4.2317514;9.02614
1521666415095;-1.0199299;4.2700586;8.985439
1521666415106;-1.0522517;4.249708;9.030929
1521666415115;-1.0295067;4.250905;8.979453
1521666415126;-1.0139444;4.1862617;8.941146
1521666415135;-1.0295067;4.1491513;8.916007
1521666415146;-0.9552865;4.1802764;8.810662
1521666415155;-0.9684546;4.1539397;8.858546
1521666415166;-0.9792285;4.155137;8.924387
1521666415175;-0.9696517;4.110844;8.974665
1521666415186;-0.9900024;4.1216183;8.932767
1521666415195;-1.0151415;4.1264067;8.86932
1521666415207;-1.0606314;4.1096473;8.801085
1521666415215;-1.0654198;4.1060557;8.775947
1521666415226;-1.0965444;4.10845;8.831013
1521666415235;-1.0283096;4.0857053;8.838196
1521666415246;-0.9876082;4.0797195;8.860941
1521666415255;-0.9888053;4.0821137;8.842984
1521666415266;-1.0115502;4.0821137;8.792706
1521666415275;-1.0450691;4.045004;8.693346
1521666415287;-1.0773908;4.0078936;8.7053175
1521666415293;-1.0989386;3.9803603;8.74961
1521666415306;-1.0845734;3.8750155;9.038112
1521666415315;-1.0845734;3.8510735;9.157822
1521666415326;-1.1049241;3.8247373;9.193734
1521666415336;-1.1563994;3.8043866;9.166202
1521666415346;-1.2030864;3.7708676;9.112331
1521666415355;-1.2413936;3.7134068;9.022549
1521666415366;-1.2557588;3.6942532;8.980651
1521666415375;-1.2521675;3.7241807;9.004593
1521666415386;-1.2808979;3.7074213;9.040505
1521666415395;-1.3000516;3.693056;9.083601
1521666415406;-1.2557588;3.7253778;9.004593
1521666415414;-1.2294226;3.726575;8.8884735
1521666415426;-1.1815386;3.7984009;8.706514
1521666415434;-1.1875241;3.8618474;8.726865
1521666415446;-1.1360487;3.9109285;8.821436
1521666415455;-1.0881647;3.9336734;8.919599
1521666415466;-1.043872;3.9468415;8.98903
1521666415472;-1.0007763;3.9564183;8.9758625
1521666415486;-1.0247183;3.9504328;9.0081835
1521666415495;-1.0570401;3.9193082;9.054871
1521666415506;-1.0690111;3.90614;9.051279
1521666415515;-1.0175357;3.9025488;8.983045
1521666415525;-1.0139444;3.903746;8.991425
1521666415535;-1.0223241;3.894169;8.993818
1521666415546;-0.9708488;3.9025488;8.947132
1521666415555;-0.9660604;3.8953662;8.980651
1521666415566;-0.91937345;3.8654387;9.009381
1521666415575;-0.91578215;3.8187518;8.980651
1521666415586;-0.93254155;3.8307228;8.935161
1521666415595;-0.9636662;3.8115692;8.8645315
1521666415606;-0.9720459;3.8163576;8.862138
1521666415615;-1.0139444;3.7948096;8.881291
1521666415626;-1.0151415;3.750517;8.978256
1521666415634;-1.0833763;3.7002387;9.039309
1521666415646;-1.1264719;3.705027;9.035717
1521666415655;-1.1575965;3.6822822;9.044097
1521666415666;-1.1767502;3.681085;8.895657
1521666415675;-1.1851299;3.690662;8.848969
1521666415686;-1.186327;3.6834793;8.89446
1521666415694;-1.1540052;3.6966474;8.9998045
1521666415706;-1.1121067;3.678691;9.144653
1521666415715;-1.1001357;3.716998;9.131485
1521666415726;-1.067814;3.714604;9.101558
1521666415735;-1.1228806;3.728969;9.068039
1521666415746;-1.1168951;3.7253778;9.060856
1521666415755;-1.1025299;3.7217865;9.051279
1521666415766;-1.1216835;3.728969;9.00579
1521666415775;-1.079785;3.7445314;8.956709
1521666415786;-1.0606314;3.78643;8.980651
1521666415797;-1.0319009;3.7972038;9.032125
1521666415802;-1.0103531;3.834314;9.002198
1521666415814;-0.9947908;3.8055837;9.022549
1521666415822;-1.0127473;3.7972038;8.91481
1521666415834;-1.0426749;3.7792473;8.882488
1521666415846;-1.0773908;3.7696705;8.761581
1521666415855;-1.0965444;3.7816415;8.811859
1521666415866;-1.0534488;3.809175;8.98903
1521666415876;-1.0043676;3.8031895;9.127894
1521666415887;-0.9780314;3.8175547;9.156625
1521666415896;-0.9995792;3.819949;9.149442
1521666415903;-1.0127473;3.8163576;9.118318
1521666415915;-1.0761937;3.7804444;9.0429
1521666415926;-1.0749966;3.7816415;8.973468
1521666415935;-1.1025299;3.7720647;8.957906
1521666415946;-1.0809821;3.762488;8.979453
1521666415955;-1.0965444;3.7936125;9.018958
1521666415967;-1.1324574;3.7828386;9.076419
1521666415977;-1.0989386;3.7553053;9.121908
1521666415987;-1.0307038;3.7565024;9.060856
1521666415997;-1.0055647;3.7576995;8.996213
1521666416007;-1.0019734;3.7816415;8.893262
1521666416017;-1.0989386;3.774459;8.838196
1521666416027;-1.1312603;3.7612908;8.825027
1521666416036;-1.1360487;3.762488;8.91481
1521666416044;-1.1180922;3.763685;8.957906
1521666416062;-1.0773908;3.8307228;8.874108
1521666416067;-1.0809821;3.8235402;8.896853
1521666416077;-1.1145009;3.8271315;8.939949
1521666416087;-1.1073183;3.8271315;8.930372
1521666416096;-1.067814;3.858256;9.009381
1521666416105;-1.0390835;3.86903;9.0716305
1521666416115;-0.9888053;3.879804;8.987833
1521666416127;-0.9756372;3.9085343;8.89805
1521666416134;-0.9516952;3.9324763;8.926781
1521666416147;-0.9564836;3.9217024;8.916007
1521666416156;-0.93373865;3.8881836;8.9519205
1521666416167;-0.93254155;3.9205053;8.9519205
1521666416176;-0.94570965;3.903746;8.924387
1521666416186;-0.9780314;3.90614;8.933964
1521666416192;-1.0019734;3.8833952;9.006987
1521666416200;-0.9911995;3.879804;8.987833
1521666416215;-1.0139444;3.894169;8.848969
1521666416226;-1.0522517;3.9348705;8.875306
1521666416235;-1.0606314;3.940856;8.967483
1521666416246;-1.0881647;3.904943;9.033323
1521666416255;-1.1013328;3.8654387;9.0237465
1521666416267;-1.1360487;3.8522706;8.926781
1521666416277;-1.1384429;3.846285;8.907627
1521666416287;-1.1480197;3.8642416;8.871715
1521666416295;-1.1145009;3.8965633;8.919599
1521666416307;-1.0522517;3.9205053;8.881291
1521666416316;-1.0319009;3.9480386;8.908825
1521666416326;-1.0115502;3.9468415;8.942344
1521666416335;-1.0271125;3.9552212;8.9758625
1521666416348;-1.043872;3.930082;8.953117
1521666416355;-1.0809821;3.942053;8.921992
1521666416366;-1.0965444;3.9576154;8.851364
1521666416373;-1.1001357;3.9743748;8.851364
1521666416386;-1.0809821;3.9875429;8.884883
1521666416396;-1.0079589;3.9995139;8.889671
1521666416406;-1.0019734;3.9995139;8.913613
1521666416416;-1.0163386;4.0043025;8.9363575
1521666416428;-1.0271125;4.0054994;8.926781
1521666416436;-1.0103531;4.009091;8.868123
1521666416447;-1.0342951;4.0174704;8.863335
1521666416457;-1.0690111;3.9719806;8.9040365
1521666416468;-1.0702082;3.976769;8.876503
1521666416476;-1.0223241;3.9348705;8.857349
1521666416484;-1.021127;3.9252937;8.781932
1521666416494;-1.0127473;3.9312792;8.742428
1521666416506;-1.0103531;3.9600096;8.771158
1521666416515;-0.9876082;3.965995;8.872911
1521666416526;-0.9552865;3.965995;8.895657
1521666416536;-0.973243;3.9624038;8.881291
1521666416542;-0.9911995;3.9600096;8.834604
1521666416586;-1.0761937;3.9468415;8.823831
1521666416593;-1.0809821;3.940856;8.89805
1521666416607;-1.079785;3.9396589;8.8884735
1521666416612;-1.0953473;3.9636009;8.942344
1521666416626;-1.0642227;3.940856;8.943541
1521666416635;-1.0522517;3.9624038;8.899248
1521666416646;-1.0319009;3.9743748;8.8777
1521666416655;-1.0319009;3.9839516;8.823831
1521666416666;-1.0510546;3.976769;8.810662
1521666416675;-1.0749966;3.9935284;8.807071
1521666416686;-1.0929531;4.010288;8.89805
1521666416697;-1.0486604;4.0066967;8.938752
1521666416706;-1.0366893;3.9971197;8.865729
1521666416716;-1.0965444;4.0043025;8.89805
1521666416726;-1.1061212;4.003105;8.895657
1521666416734;-1.0869676;4.0078936;8.860941
1521666416747;-1.0378864;3.9983168;8.919599
1521666416755;-1.0199299;4.012682;8.990228
1521666416767;-1.0199299;3.9995139;8.969876
1521666416775;-1.0354922;3.9875429;8.985439
1521666416786;-1.0534488;3.976769;8.892065
1521666416798;-1.0151415;3.9791632;8.841787
1521666416805;-1.0103531;3.977966;8.828619
1521666416814;-1.0187328;3.9372647;8.838196
1521666416827;-1.0187328;3.9312792;8.736442
1521666416837;-1.0295067;3.9492357;8.750807
1521666416847;-1.0462662;3.9576154;8.816648
1521666416856;-1.033098;3.9683893;8.8777
1521666416868;-1.0079589;4.009091;8.901642
1521666416876;-0.9900024;4.0294414;8.893262
1521666416887;-1.0103531;4.0318356;8.868123
1521666416896;-1.0259154;4.021062;8.931569
1521666416905;-1.0295067;3.9971197;8.968679
1521666416915;-1.0354922;3.9791632;9.004593
1521666416924;-1.0259154;3.98874;9.022549
1521666416934;-0.9923966;3.9959226;9.070433
1521666416945;-1.0043676;3.9947255;9.062054
1521666416954;-0.9600749;3.9707835;8.974665
1521666416964;-0.94451255;4.0162735;8.947132
1521666416977;-0.9528923;3.9552212;8.9040365
1521666416985;-0.985214;3.9576154;8.863335
1521666416996;-0.9696517;3.9516299;8.832211
1521666417007;-0.9660604;3.9683893;8.802282
1521666417016;-0.9564836;3.9851487;8.791509
1521666417022;-0.94810385;4.0174704;8.775947
1521666417037;-0.9504981;4.011485;8.921992
1521666417044;-0.94690675;4.0318356;8.985439
1521666417054;-0.9504981;4.027047;9.002198
1521666417067;-0.9504981;4.0641575;8.842984
1521666417076;-0.9804256;4.0581717;8.74123
1521666417088;-0.9696517;4.045004;8.752005
1521666417096;-0.9588778;4.0318356;8.841787
1521666417108;-0.92057055;4.036624;8.862138
1521666417116;-0.93493575;4.0294414;8.987833
1521666417127;-0.9780314;3.9971197;8.972271
1521666417138;-1.0067618;4.0138793;8.920795
1521666417147;-1.0115502;3.9923313;8.884883
1521666417152;-1.0151415;3.9911342;8.905233
1521666417165;-1.0163386;3.952827;8.938752
1521666417177;-1.0115502;3.9264908;8.925584
1521666417184;-1.055843;3.9085343;8.995016
1521666417197;-1.021127;3.892972;8.845378
1521666417204;-1.0486604;3.8630445;8.839393
1521666417217;-1.1073183;3.845088;8.882488
1521666417228;-1.1180922;3.8259344;9.030929
1521666417233;-1.0941502;3.8474822;9.041702
1521666417245;-1.0857705;3.8510735;9.076419
1521666417255;-1.0965444;3.881001;9.01417
1521666417268;-1.0881647;3.928885;8.7532015
1521666417273;-1.1061212;3.9252937;8.711303
1521666417287;-1.0618285;3.930082;8.785523
1521666417293;-1.0127473;3.9372647;8.825027
1521666417306;-0.91338795;3.9492357;9.088389
1521666417316;-0.90859956;3.9504328;9.150639
1521666417326;-0.92057055;3.9492357;9.060856
1521666417335;-0.9600749;3.964798;9.054871
1521666417348;-0.93493575;3.9636009;8.853758
1521666417356;-0.9864111;3.9217024;8.722076
1521666417366;-0.9876082;3.9217024;8.676587
1521666417375;-1.0007763;3.9121256;8.743625
1521666417386;-0.9552865;3.915717;8.771158
1521666417395;-0.92895025;3.9468415;8.88608
1521666417406;-0.89064306;3.942053;8.890868
1521666417416;-0.89303726;3.930082;8.981848
1521666417427;-0.8882488;3.9396589;9.053674
1521666417436;-0.90979666;3.891775;8.991425
1521666417446;-0.90859956;3.881001;8.974665
1521666417456;-0.9995792;3.833117;9.039309
1521666417467;-1.0019734;3.8127663;9.051279
1521666417475;-1.0199299;3.7840357;9.066842
1521666417487;-1.0043676;3.807978;9.095572
1521666417497;-0.997185;3.8019924;9.064447
1521666417508;-1.0283096;3.8067808;9.02614
1521666417514;-1.0582372;3.8127663;9.03452
1521666417521;-1.0534488;3.7900212;9.044097
1521666417530;-1.0271125;3.8007953;9.058462
1521666417546;-1.0989386;3.7576995;8.954314
1521666417555;-1.1384429;3.764882;8.918402
1521666417586;-1.1145009;3.7576995;8.902839
1521666417595;-1.1049241;3.775656;8.935161
1521666417606;-1.1145009;3.775656;8.938752
1521666417615;-1.1097125;3.7660792;8.925584
1521666417626;-1.1025299;3.787627;8.9519205
1521666417633;-1.0761937;3.7660792;8.925584
1521666417646;-1.0690111;3.7780502;8.921992
1521666417655;-1.0606314;3.8019924;8.956709
1521666417666;-1.0570401;3.8474822;9.032125
1521666417677;-1.055843;3.8666358;9.14226
1521666417687;-0.9768343;3.870227;9.15423
1521666417694;-0.94092125;3.8857894;9.132683
1521666417702;-0.94570965;3.892972;9.033323
1521666417715;-1.0175357;3.8869865;8.8645315
1521666417728;-1.0378864;3.8534677;8.669404
1521666417735;-1.0199299;3.8857894;8.643068
1521666417747;-0.91697925;3.9217024;8.676587
1521666417756;-0.8798691;3.8774097;8.678981
1521666417767;-0.94451255;3.9145198;8.77834
1521666417777;-0.90261406;3.9348705;8.847773
1521666417787;-0.89782566;3.9228995;8.803479
1521666417796;-0.9504981;3.891775;8.834604
1521666417807;-1.0127473;3.8857894;8.773552
1521666417814;-1.0378864;3.8774097;8.856153
1521666417823;-1.0295067;3.8474822;8.916007
1521666417835;-1.0378864;3.8187518;8.980651
1521666417848;-1.0426749;3.8510735;9.040505
1521666417855;-1.0402806;3.882198;9.132683
1521666417866;-1.0690111;3.86903;9.184157
1521666417875;-1.0079589;3.8486793;9.187749
1521666417887;-1.0235212;3.821146;9.103952
1521666417895;-1.0295067;3.8187518;9.048885
1521666417906;-1.0390835;3.8474822;8.955511
1521666417915;-1.0450691;3.8606503;8.917204
1521666417926;-1.0247183;3.8414967;8.907627
1521666417935;-1.0151415;3.845088;8.89805
1521666417946;-0.9792285;3.855862;8.801085
1521666417955;-0.9636662;3.857059;8.829816
1521666417966;-0.93373865;3.8869865;8.813056
1521666417975;-0.9672575;3.8618474;8.921992
1521666417987;-0.9816227;3.882198;8.938752
1521666417996;-1.0067618;3.881001;8.937555
1521666418007;-1.0259154;3.8486793;8.945934
1521666418013;-1.0642227;3.821146;9.01776
1521666418028;-1.079785;3.7984009;9.059659
1521666418034;-1.0414777;3.810372;9.075222
1521666418044;-0.9983821;3.821146;9.029732
1521666418054;-1.0019734;3.8175547;9.010578
1521666418065;-0.9959879;3.8307228;8.98903
1521666418076;-1.0390835;3.83192;8.92319
1521666418088;-1.0271125;3.8666358;8.948329
1521666418093;-0.9911995;3.858256;8.961497
1521666418107;-0.9888053;3.8391025;8.972271
1521666418115;-1.043872;3.8283286;8.987833
1521666418127;-1.0594343;3.821146;9.028535
1521666418136;-1.0702082;3.822343;8.9519205
1521666418142;-1.0749966;3.8391025;8.908825
1521666418154;-1.0450691;3.7912183;8.905233
1521666418167;-1.0007763;3.8055837;8.872911
1521666418175;-0.985214;3.8486793;8.828619
1521666418186;-0.9672575;3.8642416;8.865729
1521666418195;-0.94211835;3.86903;8.839393
1521666418202;-0.9588778;3.8857894;8.846576
1521666418216;-0.997185;3.8534677;8.948329
1521666418226;-0.9636662;3.8379054;8.956709
1521666418235;-0.973243;3.8426938;9.053674
1521666418246;-0.9768343;3.8498764;9.150639
1521666418255;-0.9804256;3.8295257;9.155427
1521666418266;-1.0055647;3.83192;9.175778
1521666418275;-1.0354922;3.8307228;9.149442
1521666418287;-1.0247183;3.8151605;9.095572
1521666418295;-1.0127473;3.822343;9.068039
1521666418306;-0.9756372;3.83192;8.974665
1521666418315;-0.93014735;3.8534677;8.910022
1521666418326;-0.93732995;3.8498764;8.836999
1521666418333;-0.92416185;3.858256;8.868123
1521666418347;-0.91817635;3.8522706;8.828619
1521666418354;-0.92296475;3.86903;8.853758
1521666418368;-0.93613285;3.8965633;8.851364
1521666418376;-0.93134445;3.867833;8.8884735
1521666418387;-0.90021986;3.8546648;8.937555
1521666418396;-0.89423436;3.8402996;8.955511
1521666418407;-0.91697925;3.846285;8.889671
1521666418414;-0.93493575;3.857059;8.88608
1521666418427;-1.0486604;3.870227;8.882488
1521666418436;-1.0414777;3.8391025;8.91481
1521666418445;-1.0342951;3.8259344;8.992621
1521666418453;-1.0223241;3.8127663;9.009381
1521666418463;-1.0007763;3.7972038;8.998607
1521666418476;-1.0067618;3.7972038;9.036914
1521666418483;-0.9516952;3.8055837;8.876503
1521666418495;-1.1528081;3.751714;8.851364
1521666418506;-1.1264719;3.7732618;8.924387
1521666418516;-0.9780314;3.7361517;8.998607
1521666418526;-1.0067618;3.715801;9.011775
1521666418534;-1.0546459;3.7553053;9.022549
1521666418546;-1.021127;3.7313633;9.004593
1521666418596;-1.0594343;3.6762967;9.3026705
1521666418607;-1.0378864;3.693056;9.285912
1521666418615;-0.9624691;3.728969;9.148245
1521666418626;-0.94451255;3.7457285;9.090784
1521666418635;-0.91458505;3.7924154;8.841787
1521666418646;-0.961272;3.7780502;8.804677
1521666418655;-1.0582372;3.716998;8.756793
1521666418666;-1.0941502;3.6343982;8.918402
1521666418676;-0.92895025;3.6523547;9.006987
1521666418686;-0.8379706;3.681085;9.211691
1521666418696;-0.9624691;3.691859;9.461885
1521666418706;-1.0989386;3.6750996;9.700109
1521666418717;-1.1911154;3.5781345;9.680955
1521666418727;-1.186327;3.5051112;9.352949
1521666418735;-1.1408371;3.5637693;9.093178
1521666418746;-1.0714053;3.6966474;9.205706
1521666418756;-0.8858546;3.7972038;9.041702
1521666418766;-0.6895301;3.891775;8.917204
1521666418776;-0.6500258;3.9264908;8.813056
1521666418787;-0.7697359;3.9312792;8.775947
1521666418796;-0.92775315;3.9228995;8.668207
1521666418807;-0.9947908;3.870227;8.686164
1521666418817;-0.94331545;3.8522706;8.775947
1521666418827;-0.8762778;3.8139634;8.817844
1521666418834;-0.8523358;3.8271315;8.8777
1521666418845;-0.8379706;3.8307228;8.817844
1521666418857;-0.90740246;3.8295257;8.827422
1521666418863;-0.89662856;3.8402996;8.7532015
1521666418873;-0.90261406;3.8642416;8.698134
1521666418888;-0.8655039;3.8965633;8.746018
1521666418893;-0.81402856;3.8893807;8.793902
1521666418907;-0.79966336;3.9085343;8.866926
1521666418915;-0.7673417;4.0019083;8.8645315
1521666418928;-0.8475474;4.000711;8.890868
1521666418935;-0.91458505;3.843891;8.84059
1521666418946;-0.94331545;3.7708676;8.75799
1521666418956;-0.9888053;3.7253778;8.917204
1521666418966;-0.9636662;3.7098155;8.987833
1521666418975;-0.9660604;3.7098155;9.168595
1521666418986;-0.9768343;3.6846764;9.388862
1521666418995;-0.93134445;3.6355953;9.552865
1521666419006;-0.8487445;3.5901055;9.5253315
1521666419016;-0.79607207;3.6212301;9.403227
1521666419026;-0.8511387;3.6523547;9.103952
1521666419035;-0.91817635;3.6248214;8.844181
1521666419047;-0.9995792;3.5996823;8.7125
1521666419056;-0.9840169;3.5541923;8.736442
1521666419066;-0.90620536;3.5565867;8.836999
1521666419074;-0.8726865;3.5446155;9.002198
1521666419083;-0.8690952;3.5805287;9.039309
1521666419096;-0.8750807;3.53863;9.0237465
1521666419107;-0.9636662;3.5470097;8.853758
1521666419115;-1.0378864;3.502717;8.702923
1521666419126;-1.1001357;3.4883518;8.768764
1521666419135;-1.0378864;3.503914;8.825027
1521666419147;-1.0079589;3.503914;8.930372
1521666419156;-1.0354922;3.5098996;9.069236
1521666419167;-1.0354922;3.5218706;9.325416
1521666419176;-0.9696517;3.5087025;9.283517
1521666419187;-0.92895025;3.4703953;9.186552
1521666419196;-1.0055647;3.442862;9.100361
1521666419201;-1.0199299;3.417723;9.040505
1521666419225;-0.9840169;3.3518825;9.035717
1521666419233;-0.93493575;3.3123782;9.069236
1521666419242;-0.94211835;3.3028011;9.115923
1521666419251;-0.92895025;3.3039982;9.160215
1521666419267;-1.0187328;3.2573113;9.132683
1521666419275;-1.0821792;3.2094274;9.068039
1521666419287;-1.0989386;3.1675289;8.901642
1521666419295;-1.091756;3.1663318;8.719683
1521666419302;-1.103727;3.1280246;8.702923
1521666419314;-1.1192893;3.1028855;8.632295
1521666419327;-1.1324574;3.0705638;8.534132
1521666419336;-1.1073183;2.980781;8.619126
1521666419346;-1.1013328;2.8550856;8.872911
1521666419356;-1.0426749;2.7329812;9.23683
1521666419367;-0.9672575;2.6252422;9.720459
1521666419377;-0.90740246;2.6084828;10.064027
1521666419387;-0.8391677;2.6611552;10.192117
1521666419395;-0.8750807;2.6779146;10.159795
1521666419402;-0.9552865;2.6731262;9.922769
1521666419416;-0.9564836;2.6420016;9.64983
1521666419427;-0.961272;2.5833437;9.417592
1521666419434;-1.0534488;2.5210943;9.368511
1521666419446;-1.103727;2.4875755;9.412804
1521666419455;-1.0630256;2.4600422;9.528923
1521666419466;-1.0474633;2.3906105;9.610326
1521666419475;-1.0522517;2.3391352;9.718064
1521666419486;-1.0199299;2.3056161;9.764751
1521666419493;-1.0079589;2.31639;9.7324295
1521666419507;-1.0199299;2.328361;9.642648
1521666419516;-1.0187328;2.3463178;9.569624
1521666419523;-0.9876082;2.3822308;9.586384
1521666419536;-0.985214;2.4145525;9.560047
1521666419548;-0.93613285;2.4349031;9.478644
1521666419557;-0.94451255;2.4504654;9.41879
1521666419607;-0.9648633;2.3953989;9.528923
1521666419614;-0.9768343;2.3523033;9.362526
1521666419626;-1.0031705;2.348712;9.313444
1521666419635;-0.9792285;2.3786395;9.368511
1521666419646;-0.878672;2.4073699;9.279925
1521666419655;-0.8762778;2.4121583;9.239224
1521666419666;-0.89662856;2.4492683;9.247604
1521666419676;-0.92296475;2.4899697;9.350554
1521666419687;-0.9600749;2.48159;9.51336
1521666419697;-0.9923966;2.4037786;9.636662
1521666419702;-1.009156;2.396596;9.5971575
1521666419719;-1.0139444;2.327164;9.637859
1521666419727;-1.0163386;2.2960393;9.7479925
1521666419734;-1.0079589;2.2984335;9.757569
1521666419747;-0.961272;2.2613235;9.768343
1521666419756;-0.9588778;2.2661119;9.774328
1521666419767;-0.94570965;2.2577322;9.697714
1521666419777;-0.9540894;2.2697031;9.627085
1521666419787;-0.9780314;2.267309;9.572019
1521666419795;-0.9900024;2.2744915;9.555259
1521666419808;-0.9624691;2.2373815;9.574412
1521666419817;-0.92296475;2.2709002;9.455899
1521666419825;-0.8870517;2.2936451;9.332599
1521666419835;-0.93254155;2.3415294;9.312247
1521666419844;-0.9959879;2.3690627;9.400833
1521666419856;-0.9504981;2.3582888;9.321824
1521666419865;-0.9636662;2.3331497;9.291897
1521666419874;-1.0139444;2.349909;9.372103
1521666419886;-1.0079589;2.3451207;9.411607
1521666419894;-1.0175357;2.3511062;9.378088
1521666419906;-0.9804256;2.3343468;9.4295635
1521666419917;-1.0259154;2.3642743;9.528923
1521666419926;-1.0151415;2.3594859;9.625888
1521666419935;-1.0235212;2.3463178;9.690532
1521666419946;-1.0462662;2.3247697;9.65821
1521666419955;-1.0378864;2.3092074;9.7084875
1521666419966;-1.0582372;2.3020248;9.713276
1521666419974;-1.0761937;2.2960393;9.753978
1521666419987;-1.067814;2.3056161;9.703699
1521666419997;-1.0474633;2.3235726;9.628283
1521666420007;-1.0055647;2.3427265;9.546879
1521666420016;-0.9995792;2.3523033;9.467871
1521666420027;-0.9600749;2.3642743;9.312247
1521666420037;-0.94570965;2.3942018;9.179369
1521666420048;-0.91817635;2.3918076;9.176975
1521666420056;-0.90740246;2.4157495;9.190144
1521666420067;-0.8535329;2.421735;9.216479
1521666420074;-0.80086046;2.4301147;9.332599
1521666420086;-0.7613561;2.4887726;9.419987
1521666420096;-0.79487497;2.4827871;9.41879
1521666420105;-0.8499416;2.4875755;9.3733
1521666420115;-0.94570965;2.504335;9.380483
1521666420126;-0.93134445;2.4756045;9.351752
1521666420137;-0.93254155;2.4648306;9.352949
1521666420148;-1.0151415;2.5474305;9.417592
1521666420153;-1.0546459;2.5797524;9.562442
1521666420166;-0.9540894;2.5629928;9.539697
1521666420178;-0.8643068;2.5629928;9.568427
1521666420181;-0.8355764;2.5462334;9.570822
1521666420193;-0.82719666;2.5450363;9.613917
1521666420201;-0.82480246;2.56419;9.618706
1521666420215;-0.92775315;2.4851813;9.698911
1521666420226;-1.0067618;2.4289176;9.61272
1521666420235;-1.0642227;2.373851;9.554062
1521666420246;-1.1049241;2.3690627;9.560047
1521666420255;-1.1468226;2.3654714;9.467871
1521666420266;-1.1779473;2.3535004;9.348161
1521666420275;-1.1899183;2.4408886;9.251195
1521666420286;-1.2054806;2.4588451;9.141062
1521666420295;-1.2174516;2.4851813;9.097966
1521666420306;-1.1671734;2.5079262;9.176975
1521666420316;-1.1192893;2.5103204;9.258378
1521666420327;-1.1001357;2.5019407;9.314642
1521666420334;-1.0809821;2.4875755;9.31105
1521666420347;-1.1025299;2.4995465;9.247604
1521666420356;-1.1623849;2.505532;9.208099
1521666420363;-1.163582;2.5067291;9.257181
1521666420376;-1.1923125;2.5330653;9.415198
1521666420383;-1.1851299;2.5390508;9.421184
1521666420397;-1.1504139;2.5067291;9.586384
1521666420404;-1.1228806;2.4947581;9.582792
1521666420416;-1.1228806;2.5067291;9.599552
1521666420427;-1.1300632;2.517503;9.528923
1521666420438;-1.1552023;2.5390508;9.470264
1521666420448;-1.2030864;2.5306711;9.376891
1521666420454;-1.2210429;2.529474;9.367314
1521666420465;-1.1839328;2.5127146;9.380483
1521666420475;-1.151611;2.5127146;9.41879
1521666420484;-1.1252748;2.529474;9.446322
1521666420495;-1.0869676;2.565387;9.385271
1521666420505;-1.0726024;2.5941176;9.354146
1521666420515;-1.1815386;2.565387;9.509769
1521666420526;-1.3036429;2.4887726;9.730036
1521666420535;-1.2282255;2.4420857;9.376891
1521666420545;-1.0857705;2.505532;9.403227
1521666420594;-1.0103531;2.445677;9.48463
1521666420603;-1.0378864;2.4875755;9.446322
1521666420613;-1.1049241;2.5318682;9.378088
1521666420626;-1.3611037;2.64679;9.481039
1521666420635;-1.3634979;2.7665;9.460688
1521666420646;-1.365892;2.8323407;9.604341
1521666420655;-1.3491327;2.835932;9.722853
1521666420666;-1.3491327;2.7988217;9.800665
1521666420675;-1.3838485;2.7281928;9.836577
1521666420688;-1.328782;2.6683378;9.635465
1521666420695;-1.2964603;2.6850972;9.491813
1521666420707;-1.3874398;2.6611552;9.257181
1521666420716;-1.4688427;2.5773582;9.052477
1521666420727;-1.5765818;2.5689783;8.983045
1521666420734;-1.5765818;2.5330653;8.865729
1521666420747;-1.471237;2.5438392;8.700529
1521666420757;-1.3874398;2.6240451;8.664616
1521666420768;-1.3431472;2.7485435;8.854955
1521666420778;-1.2916719;2.815581;8.983045
1521666420785;-1.270124;2.8670566;9.036914
1521666420795;-1.1611878;2.8909986;9.150639
1521666420804;-1.1312603;2.907758;9.4295635
1521666420817;-1.0414777;2.9412768;9.959879
1521666420825;-1.0630256;2.895787;9.944317
1521666420839;-1.0019734;2.9975405;9.949105
1521666420846;-0.9792285;3.0561984;9.985018
1521666420856;-1.1085154;2.9867666;10.289082
1521666420866;-1.4305356;2.6910827;10.3226
1521666420873;-1.4377182;2.5091233;9.768343
1521666420887;-1.6065093;2.3678656;9.127894
1521666420896;-1.8387469;2.372654;8.640674
1521666420907;-1.8255788;2.5761611;7.728483
1521666420915;-1.5693992;2.8491;7.6614456
1521666420924;-1.4532804;3.0382419;7.8290396
1521666420934;-1.2940661;3.5470097;8.814254
1521666420946;-1.3802572;3.3063924;9.586384
1521666420955;-1.661576;2.8862102;10.19451
1521666420966;-1.8962077;2.5378537;10.755951
1521666420975;-1.9752164;2.5617957;11.177331
1521666420986;-1.8950106;2.7952304;11.113884
