1521665608777;-0.059771538;-0.17181015;-0.52485657
1521665608784;-0.15717697;0.2604828;-0.70303345
1521665608797;-0.18078232;1.0053407;-0.99809265
1521665608803;-0.039149284;1.063202;-0.6567383
1521665608817;0.1429596;1.3308107;-0.46110535
1521665608824;0.16725159;1.519745;-1.0010376
1521665608839;0.18889236;1.714264;-2.8769531
1521665608850;-0.2314415;1.328766;-2.704773
1521665608867;-0.9458313;0.9572754;-1.9548035
1521665608871;-1.2380676;1.2798158;-1.5172119
1521665608887;-0.82351685;1.7231141;-2.0301514
1521665608893;-0.28966522;1.8445741;-1.7713928
1521665608906;0.19093323;1.53891;-1.4322815
1521665608911;0.38777924;1.9312745;-2.4976196
1521665608932;-0.066898346;1.8379823;-2.1567383
1521665608938;-0.3372879;1.6609193;-2.553955
1521665608954;-1.2754822;1.6500856;-2.4778442
1521665608965;-1.313446;1.4718629;-2.539978
1521665608970;-1.1314087;1.2812501;-2.3605347
1521665608984;-0.83206177;1.125763;-2.1854248
1521665608990;-0.54200745;1.0517579;-2.2841187
1521665609002;-0.33634186;1.2642823;-2.4517822
1521665609009;-0.54071045;1.1667787;-1.8252258
1521665609033;-1.0203247;1.7442323;-1.8099976
1521665609044;-1.1456604;1.8554689;-1.868866
1521665609049;-0.9520874;1.0139161;-1.3641357
1521665609064;-1.517273;1.714203;-1.1690369
1521665609069;-1.4108276;1.5899354;-1.0816345
1521665609083;-1.3999634;1.3089601;0.15192032
1521665609088;-0.8482208;0.87757874;0.3768692
1521665609107;0.15294647;1.1365663;0.04600334
1521665609127;-0.12301445;1.2687684;0.21520233
1521665609128;-0.5393524;1.5319825;0.24630737
1521665609141;-1.0677795;1.5351259;-0.099199295
1521665609148;-1.4865112;1.4244386;-0.26628113
1521665609167;-0.88804626;0.28837585;-0.72091675
1521665609254;-0.22098923;1.1859437;-0.48843384
1521665609266;-0.91560364;1.2832948;0.8718109
1521665609343;0.1069088;0.5857086;1.2210084
1521665609477;2.3541265;3.5286262;1.8569642
1521665609485;2.1046758;2.1112676;3.9043586
1521665609504;1.630951;2.6550298;4.4749775
1521665609524;2.047852;4.1811543;5.8475366
1521665609543;2.3388677;3.2431648;6.243167
1521665609564;2.677918;3.6109016;5.525027
1521665609576;2.7692266;3.5321052;5.9147973
1521665609583;2.3564458;3.854676;6.133792
1521665609597;2.723023;-3.986023;3.4717414
1521665609603;2.625855;-3.723999;3.2150886
1521665609627;2.8300786;-4.203369;2.1203618
1521665609646;2.8973393;-4.4798584;1.3969423
1521665609666;2.5418706;-3.7226562;1.51532
1521665609682;2.648621;-3.5327148;2.2652593
1521665609691;2.9498296;-3.802002;1.8766786
1521665609714;3.1242683;-4.185913;1.5734864
1521665609734;1.7572938;-2.5893555;0.42810822
1521665609747;0.9549408;-1.7780151;0.5723419
1521665609761;1.465851;-2.9750366;0.23075104
1521665609770;1.802826;-2.76062;-0.40846252
1521665609782;1.655945;-3.0622559;-0.09654999
1521665609794;1.3258363;-2.737671;-1.1160889
1521665609813;0.6125183;-2.3519287;-0.014975071
1521665609831;-0.01859665;-3.8188477;-2.355774
1521665609841;0.74212646;-1.157959;-2.41156
1521665609848;1.5150148;-1.9182739;-0.5832367
1521665609866;0.98605347;-3.2155151;-1.2644348
1521665609886;0.10287094;-1.8729248;-1.5083313
1521665609907;-0.016904354;-1.2462463;-2.677124
1521665609933;-0.3712616;-2.0289307;-2.5961914
1521665609938;-0.47654724;-1.7442322;-3.0077515
1521665609953;-0.53697205;-1.1970215;-1.5584106
1521665609969;-0.51890564;4.718874;0.26242065
1521665609990;-0.88442993;2.922974;1.0122072
1521665610001;-0.43992615;1.3710328;1.1159974
1521665610034;-0.67897034;1.834076;0.6633606
1521665610058;-0.105566025;1.3378297;2.2489629
1521665610075;-0.4925537;1.6481935;0.29432678
1521665610096;-2.2185059;0.27758026;-1.3449402
1521665610104;-1.4747009;0.07334137;1.5864259
1521665610108;0.02926588;-0.3319931;1.8925782
1521665610133;-0.21858978;-1.0265198;0.51675415
1521665610146;-0.9188843;-0.52542114;-2.7131348
1521665610148;-2.4342651;-0.6286926;-1.6433716
1521665610165;-3.638794;-0.2423706;-0.66630554
1521665610185;-1.9601746;-1.7139893;0.77182007
1521665610205;-1.3650208;-1.2261658;-0.9132385
1521665610226;-3.0372314;-1.3374329;0.2219925
1521665610246;-3.4941406;0.9571533;-0.27466583
1521665610266;-1.686615;-0.55918884;0.42498016
1521665610295;-1.9648132;-0.81825256;0.67663574
1521665610306;-2.1990967;-0.3179474;-0.24016953
1521665610316;-2.4777832;-0.32733917;-0.25097656
1521665610364;-2.4240112;-0.9167633;0.10438919
1521665610393;-2.151184;-0.37745667;-0.63365173
1521665610415;-2.583496;-1.2041016;-0.618454
1521665610434;-1.9797058;-0.46923065;1.1724244
1521665610445;-1.9168396;-0.076683044;1.0839235
1521665610465;-2.404358;-0.71969604;0.23927307
1521665610486;-2.7581177;-1.2848206;-0.30848694
1521665610505;-2.2538452;-0.97532654;1.1529542
1521665610527;-1.092865;-0.84632874;1.919922
1521665610541;-1.0037842;-0.7849579;2.1013188
1521665610550;-1.1782227;-0.9794769;1.337433
1521665610566;-1.7469482;-1.8579102;0.37380219
1521665610616;-1.939148;-1.7806396;0.5873413
1521665610623;-1.9900513;-1.4726868;1.2270509
1521665610644;-1.8399963;-1.1580505;1.0195314
1521665610657;-1.7197876;-0.9118042;1.5329591
1521665610663;-1.3462524;-0.95495605;0.94615173
1521665610674;-1.336731;-1.0914307;0.011379719
1521665610693;-1.4873352;-0.8588104;0.19966507
1521665610708;-1.1811829;-0.8271332;1.1528932
1521665610775;0.14732361;-0.041662216;0.38587952
1521665610785;0.11678314;0.28968048;-0.7592621
1521665610805;0.40296173;-0.30569458;-0.73979187
1521665610831;-0.121953964;0.30251312;-0.5953827
1521665610846;-0.69355774;0.4690094;-1.1505737
1521665610866;-0.8134918;0.023036957;-1.0995789
1521665610879;-0.521286;-0.46804047;-0.948761
1521665610931;-0.5951843;-0.032717705;-0.8494568
1521665610997;-0.45002747;1.0828553;-0.26908112
1521665611047;-2.3842163;0.24522018;-1.1567993
1521665611066;-2.1237183;0.5915375;-1.5755005
1521665611086;-2.1669922;0.55052185;-0.3827896
1521665611106;-2.4678345;0.18476105;-1.1970215
1521665611125;-1.6636963;0.22779465;-0.92063904
1521665611145;-0.90589905;0.52915955;-1.0930786
1521665611165;-1.1817017;0.3689499;-0.98783875
1521665611185;-1.576355;0.39624023;-0.7715912
1521665611205;-0.8474884;1.1023866;-0.76283264
1521665611227;-0.5632019;0.612854;-0.3469391
1521665611229;-0.18756866;-0.08695221;0.3342514
1521665611242;-0.13941193;0.28962708;0.36103058
1521665611249;0.08826065;0.14104843;1.1815797
1521665611297;-1.2314148;0.15383148;0.5469971
1521665611326;0.85653687;-0.014419079;2.103272
1521665611341;0.6030121;1.6827699;0.010095596
1521665611351;0.10800743;0.64001465;1.2684327
1521665611360;0.14634323;-0.0545578;0.15145874
1521665611368;-0.08581734;0.6094818;-0.914917
1521665611535;1.5793763;4.130617;2.6425786
1521665611546;2.013184;2.6407475;2.9811406
1521665611566;2.6896977;3.090821;4.25342
1521665611586;2.0291753;2.5228276;4.411257
1521665611606;2.0100713;3.482972;5.4655786
1521665611626;2.0885015;4.0145283;5.6143823
1521665611645;1.8966981;2.5028691;4.90613
1521665611666;2.336182;2.7808843;5.133303
1521665611680;2.3710332;3.1180427;5.7169213
1521665611689;2.3092046;3.6130989;5.336062
1521665611703;2.851502;-4.38562;1.8724977
1521665611709;2.6192021;-4.659424;1.6289064
1521665611724;2.5647588;-4.402954;1.1312867
1521665611729;2.4739995;-4.2316895;1.009308
1521665611742;2.6221318;-4.1932373;0.9226227
1521665611754;2.7982793;-3.6616821;1.2285157
1521665611765;3.0166023;-3.51062;1.4946595
1521665611771;3.1302497;-3.2159424;1.2356874
1521665611796;3.1661384;-3.3650513;0.734787
1521665611806;2.830628;-3.4588623;0.50183105
1521665611813;2.4613042;-3.84552;0.9575653
1521665611835;1.850525;-2.289795;0.65374756
1521665611846;2.3989263;-2.6828003;1.0612489
1521665611857;2.374146;-2.4840698;0.17093658
1521665611876;2.0886235;-2.864563;1.293152
1521665611896;1.1536866;-2.364624;1.2687379
1521665611903;1.3848878;-2.7301636;0.9624634
1521665611909;0.9389496;-1.9440918;-0.75468445
1521665611931;1.3195192;-3.1026611;-1.0888367
1521665611943;0.05140686;-1.9720459;-2.3111572
1521665611949;-0.44151306;-2.4075317;-0.4878235
1521665611963;0.04540062;-2.2513428;0.13715363
1521665611969;0.5763092;-1.9010925;-0.11823845
1521665611983;1.7926637;-3.47406;0.8567047
1521665611994;2.3607183;-3.4085083;0.38698578
1521665612003;0.7766571;-2.5112305;0.4420166
1521665612010;0.006343484;-1.9618225;-1.0917053
1521665612035;-1.5014343;-0.91960144;0.2882309
1521665612046;-1.4129028;-0.47214508;-1.5063782
1521665612050;-1.6154175;-0.32800293;-2.249817
1521665612064;-0.17366028;-2.465454;-0.54981995
1521665612070;0.69815063;-1.9027405;-0.18619156
1521665612095;0.17556763;-0.6965027;-0.51976013
1521665612104;-0.37504578;0.27342987;0.6145172
1521665612110;-1.6505127;2.9411016;0.09098244
1521665612131;-2.0664673;5.006106;-0.9368286
1521665612142;-2.8360596;4.378298;-1.0259705
1521665612149;-2.586853;-3.2892456;-2.9871216
1521665612163;-2.2162476;-2.2442627;-1.2252502
1521665612169;-1.3473511;-1.3362732;0.46022034
1521665612185;-0.24494553;-1.5646362;1.3612977
1521665612194;-0.16162872;-0.8144684;-0.63435364
1521665612233;-0.40607452;-1.0871887;-0.30101013
1521665612252;-4.3168945;-1.4903564;-0.39465332
1521665612258;-4.268799;0.4505005;-0.9088898
1521665612274;-0.54003906;-0.2705536;-0.21237564
1521665612357;-4.400879;-3.0423584;-2.0698242
1521665612364;-5.112549;-0.035292625;-1.5816345
1521665612397;-2.3148804;-1.3469238;-2.4454956
1521665612399;-4.0010986;-1.5011597;-0.8700409
1521665612408;-3.8817139;-1.4470215;-0.88220215
1521665612425;-4.532715;-0.28340912;-0.3848648
1521665612433;-2.8637695;-1.6663208;1.2561647
1521665612442;-1.5941467;-1.8724976;1.2597047
1521665612448;-1.278595;-1.0948792;0.9770355
1521665612467;-3.2733154;-1.7564697;-0.9351349
1521665612481;-4.133545;-2.2124634;0.93925476
1521665612488;-4.5355225;-0.98854065;0.8909912
1521665612500;-4.4243164;-0.34929657;0.9347992
1521665612508;-2.982483;-1.8196716;1.5417482
1521665612524;-2.4434204;-1.5887756;1.1174318
1521665612533;-2.4577637;-1.4284668;1.093506
1521665612553;-2.4865112;-1.2807617;-0.6765137
1521665612575;-3.0593872;-1.4992065;1.2677919
1521665612648;-3.3184814;-0.7607422;1.4715883
1521665612705;-2.2468262;-1.8851013;0.5787811
1521665612716;-1.5482483;-1.3705139;1.1106874
1521665612719;-1.3659363;-1.1593018;1.3855592
1521665612735;-1.7786255;-0.79522705;-0.2012024
1521665612745;-0.23809814;-0.5627594;0.3384552
1521665612749;-0.44968414;-0.35071564;0.42687988
1521665612770;-0.34279633;-0.80792236;-0.37557983
1521665612791;-0.3798294;-0.40558624;-0.022834301
1521665612807;0.13804245;0.06782532;0.17158508
1521665612823;-0.081129074;0.02282238;0.25424194
1521665612847;-0.45440674;0.020430088;0.096321106
1521665612854;-0.809433;-0.6773987;-1.1486511
1521665612866;-0.8509979;-0.69296265;-1.0791626
1521665612871;-0.7931061;-0.79878235;-0.7633362
1521665612924;-0.5475311;0.32126617;-0.046670914
1521665612934;-0.9669037;0.32915497;-0.41869354
1521665612947;-1.5010986;0.08253479;-0.9073181
1521665612967;-1.7778015;-0.19732666;-0.988266
1521665612980;-1.705719;-0.30696106;-0.7008972
1521665612988;-1.5844116;-0.27026367;-0.6686249
1521665613007;-1.6996765;-0.20988083;-0.5257263
1521665613022;-2.012024;-0.21853256;-0.63168335
1521665613028;-1.9785767;-0.4649887;-0.99539185
1521665613041;-1.9812927;-0.77783203;-0.8788147
1521665613055;-1.8109741;-0.7372589;-0.6769867
1521665613064;-1.8813477;-0.26699066;-1.0440063
1521665613071;-2.1524658;-0.10279846;-0.86479187
1521665613084;-2.451416;-0.46511078;-0.7696533
1521665613091;-2.567749;-0.25733185;-0.6556854
1521665613105;-2.3997803;-0.29766846;-0.13948059
1521665613111;-2.12323;-0.13903427;0.40460205
1521665613137;-1.5509338;0.05727768;-0.7200012
1521665613155;-2.6992188;-0.7336426;-2.7294922
1521665613167;-3.242859;-0.9793091;-1.3862
1521665613174;-2.9923706;-0.10675049;-1.0388184
1521665613187;-2.2332153;0.47743225;-0.98431396
1521665613193;-1.1324463;0.06085491;-0.24674225
1521665613214;-0.14686203;0.5782471;-0.9509125
1521665613236;-1.158844;0.28463745;-1.4288635
1521665613247;-1.8127747;0.65397644;-1.7256165
1521665613253;-2.0698853;0.42481232;-0.3881836
1521665613274;-0.53253174;0.72343445;-0.30330658
1521665613330;-0.6620178;0.14954758;0.039051056
1521665613344;-0.54193115;0.710022;0.06526947
1521665613349;-0.12449837;0.29473877;0.8031769
1521665613381;0.35823822;-0.5055237;0.35603333
1521665613391;-0.24625778;0.25296783;0.7703705
1521665613403;0.12236786;0.6596832;0.25367737
1521665613409;0.36108398;0.5742798;1.2161866
1521665613426;0.7770233;0.6869049;0.9847107
1521665613435;1.1980592;1.1082155;1.7486268
1521665613565;1.6304322;1.365143;3.4470222
1521665613568;2.3020635;1.2667238;4.084841
1521665613587;2.5949712;2.1774907;5.020144
1521665613607;1.3586427;2.9187627;4.7458515
1521665613622;0.7531128;3.1563118;3.9012458
1521665613629;0.85121155;2.1824346;4.2027607
1521665613641;1.2451783;2.0480962;3.8150642
1521665613648;1.7051698;1.9490358;4.2113056
1521665613660;2.2743535;1.8566896;3.8428962
1521665613668;2.4212651;1.8372194;3.7014167
1521665613681;2.0968022;1.7709352;3.8281868
1521665613688;1.7806398;2.4147954;3.9021614
1521665613707;2.235169;2.8981328;4.109743
1521665613722;2.4692388;2.9134526;3.6825569
1521665613731;2.275391;2.9254155;3.3068855
1521665613747;1.9236146;3.3499763;2.9284062
1521665613750;1.5889894;3.3906868;2.9483037
1521665613764;1.7358094;3.2985847;2.728333
1521665613771;1.9623414;3.3638313;2.926392
1521665613784;2.480225;3.2285163;3.2708137
1521665613790;2.7966313;3.52295;3.7969978
1521665613805;2.8432012;3.861573;3.7360237
1521665613811;2.3162847;4.46924;3.3087165
1521665613832;1.7196046;-2.9631348;-0.50180054
1521665613845;2.0631108;-3.3581543;-0.46807098
1521665613850;2.2064214;-3.429016;-0.2717209
1521665613864;2.1927495;-3.3911133;-0.45259857
1521665613870;2.0881352;-3.442688;0.16981888
1521665613895;1.2699281;-2.4436035;0.02394867
1521665613918;1.043976;-2.4767456;1.0541383
1521665613934;0.4454193;-2.868225;-1.2996826
1521665613955;-0.041947365;-3.722229;-3.2581177
1521665613966;0.22836685;-4.7611084;-1.509613
1521665613975;0.767395;-3.7736816;-1.4645386
1521665613997;0.61932373;-2.6361694;0.4513626
1521665614019;0.94055176;-2.5092773;-1.5895386
1521665614040;-0.25606537;4.28174;0.51760864
1521665614081;-0.31343842;2.082337;2.6959844
1521665614097;-0.96051025;3.2954109;0.7279358
1521665614106;-1.3128662;2.1352544;0.23098755
1521665614114;-1.1967773;-0.12125969;0.58255005
1521665614120;-1.2563477;-0.067726135;-1.0664673
1521665614136;-0.81010437;-0.50979614;0.4904251
1521665614143;-1.7957153;0.8985138;-1.7489929
1521665614150;-2.5058594;-0.6716614;-1.3631592
1521665614163;-2.8045044;-1.0487366;-1.2242432
1521665614169;-3.0180054;-0.490242;-1.2312317
1521665614183;-2.3668213;-0.80366516;0.057702065
1521665614192;-1.1669922;-0.96650696;1.6582338
1521665614205;-0.45250702;0.05021;1.5013124
1521665614211;-0.6091919;0.64305115;0.35071564
1521665614227;-1.3601074;0.05080414;-2.6514893
1521665614231;-2.4679565;-0.55696106;-2.6107788
1521665614244;-3.0977783;-1.1592712;-0.8785553
1521665614251;-4.069214;-0.525177;-0.7397766
1521665614265;-4.166626;-0.18699646;-0.8160095
1521665614271;-1.8193359;-0.29573822;0.7124939
1521665614296;-1.9017639;-0.27542114;-1.9554749
1521665614313;-3.3551025;-0.98516846;-0.98757935
1521665614334;-3.5771484;-0.96881104;-0.98532104
1521665614338;-4.0317383;-1.019043;-1.1025696
1521665614352;-3.6658325;-1.2948608;-0.4413681
1521665614360;-2.862915;-0.8086395;0.7979584
1521665614373;-1.2857056;0.5583801;0.90678406
1521665614394;-1.5474854;0.23034286;-0.72850037
1521665614401;-2.2130127;-0.5161896;-1.3985596
1521665614414;-3.1346436;-0.9507599;-0.6950226
1521665614420;-3.9489136;-0.9868927;0.24145508
1521665614457;-1.6947021;-0.8406067;1.2319032
1521665614467;-1.6898193;-0.32513428;0.9950409
1521665614476;-1.7551575;-0.9440613;0.26405334
1521665614486;-1.8770142;-1.688446;-0.36239624
1521665614493;-2.2745972;-1.899353;0.22700119
1521665614506;-2.8117676;-0.39704895;0.5749512
1521665614512;-2.835266;-0.43933105;1.0845338
1521665614526;-2.4432373;-1.2609863;0.40672302
1521665614533;-2.0723267;-1.5481262;-0.17951584
1521665614545;-1.8642273;-1.8398132;0.5745392
1521665614550;-1.3827515;-1.7870483;0.869751
1521665614566;-1.5045166;-0.9496002;0.6521301
1521665614571;-1.5609741;-0.60246277;0.95384216
1521665614590;-1.5328369;-0.69633484;1.2446595
1521665614611;-1.5246277;-0.7562561;0.88386536
1521665614619;-1.6452942;-0.82725525;-0.36761475
1521665614637;-1.6987915;-1.711029;0.4351349
1521665614652;-1.2176208;-0.5421753;0.1329422
1521665614665;-0.8805084;-0.8402252;0.83638
1521665614672;-0.85775757;-0.48303986;0.92684937
1521665614684;-0.80210876;-0.09347534;0.95854187
1521665614720;-0.70484924;0.01981163;0.53471375
1521665614744;-0.26541138;-0.16849518;0.035087585
1521665614749;-0.14946747;-0.35510254;0.3685913
1521665614762;-0.07520485;-0.038934708;-0.007101536
1521665614769;0.052689552;-0.0690403;0.042913437
1521665614782;0.106716156;-0.08813286;0.12208557
1521665614827;-0.39759827;0.03774166;-0.55426025
1521665614830;-0.6562195;-0.18709564;-0.56396484
1521665614839;-0.17645645;-0.08629227;-0.12755585
1521665614851;-0.1564827;0.25859833;-0.115608215
1521665614872;-0.7472229;0.6573181;-0.8564911
1521665614885;-0.9564209;0.24118423;-0.9615326
1521665614935;-0.92303467;-0.037290573;-0.96972656
1521665614943;-0.99224854;-0.055480957;-0.89819336
1521665614949;-1.4373474;0.049391747;-0.6204376
1521665614963;-1.5332031;0.16898727;-0.6730499
1521665614969;-1.4701538;0.3062973;-0.90242004
1521665614982;-1.4249573;0.27407837;-1.2019043
1521665614989;-1.4545593;0.35573578;-0.8503876
1521665615004;-1.4412231;0.38347626;-0.7655029
1521665615010;-1.5228882;0.46818542;-0.5080261
1521665615024;-1.785492;0.5203247;-0.40927124
1521665615030;-1.5581665;0.4940033;-0.77775574
1521665615042;-1.6966553;0.14735031;-1.4375305
1521665615049;-1.918396;-0.083862305;-1.6394043
1521665615065;-2.2041626;-0.18544006;-1.2597656
1521665615076;-2.1674805;0.04728985;-0.87127686
1521665615093;-1.543335;0.17890549;-1.4580078
1521665615116;-1.4510193;0.43125153;-1.0249329
1521665615137;-1.9621582;0.45407867;-1.3466187
1521665615147;-2.0219116;0.058815956;-1.4624634
1521665615155;-2.0379028;0.25408173;-1.4845581
1521665615174;-1.6477661;0.15397263;-1.184082
1521665615196;-0.9906006;0.38526917;-0.6887665
1521665615216;-0.849411;0.040706635;-1.3387451
1521665615237;-1.0107117;-0.13759613;-0.8768921
1521665615254;-1.1359558;0.5834961;0.649765
1521665615274;-0.45088196;1.3346254;-0.063007355
1521665615294;0.3156433;0.57266235;0.07347298
1521665615360;-1.665863;0.5041199;-0.4763565
1521665615586;1.5987245;2.108399;5.7886987
1521665615592;1.7419435;1.8496095;5.3889184
1521665615605;1.5598451;1.6714479;5.1824975
1521665615613;1.5687867;1.5853578;4.712282
1521665615625;1.3865968;2.0294805;4.90259
1521665615630;1.7822572;2.8958135;5.3038354
1521665615645;1.8534242;3.2529914;5.65198
1521665615651;2.2146611;2.8946538;5.0334496
1521665615665;2.063477;3.1477058;4.2458515
1521665615670;1.8677675;2.962525;4.2233906
1521665615683;1.6286622;3.1719978;3.818055
1521665615690;1.3971559;3.769471;3.078797
1521665615703;2.4931035;-4.062378;0.19176102
1521665615710;2.905335;-4.110718;0.6577759
1521665615725;3.3206184;-3.867859;1.2144166
1521665615730;3.911866;-4.545166;1.2424318
1521665615745;3.6783454;-4.156494;0.24121857
1521665615752;2.9287114;-4.2562256;0.9288025
1521665615765;2.5260625;-4.034912;0.88442993
1521665615772;1.3178407;-2.3129272;-1.2071228
1521665615785;0.8237457;-2.6575928;0.18750763
1521665615794;1.4169313;-3.0114746;0.45814514
1521665615814;1.6024781;-2.9659424;0.014866352
1521665615837;1.5871278;-2.7420654;-1.0829773
1521665615853;1.0581056;-3.1590576;-0.22984695
1521665615858;1.0916444;-3.1413574;-0.20344543
1521665615877;0.31439972;-1.8218079;0.2537079
1521665615892;-0.11050606;-1.0035095;-2.4943848
1521665615898;0.37970734;-3.2354126;-1.318573
1521665615919;1.0989991;-4.217285;-1.6967163
1521665615941;0.4131317;-2.9813843;-2.5324097
1521665615959;0.6808777;-3.5144043;-0.7249603
1521665615975;-0.4445114;-1.8580933;-2.1903076
1521665615985;-0.63778687;4.407961;2.0658574
1521665615998;-1.7193909;4.0065937;-0.99380493
1521665616015;-1.4934082;-0.39349365;0.73683167
1521665616039;-0.72280884;1.6927491;0.20406723
1521665616054;-1.0177002;0.32635498;0.41262054
1521665616059;-1.0855103;-0.6533203;-1.4499207
1521665616081;-2.0672607;-0.7348633;-2.0178833
1521665616096;-2.0440674;-1.358551;-1.9420166
1521665616177;-2.6730347;-0.34612274;0.15631485
1521665616186;-1.4086609;0.50538635;1.2485353
1521665616191;-2.0091553;0.82351685;-1.6825867
1521665616205;-2.7612305;-0.6541748;-1.3222351
1521665616211;-2.8944092;-1.6037292;-1.4574585
1521665616226;-3.1574707;-0.60343933;-3.0752563
1521665616231;-3.5499268;-1.0006409;-1.8477173
1521665616246;-3.2901;-1.5234985;-0.7732849
1521665616251;-2.9191895;-0.7301636;-0.3609848
1521665616265;-2.1518555;-0.4067917;0.7700348
1521665616277;-1.2821045;-0.42477417;1.1184694
1521665616297;-1.4394836;-0.48159027;-0.10143852
1521665616317;-2.7580566;-0.88630676;-0.83862305
1521665616321;-3.187561;-1.2236328;-0.09951973
1521665616341;-3.4077148;-0.80711365;0.6596222
1521665616356;-2.3343506;-0.75483704;0.83644104
1521665616374;-1.6537476;-1.5128174;0.0050883293
1521665616395;-2.2920532;-1.501709;-0.45576477
1521665616417;-3.418518;-0.91796875;0.7985382
1521665616455;-3.3336792;-0.53707886;0.7954407
1521665616462;-2.7607422;-0.94348145;1.2322084
1521665616474;-1.7220764;-1.4492188;1.1107179
1521665616496;-1.9338684;-0.90815735;0.4873047
1521665616504;-2.1227417;-0.8617859;0.7869415
1521665616546;-1.7538452;-1.0762634;0.6287689
1521665616556;-1.2241211;-0.70988464;0.81573486
1521665616567;-1.2096252;-0.291687;0.45393372
1521665616583;-1.0414124;-0.32253265;0.5853729
1521665616593;-0.8743286;-0.36434174;0.7210388
1521665616622;-0.7700348;-0.5878906;0.49629974
1521665616637;-0.3764572;-0.38777924;0.7354889
1521665616645;-0.381485;0.040854454;0.38529205
1521665616651;-0.3581009;0.19768143;-0.002206087
1521665616664;-0.40431976;0.03255558;0.13765717
1521665616671;-0.19889069;-0.2723465;0.06226349
1521665616684;-0.13895035;-0.15520859;-0.07364082
1521665616691;-0.08116722;-0.12616348;-0.016367912
1521665616845;-0.28956604;0.077451706;-0.1298027
1521665616855;0.3567505;0.1176281;-0.069618225
1521665616867;0.038697243;0.075172424;-0.4134903
1521665616871;-0.7478943;0.23971558;-0.9944763
1521665616884;-0.69389343;0.17142868;-0.88975525
1521665616891;-0.43244934;0.41601562;-0.6985321
1521665616904;-0.32780457;0.6107025;-0.4780197
1521665616911;-0.25032043;0.6309967;0.002162695
1521665616932;-0.8571625;0.49338531;-1.0655518
1521665616945;-1.3094177;0.19704819;-1.2711487
1521665616952;-1.5948486;-0.008507252;-1.2589722
1521665616965;-1.6663208;-0.020792484;-1.1654053
1521665616972;-1.6672058;-0.087875366;-0.6876831
1521665616995;-1.1982422;0.37425232;-0.78396606
1521665617016;-1.6000061;-0.1047287;-0.9215088
1521665617035;-1.8461609;-0.16496658;-1.6202698
1521665617040;-2.0897827;-0.33837128;-1.4355774
1521665617057;-2.439148;-0.23740768;-1.4684448
1521665617076;-1.8565674;0.057130814;-0.47514343
1521665617097;-1.5771484;0.4608612;-1.0531616
1521665617110;-1.6670837;0.08621597;-0.70770264
1521665617118;-1.7660522;-0.08788681;-1.0914917
1521665617137;-1.8793335;0.107767105;-1.4416199
1521665617143;-1.9020691;0.17668915;-0.9216461
1521665617155;-1.3865967;0.6341553;-1.1978455
1521665617176;-1.4743347;0.08960724;-0.7670593
1521665617194;-1.7302551;0.64927673;-1.1036072
1521665617198;-1.8153687;0.29008484;-0.6869354
1521665617217;-1.0686646;-0.04751587;-0.9248657
1521665617220;-0.6994934;-0.3707657;-0.53434753
1521665617234;-0.5752106;-0.098358154;-1.2991028
1521665617240;-0.6080017;0.06343269;-0.9376221
1521665617257;-0.83543396;1.0552675;-0.662796
1521665617277;-0.85472107;0.78637695;0.5067749
1521665617296;-0.60961914;1.0323182;-0.6260681
1521665617301;-0.782547;0.41335297;-0.49214172
1521665617367;0.6609497;0.31455994;-0.012757301
1521665617375;0.30847168;-0.06993294;-1.1298218
1521665617385;0.21128845;0.69477844;-1.2805786
1521665617587;0.48013306;0.1061039;1.193329
1521665617597;2.2850957;1.8369142;1.3255922
1521665617607;1.4598085;2.481934;3.0632942
1521665617614;1.4457704;2.6026616;4.257204
1521665617633;1.437317;2.7333379;4.5932636
1521665617646;1.7416383;2.3600469;4.664797
1521665617652;2.1366582;2.002747;4.531618
1521665617665;2.2704473;2.363648;4.217531
1521665617673;1.822693;2.8492436;5.1499047
1521665617685;1.8461305;3.5500495;5.0955834
1521665617692;3.0184944;-4.1589355;1.7586366
1521665617706;3.5224006;-4.499756;1.6939698
1521665617712;3.5259407;-4.821411;1.3687745
1521665617727;3.665406;-5.0112305;1.3223878
1521665617732;3.6031501;-4.862793;1.0421144
1521665617745;3.495484;-4.92688;1.0354921
1521665617752;3.2977302;-4.637085;0.983551
1521665617765;2.931458;-3.7062378;0.45330048
1521665617775;2.5654302;-3.3105469;0.055600166
1521665617787;2.624329;-3.8804932;0.20960236
1521665617794;2.4600224;-3.9072876;-0.26717377
1521665617814;2.9373174;-3.8043823;0.789917
1521665617834;3.0914924;-3.0422974;1.9671632
1521665617847;2.973267;-2.8724976;1.6218263
1521665617854;2.3070683;-2.6721191;0.79045105
1521665617867;1.9715272;-3.2301636;1.0715333
1521665617875;1.62912;-2.9741821;0.41734314
1521665617887;1.2293702;-2.4003906;-0.047344208
1521665617894;1.6460572;-2.4589233;1.7202455
1521665617915;1.617798;-3.2069702;1.9635926
1521665617937;1.0495607;-2.5649414;-0.011207581
1521665617955;0.82492065;-3.1583252;-0.12981796
1521665617975;-0.061071396;-2.3359375;0.7870941
1521665617995;0.21393967;-1.7730103;-0.62516785
1521665618012;0.64590454;-3.2520142;1.0495607
1521665618018;1.2664796;-2.9604492;-0.0036931038
1521665618036;-0.17118454;-1.2862854;-1.7227783
1521665618039;-0.37236023;-2.2556763;0.46842194
1521665618061;-1.0065918;-0.1558342;-1.1209106
1521665618070;-0.15699387;-0.7554016;1.4609071
1521665618080;0.57710266;-1.0231934;1.1501771
1521665618097;-0.4419098;-1.4942322;0.4283371
1521665618111;-0.06398964;-1.4808655;-0.34848785
1521665618123;-1.1298218;-0.16722488;-1.5292358
1521665618135;-1.5415955;1.718567;0.18953323
1521665618156;-0.93785095;1.9580079;1.5399171
1521665618175;-1.3009949;2.1673589;1.249878
1521665618195;-2.5211182;-3.1448975;-3.828308
1521665618215;-2.489685;-1.320343;-1.5365295
1521665618235;-2.3985596;-0.27194214;0.46707916
1521665618240;-1.4981995;-0.55700684;1.1507875
1521665618255;-1.9799194;0.08006477;-1.6366882
1521665618259;-2.5203857;-1.4933777;-1.8306885
1521665618270;-2.2872314;-2.5123901;-2.7504883
1521665618278;-2.8457031;-1.6242371;-3.9976196
1521665618303;-3.564392;-1.735321;-0.92918396
1521665618314;-3.4623413;-0.29914093;-0.37704468
1521665618319;-2.5963135;0.22706604;1.2098695
1521665618341;-1.3052368;0.22932053;0.3036499
1521665618355;-3.3517456;-1.5993958;-1.0483093
1521665618363;-4.040039;0.095516205;-1.7704163
1521665618371;-4.1572266;-0.12846756;-0.95492554
1521665618378;-2.880188;-1.3581848;0.12636566
1521665618390;-2.203003;-0.51641846;0.92974854
1521665618399;-1.9639893;0.7549591;1.8501588
1521665618416;-2.5429688;-0.3236313;-3.081604
1521665618457;-3.4458618;-1.6944275;-2.034851
1521665618517;-4.2111816;0.2699585;-0.4679184
1521665618525;-2.6548462;-1.4883118;0.5688324
1521665618537;-2.173706;-1.3785095;-1.1201172
1521665618547;-3.7772827;-0.92915344;-0.022021294
1521665618554;-3.5543823;-2.1849976;0.46372986
1521665618567;-3.0610352;-2.0183716;0.946579
1521665618573;-2.3618164;-1.2697144;0.48942566
1521665618593;-2.5897217;-1.8415527;0.10342598
1521665618614;-2.883545;-1.535614;0.9626312
1521665618631;-2.5749512;-0.7905731;1.3055726
1521665618676;-1.8357544;-0.6375885;1.8074037
1521665618697;-1.879425;-1.1453857;0.4108429
1521665618717;-1.6794128;-1.2561951;0.96151733
1521665618764;-1.364685;-0.94104004;0.7344513
1521665618774;-1.098938;-0.582901;0.42832184
1521665618787;-1.0317383;-0.46430206;0.4829178
1521665618794;-0.8311615;-0.28572845;0.5420532
1521665618806;-0.34030914;-0.5011749;0.08480263
1521665618813;-0.14564514;-0.20456696;0.4216919
1521665618833;-0.1663475;0.7057953;0.0067093372
1521665618863;-0.08378601;0.104486465;-0.12081528
1521665618981;-0.17324066;0.35610962;-0.085170746
1521665618994;-0.3515854;0.2511902;-0.6223602
1521665619007;-0.6020508;0.11701965;-0.56129456
1521665619013;-0.81381226;-0.1622734;-0.7940216
1521665619033;-0.7057648;-0.0095562935;-0.33753204
1521665619046;-0.5639801;0.33098602;-0.40820312
1521665619056;-0.4468994;0.27442932;-0.5497894
1521665619076;-1.2822571;-0.18849945;-1.1973267
1521665619096;-1.8994446;0.22460175;-1.0588379
1521665619116;-2.3261108;0.007232189;-1.1239929
1521665619143;-1.4849243;-0.3168335;-0.7628174
1521665619157;-1.5148315;0.7784271;-1.1759949
1521665619177;-2.6881714;-0.20856476;-1.4692383
1521665619197;-2.9052734;-0.08946037;-1.3700256
1521665619211;-2.5715332;0.34243774;-1.3968201
1521665619218;-2.1019287;0.047283173;-1.1942749
1521665619241;-1.6947937;-0.018950462;-0.41539764
1521665619257;-2.2172852;0.45130157;-1.7832031
1521665619277;-2.3205566;-0.552948;-1.6144409
1521665619293;-2.1524658;-0.25759888;-1.9181213
1521665619298;-2.0022583;-0.11550903;-1.0311584
1521665619312;-1.5414734;0.125;-0.829895
1521665619319;-1.4824829;0.4002304;-1.2636108
1521665619338;-1.5164795;-0.069252014;-1.1361389
1521665619357;-1.8405151;-0.57128906;-1.5530396
1521665619359;-1.58255;-0.8253479;-0.6317444
1521665619370;-1.6300354;0.3819275;-1.2913513
1521665619378;-1.4737854;0.32108307;-0.67559814
1521665619391;-1.1784058;0.43442535;-1.0266418
1521665619398;-0.90164185;0.26742554;-0.797699
1521665619410;-0.73703;-0.21460724;0.36510468
1521665619431;-0.80522156;0.7228546;-0.097602844
1521665619445;-0.96206665;0.95484924;0.3162384
1521665619505;0.45635986;-0.009089947;0.52879333
1521665619512;0.28105164;0.30361938;-0.41033936
1521665619520;0.31090546;-0.1854248;-0.0075731277
1521665619529;0.68548584;-0.031223774;0.6647644
1521665619554;0.8502197;1.2422792;0.8152771
1521665619731;1.4400026;2.2451177;1.583069
1521665619757;2.6151128;2.2383428;3.9297493
1521665619767;1.9300843;1.9568788;4.672121
1521665619774;2.3017583;2.0103154;5.1322045
1521665619787;2.365296;2.7592778;4.9580097
1521665619794;2.5092778;2.9752812;4.447878
1521665619807;2.4299932;2.6776128;4.2526875
1521665619814;3.2028816;-4.805664;0.26124573
1521665619834;2.7615972;-4.4366455;1.000641
1521665619847;3.087159;-3.6708374;0.93395996
1521665619854;3.5028694;-3.50531;1.3152162
1521665619874;3.5291755;-3.6565552;0.89901733
1521665619894;2.641724;-4.0247803;0.38587952
1521665619917;2.4537969;-3.359375;0.09985542
1521665619936;2.3971562;-3.1622314;0.8039551
1521665619938;2.6683965;-3.6765747;0.49505615
1521665619957;2.288941;-3.5882568;1.1976014
1521665619975;1.9715883;-2.7174072;0.982666
1521665619981;1.3396302;-1.7591553;0.78868103
1521665619994;1.434662;-2.5526733;1.5412599
1521665620014;1.2453309;-2.4899292;0.36138916
1521665620024;1.8367921;-3.5249634;-0.63308716
1521665620117;0.61039734;-2.088379;-0.067640305
1521665620122;-0.9554291;-2.3794556;-0.17425537
1521665620135;-0.54067993;-1.7784729;-0.98657227
1521665620155;-0.55999756;-1.4893188;-1.912384
1521665620175;-0.5737152;-2.5332642;-0.14427948
1521665620195;-1.1788025;-0.6626129;0.09202194
1521665620215;-2.276001;0.08204651;-3.5
1521665620235;-2.68042;-1.3538818;-1.9052734
1521665620255;-1.9464417;-0.50712585;-0.7612152
1521665620273;-1.0811768;-0.80685425;0.7821655
1521665620280;-1.2921753;0.9742279;-1.2612915
1521665620302;-2.1864624;-0.7406616;-0.32131958
1521665620322;-3.4594116;-1.3287048;-3.3673706
1521665620347;-2.9595947;-2.23938;-1.1578369
1521665620355;-2.0020142;0.036512375;0.6808014
1521665620361;-1.1039124;-0.6429291;1.0768739
1521665620376;-0.9178314;-1.1383362;-0.34768677
1521665620385;-1.5127869;-0.6292877;-2.8650513
1521665620394;-3.6660767;-0.46673584;-4.010254
1521665620399;-5.0253906;-0.34168243;-3.3476562
1521665620417;-5.3270264;-0.8038635;-1.3153076
1521665620420;-4.7521973;-0.5793915;-0.37314606
1521665620446;-0.68608093;-0.3477173;1.241211
1521665620456;0.14915848;0.2196083;0.5858002
1521665620462;-0.22354507;0.7970276;0.8923187
1521665620476;-1.5722656;0.7167053;1.0273744
1521665620485;-3.2399902;0.44417572;-1.1377258
1521665620496;-4.199341;-0.23631668;-2.4648438
1521665620501;-5.033203;-1.2155762;-0.7345886
1521665620522;-4.9553223;-1.0132141;-0.93637085
1521665620537;-3.8604736;-2.2459106;-0.092544556
1521665620539;-2.6432495;-2.8685303;0.08437538
1521665620566;-2.161621;-2.0807495;-0.0716362
1521665620585;-1.8475037;-1.5412292;0.10580635
1521665620603;-1.9677124;-0.9399109;-0.13136673
1521665620665;-2.439087;-0.66426086;-0.06942558
1521665620676;-3.6942139;-0.5214386;0.53141785
1521665620687;-1.8527222;-0.36008453;0.47577667
1521665620716;-1.4706421;-1.5550232;0.061463356
1521665620720;-1.0201111;-1.4013062;0.32489014
1521665620736;-0.8993988;-1.0034485;0.34645844
1521665620738;-0.958786;-0.871521;0.16042328
1521665620766;-1.2768555;-1.1079102;1.0083619
1521665620775;-0.6637726;-0.5011749;0.6390686
1521665620795;-0.32688904;-0.2427826;0.34204865
1521665620808;-0.60632324;0.2895813;0.42362213
1521665620835;-0.5238037;0.09390831;0.6385803
1521665620842;-0.07442474;-0.061159134;0.5832367
1521665620907;0.23277283;0.27698517;0.41125488
1521665620917;0.5087738;0.3462143;0.3318634
1521665620922;-0.051372528;-0.49491882;-0.48309326
1521665620936;0.5773468;-0.14204788;0.2436142
1521665620955;0.029805183;-0.008658886;-0.5003662
1521665620975;-0.69569397;0.028829575;-0.7295532
1521665620995;-0.5544739;-0.38627625;-0.5024414
1521665621015;-0.20314789;0.244133;0.48477173
1521665621035;-0.23985672;0.7612152;0.6996002
1521665621055;-0.8627472;0.19030762;0.17457199
1521665621075;-1.3794861;0.2241478;-0.17879486
1521665621095;-1.3460388;-0.57281494;-0.30487823
1521665621113;-1.2357178;-0.6515503;-0.4509964
1521665621120;-1.3407593;-0.6113739;-0.33058167
1521665621143;-1.9205627;-0.20555878;-0.411911
1521665621153;-2.0778809;-0.28071594;-1.2835388
1521665621160;-2.1445312;-0.7719574;-1.3924866
1521665621174;-2.2515259;-0.78834534;-1.7120056
1521665621180;-2.371521;-0.7337799;-1.5007935
1521665621194;-2.571167;-0.22805023;-0.67852783
1521665621200;-2.4571533;0.28964233;-0.31765747
1521665621213;-2.2106934;0.5034485;-0.4935074
1521665621220;-1.7778931;0.21657181;-0.4638443
1521665621237;-1.486023;0.06813431;-0.9280853
1521665621239;-1.5270386;0.0070905685;-0.84155273
1521665621252;-1.6728516;0.39431763;-0.74760437
1521665621260;-1.9695435;0.7008667;-1.9024963
1521665621273;-2.520935;0.15787888;-1.9031982
1521665621279;-2.6158447;-0.2565384;-1.535492
1521665621294;-1.792572;0.14730453;-1.19104
1521665621299;-1.3219604;-0.041096687;-0.82177734
1521665621312;-1.0032043;-0.12311554;-0.8721924
1521665621325;-0.8983917;-0.02602148;-1.8251953
1521665621344;-1.1570435;-0.2517395;-1.5209961
1521665621353;-1.3831787;0.044322968;-1.9805298
1521665621371;-1.6959534;-0.021740913;-1.1946716
1521665621384;-1.2548523;-0.009817123;-0.8471527
1521665621405;-0.30397797;-0.6499634;-0.8508301
1521665621423;-0.7766266;0.3133316;-0.42515564
1521665621452;-0.94729614;-0.43071747;-0.38776398
1521665621458;-0.50224304;-0.7010956;-0.49544525
1521665621471;-0.16890335;-0.43369293;0.04092598
1521665621478;-0.13609695;0.42653656;-0.45249176
1521665621491;-0.25022125;0.4468994;0.63726807
1521665621499;-0.11692619;0.18849945;0.5312195
1521665621566;0.5066223;0.40784454;-0.27601624
1521665621570;0.8352356;-0.018570423;0.09277916
1521665621578;1.1397401;0.4851303;-0.7588806
1521665621767;3.2948616;2.0486455;1.9637452
1521665621774;0.9516907;1.9785157;5.091189
1521665621783;0.6869049;2.4049687;4.96509
1521665621797;1.183899;1.4861451;4.7601337
1521665621817;1.9228517;0.96969604;4.7374287
1521665621836;1.9553529;2.2158818;5.6235375
1521665621856;1.8007814;3.5528572;6.468631
1521665621876;1.8031312;3.4722297;4.9711933
1521665621896;1.8813478;2.893372;4.357546
1521665621916;2.5225835;-4.177246;0.89479065
1521665621930;2.5455327;-3.9847412;0.8952484
1521665621939;2.1854253;-2.9698486;-0.5198059
1521665621953;2.2199712;-4.281128;0.26171112
1521665621959;2.3510747;-4.3914795;0.12373543
1521665621973;2.740418;-4.333008;0.5876312
1521665621979;2.8461308;-4.2939453;1.1173402
1521665621995;2.2529912;-2.9403687;0.30711365
1521665622016;1.1914369;-2.7333984;-0.02188921
1521665622020;0.091033936;-2.2850342;-2.1610718
1521665622054;0.16646576;-3.8293457;-0.80836487
1521665622081;0.72398376;-3.7120972;-0.4829483
1521665622088;0.73602295;-2.7318726;-0.44250488
1521665622105;1.3253175;-2.5986938;0.81954956
1521665622114;-0.08137703;-1.3237305;-1.5567627
1521665622126;-1.3157043;3.819825;0.17473602
1521665622145;-0.80833435;0.11322212;0.77937317
1521665622157;-0.21871948;-0.82847595;-0.53648376
1521665622158;0.09594536;-1.8293762;-2.529358
1521665622172;-0.61068726;-2.314392;-3.6564941
1521665622178;-1.2469788;-2.2676392;-2.779602
1521665622197;-1.2926941;-0.16685486;-0.2998352
1521665622213;-0.2939682;-0.873703;-0.4200058
1521665622219;-0.20008087;-1.1974487;-2.8929443
1521665622243;-0.96762085;-1.7932129;-1.6139221
1521665622253;-1.78479;-0.112428665;-2.5720825
1521665622259;-2.7069092;0.7735748;-2.227356
1521665622274;-2.3897095;-0.2566986;-0.9135742
1521665622279;-1.9098511;-0.12173271;-0.84625244
1521665622293;-1.1292114;-0.37918854;-0.07570839
1521665622299;-0.31672668;-0.9553833;-0.26595306
1521665622327;-0.7668152;-0.5750122;-2.555603
1521665622343;-2.6780396;-1.8101807;-2.357483
1521665622353;-3.741211;-0.5944519;-3.2313232
1521665622361;-3.215332;-1.5582886;-1.1052856
1521665622383;-1.0703735;-1.1986694;0.36190033
1521665622393;-0.41080475;-0.2932434;0.80885315
1521665622399;-0.6132355;0.33872223;1.3062745
1521665622413;-2.6744385;-0.36147308;-2.9795532
1521665622419;-2.5505981;-0.3354721;-3.0319824
1521665622434;-3.8701172;-2.1411133;-0.23183441
1521665622438;-4.0828857;-0.78326416;-0.679657
1521665622452;-4.256714;0.00838995;-0.4313507
1521665622458;-3.032959;-1.15094;0.87275696
1521665622471;-1.7661743;-1.0316772;1.1818544
1521665622478;-1.1681824;-0.49434662;1.0961
1521665622492;-1.0726318;-0.51727295;0.09581375
1521665622500;-1.7070618;-1.2271729;-1.4533081
1521665622516;-2.6533203;-2.2751465;-1.3713684
1521665622523;-3.4630737;-2.413147;-0.471344
1521665622542;-4.220703;-1.3161926;-0.21966553
1521665622554;-3.5197754;-1.4752502;1.0777284
1521665622560;-2.1976929;-2.189331;1.0654298
1521665622574;-1.7263184;-1.8943176;0.53463745
1521665622585;-1.6802979;-1.2189026;0.26906586
1521665622600;-1.5265808;-0.97224426;-0.09179115
1521665622636;-2.6585083;-0.63009644;1.5575258
1521665622641;-2.9639893;-0.18315887;1.5008851
1521665622737;-1.6713867;-0.73298645;0.81707764
1521665622745;-1.0509033;-1.214386;0.00850749
1521665622752;-1.0132141;-0.7241516;0.08605766
1521665622759;-0.83807373;-0.43058014;0.39988708
1521665622778;-0.58244324;0.10577583;0.5757446
1521665622800;-0.11120224;-0.1440506;-0.11134148
1521665622817;0.10103035;0.29787445;-0.19877243
1521665622837;-0.3003235;0.1610794;-0.014683247
1521665622850;-0.12307739;-0.11183357;0.05335903
1521665622934;-0.16788101;-0.26865387;-0.59065247
1521665622954;-0.16127396;-0.59059143;-0.18230057
1521665622961;-0.08844566;-0.030207634;-0.030539513
1521665623026;-0.5241852;0.65538025;-0.044937134
1521665623035;-0.46458435;0.6647949;-0.13883209
1521665623038;-0.6257019;0.42941284;-0.16907883
1521665623057;-1.3055115;-0.053984642;-0.8400574
1521665623077;-1.671814;-0.24426651;-1.0874939
1521665623092;-1.6201477;-0.33114624;-0.70536804
1521665623098;-1.2675476;-0.0095124245;-0.65171814
1521665623111;-1.2727051;0.35640717;-0.54512024
1521665623118;-1.4819946;0.41452026;-0.86408997
1521665623144;-2.3012085;-0.17636871;-1.1909485
1521665623156;-2.3673096;-0.10856438;-1.8265991
1521665623163;-2.4325562;-0.14489365;-1.4814453
1521665623183;-2.1443481;0.35916138;-0.19646454
1521665623203;-1.6056213;0.3615265;-1.1853333
1521665623216;-1.8094788;0.1612091;-0.80970764
1521665623223;-2.0518188;0.49406433;-1.723877
1521665623243;-2.74292;0.45801544;-2.1292725
1521665623248;-2.8051758;0.23787689;-1.8660889
1521665623263;-2.3274536;-0.18785095;-1.3471375
1521665623276;-1.8301086;-0.096632004;-1.2009277
1521665623283;-1.3583984;0.37268066;-0.7240143
1521665623305;-1.0291443;0.8656769;-1.0960388
1521665623316;-1.3207397;0.5292511;-1.2018738
1521665623323;-1.59906;0.3406372;-1.4558411
1521665623343;-1.7253113;0.23365402;-0.907959
1521665623356;-1.3566589;0.3047638;-1.6174927
1521665623365;-1.0167847;-0.08959961;-0.5747528
1521665623384;-0.769104;0.50686646;0.53163147
1521665623395;-0.3165512;0.31482697;0.912796
1521665623401;-0.42504883;1.0935365;-0.21034622
1521665623416;-0.34494781;0.053687096;0.8281708
1521665623423;0.008584499;-0.20819092;0.15754318
1521665623487;-1.4585876;0.066316605;-0.12641907
1521665623488;-1.035492;-0.020076275;-0.93711853
1521665623537;1.3915712;1.5524293;1.9060975
1521665623542;1.0278627;2.136231;1.0064088
1521665623707;4.116457;2.0856328;5.353884
1521665623717;1.1211549;4.4837666;2.8902593
1521665623724;0.8338928;2.5643315;6.215335
1521665623734;0.8236389;2.6530766;6.565921
1521665623739;1.1412965;2.1475835;6.5064726
1521665623753;1.8062745;1.7181703;6.22449
1521665623758;2.2242436;1.3986512;6.3779325
1521665623771;2.3173223;1.7711183;5.594607
1521665623778;1.42688;2.6122441;5.799929
1521665623792;0.9467468;3.3404548;5.2795434
1521665623798;0.8229523;3.5510871;4.8154316
1521665623817;2.7068486;-4.3828125;1.5371705
1521665623832;3.1195686;-4.498535;1.0716249
1521665623838;3.0761726;-4.793213;0.8412018
1521665623851;3.0297248;-4.7873535;0.96765137
1521665623858;2.8234868;-4.7890625;0.846344
1521665623873;2.3196416;-4.368164;-0.065029144
1521665623879;1.8893434;-4.590332;0.8011322
1521665623894;2.2593389;-4.7061768;1.1683046
1521665623902;1.8367921;-3.3995361;-0.44413757
1521665623916;1.4390565;-3.5325317;0.18239975
1521665623923;1.8698732;-3.9476929;0.7319336
1521665623945;1.5690919;-3.2201538;-0.60079956
1521665623952;1.2313539;-3.434082;0.09367752
1521665623967;0.64234924;-2.4017334;0.08602333
1521665623985;0.66093445;-2.4906616;1.7684633
1521665623999;0.31628418;-2.154358;-1.4064026
1521665624024;-0.33078003;-2.8928833;-2.5681152
1521665624030;-1.5090942;-2.4440918;-4.2386475
1521665624068;-2.3746948;-2.010254;-3.4196777
1521665624085;-0.24391174;3.48816;2.5396123
1521665624088;0.37582397;3.3230598;3.1665046
1521665624106;0.6410217;0.9181061;-1.216156
1521665624115;-3.2959595;0.50849915;-1.4506226
1521665624122;-2.0958862;-0.3567276;-0.00810194
1521665624134;-0.80825806;-0.7072754;-1.8107605
1521665624139;-0.98054504;-1.1140442;-3.0286865
1521665624153;-0.78131104;-1.9454346;-1.0291748
1521665624158;-1.058136;-0.26737976;-2.3342896
1521665624172;-2.3776245;0.6285858;-2.2374878
1521665624179;-2.5354614;-0.33364105;-0.9670563
1521665624193;-2.2044067;0.12733841;-0.4423523
1521665624200;-1.8524475;1.4720765;0.58447266
1521665624213;-1.0587769;1.7907411;1.8968202
1521665624220;-0.82891846;1.2325135;-1.6679077
1521665624236;-2.6900635;-0.9989929;-1.4747314
1521665624240;-3.2141113;-0.104084015;-1.0727539
1521665624254;-4.0126953;1.307068;-1.5831604
1521665624261;-3.3370361;0.25437927;0.027022839
1521665624275;-1.5360718;-0.64094543;1.3173524
1521665624282;-0.954422;0.43554688;1.4012758
1521665624296;-0.920578;0.84213257;1.4956056
1521665624302;-1.7825928;0.43932343;-1.9926147
1521665624315;-3.3165894;-0.17951202;-2.4901733
1521665624324;-4.0025635;-1.3747864;-0.5754852
1521665624344;-3.8034058;-0.7358856;-1.56781
1521665624349;-4.4158936;-0.9201355;-1.6826477
1521665624363;-2.852295;-2.6782837;-0.40839386
1521665624375;-2.5671387;-1.2752686;0.65963745
1521665624383;-2.1436768;-0.42942047;0.9767456
1521665624396;-2.0333252;-0.83125305;-1.077301
1521665624402;-2.6895752;-1.9598999;-1.6033936
1521665624415;-3.220581;-2.6522217;-0.88648987
1521665624425;-3.6885986;-1.8580627;-0.65008545
1521665624445;-4.0742188;-1.2564392;-0.5935211
1521665624450;-3.8372803;-1.4933167;-0.031214714
1521665624465;-1.9943848;-0.80914307;1.8676454
1521665624475;-1.5726318;0.45510864;1.6282045
1521665624482;-1.9104614;-0.48326874;0.0670948
1521665624503;-2.8596802;-1.7153625;0.97328186
1521665624515;-2.9261475;-1.0925903;1.092743
1521665624522;-2.8544922;-0.26841736;0.90812683
1521665624546;-2.5449219;-0.7835846;1.3249818
1521665624553;-2.2841187;-0.90800476;1.8011476
1521665624566;-1.9248047;-0.6606903;1.7687684
1521665624587;-1.9985657;-1.566864;-0.53266907
1521665624605;-2.0254517;-2.3233032;0.6093292
1521665624706;-0.75572205;-0.3285141;0.4671402
1521665624713;-0.4808731;-0.041540146;0.61912537
1521665624741;-0.21878052;-0.15517426;0.8652954
1521665624753;-0.10874367;-0.043738365;0.7827759
1521665624759;-0.19826889;-0.012148857;0.7855377
1521665624773;-0.43521118;-0.09251213;0.33423615
1521665624779;-0.46080017;-0.55581665;-0.019088745
1521665624793;-0.307312;-0.6217346;0.04091263
1521665624799;-0.33988953;-0.16143036;0.16132736
1521665624812;-0.17116547;0.06455612;0.40086365
1521665624957;0.5002594;1.0542604;0.56303406
1521665624965;-0.17975235;0.6474457;-0.22507477
1521665624974;-0.41345978;0.46836853;-0.44461823
1521665624980;-0.58187866;0.38742065;-0.66708374
1521665624994;-0.79400635;0.28860474;-0.7861481
1521665625000;-0.8918915;0.2656479;-1.1177368
1521665625014;-1.0418396;0.2460823;-0.9235382
1521665625019;-1.3077087;0.14816284;-0.58148193
1521665625034;-1.6000366;0.2878418;-0.5608673
1521665625039;-1.6031799;0.14949036;-0.75346375
1521665625053;-1.5273743;-0.094062805;-0.9217987
1521665625059;-1.4229431;-0.26913452;-0.814209
1521665625073;-1.5273743;0.028133392;-0.755188
1521665625079;-1.7344666;0.035826683;-0.5294342
1521665625092;-2.0228882;0.013741016;-0.58569336
1521665625099;-2.2764282;0.081653595;-1.176239
1521665625112;-2.4935303;0.045326233;-1.429657
1521665625120;-2.6343994;-0.0105576515;-1.3811646
1521665625134;-2.7444458;0.09698677;-1.3901367
1521665625140;-2.340088;0.0036673546;-2.359192
1521665625153;-2.4968262;-0.22118759;-2.0048218
1521665625159;-2.4540405;-0.020592213;-1.3728943
1521665625173;-2.3057861;0.3357544;-1.5722351
1521665625179;-1.9333801;0.5133362;-1.5235596
1521665625192;-1.7432556;0.5263672;-1.5406189
1521665625199;-1.8375244;0.62361145;-1.2538147
1521665625216;-2.0947266;0.75572205;-2.0304565
1521665625224;-2.274231;0.40007782;-1.9443359
1521665625244;-2.256775;0.36251068;-2.1426392
1521665625249;-2.1299438;0.6903229;-2.0995483
1521665625267;-1.861145;0.6090393;-1.2936707
1521665625284;-1.3522034;0.789505;-0.41627502
1521665625303;-1.1243286;0.9258423;-1.3362427
1521665625316;-1.5056152;0.4840927;-1.8673096
1521665625327;-2.1361694;-0.15768433;-2.031372
1521665625345;-2.6642456;-0.1480217;-1.3891907
1521665625357;-0.9807739;0.111730576;-0.94618225
1521665625363;-0.08614349;-0.1823082;0.14574051
1521665625447;-0.8920288;0.25253296;-0.67811584
1521665625454;1.1173402;0.967865;1.6009523
1521665625464;1.2053529;0.8160248;1.7576905
1521665625475;0.85809326;1.2726747;1.5305787
1521665625491;0.48151398;1.4046937;1.2111207
1521665625504;-0.0023782253;1.1189271;1.5396119
1521665625514;0.49941254;1.0762025;2.646546
1521665625527;0.98117065;2.0332036;1.9652406
1521665625535;1.6683351;2.0821538;3.1137092
1521665625542;2.0036016;1.6564943;4.196413
1521665625697;1.9805909;2.257935;5.33948
1521665625702;1.7023317;1.8286134;6.4211454
1521665625712;1.6826478;2.531983;6.5022
1521665625719;2.967774;-4.867798;2.9639897
1521665625734;3.2012947;-5.0091553;2.3009648
1521665625740;3.0983894;-4.9732666;1.798462
1521665625754;2.797974;-4.9405518;1.4505922
1521665625760;2.4937139;-4.5129395;1.2055055
1521665625773;2.485352;-4.1744385;1.0171815
1521665625780;2.733582;-4.241333;1.3130494
1521665625793;3.0863655;-4.5196533;1.3819886
1521665625800;3.1338508;-4.701416;1.3605653
1521665625813;2.900391;-4.562256;1.0072328
1521665625820;2.601624;-3.9038086;0.5620575
1521665625845;2.2434087;-3.6326294;-0.14108658
1521665625856;1.3047181;-3.0060425;-0.119571686
1521665625863;1.4087831;-3.4091187;0.7210541
1521665625877;1.3593446;-3.178955;0.4070511
1521665625883;1.2275087;-3.2410278;0.2808609
1521665625904;1.3346254;-3.1400146;-0.3412552
1521665625916;0.9199829;-2.6637573;-0.39704895
1521665625923;0.57162476;-2.3694458;-1.1742859
1521665625942;-0.24829102;-2.2576294;-1.5794983
1521665625955;-0.5218048;-2.3586426;-2.2305298
1521665625964;-0.39710236;-2.9472046;-1.5928955
1521665625977;-0.2360344;-2.4065552;-2.8464966
1521665625983;-0.3190689;-2.2945557;-2.536438
1521665625998;0.47116852;-2.859192;-1.3817444
1521665626015;1.0413514;-2.5568848;-0.4958496
1521665626021;0.82318115;4.42029;1.9913331
1521665626046;-1.7659302;4.872072;0.5789032
1521665626065;-0.9401398;0.6950073;-0.068193436
1521665626085;0.7566376;0.7154999;2.8890386
1521665626104;-0.08082962;0.35016632;0.0054912567
1521665626117;-1.2606812;-1.5713196;-3.18219
1521665626127;-2.1564941;-2.7010498;-4.6065674
1521665626142;-3.5474243;-1.7053833;-2.5805664
1521665626155;-3.4748535;-1.0426941;-2.1680908
1521665626163;-2.5576782;-2.1039429;-0.256485
1521665626176;-1.171814;-1.9675293;1.370514
1521665626182;-0.58862305;-1.2546082;0.22448349
1521665626217;-0.7466736;-1.3117676;-1.7055664
1521665626226;-4.392334;-0.88949585;-2.2085571
1521665626243;-5.2839355;0.95280457;0.50064087
1521665626256;-3.4586182;0.7311859;2.5144658
1521665626263;-1.431427;1.5291139;2.3765264
1521665626277;-0.92858887;2.065247;-1.2911072
1521665626283;-2.1622314;0.7434082;-3.1519775
1521665626297;-3.3955688;0.02129507;-1.6051025
1521665626302;-3.9641113;0.49689484;0.66656494
1521665626316;-4.117798;1.3989869;0.42261505
1521665626323;-3.392334;0.6312866;-0.4311676
1521665626347;-1.4111938;-0.82681274;0.5380554
1521665626358;-1.2012634;0.0058846474;0.9893341
1521665626369;-1.3191833;0.1366806;-0.36948395
1521665626385;-2.7231445;-2.4979248;-1.9807129
1521665626407;-3.3729858;-2.4377441;-0.07011223
1521665626424;-2.687561;-2.043213;0.6513977
1521665626456;-1.7210999;-1.1066895;1.7440797
1521665626463;-1.8215942;-0.7908478;1.4234315
1521665626472;-1.9909668;-0.8024292;-0.74842834
1521665626484;-3.3081665;-2.3635864;0.58836365
1521665626515;-4.0478516;-0.5736389;1.7138368
1521665626596;-2.8150024;-0.9355011;2.174622
1521665626607;-1.7088928;-0.6930542;1.453888
1521665626609;-1.2314148;-1.0659485;0.68447876
1521665626626;-1.0853882;-1.2961426;-0.82821655
1521665626685;-0.21924973;0.9701996;0.08051872
1521665626695;0.098947525;0.3514328;-0.20137024
1521665626701;0.07977295;0.3400116;-0.45846558
1521665626713;-0.1905098;0.65771484;-0.7627411
1521665626720;-0.16475677;0.7924652;-0.6931
1521665626742;-0.0757103;0.6823425;-0.28440094
1521665626757;0.08454895;0.39126587;-0.1717453
1521665626784;-0.038535118;-0.56825256;-0.08980751
1521665626837;-0.2816925;-0.6038666;-0.7791748
1521665626844;-0.5826721;0.32939148;-0.064626694
1521665626855;-0.52371216;0.27529144;-0.11774826
1521665626862;-0.69569397;0.40744781;-0.004565954
1521665626874;-0.7944641;0.4741516;-0.5218353
1521665626881;-0.98753357;0.34792328;-1.1021118
1521665626894;-1.1969299;-0.1213398;-1.0533142
1521665626901;-1.290802;0.014393806;-0.7338257
1521665626915;-1.2195129;0.34868622;-0.78996277
1521665626922;-1.02594;0.20555496;-0.7883606
1521665626937;-1.1965332;0.019931316;-0.5138092
1521665626942;-1.0816956;0.09889412;-0.3702469
1521665626955;-1.1991272;0.78266907;-1.4350586
1521665626962;-1.6167603;0.50109863;-1.3615417
1521665626975;-2.0488892;0.46313477;-1.6334839
1521665626982;-2.3996582;0.34376526;-1.7370605
1521665626994;-2.3519897;0.12400818;-1.6276245
1521665627002;-2.2435913;0.23124313;-1.4525757
1521665627015;-1.9290466;0.41862488;-1.2167969
1521665627022;-1.8162537;0.7671051;-1.3432922
1521665627039;-2.1039429;0.68714905;-1.0326538
1521665627048;-1.9723511;0.48137665;-1.8055115
1521665627062;-2.2703247;0.16799927;-1.9741516
1521665627068;-2.5131836;-0.06953812;-1.8865051
1521665627081;-2.6273804;0.31676483;-2.1553345
1521665627088;-2.6230469;0.34597778;-1.840332
1521665627100;-2.6536255;0.19547272;-0.8978882
1521665627108;-2.3912354;0.58569336;-0.6321564
1521665627127;-1.4042053;0.804245;-0.65075684
1521665627145;-1.5691528;1.1018983;-2.4509888
1521665627149;-1.7174988;0.6065979;-1.5154419
1521665627163;-1.9456482;0.8782654;-1.086792
1521665627168;-2.180664;1.1766969;-0.47322845
1521665627186;-0.5023804;0.98765564;-0.5732422
1521665627200;-0.34999847;0.7858887;-0.24251556
1521665627208;-0.63957214;0.27387238;-0.84062195
1521665627227;-1.5599976;-0.060165405;-0.98677063
1521665627248;-1.6264648;-0.35193634;-0.041316032
1521665627267;-0.7540436;-0.36271667;0.9253235
1521665627293;0.35385132;0.26630402;1.7040101
1521665627310;-0.20247269;0.9641113;1.2799379
1521665627366;-1.585083;-0.2509308;-1.3840942
1521665627385;1.0222169;3.3295295;2.9308476
1521665627583;1.0068055;1.9814149;5.1599145
1521665627603;1.6128541;2.0523076;5.0943627
1521665627616;1.2243959;2.72815;5.5643334
1521665627622;1.7379152;-4.092407;3.1058967
1521665627636;1.9573671;-4.0943604;2.4624639
1521665627642;2.499207;-4.61145;2.3159184
1521665627655;2.7095952;-4.4335938;2.084412
1521665627661;2.967957;-4.21875;1.543213
1521665627675;2.7357183;-4.1054688;1.419922
1521665627682;2.596558;-4.2869873;1.4556886
1521665627695;2.3148198;-4.234131;1.3649293
1521665627701;2.0454717;-3.987976;1.1815797
1521665627715;2.1186528;-4.065674;1.611725
1521665627721;1.8822328;-3.588379;0.86756897
1521665627737;1.8554994;-3.4307861;0.88668823
1521665627742;2.2009892;-3.8556519;0.591629
1521665627756;2.193421;-3.822876;0.29963684
1521665627762;2.2011724;-4.190674;-0.05324936
1521665627775;1.532776;-4.0076904;-0.33420563
1521665627785;0.9232483;-3.519287;0.6597748
1521665627804;0.75772095;-1.6222839;1.3974
1521665627826;0.8824158;-2.3945923;-1.8899536
1521665627855;-0.6069336;-2.7349243;-2.885498
1521665627867;1.0216981;-1.2324219;0.6583557
1521665627885;1.6466066;-1.5653381;0.18001938
1521665627890;1.6041261;-2.730774;-0.7585144
1521665627913;-1.4729614;3.387635;-0.64875793
1521665627936;-3.4021606;3.0425422;0.021813393
1521665627966;-2.0621338;2.1533818;2.686829
1521665627974;0.9533081;0.15875626;1.9942018
1521665627987;-0.56547546;0.7196045;-1.2224731
1521665628006;-2.135437;-0.24485397;-0.81533813
1521665628011;-4.029785;0.78575134;-2.5714111
1521665628023;-5.3980713;0.6977539;-0.89230347
1521665628036;-4.5480957;0.27973175;0.30203247
1521665628055;-2.9116821;0.92741394;0.089603424
1521665628065;-1.1715698;0.44069672;1.6474305
1521665628070;-0.035456657;0.49488068;2.2123418
1521665628147;-3.7966309;-2.3306274;-0.9566803
1521665628155;-2.3380737;-0.18711472;0.78175354
1521665628166;-2.0787964;-0.8434448;-2.6898193
1521665628176;-3.3621826;-1.9771729;0.7856293
1521665628184;-4.4177246;-0.11634827;0.29325104
1521665628196;-4.984619;0.9188843;-0.94000244
1521665628203;-4.817383;-0.6828613;-0.16506195
1521665628217;-3.2990723;-2.218811;0.3753357
1521665628224;-2.2301025;-1.8214722;-0.70799255
1521665628244;-1.9906921;-1.3598633;-3.717163
1521665628261;-2.5210571;-2.3084106;-1.8713379
1521665628268;-3.4307861;-2.749878;0.051763535
1521665628281;-3.9863892;-1.6641235;-0.24803543
1521665628289;-4.3797607;-0.7342987;-1.0147705
1521665628304;-3.7028198;-1.3502502;0.32936096
1521665628309;-2.2640991;-0.89453125;1.0202943
1521665628323;-1.3542175;1.082306;0.88049316
1521665628331;-1.3931885;0.9315796;0.39091492
1521665628355;-2.3034058;0.16152573;1.8323671
1521665628374;-2.796936;0.7352295;1.2638551
1521665628386;-2.6783447;0.2540207;0.9292145
1521665628391;-2.3934326;-0.6576538;1.0562745
1521665628407;-2.18042;-1.3605042;1.1340638
1521665628442;-1.8416443;-1.3655701;0.6753082
1521665628455;-1.3193359;-2.460205;1.0924684
1521665628471;-1.2676086;-2.2728882;1.076111
1521665628526;-1.4864807;-1.8856506;0.77767944
1521665628534;-2.0320435;-1.7564392;1.014557
1521665628547;-2.4172363;-1.8377991;1.3016969
1521665628555;0.4402237;1.8927308;0.41801453
1521665628565;0.17290115;1.8315431;-0.55781555
1521665628587;0.3602829;2.3920293;0.19541168
1521665628597;0.8569336;1.9356691;-0.44230652
1521665628604;0.7628479;1.433777;-0.74468994
1521665628624;0.793808;1.7661744;-0.4329071
1521665628637;0.7508087;1.7771302;-0.22210693
1521665628643;0.71476746;1.5915834;-1.0065308
1521665628656;0.81796265;1.1728517;-1.4608154
1521665628663;1.070038;1.2731019;-1.454071
1521665628676;1.1902162;1.3547059;-1.3761902
1521665628683;1.0440065;1.5122377;-1.5140991
1521665628755;0.9201813;1.7554628;-0.8637848
1521665628767;0.7697754;1.5582582;-1.180481
1521665628774;0.5784149;1.8089296;-0.78538513
1521665628781;0.30645752;1.7316896;-0.34037018
1521665628794;-0.002146721;1.468506;-0.22416306
1521665628799;-0.22611618;1.2908632;-0.55407715
1521665628877;-1.1762695;0.91044617;-0.9845123
1521665628883;-1.4885559;0.35175323;-1.4570923
1521665628896;-1.259552;0.32949066;-1.5680542
1521665628903;-1.3346863;0.246315;-1.3139648
1521665628916;-1.6044312;0.3434143;-1.2541504
1521665628923;-1.8589478;0.5609436;-0.8207245
1521665628944;-1.83078;1.1249696;-1.3009949
1521665628964;-2.2075195;1.159607;-1.1901245
1521665628977;-2.4136353;1.3700868;-0.8056183
1521665628984;-1.6963196;1.3446046;-1.2521667
1521665628998;-1.4030457;1.0233155;-2.0442505
1521665629009;-1.6558838;0.45022583;-2.6600342
1521665629023;-2.3883057;-0.12888336;-2.8080444
1521665629029;-2.8549805;-0.37030792;-1.890625
1521665629053;-1.9597168;0.5426941;-0.9078064
1521665629065;-0.9522705;0.4343872;-1.1533203
1521665629070;-0.6133728;0.4821396;-1.9895935
1521665629084;-0.9534302;-0.33081055;-0.84902954
1521665629089;-1.180481;0.25325012;-1.5995789
1521665629105;-1.7973022;0.6138153;-2.2236938
1521665629109;-2.0812988;-0.12844086;-0.7552643
1521665629124;-1.6075134;0.24117279;-0.57318115
1521665629129;-1.1869507;0.9690552;-0.43219757
1521665629147;-0.72865295;0.97250366;-0.55848694
1521665629152;-0.12182617;0.6816559;-0.4846344
1521665629163;-0.1583786;0.07851982;0.58847046
1521665629169;-0.2581482;0.7580719;-0.22110367
1521665629184;-0.7013397;0.67160034;-0.62239075
1521665629203;-1.0830994;0.3297577;-0.33894348
1521665629208;-0.9972992;0.1812172;0.32723236
1521665629224;0.3378296;-0.021565437;1.5944215
1521665629229;0.95233154;-0.17263412;0.8568115
1521665629254;1.3472902;-1.303833;0.7151947
1521665629335;-0.6641388;0.41902924;0.47156525
1521665629342;2.3126225;3.571717;3.1712043
1521665629348;2.5325933;2.4691777;3.453797
1521665629365;1.7136232;1.6283876;2.5864263
1521665629436;2.2724614;1.573578;2.8508306
1521665629438;2.690186;2.7100224;3.064698
1521665629542;3.1474617;2.5593266;3.5885627
1521665629557;1.0993043;1.9247133;6.2543974
1521665629564;0.97447205;2.2937016;5.2919946
1521665629584;1.3604738;2.7706914;5.429934
1521665629597;1.7214967;2.7568364;4.854128
1521665629605;1.9098512;2.6179204;4.493532
1521665629617;1.9071351;2.3978887;4.5150166
1521665629624;1.8179322;2.4879766;4.42737
1521665629643;1.8920289;3.2393806;4.3792744
1521665629663;1.9531251;2.9328618;4.034914
1521665629677;2.0879521;2.6351933;4.706423
1521665629683;1.9708863;2.9617314;4.7124043
1521665629697;1.5391542;3.1938484;3.9879768
1521665629704;0.8419037;3.4677742;3.9946296
1521665629717;0.63119507;3.4927986;4.1829853
1521665629727;-0.046593666;4.678591;2.9589238
1521665629743;-0.164505;4.0377216;3.2461555
1521665629748;0.21166992;3.078492;3.3712776
1521665629767;0.47278595;3.0669563;2.790711
1521665629787;-0.5057831;3.7251594;1.8830873
1521665629801;-1.3355408;4.2003193;1.2859193
1521665629808;-1.3358765;3.4056404;1.4178163
1521665629823;-0.7550812;3.2929695;0.9365692
1521665629831;-0.40673065;2.1756597;0.48097992
1521665629849;0.06328964;0.93821716;1.1314393
1521665629865;0.28873444;0.49217987;0.58392334
1521665629870;-0.028410435;0.21234131;1.6252137
1521665629894;-1.3405457;0.9730377;-1.0240784
1521665629913;-1.616394;-0.04384613;-0.6051636
1521665629927;-1.1507568;-0.8043213;0.65844727
1521665629930;-1.0754089;-0.25711823;-1.6041565
1521665629957;-2.11615;-0.100767136;-1.8806458
1521665629971;-2.8760986;0.12957764;-2.1971436
1521665629982;-1.9634094;-1.1679993;-1.5956116
1521665629994;-1.5284729;-1.2334595;-1.4085083
1521665630001;-1.707489;-0.81663513;-0.5935211
1521665630013;-1.534668;-0.38705444;0.27392578
1521665630027;-1.7479248;-0.16376495;-2.081482
1521665630033;-2.656189;-0.047242165;-2.5410767
1521665630063;-2.856079;-0.6075592;-0.0656147
1521665630073;-3.842102;0.7974701;-1.477478
1521665630080;-3.5740967;-0.36304474;-0.74528503
1521665630094;-2.6446533;0.3048172;0.83865356
1521665630101;-2.1228638;0.8775482;1.0732118
1521665630108;-2.1430054;0.5547333;-1.3349609
1521665630130;-3.534668;-0.82110596;-0.6035309
1521665630149;-3.909912;-1.0455627;-0.54867554
1521665630167;-2.8200073;-1.2671814;1.2297364
1521665630180;-2.2745361;-0.9142914;1.2306215
1521665630190;-2.1427612;-0.97766113;-0.5331726
1521665630205;-3.0541382;-1.6694641;0.09170723
1521665630225;-4.0407715;-0.2928543;0.5420532
1521665630245;-3.10437;-1.5109558;1.4612123
1521665630273;-2.3165283;-0.861969;1.0563661
1521665630284;-2.3267212;-0.54008484;1.0600892
1521665630290;-2.413208;-0.8430939;1.0166322
1521665630306;-2.7077637;-0.8404236;1.2144166
1521665630311;-2.7358398;-0.68870544;1.5325319
1521665630330;-2.788025;-0.91030884;1.0018922
1521665630365;-2.6566772;-1.2373352;0.17172241
1521665630427;-2.3914185;-1.7025146;0.77893066
1521665630432;-1.8473816;-1.1072083;0.7722473
1521665630472;-1.3291016;-1.2201843;0.4799118
1521665630486;-1.4681702;-0.95103455;-0.15873337
1521665630496;-0.79052734;0.06762314;0.11024475
1521665630511;-0.264122;-0.31274414;0.06656265
1521665630525;-0.16761398;-0.2897339;-0.23574448
1521665630541;-0.008562088;0.13275528;-0.269516
1521665630549;0.17367172;-0.43312073;-0.61421204
1521665630567;0.022630692;-0.16119766;-0.5211487
1521665630587;-0.024023056;0.28343964;-0.1952591
1521665630627;-0.03906536;0.08639526;-0.44042206
1521665630629;-0.4838028;0.22761536;-0.43991852
1521665630645;-0.55563354;-0.18817139;-0.5831146
1521665630666;-0.8412781;0.11430931;-0.1388588
1521665630685;-0.94332886;0.6334839;-0.53344727
1521665630705;-1.4112244;0.5019989;-0.5984955
1521665630725;-1.7995605;-0.08997345;-0.49092865
1521665630745;-1.85672;-0.1894455;-0.8011017
1521665630765;-2.2391357;0.36478424;-0.43865204
1521665630785;-2.106079;0.5558014;-0.9418335
1521665630805;-2.756958;0.32308197;-2.697998
1521665630825;-3.3897705;-0.23683548;-1.5122375
1521665630846;-2.749817;0.93510437;-1.2037659
1521665630866;-1.8225708;1.1028444;-0.6984863
1521665630885;-2.0045166;1.8471986;-1.1656189
1521665630905;-2.2768555;0.89302063;-2.0080566
1521665630925;-2.4086304;0.73472595;-2.0285034
1521665630946;-1.9143372;0.50683594;-0.33903503
1521665630965;-0.8235779;0.048345566;-0.12135887
1521665630985;-1.0705872;0.20132828;-1.083252
1521665631006;-1.5341492;0.09959221;0.31346893
1521665631025;-0.7447815;-0.44364166;-0.111061096
1521665631112;-0.89172363;-0.098041534;0.17422104
1521665631127;-0.36049652;0.23222733;0.22221375
1521665631129;-0.36559296;1.0182496;1.3056031
1521665631177;1.6840211;1.2470704;1.649933
1521665631186;2.084351;1.5386049;2.490296
1521665631345;2.132874;3.403199;2.211182
1521665631357;1.5145875;2.1389165;4.86487
1521665631365;1.4733888;3.0089118;6.6750517
1521665631385;1.764496;3.1049201;5.7141137
1521665631405;1.9461061;2.6384282;6.590701
1521665631426;2.848267;-4.6829834;3.8099983
1521665631445;2.883057;-4.581665;2.8701787
1521665631460;3.1096199;-4.7021484;2.6461186
1521665631482;2.4874883;-5.0388184;0.7980652
1521665631488;2.5298467;-4.8516846;0.7819519
1521665631507;2.834412;-4.44751;0.95591736
1521665631509;3.3538826;-4.2890625;1.0586244
1521665631527;3.6785896;-4.425537;1.4144899
1521665631556;3.2897346;-4.262207;1.2465516
1521665631567;3.0382087;-4.3345947;1.2011415
1521665631569;2.4203496;-3.7189941;0.7618866
1521665631586;1.7693483;-2.3638306;0.6595154
1521665631606;2.27887;-2.7111206;0.65852356
1521665631626;2.209412;-3.3964233;0.60583496
1521665631645;2.2333379;-3.024353;1.2533876
1521665631675;0.8442688;-1.3721313;0.30923462
1521665631697;0.62483215;-1.595459;-0.17112732
1521665631704;0.11194229;-1.3594666;-1.4471741
1521665631708;0.45306396;-2.8322754;-0.86701965
1521665631764;0.32835388;-2.197876;-0.23830414
1521665631771;-0.16033173;-2.392334;-2.142517
1521665631780;-1.2123413;-2.286316;-3.093933
1521665631793;-2.3743286;-1.5505676;-2.9019775
1521665631806;-0.9664917;-0.75849915;0.064676285
1521665631826;1.405243;-1.3417969;0.7836914
1521665631846;0.0022671223;-0.84651184;-1.6222839
1521665631866;-1.7086182;0.47872162;-0.30897522
1521665631886;-1.8129272;2.6482549;1.6506349
1521665631906;-0.11910057;-1.1003113;-1.9187927
1521665631935;-1.8784485;-1.2812195;-3.4055176
1521665631964;-3.260254;-1.3739014;-1.4732971
1521665631969;-1.7656555;-1.1428223;1.0981447
1521665631980;-0.8001404;0.35186768;0.505661
1521665632026;-3.1085205;-0.18292618;0.043935776
1521665632160;-2.49469;-0.92770386;-0.71138
1521665632187;-3.7347412;-0.77856445;-0.07021141
1521665632206;-3.2686768;-1.343689;0.7783203
1521665632226;-2.7565308;-0.36102295;0.7366028
1521665632246;-2.7266235;-0.22061157;0.6192322
1521665632267;-3.1587524;-0.93032837;0.81900024
1521665632286;-3.199768;-1.1890869;0.55599976
1521665632306;-2.9421387;-1.5263672;-0.5426636
1521665632326;-2.7853394;-1.473938;1.3530275
1521665632347;-2.4649658;-1.2190247;0.9918976
1521665632366;-2.1799316;-1.4485168;0.4473877
1521665632386;-2.2229614;-1.1975708;0.2076149
1521665632407;-1.8609619;-1.2434387;1.39209
1521665632426;-1.591919;-0.60287476;1.6591798
1521665632441;-1.3613586;-0.5590515;1.2850038
1521665632449;-1.5815125;-0.5375061;1.2850038
1521665632467;-1.7223206;-0.8357239;0.4141693
1521665632482;-1.6343994;-1.1498413;-0.059056282
1521665632488;-1.4941406;-1.0667114;0.6100464
1521665632504;-1.1026306;-1.1335754;1.7771913
1521665632510;-0.70233154;-0.76405334;1.9789125
1521665632524;-0.77497864;-0.05668354;1.2869874
1521665632531;-0.8100586;-0.23350525;0.661911
1521665632553;-0.89151;-0.65715027;0.43482208
1521665632564;-0.7826538;-0.6037903;0.06687546
1521665632570;-0.39647675;-0.18954849;-0.35845184
1521665632581;-0.05467987;-0.079021454;0.3748703
1521665632588;0.21024704;0.12707901;0.87242126
1521665632603;0.21769333;0.24513245;0.49153137
1521665632610;0.11413765;0.14186859;0.1958847
1521665632624;0.06637001;-0.00122118;-0.41929626
1521665632630;0.16044617;-0.07516861;-0.6774292
1521665632657;0.29589844;-0.056041718;-0.2600708
1521665632664;0.45899963;0.723999;0.03246975
1521665632676;0.4640274;0.6142731;0.3815918
1521665632684;0.2550354;0.49819183;0.09775162
1521665632694;0.19335556;0.29301453;-0.10666466
1521665632705;0.18471146;0.07298279;-0.41262817
1521665632710;0.073783875;-0.25125885;-0.44226837
1521665632731;-0.14390564;-0.4668045;0.16338348
1521665632755;-0.026873589;-0.19869995;0.30984497
1521665632759;0.049696922;0.11714935;-0.12564468
1521665632775;-0.3554077;-0.21504974;-0.34259796
1521665632785;-0.6250763;-0.24006271;-0.29877472
1521665632795;-0.7953186;-0.12734604;-0.16594315
1521665632805;-0.6625061;-0.030632496;-0.2674179
1521665632811;-0.6229706;-0.011292934;-0.46189117
1521665632834;-0.635376;-0.05684948;0.16519165
1521665632854;-0.86769104;-0.05555725;-0.5860596
1521665632875;-1.3865051;0.004693508;-0.8894806
1521665632884;-1.566864;-0.11251068;-0.6366577
1521665632891;-1.6758423;-0.024610996;-0.53193665
1521665632905;-1.535492;-0.15133667;-0.47372437
1521665632911;-1.5378723;-0.17360687;-0.57266235
1521665632935;-1.6542053;0.11515617;-0.52560425
1521665632954;-1.923584;0.15818024;-0.93515015
1521665632964;-2.1293335;0.24671555;-1.399353
1521665632972;-2.8936157;-0.07389641;-1.3921814
1521665632986;-2.9829102;0.030883789;-0.9240265
1521665632992;-2.6062012;0.065216064;-0.70687866
1521665633016;-2.140808;0.0688591;-0.99105835
1521665633026;-1.7317505;0.045399666;-1.8901367
1521665633116;-1.8966064;0.058465004;-1.95578
1521665633126;-2.9494019;-0.50361633;-3.4453735
1521665633136;-0.9684601;0.53504944;-1.3388062
1521665633152;-1.2287292;0.81466675;-1.5242615
1521665633161;-1.1991882;0.90579224;-1.3504639
1521665633168;-0.68159485;0.9514313;-0.7307892
1521665633181;-0.5792084;1.0991517;-0.8089905
1521665633188;-0.6603699;0.74710083;0.036216736
1521665633216;-0.9616089;1.3045655;0.2491417
1521665633222;-0.64097595;0.41204834;0.8401642
1521665633229;-0.553421;0.5420227;-0.78437805
1521665633244;-0.95170593;0.10005951;0.29579163
1521665633250;-0.36306763;-0.7350311;1.6501161
1521665633264;-0.16908264;0.19442368;1.0184938
1521665633270;-0.34862518;0.4297409;0.74842834
1521665633286;-0.31040192;0.006067276;1.079712
1521665633290;-0.6100769;0.16854477;-0.14411163
1521665633303;-0.51841736;-0.26721954;0.36080933
1521665633309;-0.47816467;-0.3636551;0.47821045
1521665633324;-0.20178604;-0.04080105;0.2114029
1521665633332;0.60194397;-0.16640091;1.8368531
1521665633352;1.380768;0.53479004;1.9622804
1521665633361;1.9454652;0.64964294;2.7638555
1521665633375;1.9761354;2.0612187;1.1810609
1521665633395;1.2319337;1.84964;2.6611333
1521665633413;1.5928651;2.8977056;2.9718022
1521665633426;2.436707;2.1082768;4.196047
1521665633431;3.2620857;2.148682;3.7673347
1521665633456;2.8887944;2.8947759;5.1652856
1521665633471;2.2294927;3.2255867;5.020022
1521665633485;2.8911138;2.2797856;5.24927
1521665633495;3.05243;2.0742192;4.7183857
1521665633505;2.9127202;1.8241884;5.4067407
1521665633512;2.8075566;1.9033815;5.386477
1521665633533;1.5131227;2.8843389;6.44263
1521665633553;1.3492433;2.3953862;6.8886747
1521665633566;1.8593446;1.350464;6.322757
1521665633573;2.2714849;0.39987183;5.9241967
1521665633595;2.1925054;0.78564453;5.074343
1521665633607;2.7338872;-5.92334;2.1286626
1521665633612;2.2312627;-5.084717;2.2952886
1521665633633;2.160584;-4.571533;2.0797124
1521665633638;2.3735356;-4.6328125;2.0280766
1521665633656;2.7991948;-4.600464;1.6059266
1521665633667;2.9900517;-4.7574463;0.7489624
1521665633675;3.31482;-5.3896484;0.5986023
1521665633687;3.2894905;-4.928833;0.97442627
1521665633693;3.1657722;-4.213379;0.90335083
1521665633707;3.1711433;-3.899475;1.1961061
1521665633713;2.9224248;-3.6951904;1.1558229
1521665633726;2.9302373;-3.7902832;1.4967653
1521665633736;3.1159065;-3.7495728;1.1711732
1521665633754;3.0867317;-4.645508;0.80662537
1521665633759;2.42627;-3.9181519;0.28738403
1521665633772;1.2780763;-2.3497925;1.9973756
1521665633786;1.0361024;-1.7788391;-0.47633362
1521665633792;0.49545288;-2.199463;-1.9131775
1521665633805;0.7922363;-4.130615;-0.8895874
1521665633812;0.6945801;-3.873291;-1.260315
1521665633824;0.7505951;-2.8324585;-1.0984802
1521665633835;1.7554017;-3.6137085;0.5340729
1521665633855;2.0003667;-3.1223145;0.8836365
1521665633860;1.5026551;-2.0861816;0.027012348
1521665633876;0.049461365;-2.2475586;-0.8625641
1521665633894;-1.9030457;-2.08667;-2.468811
1521665633912;-0.51652527;-1.452301;-0.9229584
1521665633925;0.50250244;-1.700531;-0.8175354
1521665633932;1.4481813;-2.6690063;-0.036771774
1521665633956;1.3680116;-2.4741821;-0.42346954
1521665633961;0.28646088;-1.749176;-2.024231
1521665633968;-0.8956909;-2.0794678;-2.5231934
1521665633979;-2.9036255;-0.894516;-2.0900269
1521665633994;-1.7621765;-0.4080124;-0.007208824
1521665634019;-0.14513779;-1.720581;0.02783537
1521665634028;0.94317627;-1.8975525;-0.2833252
1521665634056;-0.7227783;-1.0522766;-2.9700317
1521665634066;-3.6401978;-0.6264496;-1.0506592
1521665634077;-3.784607;0.62638855;-0.7332001
1521665634095;-1.8908386;-1.365448;0.046769142
1521665634106;0.07335663;-0.68110657;-0.018170834
1521665634111;-0.67897034;-0.4786911;-1.56427
1521665634123;-2.5144043;-0.9666748;-2.7799072
1521665634129;-4.097412;-1.4171448;-1.5539551
1521665634145;-4.7388916;-0.8027191;-0.4566803
1521665634149;-4.781372;0.5049591;-0.5665741
1521665634165;-3.7564697;-0.2644043;-0.29024506
1521665634171;-2.2089233;-1.4664612;-0.5897827
1521665634184;-1.5256653;-1.3611145;-0.21332169
1521665634191;-1.513916;-0.41181183;0.63661194
1521665634205;-3.5292969;-0.113853455;-2.9898682
1521665634215;-4.4593506;-1.2027283;-1.3955688
1521665634235;-4.9713135;0.18400192;-0.3013916
1521665634254;-4.6395264;-0.47407532;-0.1666565
1521665634258;-3.220398;-1.7167358;-0.2875824
1521665634276;-2.09198;-0.26758575;0.8784027
1521665634295;-2.4978027;-0.39855194;-0.24335098
1521665634310;-3.1205444;-1.0830078;-0.115262985
1521665634319;-3.5351562;-1.4633484;0.8018799
1521665634334;-3.9435425;-0.6430664;-0.004896641
1521665634360;-3.774475;-1.364624;0.4729538
1521665634375;-2.9335938;-1.9771729;0.38111877
1521665634379;-2.6699219;-1.6451416;-0.23506927
1521665634394;-2.8463135;-1.9011536;1.0766603
1521665634415;-3.3199463;-1.1339722;0.99017334
1521665634433;-3.067627;-1.4681702;1.977997
1521665634525;-2.597412;-1.1838684;1.3916017
1521665634535;-2.3341675;-1.1213684;1.1642762
1521665634546;-1.9893188;-0.7910156;1.0019227
1521665634554;-1.2903442;-1.3295898;0.48415375
1521665634566;-1.0801086;-0.6847992;0.012613535
1521665634573;-1.1375732;-0.703125;0.09948158
1521665634604;-0.75987244;-0.67874146;-0.04893303
1521665634612;-0.3450241;0.2086792;0.84506226
1521665634627;0.021932602;0.037115097;0.17295456
1521665634630;-0.017846107;0.13225174;0.07995033
1521665634644;0.07946205;-0.19309235;0.24194336
1521665634649;0.08945274;0.19098663;-0.10423279
1521665634684;0.32437897;0.9025421;0.21883392
1521665634691;0.3222351;0.69259644;-0.024431705
1521665634766;-0.00633049;0.0015106201;-0.3083954
1521665634772;0.104717255;-0.07944679;-0.3638382
1521665634782;0.13210297;-0.14221954;-0.30220032
1521665634790;-0.040110588;-0.23675537;-0.18837357
1521665634802;-0.31739807;-0.3848648;-0.3527832
1521665634809;-0.42185974;-0.40498352;-0.37258148
1521665634822;-0.45367432;-0.40364838;-0.29608917
1521665634830;-0.40644073;-0.29471588;-0.1849823
1521665634844;-0.5951996;-0.1805954;0.11359024
1521665634850;-0.68852234;0.06346893;0.11119652
1521665634864;-0.8184967;-0.1374054;-0.12910843
1521665634870;-0.98864746;-0.19083023;-0.16937256
1521665634883;-1.2310486;-0.4547348;-0.30567932
1521665634890;-1.3859863;-0.30934906;-0.08596611
1521665634903;-1.4732361;-0.2429161;0.28896332
1521665634910;-1.5198364;-0.17440414;0.13508606
1521665634923;-1.5491333;-0.115371704;0.48477173
1521665634930;-1.3970032;-0.1613121;0.14229584
1521665634953;-1.6470947;-0.4599228;-0.07467079
1521665634967;-1.8400879;-0.530777;-0.34277344
1521665634973;-1.974823;-0.61613464;-0.45426178
1521665634986;-2.196045;-0.5862274;-0.46427155
1521665634994;-2.3427734;-0.43344116;-0.584198
1521665635007;-2.3225098;-0.49056244;-0.47597504
1521665635013;-2.2039185;-0.39605713;-0.93499756
1521665635026;-2.1726685;-0.40650177;-0.848526
1521665635033;-2.1451416;-0.3711319;-0.9113312
1521665635054;-2.1369019;-0.059370995;-0.31578064
1521665635072;-2.0436401;0.23192596;-0.93084717
1521665635087;-1.9750671;0.1978836;-0.86808777
1521665635093;-2.0193481;0.40802765;-0.9857483
1521665635099;-2.0565186;0.5526428;-1.1881409
1521665635116;-1.8042908;-0.16061783;-1.3795166
1521665635126;-1.5549927;0.27829742;-1.04422
1521665635133;-1.3557129;0.6431732;-1.0116272
1521665635161;-1.437439;0.18662262;-2.086853
1521665635176;-1.8348999;-0.68600464;-2.6540527
1521665635187;-2.2462769;-0.68403625;-2.2437134
1521665635194;-1.7159424;0.07847023;-1.4077759
1521665635216;-1.0262756;0.8995209;-0.59417725
1521665635227;-0.3544159;0.90112305;-0.16276169
1521665635236;0.067949295;1.1710817;-0.6580963
1521665635241;0.005650997;1.2179567;-0.35827637
1521665635266;-1.0675049;1.207306;-1.5298462
1521665635272;-0.89364624;0.5017853;-0.57507324
1521665635316;1.0619508;0.75746155;1.0316774
1521665635334;0.34870148;0.6202545;-0.56417847
1521665635547;1.5998536;3.4112556;4.861086
1521665635556;2.6278691;3.0347297;2.8841558
1521665635565;2.99231;1.8942567;3.807984
1521665635570;3.0429084;1.9707032;3.8343513
1521665635583;2.5642705;2.4475102;4.8620625
1521665635589;2.078858;2.4410405;4.867922
1521665635603;1.5479127;2.3901982;4.5180683
1521665635610;1.413849;1.8406678;4.2252216
1521665635623;1.6501771;0.9273529;4.7528095
1521665635630;1.8031007;1.2177125;4.7578144
1521665635644;2.2323613;1.1005555;5.209475
1521665635650;3.5236824;-6.4796143;2.3661504
1521665635664;3.3802497;-6.07605;2.535828
1521665635670;2.9911504;-4.970093;2.4338384
1521665635683;2.620667;-4.2386475;2.976685
1521665635690;2.6615605;-4.250244;2.5896611
1521665635707;2.3831182;-3.8651123;1.497986
1521665635713;2.4722905;-4.1221924;0.903183
1521665635726;2.55127;-4.5914307;1.5588075
1521665635733;2.806458;-4.395508;1.09433
1521665635755;3.4975593;-4.369385;1.2169496
1521665635774;3.1537483;-3.5786133;0.59121704
1521665635787;3.0849617;-3.7217407;0.27467346
1521665635793;2.7991338;-3.1113281;-1.2322998
1521665635807;2.6927495;-3.9395752;-0.62809753
1521665635813;2.7171025;-3.843689;-0.81866455
1521665635826;2.7720342;-3.3375854;-0.7262573
1521665635833;3.3047493;-3.2523804;0.14678955
1521665635855;3.5833137;-2.7792969;1.153534
1521665635875;2.8345952;-2.3688354;1.8163759
1521665635887;1.9694825;-1.6813965;0.26248932
1521665635893;1.1645814;-2.3787231;0.8091736
1521665635906;0.8619385;-2.2247314;0.40489197
1521665635914;0.32237244;-1.2684937;-0.09669495
1521665635936;0.802948;-1.5167847;1.0453187
1521665635954;1.1592408;-1.3858643;1.5696412
1521665635967;1.3323976;-1.4909668;0.5570221
1521665635972;0.627655;-1.4725037;0.34534454
1521665635986;0.5693207;-2.6663208;1.4313356
1521665635992;0.42614746;-2.197876;0.18600845
1521665636016;-0.02069664;-1.4194641;0.58755493
1521665636021;0.44606018;-1.5762024;1.1932985
1521665636034;0.29772186;-1.1120605;1.1018373
1521665636067;0.8203888;-2.1594849;2.2656865
1521665636076;0.14166641;-2.0993042;-2.628601
1521665636097;-0.1084671;-3.4002075;-1.6722412
1521665636105;-1.1952515;-0.9954834;-2.1860352
1521665636113;-0.95903015;-1.3501587;0.101522446
1521665636125;-0.41449738;-1.2651978;0.76441956
1521665636131;0.22864914;-0.90145874;2.8565068
1521665636151;0.7281494;-0.22346878;0.99354553
1521665636165;0.059218407;-1.3995972;-0.32933807
1521665636172;0.0067834854;-2.079712;-0.9092865
1521665636185;-0.8691559;-0.27301788;-1.0682373
1521665636193;-1.7014465;0.8632355;1.2951356
1521665636206;-2.000061;1.617035;2.169251
1521665636213;-2.1421509;2.0394902;2.026856
1521665636236;-0.2075119;2.2564092;1.3237001
1521665636336;-1.4694519;-4.0285645;-11.66626
1521665636352;-4.680298;-3.675232;0.7861481
1521665636367;-5.5092773;-2.5523071;4.251711
1521665636373;-7.373413;0.98194885;0.6348114
1521665636386;-8.666016;1.8058778;-0.3860855
1521665636397;-4.7977295;-1.853302;1.6224366
1521665636417;-3.1525269;0.4568634;-1.4937134
1521665636437;-4.574951;-1.2471313;-6.469116
1521665636455;-6.15271;-0.49486542;2.044251
1521665636474;-5.4311523;-0.8664856;2.5231328
1521665636487;-4.269287;-0.912796;2.1422734
1521665636494;-3.835144;-0.11067963;-0.2649994
1521665636507;-3.3048706;-0.3093872;-1.9003906
1521665636514;-3.317505;-1.2024536;-2.6454468
1521665636527;-3.9836426;-1.948761;0.81295776
1521665636534;-4.35376;-1.7413635;2.9924932
1521665636552;-4.4536133;-0.7233429;0.5258026
1521665636567;-3.3973389;-1.7459412;0.39307404
1521665636575;-2.9638672;-1.7829285;-1.1391907
1521665636587;-2.8429565;-1.7669678;-1.6851807
1521665636593;-2.4970703;-1.9057922;-1.6002197
1521665636614;-2.480774;-1.6860046;-1.4887695
1521665636621;-2.5749512;-1.5816956;-0.4675598
1521665636634;-2.5344849;-1.3480835;0.048919678
1521665636715;-2.519165;-1.2063599;0.26439667
1521665636727;-1.1297913;0.039655685;0.22167587
1521665636736;-1.1013489;0.045036316;0.1911354
1521665636741;-1.2258911;0.6191559;-0.32543182
1521665636756;-1.8111572;-0.64619446;-0.5007019
1521665636761;-1.4801636;-0.11840439;-0.13733292
1521665636771;-1.3615723;-0.22165298;0.12380791
1521665636806;-1.268219;-0.38693237;-0.47525787
1521665636826;-1.6636963;-1.808258;-0.6683655
1521665636831;-1.5793762;-1.9800415;-0.81500244
1521665636846;-1.515564;-2.069397;-0.99461365
1521665636854;-1.1542358;-1.8085938;-0.8510437
1521665636866;-1.0892334;-1.0959778;-0.45381165
1521665636872;-1.1030884;-0.7859802;-0.030615807
1521665636885;-1.2973328;-0.43169403;0.12844467
1521665636895;-1.3875427;-0.26960754;-0.4544754
1521665637037;-1.3742065;-2.7905884;-1.2493591
1521665637043;-1.6277771;-2.6315918;-0.7095642
1521665637054;-2.6295166;-2.9238892;-0.8226471
1521665637065;-2.1972046;-3.3480225;-0.5263214
1521665637071;-2.2439575;-3.300293;-0.4324875
1521665637084;-2.2341309;-3.2695923;-0.21600342
1521665637091;-2.0454102;-3.8374023;-0.59098816
1521665637104;-2.465332;-4.8605957;1.1452333
1521665637111;-2.8511353;-4.859619;0.79273987
1521665637124;-2.8084106;-5.0429688;0.16949844
1521665637131;-2.8552856;-5.1501465;0.19699097
1521665637146;-3.1834717;-4.0616455;-0.006103754
1521665637151;-3.2937622;-3.5873413;0.5653229
1521665637165;-3.1124268;-3.3708496;0.4898758
1521665637172;-2.767517;-3.7752686;0.10717583
1521665637184;-2.3648682;-4.467163;-0.2047348
1521665637191;-2.1674805;-5.062622;-0.18097305
1521665637204;-2.4641724;-5.321167;0.18857956
1521665637211;-2.6705322;-4.755127;0.27323914
1521665637224;-2.7610474;-4.1470947;0.19883728
1521665637231;-2.788025;-3.7253418;0.09117699
1521665637246;-2.5739136;-3.6427612;0.3831787
1521665637256;-2.309021;-3.732544;0.51112366
1521665637275;-1.803772;-3.831421;0.77433777
1521665637295;-1.551117;-3.9129639;0.7640686
1521665637315;-1.6774292;-3.4901733;0.63838196
1521665637335;-2.1619263;-2.887024;-0.22634506
1521665637356;-2.2249756;-2.7515259;0.11125946
1521665637360;-2.4307861;-2.7922363;0.4582138
1521665637371;-1.9790344;-3.5332642;1.230774
1521665637379;-1.5809021;-3.3894653;1.4836732
1521665637400;-1.0577087;-3.2704468;1.1995851
1521665637416;-0.77775574;-3.0144043;0.7162323
1521665637421;-0.8480072;-2.5286255;0.42401886
1521665637435;-1.1463623;-2.3482666;0.26475525
1521665637440;-1.7406616;-2.0031738;0.39575195
1521665637463;-2.387085;-2.2301636;0.4235611
1521665637476;-1.887085;-2.6105957;0.5135803
1521665637497;-0.6716461;-2.7177734;0.8211212
1521665637516;-0.41220856;-2.425476;0.96287537
