1521502166656;904.2178
1521502166836;904.2322
1521502167019;904.25244
1521502167197;904.27466
1521502167376;904.30054
1521502167557;904.31616
1521502167736;904.322
1521502167915;904.3052
1521502168098;904.28735
1521502168278;904.2698
1521502168456;904.25244
1521502168637;904.2278
1521502168816;904.2117
1521502168996;904.2085
1521502169176;904.2151
1521502169357;904.22485
1521502169538;904.22144
1521502169717;904.2173
1521502169898;904.2156
1521502170078;904.20557
1521502170257;904.20703
1521502170436;904.2012
1521502170620;904.18677
1521502170797;904.18066
1521502170977;904.1914
1521502171157;904.19824
1521502171338;904.2051
1521502171517;904.1958
1521502171696;904.19434
1521502171877;904.19604
1521502172056;904.2051
1521502172238;904.18726
1521502172417;904.1782
1521502172597;904.1792
1521502172777;904.1841
1521502172956;904.1885
1521502173136;904.1953
1521502173317;904.18506
1521502173497;904.1987
1521502173677;904.19653
1521502173857;904.2019
1521502174037;904.197
1521502174217;904.19556
1521502174397;904.18994
1521502174576;904.19653
1521502174759;904.1843
1521502174941;904.16455
1521502175119;904.167
1521502175299;904.16455
1521502175480;904.1494
1521502175656;904.1489
1521502175838;904.1218
1521502176018;904.1362
1521502176197;904.14453
1521502176377;904.15137
1521502176557;904.15625
1521502176736;904.156
1521502176916;904.1643
1521502177097;904.1797
1521502177277;904.1826
1521502177456;904.19214
1521502177641;904.1863
1521502177819;904.1929
1521502177996;904.20654
1521502178176;904.2053
1521502178356;904.2063
1521502178536;904.198
1521502178716;904.1902
1521502178896;904.1814
1521502179076;904.1697
1521502179256;904.1758
1521502179436;904.176
1521502179616;904.1775
1521502179797;904.16626
1521502179979;904.1682
1521502180157;904.1731
1521502180338;904.167
1521502180516;904.17163
1521502180696;904.1748
1521502180877;904.1692
1521502181057;904.19165
1521502181239;904.199
1521502181418;904.1958
1521502181598;904.2019
1521502181776;904.199
1521502181960;904.20337
1521502182136;904.2092
1521502182317;904.20337
1521502182496;904.20044
1521502182676;904.2053
1521502182856;904.20557
1521502183036;904.18604
1521502183216;904.1831
1521502183396;904.1721
1521502183576;904.1731
1521502183755;904.16724
1521502183935;904.1575
1521502184115;904.1467
1521502184296;904.1533
1521502184477;904.1472
1521502184656;904.1553
1521502184837;904.1555
1521502185017;904.15015
1521502185196;904.1516
1521502185377;904.156
1521502185557;904.1658
1521502185736;904.17114
1521502186097;904.167
1521502186284;904.16504
1521502186457;904.16675
1521502186821;904.1609
1521502186996;904.15967
1521502187177;904.1538
1521502187535;904.1548
1521502187716;904.1526
1521502187896;904.1511
1521502188076;904.1394
1521502188256;904.1438
1521502188436;904.14746
1521502188616;904.1455
1521502188796;904.1499
1521502188976;904.1533
1521502189156;904.1692
1521502189338;904.1736
1521502189517;904.1765
1521502189696;904.1741
1521502189877;904.1758
1521502190056;904.1738
1521502190239;904.16406
1521502190418;904.1543
1521502190602;904.15576
1521502190777;904.1509
1521502190957;904.1543
1521502191137;904.1553
1521502191317;904.17114
1521502191503;904.1797
1521502191677;904.18823
1521502191860;904.18896
1521502192037;904.1963
1521502192217;904.20166
1521502192396;904.19336
1521502192576;904.199
1521502192756;904.1919
1521502192936;904.19946
1521502193116;904.1865
1521502193296;904.17896
1521502193476;904.1758
1521502193656;904.1819
1521502193836;904.167
1521502194016;904.1633
1521502194196;904.1472
1521502194376;904.15283
1521502194558;904.1599
1521502194737;904.157
1521502194919;904.1521
1521502195096;904.1614
1521502195277;904.1655
1521502195459;904.1814
1521502195637;904.18115
1521502195819;904.1897
1521502196010;904.1782
1521502196177;904.16846
1521502196357;904.16284
1521502196537;904.155
1521502196716;904.1555
1521502196896;904.1592
1521502197076;904.1345
1521502197257;904.15015
1521502197436;904.1687
1521502197616;904.17163
1521502197796;904.1743
1521502197976;904.1675
1521502198156;904.17017
1521502198336;904.1792
1521502198516;904.17676
1521502198697;904.1758
1521502198876;904.1721
1521502199056;904.1714
1521502199237;904.1782
1521502199418;904.1753
1521502199597;904.1958
1521502199777;904.2014
1521502199959;904.2073
1521502200137;904.20996
1521502200317;904.2178
1521502200497;904.2197
1521502200676;904.2163
1521502200858;904.20166
1521502201061;904.20825
1521502201217;904.188
1521502201399;904.19556
1521502201576;904.1963
1521502201757;904.2029
1521502201939;904.2085
1521502202116;904.20166
1521502202301;904.1946
1521502202476;904.2185
1521502202656;904.21924
1521502202836;904.2178
1521502203017;904.2041
1521502203197;904.19775
1521502203376;904.2002
1521502203556;904.1953
1521502203736;904.19214
1521502203916;904.1885
1521502204096;904.19434
1521502204276;904.19775
1521502204457;904.2134
1521502204638;904.2041
1521502204818;904.2219
1521502204998;904.21387
1521502205177;904.2129
1521502205362;904.2068
1521502205537;904.197
1521502205717;904.19775
1521502205899;904.1975
1521502206077;904.1792
1521502206258;904.1758
1521502206441;904.1743
1521502206618;904.17505
1521502206797;904.2019
1521502206977;904.2095
1521502207157;904.2239
1521502207336;904.23096
1521502207517;904.23926
1521502207697;904.25073
1521502207876;904.2527
1521502208057;904.25244
1521502208236;904.2544
1521502208417;904.2617
1521502208597;904.2656
1521502208776;904.2676
1521502208956;904.26733
1521502209137;904.25684
1521502209317;904.2605
1521502209498;904.2544
1521502209676;904.2529
1521502209857;904.25806
1521502210036;904.2549
1521502210217;904.2615
1521502210397;904.2573
1521502210576;904.2329
1521502210757;904.2307
1521502210941;904.2185
1521502211117;904.18994
1521502211300;904.17773
1521502211477;904.1809
1521502211656;904.1887
1521502211836;904.19775
1521502212016;904.209
1521502212197;904.22363
1521502212377;904.2378
1521502212556;904.25684
1521502212736;904.2571
1521502212917;904.26074
1521502213097;904.2676
1521502213276;904.26416
1521502213456;904.2678
1521502213637;904.2649
1521502213817;904.2622
1521502213997;904.2595
1521502214177;904.2573
1521502214361;904.2539
1521502214546;904.2595
1521502214717;904.26685
1521502214897;904.2705
1521502215077;904.26587
1521502215259;904.2693
1521502215439;904.2666
1521502215618;904.2744
1521502215799;904.27026
1521502215978;904.261
1521502216157;904.2637
1521502216339;904.26025
1521502216518;904.25195
1521502216698;904.2407
1521502216881;904.2385
1521502217068;904.2317
1521502217237;904.20654
1521502217416;904.199
1521502217596;904.208
1521502217777;904.2136
1521502217957;904.21533
1521502218137;904.219
1521502218317;904.2361
1521502218497;904.2644
1521502218677;904.2717
1521502218859;904.271
1521502219053;904.2832
1521502219217;904.2876
1521502219401;904.2788
1521502219577;904.2722
1521502219757;904.27734
1521502219938;904.2761
1521502220117;904.2805
1521502220301;904.2715
1521502220481;904.2671
1521502220840;904.26245
1521502221032;904.25464
1521502221198;904.24097
1521502221377;904.2417
1521502221556;904.24756
1521502221737;904.2566
1521502221916;904.24243
1521502222097;904.239
1521502222277;904.2422
1521502222457;904.2395
1521502222637;904.22046
1521502222817;904.2046
1521502222998;904.19336
1521502223177;904.1853
1521502223357;904.1714
1521502223545;904.1653
1521502223717;904.1494
1521502223897;904.1426
1521502224077;904.13477
1521502224256;904.14087
1521502224437;904.156
1521502224617;904.1804
1521502224797;904.1919
1521502224977;904.2234
1521502225156;904.23486
1521502225337;904.2378
1521502225517;904.2383
1521502225697;904.228
1521502225877;904.2117
1521502226059;904.19336
1521502226238;904.16626
1521502226417;904.16675
1521502226776;904.18335
1521502226956;904.19995
1521502227136;904.2095
1521502227316;904.2063
1521502227497;904.20557
1521502227677;904.19507
1521502227857;904.17944
1521502228038;904.16626
1521502228218;904.1467
1521502228397;904.13696
1521502228577;904.1411
1521502228757;904.1487
1521502228937;904.1509
1521502229117;904.1492
1521502229297;904.1509
1521502229477;904.1548
1521502229837;904.155
1521502230016;904.1587
1521502230377;904.1682
1521502230557;904.1758
1521502230737;904.17993
1521502230917;904.17944
1521502231096;904.1863
1521502231277;904.17896
1521502231456;904.188
1521502231637;904.18164
1521502231817;904.1699
1521502231997;904.1736
1521502232177;904.1721
1521502232357;904.1731
1521502232540;904.18335
1521502232717;904.1677
1521502232897;904.1753
1521502233077;904.1726
1521502233257;904.1709
1521502233437;904.1824
1521502233617;904.17944
1521502233796;904.1677
1521502233977;904.1726
1521502234157;904.1653
1521502234337;904.1714
1521502234517;904.1758
1521502234698;904.16895
1521502234877;904.17554
1521502235062;904.1704
1521502235237;904.1758
1521502235417;904.18335
1521502235597;904.17944
1521502235777;904.1775
1521502235957;904.17944
1521502236137;904.1846
1521502236317;904.1885
1521502236497;904.19165
1521502236677;904.1892
1521502236857;904.1885
1521502237038;904.19165
1521502237217;904.1804
1521502237397;904.178
1521502237577;904.1863
1521502237757;904.18164
1521502237937;904.1814
1521502238117;904.1846
1521502238297;904.1787
1521502238477;904.1836
1521502238657;904.1814
1521502238837;904.17065
1521502239017;904.18115
1521502239197;904.1819
1521502239377;904.1741
1521502239556;904.1809
1521502239737;904.177
1521502239917;904.18823
1521502240098;904.188
1521502240277;904.19507
1521502240457;904.1907
1521502240637;904.19727
1521502240817;904.19385
1521502240999;904.1987
1521502241177;904.19653
1521502241357;904.19727
1521502241538;904.1958
1521502241718;904.21216
1521502241897;904.20654
1521502242077;904.2036
1521502242257;904.20605
1521502242437;904.20166
1521502242617;904.19385
1521502242798;904.1907
1521502242977;904.1765
1521502243157;904.17773
1521502243337;904.178
1521502243517;904.1792
1521502243696;904.17505
1521502243877;904.18164
1521502244058;904.1863
1521502244237;904.1909
1521502244417;904.1797
1521502244597;904.1775
1521502244777;904.1731
1521502244959;904.1787
1521502245137;904.1748
1521502245317;904.17114
1521502245497;904.1836
1521502245677;904.19165
1521502245857;904.2046
1521502246040;904.21533
1521502246217;904.2141
1521502246398;904.22437
1521502246577;904.22266
1521502246757;904.2219
1521502246937;904.21265
1521502247117;904.20166
1521502247297;904.19434
1521502247477;904.19653
1521502247657;904.2107
1521502247837;904.21875
1521502248018;904.21533
1521502248380;904.2019
1521502248562;904.2012
1521502248738;904.1892
1521502248917;904.1626
1521502249097;904.14966
1521502249278;904.1416
1521502249458;904.1345
1521502249637;904.14624
1521502249818;904.1494
1521502249998;904.15137
1521502250180;904.1531
1521502250357;904.15967
