1521504134758;904.2583
1521504134918;904.2739
1521504135814;904.2583
1521504136119;904.2427
1521504136715;904.22705
1521504137120;904.2427
1521504137617;904.2583
1521504138417;904.2739
1521504139318;904.2583
1521504139917;904.2427
1521504140319;904.2583
1521504140719;904.2739
1521504141219;904.28955
1521504141719;904.2739
1521504142121;904.28955
1521504142520;904.3052
1521504142822;904.28955
1521504143320;904.2739
1521504143422;904.2583
1521504143522;904.2427
1521504143720;904.22705
1521504144022;904.2114
1521504144428;904.22705
1521504144528;904.2427
1521504144629;904.2583
1521504144725;904.2739
1521504144828;904.28955
1521504145028;904.3052
1521504145230;904.3208
1521504145820;904.3052
1521504147228;904.28955
1521504147430;904.2739
1521504147532;904.2583
1521504147728;904.2427
1521504147831;904.22705
1521504148031;904.2114
1521504148332;904.22705
1521504148631;904.2427
1521504148730;904.2583
1521504148932;904.2739
1521504149032;904.28955
1521504149233;904.3052
1521504149532;904.28955
1521504149732;904.2739
1521504149933;904.2583
1521504150231;904.2427
1521504150734;904.2583
1521504150934;904.2739
1521504151335;904.2583
1521504151635;904.2427
1521504151835;904.22705
1521504152135;904.2114
1521504152535;904.22705
1521504152735;904.2427
1521504152935;904.2583
1521504153037;904.2739
1521504153236;904.28955
1521504153436;904.3052
1521504153636;904.3208
1521504154037;904.3052
1521504154336;904.28955
1521504154638;904.2739
1521504154937;904.2583
1521504155138;904.2427
1521504155439;904.22705
1521504155739;904.2114
1521504155937;904.1958
1521504156237;904.1802
1521504156639;904.1958
1521504156940;904.2114
1521504157140;904.22705
1521504157239;904.2427
1521504157341;904.2583
1521504157440;904.2739
1521504157537;904.28955
1521504157741;904.3052
1521504157941;904.28955
1521504158341;904.2739
1521504158640;904.2583
1521504159445;904.2739
1521504159644;904.2583
1521504159942;904.2427
1521504160142;904.22705
1521504160344;904.2114
1521504160544;904.1958
1521504161444;904.2114
1521504161545;904.22705
1521504161645;904.2427
1521504161742;904.2583
1521504161945;904.2739
1521504162045;904.28955
1521504162244;904.3052
1521504162644;904.28955
1521504163047;904.2739
1521504163245;904.2583
1521504163747;904.2739
1521504164558;904.2583
1521504164842;904.2427
1521504165040;904.22705
1521504165341;904.2114
1521504165741;904.22705
1521504166051;904.2427
1521504166144;904.2583
1521504166250;904.2739
1521504166350;904.28955
1521504166551;904.3052
1521504167050;904.28955
1521504167250;904.2739
1521504167650;904.2583
1521504168048;904.2739
1521504168248;904.28955
1521504168451;904.3052
1521504168751;904.28955
1521504168951;904.2739
1521504169152;904.2583
1521504169352;904.2427
1521504169452;904.22705
1521504169654;904.2114
1521504170353;904.22705
1521504170652;904.2427
1521504170851;904.2583
1521504171155;904.2739
1521504171855;904.28955
1521504172056;904.2739
1521504172855;904.2583
1521504173056;904.2427
1521504173156;904.22705
1521504173356;904.2114
1521504173556;904.1958
1521504174257;904.2114
1521504174457;904.22705
1521504174557;904.2427
1521504174656;904.2583
1521504174757;904.2739
1521504174958;904.28955
1521504175157;904.3052
1521504176259;904.3208
1521504176560;904.3364
1521504177157;904.3208
1521504177358;904.3052
1521504177560;904.28955
1521504177761;904.2739
1521504177861;904.2583
1521504178061;904.2427
1521504178461;904.22705
1521504178861;904.2427
1521504179062;904.2583
1521504179262;904.2739
1521504179761;904.28955
1521504179960;904.3052
1521504180464;904.3208
1521504181162;904.3052
1521504181365;904.28955
1521504181567;904.2739
1521504181667;904.2583
1521504181865;904.2427
1521504181965;904.22705
1521504182265;904.2114
1521504182465;904.22705
1521504182666;904.2427
1521504182864;904.2583
1521504182964;904.2739
1521504183063;904.28955
1521504183164;904.3052
1521504183866;904.28955
1521504183966;904.2739
1521504184166;904.2583
1521504184766;904.2739
1521504184967;904.28955
1521504185267;904.3052
1521504185565;904.28955
1521504185868;904.2739
1521504186069;904.2583
1521504186368;904.2427
1521504186673;904.22705
1521504186966;904.2114
1521504188771;904.22705
1521504189191;904.2427
1521504189266;904.2583
1521504189397;904.2739
1521504189567;904.28955
1521504189872;904.3052
1521504190265;904.3208
1521504190465;904.3052
1521504191067;904.3208
1521504191380;904.3364
1521504191578;904.35205
1521504192720;904.3364
1521504192918;904.3208
1521504193068;904.3052
1521504193377;904.28955
1521504193571;904.2739
1521504193775;904.2583
1521504194276;904.2427
1521504194970;904.2583
