1521502983862;904.16406
1521502984042;904.1892
1521502984222;904.2075
1521502984402;904.2258
1521502984582;904.25464
1521502984767;904.281
1521502984943;904.2927
1521502985122;904.2905
1521502985302;904.2639
1521502985482;904.209
1521502985662;904.17847
1521502985842;904.1448
1521502986021;904.1255
1521502986203;904.1113
1521502986382;904.1079
1521502986563;904.1011
1521502986743;904.1416
1521502986935;904.14453
1521502987102;904.155
1521502987284;904.16797
1521502987464;904.17065
1521502987642;904.16455
1521502987826;904.16943
1521502988002;904.1653
1521502988184;904.1675
1521502988365;904.15283
1521502988542;904.1526
1521502988726;904.1465
1521502988902;904.1543
1521502989087;904.15894
1521502989263;904.1614
1521502989443;904.16113
1521502989622;904.16235
1521502989805;904.1548
1521502989983;904.14453
1521502990343;904.14014
1521502990522;904.13403
1521502990704;904.1411
1521502990885;904.1582
1521502991063;904.1682
1521502991242;904.1797
1521502991423;904.1836
1521502991602;904.1841
1521502991782;904.19214
1521502991962;904.18677
1521502992143;904.17285
1521502992323;904.1614
1521502992505;904.14355
1521502992687;904.1355
1521502992864;904.135
1521502993042;904.1316
1521502993226;904.136
1521502993404;904.13354
1521502993582;904.1299
1521502993764;904.1387
1521502993952;904.145
1521502994123;904.14844
1521502994302;904.12573
1521502994488;904.1323
1521502994664;904.13696
1521502994843;904.1428
1521502995021;904.1406
1521502995203;904.1328
1521502995383;904.1272
1521502995562;904.14966
1521502995742;904.1438
1521502995944;904.1433
1521502996102;904.1494
1521502996282;904.14795
1521502996465;904.15576
1521502996642;904.16406
1521502996827;904.1643
1521502997003;904.1731
1521502997182;904.1709
1521502997361;904.17163
1521502997542;904.1721
1521502997721;904.14746
1521502997902;904.11206
1521502998082;904.09814
1521502998261;904.0957
1521502998441;904.09863
1521502998622;904.0962
1521502998802;904.1006
1521502998992;904.1245
1521502999163;904.1494
1521502999343;904.1531
1521502999522;904.15015
1521502999704;904.145
1521502999882;904.1472
1521503000062;904.14307
1521503000243;904.1428
1521503000426;904.1455
1521503000602;904.1577
1521503000784;904.1592
1521503000967;904.15576
1521503001145;904.1377
1521503001326;904.1438
1521503001504;904.13794
1521503001682;904.12744
1521503001863;904.1282
1521503002042;904.13354
1521503002225;904.1477
1521503002405;904.1604
1521503002582;904.16284
1521503002762;904.1731
1521503002949;904.1792
1521503003123;904.1853
1521503003304;904.1753
1521503003482;904.17993
1521503003662;904.178
1521503003843;904.18286
1521503004022;904.1748
1521503004204;904.1858
1521503004385;904.1853
1521503004563;904.188
1521503004746;904.1792
1521503004923;904.17114
1521503005102;904.16235
1521503005286;904.167
1521503005466;904.1543
1521503005643;904.13696
1521503005822;904.1433
1521503006003;904.1338
1521503006186;904.1377
1521503006366;904.13525
1521503006542;904.13916
1521503006724;904.1509
1521503006906;904.1614
1521503007082;904.1697
1521503007265;904.1836
1521503007443;904.1824
1521503007622;904.1885
1521503007805;904.19727
1521503007994;904.1887
1521503008163;904.1826
1521503008346;904.17896
1521503008522;904.17456
1521503008703;904.15674
1521503008882;904.1643
1521503009062;904.1633
1521503009423;904.17725
1521503009603;904.18066
1521503009786;904.1826
1521503009970;904.2092
1521503010143;904.2114
1521503010326;904.2063
1521503010506;904.199
1521503010682;904.1975
1521503010863;904.1946
1521503011042;904.18677
1521503011223;904.1743
1521503011402;904.1675
1521503011582;904.1653
1521503011763;904.1758
1521503011945;904.1633
1521503012123;904.1653
1521503012303;904.16113
1521503012485;904.16284
1521503012662;904.16187
1521503012842;904.16943
1521503013023;904.1687
1521503013203;904.1809
1521503013384;904.177
1521503013563;904.1687
1521503013743;904.1677
1521503013923;904.1775
1521503014102;904.1665
1521503014283;904.166
1521503014461;904.1553
1521503014644;904.166
1521503014823;904.17114
1521503015003;904.1719
1521503015182;904.1726
1521503015361;904.1741
1521503015543;904.1858
1521503015722;904.1853
1521503015902;904.1797
1521503016082;904.18604
1521503016263;904.1841
1521503016446;904.1863
1521503016624;904.19604
1521503016806;904.1958
1521503016988;904.198
1521503017162;904.1958
1521503017347;904.18726
1521503017523;904.18677
1521503017702;904.18384
1521503017882;904.18604
1521503018061;904.1863
1521503018241;904.19775
1521503018424;904.21704
1521503018602;904.2285
1521503018783;904.2273
1521503018973;904.22266
1521503019145;904.1924
1521503019324;904.1958
1521503019504;904.1902
1521503019682;904.1821
1521503019867;904.17114
1521503020042;904.1743
1521503020222;904.177
1521503020405;904.1987
1521503020583;904.1926
1521503020764;904.1885
1521503020953;904.1804
1521503021123;904.19653
1521503021307;904.19604
1521503021484;904.18774
1521503021662;904.1846
1521503021845;904.1831
1521503022027;904.1865
1521503022206;904.188
1521503022385;904.18774
1521503022567;904.19336
1521503022743;904.2036
1521503022923;904.2141
1521503023102;904.219
1521503023284;904.23413
1521503023469;904.24
1521503023642;904.24023
1521503023825;904.24805
1521503024002;904.2446
1521503024183;904.2495
1521503024363;904.2527
1521503024542;904.2471
1521503024723;904.24585
1521503024904;904.2549
1521503025082;904.2544
1521503025265;904.249
1521503025443;904.2478
1521503025622;904.2571
1521503026014;904.2583
1521503026164;904.25903
1521503026344;904.25806
1521503026525;904.2644
1521503026702;904.25757
1521503026884;904.2407
1521503027063;904.24585
1521503027243;904.2466
1521503027424;904.25024
1521503027604;904.24805
1521503027783;904.24023
1521503027986;904.24243
1521503028143;904.24634
1521503028324;904.2427
1521503028504;904.2366
1521503028683;904.23096
1521503028866;904.2256
1521503029042;904.23315
1521503029227;904.239
1521503029408;904.24194
1521503029583;904.24536
1521503029764;904.2561
1521503029946;904.26514
1521503030124;904.2654
1521503030304;904.26636
1521503030483;904.25977
1521503030663;904.2544
1521503030842;904.2566
1521503031022;904.261
1521503031202;904.26074
1521503031382;904.2688
1521503031562;904.2644
1521503031742;904.26294
1521503031922;904.2649
1521503032102;904.25635
1521503032283;904.25
1521503032462;904.25854
1521503032642;904.2517
1521503032824;904.2466
1521503033003;904.2551
1521503033185;904.24854
1521503033362;904.2534
1521503033543;904.2617
1521503033723;904.2388
1521503033902;904.2444
1521503034082;904.24634
1521503034263;904.25195
1521503034624;904.25977
1521503034803;904.25244
1521503035014;904.2666
1521503035163;904.2754
1521503035344;904.2803
1521503035527;904.28613
1521503035703;904.27466
1521503035886;904.2803
1521503036062;904.2744
1521503036247;904.2815
1521503036422;904.2637
1521503036605;904.2551
1521503036783;904.2461
1521503036977;904.25903
1521503037147;904.2483
1521503037326;904.2622
1521503037506;904.25903
1521503037682;904.26953
1521503037865;904.26855
1521503038043;904.27075
1521503038226;904.25586
1521503038407;904.24536
1521503038589;904.2505
1521503038763;904.25757
1521503038944;904.24365
1521503039122;904.2561
1521503039306;904.24927
1521503039485;904.24585
1521503039663;904.2522
1521503039843;904.2361
1521503040023;904.2158
1521503040204;904.21094
1521503040386;904.20703
1521503040565;904.2163
1521503040743;904.2224
1521503040924;904.2175
1521503041102;904.2258
1521503041287;904.2346
1521503041465;904.2385
1521503041645;904.22974
1521503041825;904.22656
1521503042012;904.2219
1521503042182;904.22314
1521503042363;904.22266
1521503042544;904.22974
1521503042722;904.23804
1521503042906;904.24194
1521503043082;904.2368
1521503043266;904.24854
1521503043444;904.2556
1521503043627;904.261
1521503043994;904.26807
1521503044163;904.26904
1521503044343;904.26953
1521503044522;904.26294
1521503044703;904.25635
1521503044883;904.24097
1521503045063;904.23486
1521503045242;904.23
1521503045423;904.22534
1521503045603;904.228
1521503045783;904.2258
1521503045962;904.23413
1521503046143;904.23926
1521503046325;904.23267
1521503046506;904.2241
1521503046683;904.22144
1521503046867;904.229
1521503047046;904.2117
1521503047225;904.2007
1521503047407;904.20605
1521503047585;904.21436
1521503047763;904.2256
1521503047945;904.23535
1521503048122;904.2405
1521503048306;904.2532
1521503048486;904.26685
1521503048664;904.27905
1521503048849;904.2798
1521503049024;904.27686
1521503049205;904.2893
1521503049383;904.2927
1521503049565;904.30054
1521503049742;904.2969
1521503049924;904.2986
1521503050103;904.2932
1521503050286;904.2915
1521503050463;904.2612
1521503050648;904.2517
1521503050823;904.22437
1521503051010;904.2136
1521503051184;904.19434
1521503051368;904.1992
1521503051545;904.2151
1521503051723;904.22876
1521503051906;904.23486
1521503052083;904.24243
1521503052265;904.2466
1521503052444;904.25073
1521503052626;904.2461
1521503052803;904.23
1521503053008;904.23535
1521503053163;904.2261
1521503053346;904.2263
1521503053524;904.2378
1521503053704;904.2573
1521503053884;904.2615
1521503054063;904.2732
1521503054244;904.26807
1521503054428;904.26855
1521503054605;904.2632
1521503054784;904.2478
1521503054964;904.2302
1521503055143;904.21655
1521503055327;904.2107
1521503055506;904.21265
1521503055687;904.2246
1521503055863;904.2429
1521503056043;904.2468
1521503056223;904.2407
1521503056405;904.2466
1521503056585;904.2451
1521503056763;904.2246
1521503056944;904.2041
1521503057123;904.18506
1521503057303;904.1804
1521503057484;904.1968
1521503057664;904.20215
1521503057847;904.2024
1521503058023;904.21655
1521503058205;904.2302
1521503058386;904.23413
1521503058564;904.2346
1521503058743;904.2283
1521503058928;904.22046
1521503059102;904.2256
1521503059283;904.21387
1521503059463;904.20264
1521503059648;904.2041
1521503059823;904.2029
1521503060018;904.19775
1521503060183;904.20483
1521503060365;904.2009
1521503060544;904.2058
1521503060725;904.2217
1521503060907;904.22095
1521503061083;904.2207
1521503061266;904.218
1521503061447;904.2117
1521503061625;904.2246
1521503061803;904.22046
1521503061988;904.20874
1521503062165;904.20654
1521503062347;904.21484
1521503062523;904.2134
1521503062702;904.20337
1521503062883;904.1997
1521503063063;904.20557
1521503063242;904.20703
1521503063422;904.21924
1521503063605;904.219
1521503063783;904.2273
1521503063981;904.23706
1521503064143;904.22705
1521503064327;904.2156
1521503064504;904.21216
1521503064688;904.1926
1521503064864;904.1904
1521503065043;904.1821
1521503065225;904.1753
1521503065405;904.1819
1521503065582;904.19604
